8.984540104866027832e-01
9.967705011367797852e-01
9.278472065925598145e-01
9.896281957626342773e-01
9.975243210792541504e-01
9.983136653900146484e-01
9.913553595542907715e-01
9.904283285140991211e-01
9.286958575248718262e-01
9.471994638442993164e-01
9.965820908546447754e-01
9.850764870643615723e-01
8.721246719360351562e-01
9.908868074417114258e-01
9.828909635543823242e-01
9.952465891838073730e-01
9.720406532287597656e-01
9.243916273117065430e-01
9.903197288513183594e-01
9.627507328987121582e-01
9.741883277893066406e-01
9.931524991989135742e-01
9.979358911514282227e-01
9.946171641349792480e-01
9.956424236297607422e-01
9.727672934532165527e-01
9.973360896110534668e-01
9.949028491973876953e-01
9.941660165786743164e-01
9.501410126686096191e-01
9.940707087516784668e-01
9.556069970130920410e-01
8.532530665397644043e-01
9.797348976135253906e-01
9.188038110733032227e-01
9.185278415679931641e-01
9.934583306312561035e-01
9.901802539825439453e-01
9.921648502349853516e-01
9.921349287033081055e-01
9.075155258178710938e-01
9.969080090522766113e-01
7.549154162406921387e-01
9.427231550216674805e-01
9.932683110237121582e-01
9.914897680282592773e-01
9.896014332771301270e-01
9.845341444015502930e-01
9.766116738319396973e-01
9.914692044258117676e-01
9.893528223037719727e-01
8.668102025985717773e-01
8.942421078681945801e-01
9.948961138725280762e-01
9.974681138992309570e-01
8.890508413314819336e-01
9.190567731857299805e-01
9.878501296043395996e-01
9.931299090385437012e-01
9.976786971092224121e-01
9.781678318977355957e-01
9.976576566696166992e-01
9.939526915550231934e-01
9.924468994140625000e-01
9.920724034309387207e-01
9.946697354316711426e-01
9.957220554351806641e-01
9.958996176719665527e-01
9.882608056068420410e-01
4.252891838550567627e-01
9.943981766700744629e-01
9.945486187934875488e-01
9.851030111312866211e-01
9.938248395919799805e-01
9.927795529365539551e-01
9.833405613899230957e-01
9.970507621765136719e-01
9.903202652931213379e-01
9.904960393905639648e-01
9.922145009040832520e-01
9.788395762443542480e-01
9.685028195381164551e-01
9.978542923927307129e-01
4.403452575206756592e-01
9.905678629875183105e-01
9.979507327079772949e-01
9.927704930305480957e-01
9.982622265815734863e-01
9.949772953987121582e-01
9.976332187652587891e-01
9.973573088645935059e-01
9.909898042678833008e-01
9.847803115844726562e-01
9.947741627693176270e-01
9.960104227066040039e-01
9.886333346366882324e-01
9.948794841766357422e-01
9.916057586669921875e-01
9.859755635261535645e-01
8.919687867164611816e-01
9.967267513275146484e-01
9.950298666954040527e-01
9.705147147178649902e-01
8.273025974631309509e-03
5.927881691604852676e-03
4.029398560523986816e-01
1.106026545166969299e-01
9.358820505440235138e-03
2.046909034252166748e-01
1.235707942396402359e-02
3.056954219937324524e-02
1.863753795623779297e-01
8.350628428161144257e-03
3.298424184322357178e-01
3.971436619758605957e-02
7.030538283288478851e-03
9.410833939909934998e-03
5.345070734620094299e-03
9.821885265409946442e-03
4.907207563519477844e-03
2.731693089008331299e-01
8.648837916553020477e-03
8.809143677353858948e-03
3.638826077803969383e-03
8.491733111441135406e-03
2.936019562184810638e-03
4.839836061000823975e-02
1.083014160394668579e-02
2.973244711756706238e-02
1.705443137325346470e-03
1.949452795088291168e-02
1.399941369891166687e-02
1.111815124750137329e-01
2.022598870098590851e-03
3.079580375924706459e-03
4.598724190145730972e-03
1.294096708297729492e-01
1.384700834751129150e-02
1.372823864221572876e-01
1.647921162657439709e-03
7.121300790458917618e-03
2.371668815612792969e-02
1.920288079418241978e-03
1.627285033464431763e-02
9.675703942775726318e-02
3.565911352634429932e-01
1.220640167593955994e-02
3.465914400294423103e-03
1.824594438076019287e-01
1.418787054717540741e-02
3.221850376576185226e-03
1.752763055264949799e-02
4.185148514807224274e-03
5.569144338369369507e-02
1.787209212779998779e-01
4.150653183460235596e-01
7.382404990494251251e-03
1.258684508502483368e-02
2.190846949815750122e-02
9.103518095798790455e-04
2.381696598604321480e-03
2.381249517202377319e-02
5.645922385156154633e-03
4.589049611240625381e-03
9.577637538313865662e-03
2.317041009664535522e-01
3.972392529249191284e-03
8.270538412034511566e-03
1.262253616005182266e-02
4.067262634634971619e-03
5.798099562525749207e-03
5.632468033581972122e-03
3.413166999816894531e-01
1.873044064268469810e-03
7.935348153114318848e-02
9.389407187700271606e-02
2.207499593496322632e-01
2.656945958733558655e-03
1.917715072631835938e-01
1.133694685995578766e-02
7.275089621543884277e-02
2.087232172489166260e-01
1.136906370520591736e-01
2.011545561254024506e-02
3.006669506430625916e-02
1.443213690072298050e-02
1.443892018869519234e-03
1.396774351596832275e-01
2.147730812430381775e-02
5.293012782931327820e-02
1.213228516280651093e-02
6.344489455223083496e-01
2.897403435781598091e-03
2.194957435131072998e-02
1.075262762606143951e-02
1.669012568891048431e-02
1.492584217339754105e-02
8.465285897254943848e-01
5.823745857924222946e-03
3.875591792166233063e-03
4.734282195568084717e-02
4.285037219524383545e-01
1.724198646843433380e-02
8.698552250862121582e-01
1.098746433854103088e-01
2.192913554608821869e-02
