7.152791023254394531e-01
8.157668709754943848e-01
7.619707584381103516e-01
8.033192157745361328e-01
6.738563776016235352e-01
7.626439929008483887e-01
6.921983361244201660e-01
8.084247112274169922e-01
8.288705945014953613e-01
7.558782696723937988e-01
8.098686337471008301e-01
7.165922522544860840e-01
6.693699359893798828e-01
7.181628346443176270e-01
7.822985053062438965e-01
7.985512018203735352e-01
7.178176641464233398e-01
7.329998016357421875e-01
6.923094391822814941e-01
7.596299052238464355e-01
7.988783717155456543e-01
7.911288142204284668e-01
8.302853703498840332e-01
7.168428301811218262e-01
7.327055931091308594e-01
6.859140396118164062e-01
6.960070133209228516e-01
8.293594121932983398e-01
6.900602579116821289e-01
7.827668190002441406e-01
8.546992540359497070e-01
7.896556258201599121e-01
6.976862549781799316e-01
5.774980783462524414e-01
7.935743927955627441e-01
7.180547118186950684e-01
7.776066064834594727e-01
6.918211579322814941e-01
7.009090185165405273e-01
7.040503621101379395e-01
8.106294870376586914e-01
7.059551477432250977e-01
7.382745742797851562e-01
7.008706331253051758e-01
8.168927431106567383e-01
7.755776643753051758e-01
7.371178269386291504e-01
7.604477405548095703e-01
6.211915612220764160e-01
7.204552888870239258e-01
8.208762407302856445e-01
6.848679780960083008e-01
8.294380307197570801e-01
5.500575900077819824e-01
7.581939101219177246e-01
7.705751061439514160e-01
6.785536408424377441e-01
7.915933132171630859e-01
7.399703860282897949e-01
7.854163646697998047e-01
6.831479668617248535e-01
7.429327368736267090e-01
8.045558929443359375e-01
7.448348999023437500e-01
7.344703674316406250e-01
6.130692362785339355e-01
7.827219367027282715e-01
6.981084346771240234e-01
7.477396130561828613e-01
8.296977281570434570e-01
7.287230491638183594e-01
7.134636044502258301e-01
8.232722282409667969e-01
7.319967150688171387e-01
7.348667383193969727e-01
7.894505858421325684e-01
6.933187246322631836e-01
7.973123192787170410e-01
7.527998685836791992e-01
7.531518340110778809e-01
6.839387416839599609e-01
7.001787424087524414e-01
7.792857289314270020e-01
7.951262593269348145e-01
7.604252099990844727e-01
7.291260957717895508e-01
7.695377469062805176e-01
7.249825596809387207e-01
7.177282571792602539e-01
8.000929951667785645e-01
7.605383992195129395e-01
6.104790568351745605e-01
7.638031840324401855e-01
8.145111799240112305e-01
7.546414732933044434e-01
7.761290669441223145e-01
7.869772911071777344e-01
6.590334177017211914e-01
7.579668164253234863e-01
7.015929222106933594e-01
6.869633197784423828e-01
7.760623097419738770e-01
7.653414011001586914e-01
7.294195890426635742e-01
7.388921380043029785e-01
8.018663525581359863e-01
7.214210033416748047e-01
7.528091669082641602e-01
7.682025432586669922e-01
6.552192568778991699e-01
7.361906170845031738e-01
6.812446117401123047e-01
7.753090858459472656e-01
7.323063015937805176e-01
7.453784942626953125e-01
7.197118997573852539e-01
7.306190133094787598e-01
7.163442969322204590e-01
7.720538973808288574e-01
6.727368831634521484e-01
7.294210195541381836e-01
7.537855505943298340e-01
7.444021105766296387e-01
7.563481926918029785e-01
7.346871495246887207e-01
7.118302583694458008e-01
6.274356842041015625e-01
7.568745613098144531e-01
7.580658793449401855e-01
7.233113050460815430e-01
7.069962024688720703e-01
7.542567253112792969e-01
7.859671115875244141e-01
7.677548527717590332e-01
7.334762811660766602e-01
7.732555270195007324e-01
7.309086322784423828e-01
6.981967091560363770e-01
7.665231823921203613e-01
7.009385228157043457e-01
7.258995175361633301e-01
7.754869461059570312e-01
6.912861466407775879e-01
7.302610278129577637e-01
7.727773189544677734e-01
7.172681093215942383e-01
7.378727793693542480e-01
7.352709174156188965e-01
7.777714133262634277e-01
7.820312380790710449e-01
6.867212653160095215e-01
6.570207476615905762e-01
7.553722858428955078e-01
7.923732399940490723e-01
7.575246095657348633e-01
7.595047354698181152e-01
8.077588677406311035e-01
7.072317600250244141e-01
7.506002783775329590e-01
8.098641633987426758e-01
7.883724570274353027e-01
7.703571319580078125e-01
6.728438138961791992e-01
7.499783039093017578e-01
7.773327231407165527e-01
7.404695153236389160e-01
7.506219148635864258e-01
7.288599014282226562e-01
7.377450466156005859e-01
7.681571841239929199e-01
5.808278918266296387e-01
5.582420229911804199e-01
5.583248138427734375e-01
5.453444719314575195e-01
5.284397602081298828e-01
5.455383062362670898e-01
5.535296797752380371e-01
4.683730900287628174e-01
5.642599463462829590e-01
5.557825565338134766e-01
5.942501425743103027e-01
6.098086833953857422e-01
5.881416797637939453e-01
5.883296728134155273e-01
5.295200943946838379e-01
5.159883499145507812e-01
6.212229132652282715e-01
5.359980463981628418e-01
6.345181465148925781e-01
5.799580216407775879e-01
6.988098621368408203e-01
5.724607706069946289e-01
5.681831240653991699e-01
5.196960568428039551e-01
5.317189097404479980e-01
5.985732078552246094e-01
5.118122696876525879e-01
5.558844804763793945e-01
5.160663723945617676e-01
5.934523344039916992e-01
5.105314254760742188e-01
5.845156908035278320e-01
5.806308984756469727e-01
5.434337258338928223e-01
5.806632041931152344e-01
5.746089220046997070e-01
5.504106283187866211e-01
5.849407911300659180e-01
5.491590499877929688e-01
5.556223392486572266e-01
5.541167259216308594e-01
5.719712376594543457e-01
5.779274106025695801e-01
5.296716690063476562e-01
6.331645846366882324e-01
5.888488292694091797e-01
5.426815152168273926e-01
5.500476360321044922e-01
5.491679906845092773e-01
5.963184833526611328e-01
5.570331811904907227e-01
5.870712995529174805e-01
5.701004266738891602e-01
5.775981545448303223e-01
5.903951525688171387e-01
5.923658609390258789e-01
5.846065282821655273e-01
5.758675336837768555e-01
5.794671177864074707e-01
5.882819294929504395e-01
5.534664392471313477e-01
5.360556840896606445e-01
5.801788568496704102e-01
6.475474238395690918e-01
5.283097028732299805e-01
5.490189790725708008e-01
5.965999364852905273e-01
5.536599159240722656e-01
4.161133170127868652e-01
6.121233105659484863e-01
6.484507918357849121e-01
5.535148382186889648e-01
5.773346424102783203e-01
5.634608268737792969e-01
3.563909530639648438e-01
1.452501118183135986e-01
7.113680243492126465e-01
7.054231762886047363e-01
7.119579911231994629e-01
3.584589064121246338e-01
3.064280450344085693e-01
6.939200758934020996e-01
5.759117007255554199e-01
6.543010473251342773e-01
2.475342452526092529e-01
7.207087874412536621e-01
7.004721760749816895e-01
3.917445242404937744e-01
6.881015300750732422e-01
7.142422795295715332e-01
7.058893442153930664e-01
6.739445328712463379e-01
5.167831182479858398e-01
2.002316266298294067e-01
4.416805803775787354e-01
6.893258094787597656e-01
6.960098147392272949e-01
6.744928359985351562e-01
1.766302436590194702e-01
7.187772989273071289e-01
7.105054259300231934e-01
7.337196469306945801e-01
4.763346612453460693e-01
6.767771244049072266e-01
7.084310054779052734e-01
6.724665760993957520e-01
6.946040391921997070e-01
7.058524489402770996e-01
7.002300620079040527e-01
6.831209659576416016e-01
7.055094838142395020e-01
7.008169293403625488e-01
4.708681404590606689e-01
1.629209071397781372e-01
3.178516924381256104e-01
6.964710950851440430e-01
7.224642634391784668e-01
7.267767190933227539e-01
6.896784901618957520e-01
7.036755084991455078e-01
6.790407299995422363e-01
7.065059542655944824e-01
4.357372522354125977e-01
2.330441027879714966e-01
7.214087843894958496e-01
7.196620702743530273e-01
6.953169107437133789e-01
6.833181977272033691e-01
7.031995058059692383e-01
6.963095068931579590e-01
6.906567215919494629e-01
6.811369657516479492e-01
6.928910017013549805e-01
3.902346789836883545e-01
3.326838910579681396e-01
6.952084898948669434e-01
5.357478857040405273e-01
3.596585094928741455e-01
6.888499855995178223e-01
6.923955678939819336e-01
4.663400650024414062e-01
7.115978002548217773e-01
1.749519109725952148e-01
7.060120701789855957e-01
7.160049080848693848e-01
6.945533752441406250e-01
2.879836857318878174e-01
7.353723049163818359e-01
6.815076470375061035e-01
4.340689480304718018e-01
5.616115927696228027e-01
8.900230526924133301e-01
7.039365768432617188e-01
8.494927287101745605e-01
5.028020143508911133e-01
7.873919010162353516e-01
8.972066640853881836e-01
3.889257013797760010e-01
7.895542383193969727e-01
9.042457342147827148e-01
4.927259385585784912e-01
7.027545571327209473e-01
5.149389505386352539e-01
7.487283349037170410e-01
7.182834148406982422e-01
8.803324699401855469e-01
8.918187618255615234e-01
6.498252153396606445e-01
7.373378276824951172e-01
8.075959086418151855e-01
8.165263533592224121e-01
6.297006607055664062e-01
6.420633792877197266e-01
8.387906551361083984e-01
5.819547176361083984e-01
7.304686307907104492e-01
7.705199718475341797e-01
8.994324207305908203e-01
8.900230526924133301e-01
6.953805088996887207e-01
8.463242650032043457e-01
6.614347696304321289e-01
8.618124127388000488e-01
6.911842226982116699e-01
5.709148645401000977e-01
4.764868915081024170e-01
6.983748078346252441e-01
6.923818588256835938e-01
8.740418553352355957e-01
6.693156361579895020e-01
6.514335870742797852e-01
5.709856152534484863e-01
5.421656966209411621e-01
5.362172126770019531e-01
7.086343765258789062e-01
7.241072058677673340e-01
7.497633099555969238e-01
6.586873531341552734e-01
7.635071277618408203e-01
5.997132062911987305e-01
7.527899146080017090e-01
7.513749599456787109e-01
7.514476180076599121e-01
7.667933702468872070e-01
7.497072815895080566e-01
7.001900076866149902e-01
7.551937699317932129e-01
6.863104104995727539e-01
6.823036670684814453e-01
6.746511459350585938e-01
7.126438021659851074e-01
6.279473304748535156e-01
7.625979781150817871e-01
7.386493086814880371e-01
6.408095359802246094e-01
6.653859019279479980e-01
6.647113561630249023e-01
7.583903074264526367e-01
8.249233365058898926e-01
8.063552379608154297e-01
7.332017421722412109e-01
6.643643379211425781e-01
6.060649752616882324e-01
6.166188716888427734e-01
6.846264004707336426e-01
7.743710875511169434e-01
7.601217627525329590e-01
7.095418572425842285e-01
7.342805862426757812e-01
7.405892014503479004e-01
6.890199184417724609e-01
6.662439107894897461e-01
7.354051470756530762e-01
7.742384672164916992e-01
7.281290888786315918e-01
6.866584420204162598e-01
7.435306310653686523e-01
7.444828748703002930e-01
6.747971177101135254e-01
6.090332865715026855e-01
7.156198620796203613e-01
7.331840395927429199e-01
6.663717031478881836e-01
7.465899586677551270e-01
7.532041668891906738e-01
7.795677185058593750e-01
7.349534630775451660e-01
6.612823009490966797e-01
7.492871284484863281e-01
8.038387298583984375e-01
6.717991232872009277e-01
7.832033634185791016e-01
6.705773472785949707e-01
7.405782341957092285e-01
6.768702268600463867e-01
4.902921319007873535e-01
8.126567602157592773e-01
8.266616463661193848e-01
7.918285131454467773e-01
4.481260180473327637e-01
7.690815925598144531e-01
7.119321823120117188e-01
7.654913067817687988e-01
8.179925084114074707e-01
8.453751802444458008e-01
8.662035465240478516e-01
7.846678495407104492e-01
7.891106605529785156e-01
8.205195665359497070e-01
7.127997279167175293e-01
8.109433650970458984e-01
7.955470085144042969e-01
8.506661057472229004e-01
7.763428688049316406e-01
7.774578332901000977e-01
8.193606138229370117e-01
8.177510499954223633e-01
7.250751852989196777e-01
8.006556034088134766e-01
8.143754601478576660e-01
9.044260978698730469e-01
7.482609152793884277e-01
7.915754318237304688e-01
2.630521655082702637e-01
8.042526841163635254e-01
7.880917787551879883e-01
8.185716867446899414e-01
8.436985611915588379e-01
7.991423010826110840e-01
8.248581886291503906e-01
8.141216039657592773e-01
7.678111791610717773e-01
8.057610392570495605e-01
7.313718199729919434e-01
8.410885334014892578e-01
8.226841092109680176e-01
6.544655561447143555e-01
7.530537247657775879e-01
7.589284777641296387e-01
7.799454331398010254e-01
5.238699913024902344e-01
8.539873361587524414e-01
8.496687412261962891e-01
8.347709774971008301e-01
8.435916900634765625e-01
8.734868764877319336e-01
7.924918532371520996e-01
7.651200294494628906e-01
8.079425096511840820e-01
7.318843603134155273e-01
7.546964287757873535e-01
8.639137744903564453e-01
8.490424156188964844e-01
8.089863657951354980e-01
8.380988836288452148e-01
7.522948980331420898e-01
7.964736819267272949e-01
7.997466325759887695e-01
8.009373545646667480e-01
7.329432368278503418e-01
7.897738218307495117e-01
8.166376948356628418e-01
8.071641921997070312e-01
7.144724130630493164e-01
6.386909484863281250e-01
7.276887297630310059e-01
5.437980890274047852e-01
7.302078604698181152e-01
8.240109682083129883e-01
7.632519602775573730e-01
7.601875811815261841e-03
6.779057979583740234e-01
1.229959502816200256e-01
1.402421891689300537e-01
3.138351440429687500e-02
5.918455868959426880e-02
1.840782314538955688e-01
5.201581120491027832e-02
3.629275038838386536e-02
1.079922020435333252e-01
3.401904553174972534e-02
8.352957665920257568e-02
1.482060272246599197e-02
7.481716573238372803e-02
1.884809322655200958e-02
1.220992878079414368e-01
6.045739054679870605e-01
6.054258346557617188e-02
5.841131806373596191e-01
2.224836684763431549e-02
1.744489418342709541e-03
1.980485916137695312e-01
2.306703627109527588e-01
7.110489066690206528e-03
1.380318403244018555e-01
9.615918248891830444e-02
6.094395648688077927e-03
1.615220308303833008e-01
2.581104263663291931e-02
6.393877416849136353e-02
1.724587194621562958e-02
1.987468684092164040e-03
8.990821987390518188e-02
7.866566069424152374e-03
5.048256367444992065e-03
1.124158687889575958e-02
6.947153806686401367e-02
2.119420096278190613e-02
7.885490544140338898e-03
3.307844325900077820e-02
1.533576995134353638e-01
5.576737690716981888e-03
8.692383021116256714e-02
2.217809706926345825e-01
2.207440584897994995e-01
1.162738632410764694e-02
1.683867573738098145e-01
1.672191917896270752e-02
9.387227706611156464e-03
1.108408160507678986e-02
3.206034377217292786e-02
2.069405764341354370e-01
8.613931387662887573e-02
8.747991174459457397e-02
7.079637050628662109e-02
4.980511218309402466e-02
6.368445232510566711e-03
4.475262481719255447e-03
2.884417073801159859e-03
1.450237333774566650e-01
1.109318509697914124e-01
7.245272397994995117e-02
2.340701408684253693e-02
8.293102681636810303e-02
3.837712109088897705e-02
1.177236959338188171e-01
4.903392400592565536e-04
6.154061481356620789e-02
3.397569805383682251e-02
4.408526699990034103e-03
3.672998398542404175e-02
8.883893489837646484e-02
4.510743543505668640e-02
3.325063362717628479e-02
2.129105776548385620e-01
1.431026402860879898e-02
3.093735277652740479e-01
1.143912300467491150e-01
1.881537027657032013e-02
4.610577970743179321e-02
5.066867545247077942e-02
1.804828457534313202e-02
1.117332093417644501e-02
1.560776121914386749e-02
1.540929526090621948e-01
5.808899402618408203e-01
1.091405451297760010e-01
1.442127395421266556e-02
5.158006399869918823e-02
1.806121133267879486e-02
4.384869709610939026e-02
7.821474224328994751e-03
9.125204384326934814e-02
7.066774368286132812e-02
2.617143653333187103e-02
6.917851418256759644e-02
7.235756609588861465e-03
1.680161803960800171e-01
1.807363033294677734e-01
7.404895126819610596e-02
1.976621896028518677e-01
6.736734509468078613e-01
9.062374383211135864e-02
5.754791200160980225e-02
5.299194157123565674e-02
2.333491742610931396e-01
1.490059942007064819e-01
7.146285772323608398e-01
1.050019785761833191e-01
5.510864853858947754e-01
9.972061961889266968e-02
1.854028850793838501e-01
2.680764198303222656e-01
1.245296150445938110e-01
4.736796021461486816e-01
1.669519096612930298e-01
3.163029551506042480e-01
1.256005465984344482e-01
2.131586521863937378e-01
5.073518157005310059e-01
1.008107438683509827e-01
5.987923145294189453e-01
1.200005933642387390e-01
1.245296150445938110e-01
1.765964329242706299e-01
6.330078244209289551e-01
5.201914310455322266e-01
6.995339989662170410e-01
5.514070987701416016e-01
5.137929916381835938e-01
5.464964509010314941e-01
5.913915038108825684e-01
5.253547430038452148e-01
3.478200733661651611e-01
5.623075962066650391e-01
5.800852179527282715e-01
5.432174801826477051e-01
5.200510025024414062e-01
5.749905109405517578e-01
6.083958148956298828e-01
5.585994720458984375e-01
5.374494194984436035e-02
2.526342570781707764e-01
1.490110754966735840e-01
2.183780372142791748e-01
7.069496810436248779e-02
6.090852618217468262e-02
9.368564933538436890e-02
2.792864739894866943e-01
8.205328136682510376e-02
1.608379781246185303e-01
1.080339401960372925e-01
1.176043897867202759e-01
4.199246466159820557e-01
1.908578872680664062e-01
3.686736822128295898e-01
1.297541111707687378e-01
3.160954117774963379e-01
1.886295825242996216e-01
5.009465813636779785e-01
2.799628078937530518e-01
5.362312793731689453e-01
6.958572864532470703e-01
6.246008276939392090e-01
4.977867603302001953e-01
6.828635931015014648e-01
7.348420023918151855e-01
5.299211740493774414e-01
5.174626111984252930e-01
6.369069218635559082e-01
6.798677444458007812e-01
9.043847024440765381e-02
2.282491624355316162e-01
6.279034614562988281e-01
1.977582275867462158e-01
2.285538613796234131e-01
3.530860841274261475e-01
1.923773437738418579e-01
2.088285833597183228e-01
6.957067549228668213e-02
6.098915338516235352e-01
2.916495800018310547e-01
1.248084828257560730e-01
7.730607390403747559e-01
8.288705945014953613e-01
7.181628346443176270e-01
7.822985053062438965e-01
7.985512018203735352e-01
6.960070133209228516e-01
6.976862549781799316e-01
7.009090185165405273e-01
7.040503621101379395e-01
7.059551477432250977e-01
5.500575900077819824e-01
6.785536408424377441e-01
7.399703860282897949e-01
7.319967150688171387e-01
7.001787424087524414e-01
7.177282571792602539e-01
6.104790568351745605e-01
7.579668164253234863e-01
6.869633197784423828e-01
8.018663525581359863e-01
7.294210195541381836e-01
7.118302583694458008e-01
7.677548527717590332e-01
7.334762811660766602e-01
7.309086322784423828e-01
7.302610278129577637e-01
7.777714133262634277e-01
7.506002783775329590e-01
7.499783039093017578e-01
5.583248138427734375e-01
5.453444719314575195e-01
5.455383062362670898e-01
5.799580216407775879e-01
5.934523344039916992e-01
5.105314254760742188e-01
5.849407911300659180e-01
5.491590499877929688e-01
5.500476360321044922e-01
5.491679906845092773e-01
5.534664392471313477e-01
5.801788568496704102e-01
5.283097028732299805e-01
5.759117007255554199e-01
6.543010473251342773e-01
3.917445242404937744e-01
6.744928359985351562e-01
7.084310054779052734e-01
6.724665760993957520e-01
6.946040391921997070e-01
7.036755084991455078e-01
6.953169107437133789e-01
6.963095068931579590e-01
6.928910017013549805e-01
1.749519109725952148e-01
6.815076470375061035e-01
4.340689480304718018e-01
5.028020143508911133e-01
4.927259385585784912e-01
5.149389505386352539e-01
8.618124127388000488e-01
5.709856152534484863e-01
7.086343765258789062e-01
6.586873531341552734e-01
6.863104104995727539e-01
7.126438021659851074e-01
6.647113561630249023e-01
6.060649752616882324e-01
6.846264004707336426e-01
6.612823009490966797e-01
6.717991232872009277e-01
4.481260180473327637e-01
7.690815925598144531e-01
7.846678495407104492e-01
7.127997279167175293e-01
2.630521655082702637e-01
7.678111791610717773e-01
7.546964287757873535e-01
8.089863657951354980e-01
7.522948980331420898e-01
8.009373545646667480e-01
7.329432368278503418e-01
7.276887297630310059e-01
7.302078604698181152e-01
7.490367889404296875e-01
6.736734509468078613e-01
1.030153557658195496e-01
2.518938481807708740e-01
2.661424577236175537e-01
7.572671771049499512e-02
1.569696366786956787e-01
7.038750648498535156e-01
6.859214305877685547e-01
1.782168745994567871e-01
6.565874814987182617e-01
6.007996201515197754e-01
1.953884065151214600e-01
2.470407932996749878e-01
2.595500648021697998e-01
3.037284016609191895e-01
1.172612085938453674e-01
1.665238291025161743e-01
1.413684785366058350e-01
1.385253518819808960e-01
3.026758432388305664e-01
1.011061966419219971e-01
1.972064375877380371e-01
2.142360955476760864e-01
3.633501008152961731e-02
1.292708069086074829e-01
7.189447283744812012e-01
6.669657230377197266e-01
7.065753936767578125e-01
5.923682451248168945e-01
6.466501355171203613e-01
5.569592118263244629e-01
5.626806616783142090e-01
5.105034112930297852e-01
5.893422365188598633e-01
5.285199284553527832e-01
4.907322227954864502e-01
5.971488952636718750e-01
5.939229726791381836e-01
5.492953658103942871e-01
5.610112547874450684e-01
5.229042768478393555e-01
5.757139921188354492e-01
5.089360475540161133e-01
1.261412054300308228e-01
1.130311042070388794e-01
6.441407799720764160e-01
1.368698477745056152e-01
1.032628938555717468e-01
4.907758533954620361e-01
4.678690806031227112e-02
2.017405629158020020e-01
2.148557901382446289e-01
3.028647415339946747e-02
1.873392611742019653e-01
2.779644429683685303e-01
2.478770911693572998e-01
3.756723403930664062e-01
4.814883768558502197e-01
4.434004426002502441e-01
5.402848720550537109e-01
4.375106692314147949e-01
1.820887327194213867e-01
1.848103404045104980e-01
6.305822730064392090e-01
8.477596193552017212e-02
6.599368453025817871e-01
6.171312928199768066e-01
6.015578508377075195e-01
5.849384069442749023e-01
5.700410008430480957e-01
7.616268396377563477e-01
6.490369439125061035e-01
5.769099593162536621e-01
5.232334136962890625e-01
6.445228457450866699e-01
6.880346536636352539e-01
7.149910330772399902e-01
2.078503817319869995e-01
4.132516682147979736e-01
2.600224316120147705e-01
2.227753102779388428e-01
5.549220442771911621e-01
6.795167922973632812e-02
1.963374763727188110e-01
9.392493963241577148e-02
4.670256376266479492e-01
7.386939972639083862e-02
2.005545496940612793e-01
1.194593459367752075e-01
1.307695657014846802e-01
6.881889700889587402e-01
1.441873908042907715e-01
2.371741831302642822e-01
2.862920239567756653e-02
8.364132791757583618e-02
4.377170279622077942e-02
1.880342327058315277e-02
4.472315609455108643e-01
5.799135565757751465e-01
6.984184384346008301e-01
3.399098515510559082e-01
7.994584739208221436e-02
1.431069672107696533e-01
1.087061464786529541e-01
1.325861066579818726e-01
1.669519096612930298e-01
7.365698814392089844e-01
1.741747111082077026e-01
2.550822198390960693e-01
2.382341921329498291e-01
7.016891241073608398e-01
2.784807682037353516e-01
1.330863237380981445e-01
1.442536860704421997e-01
3.575468808412551880e-02
1.903915107250213623e-01
7.861384749412536621e-01
5.212485790252685547e-01
6.074616312980651855e-01
5.429797768592834473e-01
6.125938296318054199e-01
2.646569609642028809e-01
6.116293668746948242e-01
5.686904788017272949e-01
5.816059708595275879e-01
5.453120470046997070e-01
5.464341640472412109e-01
5.347866415977478027e-01
7.988972961902618408e-02
1.374000608921051025e-01
1.051617935299873352e-01
1.393479853868484497e-01
8.132175356149673462e-02
2.549351453781127930e-01
6.441407799720764160e-01
5.280723795294761658e-02
5.943799018859863281e-02
1.454322636127471924e-01
1.142260804772377014e-01
6.854263693094253540e-02
1.048857942223548889e-01
2.838374376296997070e-01
5.383340716361999512e-01
2.448675185441970825e-01
1.818020194768905640e-01
2.942424118518829346e-01
4.189350605010986328e-01
3.753245174884796143e-01
5.424570664763450623e-02
7.348241806030273438e-01
7.306025624275207520e-01
6.599769592285156250e-01
7.207920551300048828e-01
6.583861112594604492e-01
6.671348214149475098e-01
5.944145321846008301e-01
7.232235670089721680e-01
9.696301817893981934e-02
2.263263799250125885e-02
9.597852081060409546e-02
1.411066949367523193e-01
6.158383488655090332e-01
1.177210509777069092e-01
1.686650067567825317e-01
1.241951584815979004e-01
1.968979388475418091e-01
3.852883875370025635e-01
5.859742164611816406e-01
7.045484781265258789e-01
1.799184828996658325e-01
1.292307581752538681e-02
9.782051667571067810e-03
1.513082832098007202e-01
2.332598902285099030e-03
2.887291610240936279e-01
7.465723901987075806e-02
7.347055673599243164e-01
4.949016869068145752e-02
1.278524566441774368e-02
6.599841266870498657e-02
2.221453562378883362e-02
6.737940013408660889e-02
1.994788497686386108e-01
1.992941498756408691e-01
8.338554203510284424e-02
2.859862521290779114e-02
1.324795484542846680e-01
1.869964599609375000e-01
2.282843738794326782e-01
1.006600260734558105e-01
7.471729815006256104e-02
4.472889751195907593e-02
7.758964598178863525e-02
3.662739694118499756e-02
5.003081262111663818e-02
9.763231873512268066e-02
8.491741865873336792e-02
7.684928178787231445e-01
5.307377576828002930e-01
2.360721826553344727e-01
2.293687462806701660e-01
5.005009770393371582e-01
3.744081258773803711e-01
4.119208548218011856e-03
9.108079969882965088e-02
4.459588974714279175e-02
2.028707787394523621e-02
8.160603791475296021e-02
7.057318091392517090e-02
2.960519399493932724e-03
7.375091314315795898e-03
5.199895426630973816e-02
3.372517600655555725e-02
3.773583099246025085e-02
3.068912588059902191e-02
4.280523061752319336e-01
1.149332225322723389e-01
3.449478372931480408e-02
6.084144487977027893e-02
4.532622545957565308e-02
3.171611949801445007e-02
3.251577168703079224e-02
3.696755766868591309e-01
2.010293602943420410e-01
4.073569551110267639e-02
9.895020723342895508e-02
1.499639898538589478e-01
2.520430386066436768e-01
1.847264543175697327e-02
3.277169167995452881e-01
1.734324544668197632e-01
4.111461713910102844e-02
3.297384455800056458e-02
7.377651333808898926e-02
4.625913202762603760e-01
5.315450206398963928e-02
2.438790723681449890e-02
4.775907099246978760e-02
4.334245249629020691e-02
1.713636815547943115e-01
1.042429506778717041e-01
4.470482096076011658e-02
4.355951771140098572e-02
9.538519382476806641e-02
1.791310161352157593e-01
2.410250715911388397e-02
2.957366108894348145e-01
1.429541856050491333e-01
1.844324357807636261e-02
2.833304703235626221e-01
4.929758608341217041e-02
7.499460577964782715e-01
7.104293704032897949e-01
1.876669526100158691e-01
2.519264519214630127e-01
7.648812532424926758e-01
5.382787901908159256e-03
8.030140772461891174e-03
