7.474307417869567871e-01
7.474307417869567871e-01
7.474307417869567871e-01
7.474307417869567871e-01
7.474307417869567871e-01
7.474244832992553711e-01
7.474307417869567871e-01
7.474307417869567871e-01
7.474307417869567871e-01
7.474307417869567871e-01
7.111869454383850098e-01
7.474307417869567871e-01
7.474307417869567871e-01
7.474307417869567871e-01
7.474307417869567871e-01
7.474307417869567871e-01
7.474307417869567871e-01
7.474307417869567871e-01
7.388615608215332031e-01
7.474307417869567871e-01
7.474307417869567871e-01
7.474307417869567871e-01
7.474307417869567871e-01
7.474307417869567871e-01
7.474307417869567871e-01
7.474307417869567871e-01
7.474307417869567871e-01
7.474307417869567871e-01
7.474307417869567871e-01
7.474307417869567871e-01
7.474307417869567871e-01
7.464517354965209961e-01
7.457992434501647949e-01
5.926647782325744629e-01
7.474307417869567871e-01
7.474307417869567871e-01
7.474307417869567871e-01
7.474307417869567871e-01
7.474307417869567871e-01
7.474307417869567871e-01
7.474307417869567871e-01
7.474307417869567871e-01
7.474307417869567871e-01
7.474160790443420410e-01
7.474307417869567871e-01
7.474307417869567871e-01
7.474307417869567871e-01
7.474307417869567871e-01
4.203450679779052734e-01
7.474307417869567871e-01
7.474307417869567871e-01
7.474307417869567871e-01
7.474307417869567871e-01
4.203450679779052734e-01
7.474307417869567871e-01
7.474307417869567871e-01
7.474307417869567871e-01
7.474307417869567871e-01
7.474307417869567871e-01
7.474307417869567871e-01
7.474307417869567871e-01
7.474307417869567871e-01
7.474307417869567871e-01
7.474307417869567871e-01
7.474307417869567871e-01
4.203450679779052734e-01
7.474307417869567871e-01
7.474307417869567871e-01
7.474307417869567871e-01
7.474307417869567871e-01
7.474307417869567871e-01
7.474307417869567871e-01
7.474307417869567871e-01
7.474307417869567871e-01
7.474307417869567871e-01
4.203450679779052734e-01
4.203450679779052734e-01
4.203450679779052734e-01
4.203450679779052734e-01
4.203450679779052734e-01
4.203450679779052734e-01
4.203450679779052734e-01
4.203450679779052734e-01
4.203450679779052734e-01
4.203450679779052734e-01
4.203450679779052734e-01
4.203450679779052734e-01
4.203450679779052734e-01
4.203450679779052734e-01
4.203450679779052734e-01
4.203450679779052734e-01
4.203450679779052734e-01
4.203450679779052734e-01
4.203450679779052734e-01
4.203450679779052734e-01
4.203450679779052734e-01
4.203450679779052734e-01
4.203450679779052734e-01
4.203450679779052734e-01
4.203450679779052734e-01
4.203450679779052734e-01
4.203450679779052734e-01
4.203450679779052734e-01
4.203450679779052734e-01
4.203450679779052734e-01
4.203450679779052734e-01
4.203450679779052734e-01
4.203450679779052734e-01
4.203450679779052734e-01
4.203450679779052734e-01
4.203450679779052734e-01
4.203450679779052734e-01
4.203450679779052734e-01
4.203450679779052734e-01
4.203450679779052734e-01
4.203450679779052734e-01
4.203450679779052734e-01
4.203450679779052734e-01
4.203450679779052734e-01
4.203450679779052734e-01
4.203450679779052734e-01
4.203450679779052734e-01
4.203450679779052734e-01
4.203450679779052734e-01
4.203450679779052734e-01
4.203450679779052734e-01
4.203450679779052734e-01
4.203450679779052734e-01
4.203450679779052734e-01
4.203450679779052734e-01
4.203450679779052734e-01
4.203450679779052734e-01
4.203450679779052734e-01
4.203450679779052734e-01
4.203450679779052734e-01
4.203450679779052734e-01
4.203450679779052734e-01
4.203450679779052734e-01
4.203450679779052734e-01
4.203450679779052734e-01
4.203450679779052734e-01
4.203450679779052734e-01
4.203450679779052734e-01
4.203450679779052734e-01
4.203450679779052734e-01
4.203450679779052734e-01
4.203450679779052734e-01
4.203450679779052734e-01
4.203450679779052734e-01
4.203450679779052734e-01
4.203450679779052734e-01
4.203450679779052734e-01
4.203450679779052734e-01
4.203450679779052734e-01
4.203450679779052734e-01
4.203450679779052734e-01
4.203450679779052734e-01
4.203450679779052734e-01
4.203450679779052734e-01
4.203450679779052734e-01
4.203450679779052734e-01
4.203450679779052734e-01
4.203450679779052734e-01
4.203450679779052734e-01
4.203450679779052734e-01
4.203450679779052734e-01
4.203450679779052734e-01
4.203450679779052734e-01
4.203450679779052734e-01
4.203450679779052734e-01
4.203450679779052734e-01
4.203450679779052734e-01
4.203450679779052734e-01
4.203450679779052734e-01
4.203450679779052734e-01
4.203450679779052734e-01
4.203450679779052734e-01
4.203450679779052734e-01
4.203450679779052734e-01
4.203450679779052734e-01
4.203450679779052734e-01
4.203450679779052734e-01
4.203450679779052734e-01
4.203450679779052734e-01
4.203450679779052734e-01
4.203450679779052734e-01
4.203450679779052734e-01
4.203450679779052734e-01
4.203450679779052734e-01
4.203450679779052734e-01
4.203450679779052734e-01
4.203450679779052734e-01
4.203450679779052734e-01
4.203450679779052734e-01
4.203450679779052734e-01
4.203450679779052734e-01
4.203450679779052734e-01
4.203450679779052734e-01
4.203450679779052734e-01
4.203450679779052734e-01
4.203450679779052734e-01
4.203450679779052734e-01
4.203450679779052734e-01
4.203450679779052734e-01
4.203450679779052734e-01
4.203450679779052734e-01
4.203450679779052734e-01
4.203450679779052734e-01
4.203450679779052734e-01
4.203450679779052734e-01
4.203450679779052734e-01
4.203450679779052734e-01
4.203450679779052734e-01
4.203450679779052734e-01
4.203450679779052734e-01
4.203450679779052734e-01
4.203450679779052734e-01
4.203450679779052734e-01
4.203450679779052734e-01
4.203450679779052734e-01
4.203450679779052734e-01
4.203450679779052734e-01
4.203450679779052734e-01
4.203450679779052734e-01
4.203450679779052734e-01
4.203450679779052734e-01
4.203450679779052734e-01
4.203450679779052734e-01
4.203450679779052734e-01
4.203450679779052734e-01
4.203450679779052734e-01
4.203450679779052734e-01
4.203450679779052734e-01
4.203450679779052734e-01
4.203450679779052734e-01
4.203450679779052734e-01
4.203450679779052734e-01
4.203450679779052734e-01
4.203450679779052734e-01
4.203450679779052734e-01
4.203450679779052734e-01
4.203450679779052734e-01
4.203450679779052734e-01
4.203450679779052734e-01
4.203450679779052734e-01
4.203450679779052734e-01
7.474307417869567871e-01
7.474307417869567871e-01
7.474307417869567871e-01
4.203450679779052734e-01
4.203450679779052734e-01
7.474307417869567871e-01
6.127161383628845215e-01
7.474307417869567871e-01
4.203450679779052734e-01
7.474307417869567871e-01
7.474307417869567871e-01
6.127161383628845215e-01
7.474307417869567871e-01
7.474307417869567871e-01
7.474307417869567871e-01
7.474307417869567871e-01
4.203450679779052734e-01
4.203450679779052734e-01
4.203450679779052734e-01
7.474307417869567871e-01
7.474307417869567871e-01
7.474307417869567871e-01
4.203450679779052734e-01
7.474307417869567871e-01
7.474307417869567871e-01
7.474307417869567871e-01
4.203450679779052734e-01
7.145612835884094238e-01
7.474307417869567871e-01
7.474307417869567871e-01
7.474307417869567871e-01
7.474307417869567871e-01
7.474307417869567871e-01
7.474307417869567871e-01
7.474307417869567871e-01
7.474307417869567871e-01
4.203450679779052734e-01
4.203450679779052734e-01
4.203450679779052734e-01
7.474307417869567871e-01
7.474307417869567871e-01
7.474307417869567871e-01
7.474307417869567871e-01
7.474307417869567871e-01
7.474307417869567871e-01
7.474307417869567871e-01
4.203450679779052734e-01
4.203450679779052734e-01
7.474307417869567871e-01
7.474307417869567871e-01
7.474307417869567871e-01
7.474307417869567871e-01
7.474307417869567871e-01
7.474307417869567871e-01
7.474307417869567871e-01
7.474307417869567871e-01
7.474307417869567871e-01
4.203450679779052734e-01
4.203450679779052734e-01
7.474307417869567871e-01
6.127161383628845215e-01
4.203450679779052734e-01
7.474307417869567871e-01
7.474307417869567871e-01
4.203450679779052734e-01
7.472009062767028809e-01
4.203450679779052734e-01
7.474307417869567871e-01
7.474307417869567871e-01
7.474307417869567871e-01
4.203450679779052734e-01
7.474307417869567871e-01
7.474307417869567871e-01
4.203450679779052734e-01
4.203450679779052734e-01
7.474307417869567871e-01
4.203450679779052734e-01
7.165725231170654297e-01
4.203450679779052734e-01
4.203450679779052734e-01
7.474307417869567871e-01
4.203450679779052734e-01
4.203450679779052734e-01
7.474307417869567871e-01
4.203450679779052734e-01
4.203450679779052734e-01
4.203450679779052734e-01
4.203450679779052734e-01
4.203450679779052734e-01
7.474307417869567871e-01
7.474307417869567871e-01
4.203450679779052734e-01
4.203450679779052734e-01
4.203450679779052734e-01
7.474307417869567871e-01
4.203450679779052734e-01
4.203450679779052734e-01
7.474307417869567871e-01
4.203450679779052734e-01
4.203450679779052734e-01
4.203450679779052734e-01
7.474307417869567871e-01
7.474307417869567871e-01
4.203450679779052734e-01
7.474307417869567871e-01
4.203450679779052734e-01
7.474307417869567871e-01
4.203450679779052734e-01
4.203450679779052734e-01
4.203450679779052734e-01
4.203450679779052734e-01
4.203450679779052734e-01
7.474307417869567871e-01
4.203450679779052734e-01
4.203450679779052734e-01
4.203450679779052734e-01
4.203450679779052734e-01
4.203450679779052734e-01
4.203450679779052734e-01
4.203450679779052734e-01
4.203450679779052734e-01
4.203450679779052734e-01
4.203450679779052734e-01
4.203450679779052734e-01
4.203450679779052734e-01
4.203450679779052734e-01
4.203450679779052734e-01
4.203450679779052734e-01
4.203450679779052734e-01
4.203450679779052734e-01
4.203450679779052734e-01
4.203450679779052734e-01
4.203450679779052734e-01
4.203450679779052734e-01
4.203450679779052734e-01
4.203450679779052734e-01
4.203450679779052734e-01
4.203450679779052734e-01
4.203450679779052734e-01
4.203450679779052734e-01
4.203450679779052734e-01
4.203450679779052734e-01
4.203450679779052734e-01
4.203450679779052734e-01
4.203450679779052734e-01
4.203450679779052734e-01
4.203450679779052734e-01
4.203450679779052734e-01
4.203450679779052734e-01
4.203450679779052734e-01
4.203450679779052734e-01
4.203450679779052734e-01
4.203450679779052734e-01
4.203450679779052734e-01
4.203450679779052734e-01
4.203450679779052734e-01
4.203450679779052734e-01
4.203450679779052734e-01
4.203450679779052734e-01
4.203450679779052734e-01
4.203450679779052734e-01
4.203450679779052734e-01
4.203450679779052734e-01
4.203450679779052734e-01
4.203450679779052734e-01
4.203450679779052734e-01
4.203450679779052734e-01
4.203450679779052734e-01
4.203450679779052734e-01
4.203450679779052734e-01
4.203450679779052734e-01
4.203450679779052734e-01
4.203450679779052734e-01
4.203450679779052734e-01
4.203450679779052734e-01
4.203450679779052734e-01
4.203450679779052734e-01
4.203450679779052734e-01
4.203450679779052734e-01
4.203450679779052734e-01
7.474307417869567871e-01
7.474307417869567871e-01
7.474271655082702637e-01
4.203450679779052734e-01
7.474307417869567871e-01
7.474307417869567871e-01
7.474307417869567871e-01
7.474307417869567871e-01
7.474307417869567871e-01
7.474307417869567871e-01
7.474301457405090332e-01
7.474307417869567871e-01
7.474307417869567871e-01
7.474307417869567871e-01
7.474307417869567871e-01
7.474307417869567871e-01
7.474307417869567871e-01
7.474307417869567871e-01
6.325080990791320801e-01
7.474307417869567871e-01
7.474307417869567871e-01
7.474307417869567871e-01
7.474307417869567871e-01
7.474307417869567871e-01
7.474307417869567871e-01
7.474307417869567871e-01
7.474307417869567871e-01
4.203450679779052734e-01
7.474307417869567871e-01
7.474307417869567871e-01
7.474176287651062012e-01
7.474307417869567871e-01
7.474307417869567871e-01
7.474307417869567871e-01
7.474307417869567871e-01
7.474307417869567871e-01
7.474307417869567871e-01
7.474166154861450195e-01
7.474307417869567871e-01
7.474307417869567871e-01
6.184543371200561523e-01
7.474307417869567871e-01
7.474307417869567871e-01
7.474307417869567871e-01
4.203450679779052734e-01
7.271479964256286621e-01
7.474307417869567871e-01
7.474307417869567871e-01
7.474307417869567871e-01
7.474307417869567871e-01
7.474307417869567871e-01
7.474307417869567871e-01
7.474307417869567871e-01
4.203450679779052734e-01
7.474307417869567871e-01
7.474307417869567871e-01
7.474307417869567871e-01
7.474307417869567871e-01
7.474307417869567871e-01
7.474307417869567871e-01
7.474307417869567871e-01
7.474307417869567871e-01
7.474307417869567871e-01
7.225613594055175781e-01
7.137200236320495605e-01
7.474307417869567871e-01
7.474307417869567871e-01
7.474307417869567871e-01
4.203450679779052734e-01
7.474307417869567871e-01
4.203450679779052734e-01
7.474307417869567871e-01
7.474307417869567871e-01
7.461331486701965332e-01
4.203450679779052734e-01
6.454719901084899902e-01
4.203450679779052734e-01
4.203450679779052734e-01
4.203450679779052734e-01
4.203450679779052734e-01
4.203450679779052734e-01
4.203450679779052734e-01
4.203450679779052734e-01
4.203450679779052734e-01
4.203450679779052734e-01
4.203450679779052734e-01
4.203450679779052734e-01
4.203450679779052734e-01
4.203450679779052734e-01
4.203450679779052734e-01
4.203450679779052734e-01
4.203450679779052734e-01
6.191021800041198730e-01
4.203450679779052734e-01
4.203450679779052734e-01
4.203450679779052734e-01
4.203450679779052734e-01
4.203450679779052734e-01
4.203450679779052734e-01
4.203450679779052734e-01
4.203450679779052734e-01
4.203450679779052734e-01
4.203450679779052734e-01
4.203450679779052734e-01
4.203450679779052734e-01
4.203450679779052734e-01
4.203450679779052734e-01
4.203450679779052734e-01
4.203450679779052734e-01
4.203450679779052734e-01
4.203450679779052734e-01
4.203450679779052734e-01
4.203450679779052734e-01
4.203450679779052734e-01
4.203450679779052734e-01
4.203450679779052734e-01
4.203450679779052734e-01
4.203450679779052734e-01
4.203450679779052734e-01
4.203450679779052734e-01
4.203450679779052734e-01
4.203450679779052734e-01
4.203450679779052734e-01
4.203450679779052734e-01
4.203450679779052734e-01
4.203450679779052734e-01
4.203450679779052734e-01
4.203450679779052734e-01
4.203450679779052734e-01
4.203450679779052734e-01
4.203450679779052734e-01
4.203450679779052734e-01
4.203450679779052734e-01
4.203450679779052734e-01
4.203450679779052734e-01
4.203450679779052734e-01
4.203450679779052734e-01
4.203450679779052734e-01
4.203450679779052734e-01
4.203450679779052734e-01
4.203450679779052734e-01
4.203450679779052734e-01
4.203450679779052734e-01
4.203450679779052734e-01
4.203450679779052734e-01
4.203450679779052734e-01
4.203450679779052734e-01
4.203450679779052734e-01
4.203450679779052734e-01
4.203450679779052734e-01
4.203450679779052734e-01
4.203450679779052734e-01
4.203450679779052734e-01
4.203450679779052734e-01
4.203450679779052734e-01
4.203450679779052734e-01
4.203450679779052734e-01
4.203450679779052734e-01
4.203450679779052734e-01
6.307734251022338867e-01
4.203450679779052734e-01
4.203450679779052734e-01
4.203450679779052734e-01
4.203450679779052734e-01
4.203450679779052734e-01
4.203450679779052734e-01
4.203450679779052734e-01
4.203450679779052734e-01
4.203450679779052734e-01
4.203450679779052734e-01
4.203450679779052734e-01
4.203450679779052734e-01
4.203450679779052734e-01
4.203450679779052734e-01
4.203450679779052734e-01
7.473939657211303711e-01
4.203450679779052734e-01
4.203450679779052734e-01
4.203450679779052734e-01
4.203450679779052734e-01
4.203450679779052734e-01
7.474304437637329102e-01
4.203450679779052734e-01
4.203450679779052734e-01
4.203450679779052734e-01
4.203450679779052734e-01
4.203450679779052734e-01
4.203450679779052734e-01
4.203450679779052734e-01
4.203450679779052734e-01
4.203450679779052734e-01
4.203450679779052734e-01
4.203450679779052734e-01
4.203450679779052734e-01
4.203450679779052734e-01
4.203450679779052734e-01
4.203450679779052734e-01
4.203450679779052734e-01
4.203450679779052734e-01
4.203450679779052734e-01
4.203450679779052734e-01
4.203450679779052734e-01
4.203450679779052734e-01
4.203450679779052734e-01
4.203450679779052734e-01
4.203450679779052734e-01
4.203450679779052734e-01
4.203450679779052734e-01
4.203450679779052734e-01
4.203450679779052734e-01
4.203450679779052734e-01
4.203450679779052734e-01
4.203450679779052734e-01
4.203450679779052734e-01
4.203450679779052734e-01
4.203450679779052734e-01
4.203450679779052734e-01
4.203450679779052734e-01
4.203450679779052734e-01
4.203450679779052734e-01
4.203450679779052734e-01
4.203450679779052734e-01
4.203450679779052734e-01
4.203450679779052734e-01
4.203450679779052734e-01
4.203450679779052734e-01
4.203450679779052734e-01
4.203450679779052734e-01
4.203450679779052734e-01
4.203450679779052734e-01
4.203450679779052734e-01
4.203450679779052734e-01
4.203450679779052734e-01
4.203450679779052734e-01
4.203450679779052734e-01
4.203450679779052734e-01
4.203450679779052734e-01
4.203450679779052734e-01
4.203450679779052734e-01
4.203450679779052734e-01
4.203450679779052734e-01
4.203450679779052734e-01
4.203450679779052734e-01
4.203450679779052734e-01
4.203450679779052734e-01
4.203450679779052734e-01
4.203450679779052734e-01
6.262027025222778320e-01
4.203450679779052734e-01
4.203450679779052734e-01
4.203450679779052734e-01
4.203450679779052734e-01
4.203450679779052734e-01
4.203450679779052734e-01
4.203450679779052734e-01
4.203450679779052734e-01
4.203450679779052734e-01
7.473815679550170898e-01
7.474307417869567871e-01
7.474307417869567871e-01
7.474307417869567871e-01
7.474307417869567871e-01
7.474307417869567871e-01
7.457992434501647949e-01
7.474307417869567871e-01
7.474307417869567871e-01
7.474307417869567871e-01
4.203450679779052734e-01
7.474307417869567871e-01
7.474307417869567871e-01
7.474307417869567871e-01
4.203450679779052734e-01
4.203450679779052734e-01
4.203450679779052734e-01
4.203450679779052734e-01
4.203450679779052734e-01
4.203450679779052734e-01
4.203450679779052734e-01
4.203450679779052734e-01
4.203450679779052734e-01
4.203450679779052734e-01
4.203450679779052734e-01
4.203450679779052734e-01
4.203450679779052734e-01
4.203450679779052734e-01
4.203450679779052734e-01
4.203450679779052734e-01
4.203450679779052734e-01
4.203450679779052734e-01
4.203450679779052734e-01
4.203450679779052734e-01
4.203450679779052734e-01
4.203450679779052734e-01
4.203450679779052734e-01
4.203450679779052734e-01
4.203450679779052734e-01
4.203450679779052734e-01
4.203450679779052734e-01
4.203450679779052734e-01
6.127161383628845215e-01
7.474307417869567871e-01
6.127161383628845215e-01
7.474307417869567871e-01
7.474307417869567871e-01
7.474307417869567871e-01
7.474307417869567871e-01
7.474307417869567871e-01
7.474307417869567871e-01
7.474307417869567871e-01
7.474307417869567871e-01
4.203450679779052734e-01
7.474307417869567871e-01
4.203450679779052734e-01
4.203450679779052734e-01
4.203450679779052734e-01
4.203450679779052734e-01
7.474307417869567871e-01
4.203450679779052734e-01
4.203450679779052734e-01
4.203450679779052734e-01
4.203450679779052734e-01
4.203450679779052734e-01
4.203450679779052734e-01
4.203450679779052734e-01
4.203450679779052734e-01
4.203450679779052734e-01
4.203450679779052734e-01
4.203450679779052734e-01
7.474307417869567871e-01
7.474301457405090332e-01
7.474307417869567871e-01
4.203450679779052734e-01
7.474307417869567871e-01
7.474307417869567871e-01
7.474307417869567871e-01
7.474307417869567871e-01
7.474307417869567871e-01
7.225613594055175781e-01
7.474307417869567871e-01
7.474307417869567871e-01
7.441791892051696777e-01
7.473939657211303711e-01
4.203450679779052734e-01
4.203450679779052734e-01
4.203450679779052734e-01
4.203450679779052734e-01
4.203450679779052734e-01
7.474307417869567871e-01
7.473639845848083496e-01
4.203450679779052734e-01
7.414546012878417969e-01
7.226946949958801270e-01
4.203450679779052734e-01
4.203450679779052734e-01
4.203450679779052734e-01
4.203450679779052734e-01
4.203450679779052734e-01
4.203450679779052734e-01
4.203450679779052734e-01
4.203450679779052734e-01
4.203450679779052734e-01
4.203450679779052734e-01
4.203450679779052734e-01
4.203450679779052734e-01
4.203450679779052734e-01
4.203450679779052734e-01
4.203450679779052734e-01
4.203450679779052734e-01
4.203450679779052734e-01
4.203450679779052734e-01
4.203450679779052734e-01
4.203450679779052734e-01
4.203450679779052734e-01
4.203450679779052734e-01
4.203450679779052734e-01
4.203450679779052734e-01
4.203450679779052734e-01
4.203450679779052734e-01
4.203450679779052734e-01
4.203450679779052734e-01
4.203450679779052734e-01
4.203450679779052734e-01
4.203450679779052734e-01
4.203450679779052734e-01
4.203450679779052734e-01
4.203450679779052734e-01
7.377115488052368164e-01
4.203450679779052734e-01
4.203450679779052734e-01
6.127161383628845215e-01
4.203450679779052734e-01
4.203450679779052734e-01
4.203450679779052734e-01
4.203450679779052734e-01
4.203450679779052734e-01
4.203450679779052734e-01
4.203450679779052734e-01
4.203450679779052734e-01
4.203450679779052734e-01
4.203450679779052734e-01
4.203450679779052734e-01
4.203450679779052734e-01
4.203450679779052734e-01
4.203450679779052734e-01
4.203450679779052734e-01
4.203450679779052734e-01
4.203450679779052734e-01
4.203450679779052734e-01
4.203450679779052734e-01
4.203450679779052734e-01
4.203450679779052734e-01
4.203450679779052734e-01
4.203450679779052734e-01
4.203450679779052734e-01
4.203450679779052734e-01
4.203450679779052734e-01
4.203450679779052734e-01
4.203450679779052734e-01
4.203450679779052734e-01
4.203450679779052734e-01
4.203450679779052734e-01
4.203450679779052734e-01
6.380747556686401367e-01
4.203450679779052734e-01
4.203450679779052734e-01
4.203450679779052734e-01
4.203450679779052734e-01
4.203450679779052734e-01
4.203450679779052734e-01
4.203450679779052734e-01
4.203450679779052734e-01
7.457244396209716797e-01
4.203450679779052734e-01
4.203450679779052734e-01
4.203450679779052734e-01
4.203450679779052734e-01
4.203450679779052734e-01
4.203450679779052734e-01
4.203450679779052734e-01
6.198375225067138672e-01
7.426776289939880371e-01
4.203450679779052734e-01
4.203450679779052734e-01
4.203450679779052734e-01
4.203450679779052734e-01
4.203450679779052734e-01
4.203450679779052734e-01
4.203450679779052734e-01
4.203450679779052734e-01
4.203450679779052734e-01
4.203450679779052734e-01
4.203450679779052734e-01
4.203450679779052734e-01
4.203450679779052734e-01
4.203450679779052734e-01
4.203450679779052734e-01
4.203450679779052734e-01
4.203450679779052734e-01
4.203450679779052734e-01
4.203450679779052734e-01
4.203450679779052734e-01
4.203450679779052734e-01
4.203450679779052734e-01
4.203450679779052734e-01
4.203450679779052734e-01
4.203450679779052734e-01
4.203450679779052734e-01
4.203450679779052734e-01
4.203450679779052734e-01
4.203450679779052734e-01
4.203450679779052734e-01
4.203450679779052734e-01
4.203450679779052734e-01
4.203450679779052734e-01
4.203450679779052734e-01
7.377115488052368164e-01
4.203450679779052734e-01
4.203450679779052734e-01
4.203450679779052734e-01
4.203450679779052734e-01
4.203450679779052734e-01
4.203450679779052734e-01
4.203450679779052734e-01
4.203450679779052734e-01
4.203450679779052734e-01
4.203450679779052734e-01
4.203450679779052734e-01
4.203450679779052734e-01
4.203450679779052734e-01
4.203450679779052734e-01
4.203450679779052734e-01
4.203450679779052734e-01
4.203450679779052734e-01
4.203450679779052734e-01
4.203450679779052734e-01
4.203450679779052734e-01
4.203450679779052734e-01
4.203450679779052734e-01
4.203450679779052734e-01
4.203450679779052734e-01
4.203450679779052734e-01
4.203450679779052734e-01
6.184543371200561523e-01
4.203450679779052734e-01
4.203450679779052734e-01
4.203450679779052734e-01
4.203450679779052734e-01
4.203450679779052734e-01
6.082812547683715820e-01
7.171204090118408203e-01
4.203450679779052734e-01
4.203450679779052734e-01
4.203450679779052734e-01
4.203450679779052734e-01
4.203450679779052734e-01
4.203450679779052734e-01
4.203450679779052734e-01
7.472895979881286621e-01
4.203450679779052734e-01
4.203450679779052734e-01
4.203450679779052734e-01
4.203450679779052734e-01
4.203450679779052734e-01
4.203450679779052734e-01
4.203450679779052734e-01
4.203450679779052734e-01
4.203450679779052734e-01
4.203450679779052734e-01
4.203450679779052734e-01
4.203450679779052734e-01
4.203450679779052734e-01
4.203450679779052734e-01
4.203450679779052734e-01
4.203450679779052734e-01
4.203450679779052734e-01
4.203450679779052734e-01
4.203450679779052734e-01
4.203450679779052734e-01
7.474207282066345215e-01
4.203450679779052734e-01
4.203450679779052734e-01
4.203450679779052734e-01
4.203450679779052734e-01
4.203450679779052734e-01
4.203450679779052734e-01
4.203450679779052734e-01
4.203450679779052734e-01
4.203450679779052734e-01
4.203450679779052734e-01
4.203450679779052734e-01
4.203450679779052734e-01
4.203450679779052734e-01
4.203450679779052734e-01
4.203450679779052734e-01
4.203450679779052734e-01
4.203450679779052734e-01
4.203450679779052734e-01
4.203450679779052734e-01
4.203450679779052734e-01
4.203450679779052734e-01
4.203450679779052734e-01
4.203450679779052734e-01
4.203450679779052734e-01
4.203450679779052734e-01
4.203450679779052734e-01
4.203450679779052734e-01
4.203450679779052734e-01
4.203450679779052734e-01
4.203450679779052734e-01
4.203450679779052734e-01
4.203450679779052734e-01
4.203450679779052734e-01
4.203450679779052734e-01
4.203450679779052734e-01
4.203450679779052734e-01
4.203450679779052734e-01
4.203450679779052734e-01
4.203450679779052734e-01
4.203450679779052734e-01
4.203450679779052734e-01
4.203450679779052734e-01
4.203450679779052734e-01
4.203450679779052734e-01
4.203450679779052734e-01
4.203450679779052734e-01
4.203450679779052734e-01
4.203450679779052734e-01
4.203450679779052734e-01
4.203450679779052734e-01
4.203450679779052734e-01
4.203450679779052734e-01
4.203450679779052734e-01
7.473918199539184570e-01
7.473838329315185547e-01
4.203450679779052734e-01
4.203450679779052734e-01
7.453182339668273926e-01
4.203450679779052734e-01
4.203450679779052734e-01
