9.973837733268737793e-01
9.999855756759643555e-01
9.765644073486328125e-01
7.058970332145690918e-01
3.185997009277343750e-01
9.948011636734008789e-01
5.852711200714111328e-01
7.695953845977783203e-01
9.124512672424316406e-01
9.992828965187072754e-01
9.615608453750610352e-01
7.643700838088989258e-01
9.764780998229980469e-01
9.976701140403747559e-01
6.934533119201660156e-01
9.408717155456542969e-01
9.985950589179992676e-01
9.937626719474792480e-01
3.695946037769317627e-01
9.855588674545288086e-01
9.070667624473571777e-01
9.827305078506469727e-01
9.385744929313659668e-01
9.905771017074584961e-01
7.350026965141296387e-01
9.387264847755432129e-01
9.902182221412658691e-01
9.532870650291442871e-01
9.938991069793701172e-01
8.936365842819213867e-01
9.991815686225891113e-01
7.597044706344604492e-01
9.866721630096435547e-01
9.909831285476684570e-01
9.990649819374084473e-01
9.687664508819580078e-01
9.748783707618713379e-01
9.620263576507568359e-01
5.016767382621765137e-01
9.473370313644409180e-01
7.091065049171447754e-01
6.964449882507324219e-01
9.869422912597656250e-01
7.132677435874938965e-01
9.347127676010131836e-01
6.933571696281433105e-01
4.749143719673156738e-01
6.503793001174926758e-01
9.990875720977783203e-01
3.365688323974609375e-01
9.973351359367370605e-01
4.008837938308715820e-01
8.234000802040100098e-01
9.986893534660339355e-01
8.207599520683288574e-01
9.172703623771667480e-01
9.507669210433959961e-01
9.427366256713867188e-01
8.111531138420104980e-01
9.928043484687805176e-01
9.939883947372436523e-01
9.983602166175842285e-01
9.402783513069152832e-01
7.471566200256347656e-01
9.703062176704406738e-01
6.105259060859680176e-01
7.224673032760620117e-01
9.934966564178466797e-01
4.833663702011108398e-01
8.906230330467224121e-01
9.785551428794860840e-01
9.747933745384216309e-01
8.402900695800781250e-01
7.132900953292846680e-01
9.857019186019897461e-01
6.043348908424377441e-01
9.094880819320678711e-01
9.930711388587951660e-01
9.687612056732177734e-01
9.804672598838806152e-01
9.337906241416931152e-01
9.988908171653747559e-01
9.873056411743164062e-01
6.465525627136230469e-01
9.636549949645996094e-01
9.433721899986267090e-01
9.416446089744567871e-01
9.841305613517761230e-01
9.952009916305541992e-01
7.623246312141418457e-01
9.924440979957580566e-01
9.934768080711364746e-01
9.639516472816467285e-01
9.923226237297058105e-01
9.979892969131469727e-01
9.987963438034057617e-01
9.786391258239746094e-01
9.979384541511535645e-01
9.407356977462768555e-01
7.591801881790161133e-01
9.781606793403625488e-01
9.962040781974792480e-01
9.771354198455810547e-01
9.755994677543640137e-01
9.993984699249267578e-01
9.664909839630126953e-01
9.997940659523010254e-01
8.137250542640686035e-01
9.777379035949707031e-01
9.530277848243713379e-01
9.981629252433776855e-01
7.741734981536865234e-01
9.732649922370910645e-01
9.283274412155151367e-01
9.652801752090454102e-01
9.444920420646667480e-01
9.414960145950317383e-01
9.611532092094421387e-01
9.904486536979675293e-01
9.999371767044067383e-01
9.902507066726684570e-01
9.922474622726440430e-01
9.983828067779541016e-01
9.678617715835571289e-01
9.981963038444519043e-01
9.836654067039489746e-01
9.858359098434448242e-01
6.912826299667358398e-01
9.975630044937133789e-01
9.999928474426269531e-01
9.998144507408142090e-01
9.991016387939453125e-01
9.870396256446838379e-01
9.775847792625427246e-01
9.576045274734497070e-01
5.653864145278930664e-01
9.950336217880249023e-01
9.956835508346557617e-01
9.853271245956420898e-01
9.915156364440917969e-01
9.758248329162597656e-01
9.938622713088989258e-01
9.927065968513488770e-01
9.787646532058715820e-01
9.873122572898864746e-01
7.982978224754333496e-01
9.696998000144958496e-01
6.889106035232543945e-01
9.994602799415588379e-01
9.919375777244567871e-01
9.988170862197875977e-01
6.135327219963073730e-01
9.952831864356994629e-01
8.218364715576171875e-01
9.938253164291381836e-01
9.939245581626892090e-01
9.852445125579833984e-01
9.765007495880126953e-01
9.435827136039733887e-01
7.870082259178161621e-01
5.423368811607360840e-01
8.172075748443603516e-01
9.402328729629516602e-01
9.707143902778625488e-01
9.997597336769104004e-01
9.829733371734619141e-01
7.232149839401245117e-01
5.907216668128967285e-01
8.698431253433227539e-01
8.976436257362365723e-01
5.926410555839538574e-01
9.988527297973632812e-01
4.865115880966186523e-01
9.263795614242553711e-01
9.704796671867370605e-01
7.341933846473693848e-01
9.957689046859741211e-01
5.100859403610229492e-01
6.757415533065795898e-01
9.831612706184387207e-01
6.154244542121887207e-01
6.012182235717773438e-01
9.951745867729187012e-01
5.143313407897949219e-01
9.994893074035644531e-01
9.999998807907104492e-01
6.554515361785888672e-01
5.887163281440734863e-01
9.865452647209167480e-01
9.937787652015686035e-01
8.356029391288757324e-01
6.487811803817749023e-01
9.917821884155273438e-01
9.945418238639831543e-01
5.387530922889709473e-01
9.999927282333374023e-01
4.082303643226623535e-01
5.663240551948547363e-01
4.375195503234863281e-01
9.976530671119689941e-01
3.303551673889160156e-01
9.999705553054809570e-01
6.355270147323608398e-01
9.996891021728515625e-01
9.947191476821899414e-01
3.810362815856933594e-01
6.762560009956359863e-01
3.744381964206695557e-01
9.940348267555236816e-01
6.011370420455932617e-01
4.868841171264648438e-01
4.777696132659912109e-01
6.807217001914978027e-01
9.956081509590148926e-01
9.978106617927551270e-01
9.883242845535278320e-01
9.999665021896362305e-01
5.367113351821899414e-01
9.975818395614624023e-01
9.489700794219970703e-01
9.882228970527648926e-01
9.882092475891113281e-01
9.979225993156433105e-01
6.433305144309997559e-01
9.916777610778808594e-01
6.809546947479248047e-01
6.513088345527648926e-01
4.811116456985473633e-01
9.994169473648071289e-01
9.942303895950317383e-01
3.659115135669708252e-01
5.443955659866333008e-01
4.806344807147979736e-01
9.732110500335693359e-01
9.953546524047851562e-01
9.992475509643554688e-01
6.452885866165161133e-01
9.780979156494140625e-01
9.999728202819824219e-01
9.762719273567199707e-01
5.971874594688415527e-01
9.999184608459472656e-01
7.246946096420288086e-01
9.685462117195129395e-01
7.136807441711425781e-01
6.527423113584518433e-02
9.435338973999023438e-01
9.995281696319580078e-01
9.438943266868591309e-01
4.516430199146270752e-01
4.752244055271148682e-01
9.299086332321166992e-01
8.987333178520202637e-01
9.928250312805175781e-01
2.348724901676177979e-01
9.981701374053955078e-01
9.903646111488342285e-01
9.965726137161254883e-01
9.990429282188415527e-01
9.242995381355285645e-01
9.999196529388427734e-01
9.026011228561401367e-01
2.738767862319946289e-01
1.216172501444816589e-01
9.457594156265258789e-01
7.604777216911315918e-01
9.990286827087402344e-01
9.871117472648620605e-01
3.893015980720520020e-01
9.986536502838134766e-01
8.740037083625793457e-01
9.932204484939575195e-01
9.994869232177734375e-01
9.913377761840820312e-01
9.999551773071289062e-01
9.140131473541259766e-01
8.843650221824645996e-01
8.981152176856994629e-01
9.399167895317077637e-01
9.456154704093933105e-01
9.915655851364135742e-01
9.261595010757446289e-01
7.773553729057312012e-01
6.859735250473022461e-01
9.997881054878234863e-01
9.716615676879882812e-01
9.658982753753662109e-01
9.908847212791442871e-01
9.832668304443359375e-01
9.387733340263366699e-01
9.278398752212524414e-01
9.742001891136169434e-01
4.350511431694030762e-01
9.975785613059997559e-01
9.646387100219726562e-01
9.682871699333190918e-01
9.898650050163269043e-01
8.694531917572021484e-01
8.983797430992126465e-01
9.980624318122863770e-01
9.248983860015869141e-01
9.972485899925231934e-01
9.141920804977416992e-01
2.503306865692138672e-01
9.924407005310058594e-01
9.943289160728454590e-01
6.771212220191955566e-01
9.986956715583801270e-01
9.953115582466125488e-01
9.502594470977783203e-01
5.503788590431213379e-01
9.434286355972290039e-01
9.698163866996765137e-01
9.888570904731750488e-01
9.458983540534973145e-01
9.496238827705383301e-01
9.999445676803588867e-01
9.766987562179565430e-01
9.932575225830078125e-01
9.994378685951232910e-01
2.973264753818511963e-01
9.812982082366943359e-01
9.762651324272155762e-01
9.782273769378662109e-01
3.676881790161132812e-01
8.977167010307312012e-01
9.429720640182495117e-01
4.050549864768981934e-01
9.572941660881042480e-01
9.997844099998474121e-01
9.938238859176635742e-01
9.849875569343566895e-01
1.052778065204620361e-01
8.613694310188293457e-01
9.413111209869384766e-01
9.780423045158386230e-01
9.639424681663513184e-01
5.445293188095092773e-01
7.633273005485534668e-01
8.022438883781433105e-01
9.999245405197143555e-01
9.841642975807189941e-01
8.049426078796386719e-01
9.988929629325866699e-01
5.035508275032043457e-01
7.873008847236633301e-01
8.844915628433227539e-01
9.833790659904479980e-01
9.812982082366943359e-01
9.949983358383178711e-01
9.998083710670471191e-01
6.944391131401062012e-01
9.800134301185607910e-01
9.323194622993469238e-01
5.852227807044982910e-01
9.830172061920166016e-01
7.775179147720336914e-01
4.958923459053039551e-01
9.938430786132812500e-01
7.941715717315673828e-01
9.256842136383056641e-01
4.677079021930694580e-01
4.897760450839996338e-01
9.864952564239501953e-01
8.563113808631896973e-01
7.656368017196655273e-01
6.529368758201599121e-01
9.955868721008300781e-01
7.508091926574707031e-01
7.061258554458618164e-01
9.652450680732727051e-01
9.841242432594299316e-01
8.953495621681213379e-01
8.799791336059570312e-01
3.594691455364227295e-01
5.506120324134826660e-01
9.956662654876708984e-01
9.699857234954833984e-01
5.398083329200744629e-01
3.306660056114196777e-01
8.855107426643371582e-01
2.736748754978179932e-01
6.893916130065917969e-01
8.700329661369323730e-01
9.912539124488830566e-01
5.816650390625000000e-01
3.724345862865447998e-01
8.565244674682617188e-01
9.438462257385253906e-01
8.995498418807983398e-01
6.748133301734924316e-01
6.656224131584167480e-01
2.386727929115295410e-01
8.812578022480010986e-02
3.681357204914093018e-01
8.337668180465698242e-01
9.564312696456909180e-01
9.736031889915466309e-01
8.101894855499267578e-01
6.459705233573913574e-01
7.213797569274902344e-01
9.672033786773681641e-01
9.870545864105224609e-01
9.109574556350708008e-01
8.256654143333435059e-01
9.689078927040100098e-01
5.246887803077697754e-01
8.314641714096069336e-01
4.632341861724853516e-01
9.939386844635009766e-01
6.339755058288574219e-01
8.670122623443603516e-01
5.649693608283996582e-01
8.786567449569702148e-01
7.025824785232543945e-01
9.294305443763732910e-01
5.813888311386108398e-01
3.672171831130981445e-01
9.693951010704040527e-01
9.225481152534484863e-01
5.569452047348022461e-01
9.895128607749938965e-01
3.490770459175109863e-01
4.932786524295806885e-01
5.391024947166442871e-01
3.349229395389556885e-01
9.179298877716064453e-01
9.764219522476196289e-01
9.998082518577575684e-01
9.992612004280090332e-01
9.326457977294921875e-01
9.208452105522155762e-01
9.321299195289611816e-01
9.506103992462158203e-01
8.397864699363708496e-01
6.377660036087036133e-01
9.969455599784851074e-01
9.982286095619201660e-01
9.940682649612426758e-01
3.886194825172424316e-01
8.147929310798645020e-01
9.866696596145629883e-01
6.950354576110839844e-01
8.016610741615295410e-01
9.889159202575683594e-01
9.418726563453674316e-01
8.791217803955078125e-01
9.669860601425170898e-01
9.525979757308959961e-01
8.573288917541503906e-01
9.437571167945861816e-01
7.032167911529541016e-01
9.952859282493591309e-01
6.387382000684738159e-02
9.367862343788146973e-01
9.861065149307250977e-01
9.947779178619384766e-01
8.612136244773864746e-01
7.777885794639587402e-01
9.943290352821350098e-01
8.302775621414184570e-01
9.966912269592285156e-01
9.026784300804138184e-01
6.368889212608337402e-01
9.764583110809326172e-01
7.152765989303588867e-01
8.814523816108703613e-01
6.694189310073852539e-01
8.025085926055908203e-01
9.875980019569396973e-01
9.064474105834960938e-01
9.584928750991821289e-01
8.438710570335388184e-01
7.177590727806091309e-01
9.962722063064575195e-01
9.904195666313171387e-01
9.926954507827758789e-01
9.958093166351318359e-01
9.433127045631408691e-01
9.518686532974243164e-01
7.884576916694641113e-01
9.409027099609375000e-01
9.993708729743957520e-01
9.691938161849975586e-01
8.366297483444213867e-01
7.887000441551208496e-01
9.893906712532043457e-01
8.296843171119689941e-01
9.731094241142272949e-01
9.992012381553649902e-01
9.973976612091064453e-01
8.878217935562133789e-01
9.873903989791870117e-01
9.972117543220520020e-01
9.976513981819152832e-01
7.403146028518676758e-01
1.000000000000000000e+00
5.028232932090759277e-01
8.236526846885681152e-01
5.761736035346984863e-01
6.649280432611703873e-03
7.646076846867799759e-03
1.588502898812294006e-02
4.800294637680053711e-01
4.709912464022636414e-03
1.649682223796844482e-02
6.572700738906860352e-01
1.535817235708236694e-02
7.741661369800567627e-02
7.372383028268814087e-02
9.555726428516209126e-04
4.732660949230194092e-02
1.415039747953414917e-01
3.445255802944302559e-03
1.481473445892333984e-02
5.625188723206520081e-02
3.662862628698348999e-02
2.191185802221298218e-01
5.031908154487609863e-01
4.393022507429122925e-02
1.757828332483768463e-02
6.967908237129449844e-03
5.162162333726882935e-02
2.410830697044730186e-03
4.295592382550239563e-02
1.079151928424835205e-01
1.193474326282739639e-02
5.983897019177675247e-03
1.750628463923931122e-03
2.538875490427017212e-02
2.627967000007629395e-01
1.836061105132102966e-02
2.208221703767776489e-02
1.511073205620050430e-02
2.446942031383514404e-02
3.342375755310058594e-01
2.355769276618957520e-01
1.075985878705978394e-01
4.395678937435150146e-01
3.009183146059513092e-02
8.686560392379760742e-02
1.280584000051021576e-02
3.787616640329360962e-02
1.818680614233016968e-01
2.949838638305664062e-01
1.360405422747135162e-02
1.001404877752065659e-02
9.432217106223106384e-03
3.784173633903264999e-03
1.932575926184654236e-02
1.560606900602579117e-02
2.864762544631958008e-01
9.229885786771774292e-02
5.951127968728542328e-03
8.692435920238494873e-02
9.686303324997425079e-03
1.816519945859909058e-01
1.871210709214210510e-02
6.631694734096527100e-03
2.263187170028686523e-01
1.031556874513626099e-01
2.145455218851566315e-03
1.392909418791532516e-02
1.621595770120620728e-02
5.298580527305603027e-01
1.754204556345939636e-02
3.077560570091009140e-03
1.250168085098266602e-01
2.413849160075187683e-02
2.810266055166721344e-02
4.207410514354705811e-01
8.372330106794834137e-03
4.843856021761894226e-02
2.940306672826409340e-03
8.020484447479248047e-02
1.304258853197097778e-01
3.655884042382240295e-02
2.324728481471538544e-02
7.702742516994476318e-02
2.187042124569416046e-02
1.451039779931306839e-02
5.125296115875244141e-02
5.002310872077941895e-02
9.695950895547866821e-02
2.819693386554718018e-01
2.557938918471336365e-02
3.586640357971191406e-01
2.123064920306205750e-02
1.516042202711105347e-01
4.762654751539230347e-02
4.919379055500030518e-01
1.640739589929580688e-01
1.665080897510051727e-02
3.349230289459228516e-01
1.202530693262815475e-02
3.441647440195083618e-02
1.421038359403610229e-01
9.236027300357818604e-02
2.229575254023075104e-02
5.083524808287620544e-02
9.503421373665332794e-03
1.334106922149658203e-02
2.090999111533164978e-02
2.113397046923637390e-02
1.976280659437179565e-02
7.299104332923889160e-02
8.647783100605010986e-02
1.225706264376640320e-01
2.644599042832851410e-02
2.071873843669891357e-02
2.317962795495986938e-02
6.170778721570968628e-02
2.365969121456146240e-02
4.634207487106323242e-02
1.061915755271911621e-01
1.524784881621599197e-02
4.614968225359916687e-02
9.415897540748119354e-03
4.351115226745605469e-02
8.814739435911178589e-02
3.670629486441612244e-02
2.607038803398609161e-02
2.773201279342174530e-02
3.627740964293479919e-02
1.876177825033664703e-02
2.982070855796337128e-02
3.304114192724227905e-02
4.600225687026977539e-01
2.448046766221523285e-02
1.762283779680728912e-02
9.616134688258171082e-03
2.218098640441894531e-01
6.267337501049041748e-02
2.311334758996963501e-02
8.895009011030197144e-02
7.661315053701400757e-02
3.243080899119377136e-02
2.466311678290367126e-02
5.239757150411605835e-02
2.423157915472984314e-02
2.469083294272422791e-02
9.865695983171463013e-02
4.571635276079177856e-02
2.023127861320972443e-02
5.377260968089103699e-02
5.345942452549934387e-02
1.267384365200996399e-02
3.898934721946716309e-01
6.496103852987289429e-02
6.376285851001739502e-02
1.639925390481948853e-01
5.518069267272949219e-01
3.567825257778167725e-01
5.867111682891845703e-01
5.359821915626525879e-01
3.922866582870483398e-01
4.143342375755310059e-02
4.174071922898292542e-02
5.607467517256736755e-02
1.954445838928222656e-01
5.367332100868225098e-01
6.184151768684387207e-01
1.200346201658248901e-01
1.271123439073562622e-01
2.690420150756835938e-01
1.721719801425933838e-01
1.629387736320495605e-01
3.965214192867279053e-01
1.110228225588798523e-01
5.287250876426696777e-01
3.880001306533813477e-01
2.609873116016387939e-01
5.506598949432373047e-01
3.593280017375946045e-01
4.189604818820953369e-01
6.175645589828491211e-01
2.639173567295074463e-01
5.031317472457885742e-01
6.130518317222595215e-01
1.178101673722267151e-01
6.386987566947937012e-01
1.306098550558090210e-01
4.171342551708221436e-01
1.505674570798873901e-01
4.296365976333618164e-01
1.873410940170288086e-01
5.827410221099853516e-01
3.700487911701202393e-01
4.008515775203704834e-01
3.420243263244628906e-01
2.024402320384979248e-01
4.458272457122802734e-01
1.955497264862060547e-01
3.185267746448516846e-01
4.164050519466400146e-01
3.867732882499694824e-01
4.593857526779174805e-01
2.936260998249053955e-01
9.889634698629379272e-02
9.417003393173217773e-02
5.127589702606201172e-01
2.937620580196380615e-01
1.623326838016510010e-01
6.235935688018798828e-01
4.569728076457977295e-01
2.799005508422851562e-01
4.760313332080841064e-01
9.575516730546951294e-02
3.040271401405334473e-01
1.846022754907608032e-01
5.282357931137084961e-01
4.063577353954315186e-01
1.960233449935913086e-01
6.218174099922180176e-01
3.392879962921142578e-01
3.510008752346038818e-01
2.594127058982849121e-01
1.810203790664672852e-01
4.812352061271667480e-01
2.130998820066452026e-01
3.348819613456726074e-01
3.704547286033630371e-01
1.455071717500686646e-01
3.441656529903411865e-01
2.859035432338714600e-01
4.465723633766174316e-01
3.557031154632568359e-01
2.033025622367858887e-01
4.426607489585876465e-01
1.693206131458282471e-01
5.110436081886291504e-01
5.333850383758544922e-01
4.095525741577148438e-01
3.401482403278350830e-01
3.121771812438964844e-01
6.582883596420288086e-01
3.944337964057922363e-01
3.832233846187591553e-01
6.965833902359008789e-02
5.847998857498168945e-01
9.586173295974731445e-01
1.735013723373413086e-01
3.296928107738494873e-01
3.576612845063209534e-02
1.772796176373958588e-02
2.083821445703506470e-01
5.360166355967521667e-02
7.576866447925567627e-02
1.377455592155456543e-01
2.118643373250961304e-02
8.237434178590774536e-02
6.269653141498565674e-02
3.456501662731170654e-02
9.267604351043701172e-02
3.949332609772682190e-02
1.806405000388622284e-02
4.625523388385772705e-01
3.054378554224967957e-02
2.653940394520759583e-02
2.766805700957775116e-02
7.803171277046203613e-01
6.974875181913375854e-02
1.293973326683044434e-01
6.428730487823486328e-02
4.927860200405120850e-02
2.789030671119689941e-01
8.832057565450668335e-02
1.081362366676330566e-01
4.736926779150962830e-02
4.604085534811019897e-02
4.251840710639953613e-02
2.696875631809234619e-01
1.595530360937118530e-01
1.469772607088088989e-01
6.443367600440979004e-01
6.726052612066268921e-02
2.367039956152439117e-02
3.965942934155464172e-02
2.269939705729484558e-02
3.205725178122520447e-02
7.894524186849594116e-02
3.525596112012863159e-02
4.873474240303039551e-01
2.766924202442169189e-01
4.552239552140235901e-02
6.333118677139282227e-02
1.719591021537780762e-02
5.820300430059432983e-02
4.327566549181938171e-02
7.723888754844665527e-02
5.962573364377021790e-02
2.878369688987731934e-01
1.016614958643913269e-01
1.730520278215408325e-02
2.336911298334598541e-02
8.326591551303863525e-02
4.386335238814353943e-02
1.130531728267669678e-01
9.450858831405639648e-02
8.534804731607437134e-02
2.106010727584362030e-02
1.971707306802272797e-02
2.359932661056518555e-01
8.620087802410125732e-02
1.874267011880874634e-01
9.551992267370223999e-02
1.834886372089385986e-01
1.232171803712844849e-01
1.928314566612243652e-02
7.902324199676513672e-02
4.266721010208129883e-02
1.304021179676055908e-01
1.163758262991905212e-01
6.992490589618682861e-02
2.277323231101036072e-02
7.826859503984451294e-02
1.262841373682022095e-01
3.013001568615436554e-02
2.080284059047698975e-01
2.997932396829128265e-02
4.111538827419281006e-02
7.515797019004821777e-02
1.282498240470886230e-01
2.278264462947845459e-01
1.979068815708160400e-01
8.893209695816040039e-02
5.520992726087570190e-02
4.730190038681030273e-01
1.923568695783615112e-01
9.795495867729187012e-02
3.039270639419555664e-01
1.357798427343368530e-01
2.691046595573425293e-01
5.922533944249153137e-02
5.152131244540214539e-02
2.685374319553375244e-01
5.015603825449943542e-02
1.014356836676597595e-01
3.953771293163299561e-02
5.674283504486083984e-01
1.500568389892578125e-01
1.602789945900440216e-02
5.920380353927612305e-01
3.200284764170646667e-02
9.171117097139358521e-02
1.419412642717361450e-01
2.686271071434020996e-02
1.446117609739303589e-01
2.088430672883987427e-01
3.714860230684280396e-02
1.771178469061851501e-02
2.828264832496643066e-01
8.010584115982055664e-02
2.991437017917633057e-01
6.830473430454730988e-03
7.552457600831985474e-02
3.902851045131683350e-01
9.505923092365264893e-02
3.355270251631736755e-02
1.447982043027877808e-01
9.180567413568496704e-02
6.878720968961715698e-02
1.503328680992126465e-01
6.088677793741226196e-02
3.779038190841674805e-01
4.446383118629455566e-01
4.785335808992385864e-02
2.171461135149002075e-01
4.869055747985839844e-01
1.768519133329391479e-01
8.098216354846954346e-02
1.015669554471969604e-01
1.125940978527069092e-01
5.067596957087516785e-02
2.008302360773086548e-01
3.493531942367553711e-01
1.916634663939476013e-02
6.052693128585815430e-01
2.558470964431762695e-01
1.010242551565170288e-01
2.048374861478805542e-01
3.313737809658050537e-01
4.224829748272895813e-02
1.803120970726013184e-01
4.591875076293945312e-01
5.699581280350685120e-02
8.745755255222320557e-02
2.884960770606994629e-01
1.297201365232467651e-01
5.182831361889839172e-02
5.341949462890625000e-01
7.069648802280426025e-02
6.854686737060546875e-01
1.001896411180496216e-01
1.593452990055084229e-01
6.707071661949157715e-01
4.318673536181449890e-02
1.505508571863174438e-01
1.434545516967773438e-01
5.581386759877204895e-02
2.150727435946464539e-02
5.127307027578353882e-02
2.351332828402519226e-02
1.983536928892135620e-01
2.503934502601623535e-01
4.363023936748504639e-01
3.346848860383033752e-02
3.092207200825214386e-02
5.307114124298095703e-01
7.019481062889099121e-02
7.541876435279846191e-01
4.212541282176971436e-01
3.685375154018402100e-01
4.669057428836822510e-01
4.117649793624877930e-01
4.320287331938743591e-02
1.005505025386810303e-01
1.271273940801620483e-01
3.818405047059059143e-02
3.464193344116210938e-01
3.686065077781677246e-01
4.706538319587707520e-01
5.857796967029571533e-02
3.214894533157348633e-01
1.475389450788497925e-01
8.855307102203369141e-02
1.558505930006504059e-02
5.775082972832024097e-04
4.808550700545310974e-02
5.839776247739791870e-02
3.291191067546606064e-03
5.554645787924528122e-03
8.914224058389663696e-02
1.009771898388862610e-01
9.856577962636947632e-03
6.380571867339313030e-04
3.197736339643597603e-03
2.302750945091247559e-03
1.746203154325485229e-01
9.540604054927825928e-02
4.862050712108612061e-02
4.728321358561515808e-02
5.282673984766006470e-02
1.188591937534511089e-03
5.591334104537963867e-01
7.259438186883926392e-02
3.884746730327606201e-01
3.853015974164009094e-02
1.556236017495393753e-02
3.204068401828408241e-03
2.805472351610660553e-03
3.119528293609619141e-02
4.547897577285766602e-01
1.986790075898170471e-02
4.217670299112796783e-03
4.335848987102508545e-02
9.977243095636367798e-02
3.626655787229537964e-02
8.211626671254634857e-03
3.819683101028203964e-03
4.198728129267692566e-02
1.339788455516099930e-02
9.206334128975868225e-03
8.692084252834320068e-02
4.270864725112915039e-01
1.387688517570495605e-01
1.179598178714513779e-02
2.768526598811149597e-02
9.018035978078842163e-02
7.190451771020889282e-02
2.347588539123535156e-03
5.783042684197425842e-02
6.292985379695892334e-02
1.250371523201465607e-02
3.661267831921577454e-02
4.647617228329181671e-03
6.086645182222127914e-03
3.770902752876281738e-02
2.433756832033395767e-03
4.715368151664733887e-01
3.519808128476142883e-02
1.778824836947023869e-03
7.530301064252853394e-02
1.908335834741592407e-01
5.320073291659355164e-02
8.495961315929889679e-03
2.310247123241424561e-01
1.293010264635086060e-02
2.341471984982490540e-02
1.299573853611946106e-02
2.161824144423007965e-03
1.265108436346054077e-01
1.488227993249893188e-01
1.188161503523588181e-02
1.232295762747526169e-03
1.518242992460727692e-02
1.039343327283859253e-02
1.242258027195930481e-02
4.835322871804237366e-02
