9.787467122077941895e-01
9.988742470741271973e-01
9.871747493743896484e-01
8.002814054489135742e-01
7.842515110969543457e-01
9.366064667701721191e-01
7.539737820625305176e-01
7.637137174606323242e-01
8.795312047004699707e-01
9.832137823104858398e-01
9.889821410179138184e-01
3.884444832801818848e-01
9.832045435905456543e-01
9.409741759300231934e-01
9.454420804977416992e-01
9.192934632301330566e-01
9.784970283508300781e-01
9.727034568786621094e-01
6.939516067504882812e-01
9.814638495445251465e-01
9.016707539558410645e-01
9.767664670944213867e-01
8.854765295982360840e-01
9.993497729301452637e-01
8.102986812591552734e-01
9.573537111282348633e-01
9.612255692481994629e-01
9.984476566314697266e-01
9.830580353736877441e-01
9.212957620620727539e-01
9.818651080131530762e-01
8.050756454467773438e-01
9.976357221603393555e-01
9.509590864181518555e-01
9.390593767166137695e-01
9.859569072723388672e-01
9.983327984809875488e-01
9.949221014976501465e-01
7.685450911521911621e-01
9.877733588218688965e-01
8.774924874305725098e-01
8.175356388092041016e-01
9.968411922454833984e-01
7.269183397293090820e-01
8.687370419502258301e-01
6.937185525894165039e-01
7.736047506332397461e-01
7.226998805999755859e-01
9.128085970878601074e-01
5.813762545585632324e-01
9.749886989593505859e-01
6.126421689987182617e-01
9.233766198158264160e-01
9.980030655860900879e-01
8.558407425880432129e-01
9.295287132263183594e-01
9.801287055015563965e-01
9.011282920837402344e-01
9.145250320434570312e-01
9.962926506996154785e-01
9.914442896842956543e-01
9.882259368896484375e-01
9.597973823547363281e-01
7.963268160820007324e-01
8.718165159225463867e-01
4.272451102733612061e-01
8.612865209579467773e-01
9.883684515953063965e-01
8.838109970092773438e-01
8.402697443962097168e-01
9.670581817626953125e-01
9.933022260665893555e-01
8.920410871505737305e-01
8.892477750778198242e-01
9.976230263710021973e-01
8.008953928947448730e-01
8.879783749580383301e-01
9.512980580329895020e-01
9.871122241020202637e-01
9.672282338142395020e-01
8.571174740791320801e-01
9.938072562217712402e-01
9.754167199134826660e-01
8.366883993148803711e-01
9.422371983528137207e-01
9.521644711494445801e-01
9.930372834205627441e-01
9.680719971656799316e-01
9.924185276031494141e-01
7.801643013954162598e-01
9.879761338233947754e-01
9.970051646232604980e-01
9.466162323951721191e-01
9.811214208602905273e-01
9.990074038505554199e-01
9.978715181350708008e-01
9.732012152671813965e-01
9.973241090774536133e-01
9.553350806236267090e-01
8.953305482864379883e-01
9.683380722999572754e-01
9.972689747810363770e-01
8.507300019264221191e-01
9.787246584892272949e-01
9.937869310379028320e-01
9.831832647323608398e-01
9.999684095382690430e-01
8.760960102081298828e-01
9.507209062576293945e-01
8.867299556732177734e-01
9.884513616561889648e-01
7.688160538673400879e-01
9.349164366722106934e-01
8.806672096252441406e-01
9.960195422172546387e-01
9.499167203903198242e-01
8.221616148948669434e-01
9.899274706840515137e-01
9.584870934486389160e-01
9.998255372047424316e-01
9.899116158485412598e-01
9.962725639343261719e-01
9.981556534767150879e-01
9.670742750167846680e-01
9.733083844184875488e-01
9.725641608238220215e-01
9.957342743873596191e-01
8.643773198127746582e-01
9.935222268104553223e-01
9.997145533561706543e-01
9.999424219131469727e-01
9.885641932487487793e-01
9.806976318359375000e-01
9.261243939399719238e-01
9.990828037261962891e-01
7.894253134727478027e-01
9.987170696258544922e-01
9.988641738891601562e-01
9.977546334266662598e-01
9.930679798126220703e-01
9.479983448982238770e-01
9.966341853141784668e-01
9.637332558631896973e-01
9.820725917816162109e-01
9.975256323814392090e-01
8.178883194923400879e-01
9.479189515113830566e-01
8.205295205116271973e-01
9.920330643653869629e-01
9.979510903358459473e-01
9.944707155227661133e-01
4.629465043544769287e-01
9.705774784088134766e-01
5.095183253288269043e-01
9.933241009712219238e-01
9.999997615814208984e-01
9.808256030082702637e-01
9.997764229774475098e-01
9.434683322906494141e-01
4.772226214408874512e-01
4.001619219779968262e-01
8.456834554672241211e-01
7.384454607963562012e-01
9.969581365585327148e-01
9.980183839797973633e-01
7.952756285667419434e-01
3.753413558006286621e-01
4.302426576614379883e-01
9.739688038825988770e-01
4.770347177982330322e-01
5.014896988868713379e-01
9.946514964103698730e-01
5.240648388862609863e-01
9.794682860374450684e-01
9.710562229156494141e-01
4.952015876770019531e-01
9.410215616226196289e-01
3.794716298580169678e-01
5.528702735900878906e-01
9.577757716178894043e-01
4.588758647441864014e-01
4.236776530742645264e-01
9.272910952568054199e-01
4.919157624244689941e-01
9.928856492042541504e-01
9.893472194671630859e-01
6.177672743797302246e-01
4.077100157737731934e-01
9.787980914115905762e-01
9.539014101028442383e-01
4.540130198001861572e-01
4.649024009704589844e-01
9.879629611968994141e-01
9.965279698371887207e-01
4.248125255107879639e-01
9.920213818550109863e-01
3.740146458148956299e-01
4.590169489383697510e-01
3.733327686786651611e-01
9.997598528861999512e-01
3.544761538505554199e-01
9.972940087318420410e-01
5.184082984924316406e-01
9.983918070793151855e-01
9.915568828582763672e-01
4.543123245239257812e-01
4.866343140602111816e-01
4.389151930809020996e-01
9.868723154067993164e-01
4.333905577659606934e-01
3.101882338523864746e-01
4.826339185237884521e-01
4.701512455940246582e-01
9.410297274589538574e-01
9.944375753402709961e-01
9.757913351058959961e-01
9.972906708717346191e-01
4.594827294349670410e-01
9.960221648216247559e-01
9.408770799636840820e-01
9.685995578765869141e-01
9.845393300056457520e-01
9.771482944488525391e-01
5.407367944717407227e-01
9.765028953552246094e-01
4.864447712898254395e-01
5.327259302139282227e-01
4.579936563968658447e-01
9.989930987358093262e-01
9.942793846130371094e-01
4.160264730453491211e-01
4.444681406021118164e-01
4.033028781414031982e-01
9.479368329048156738e-01
9.962137341499328613e-01
9.942362904548645020e-01
6.022100448608398438e-01
9.980168342590332031e-01
9.807671308517456055e-01
9.973000884056091309e-01
5.308258533477783203e-01
9.811212420463562012e-01
6.188560724258422852e-01
9.676762223243713379e-01
6.450295448303222656e-01
1.185469776391983032e-01
9.532904624938964844e-01
9.982817173004150391e-01
9.492844939231872559e-01
5.696352720260620117e-01
4.105525314807891846e-01
9.083855152130126953e-01
8.780460357666015625e-01
9.949593544006347656e-01
2.978025376796722412e-01
9.825682640075683594e-01
9.910863041877746582e-01
9.626645445823669434e-01
9.843846559524536133e-01
8.874748945236206055e-01
9.985094666481018066e-01
8.570961952209472656e-01
6.113929152488708496e-01
3.301676809787750244e-01
8.426517844200134277e-01
9.196390509605407715e-01
9.827355146408081055e-01
9.912202954292297363e-01
2.775306701660156250e-01
9.722723960876464844e-01
8.949020504951477051e-01
9.916428327560424805e-01
9.984742999076843262e-01
9.672151803970336914e-01
9.973892569541931152e-01
8.789076805114746094e-01
8.397468924522399902e-01
8.607345819473266602e-01
9.404028654098510742e-01
9.092789292335510254e-01
9.991937279701232910e-01
9.578234553337097168e-01
6.151083707809448242e-01
8.446831107139587402e-01
9.639032483100891113e-01
9.887771010398864746e-01
9.409634470939636230e-01
9.931116104125976562e-01
9.971687197685241699e-01
9.040786623954772949e-01
9.329025149345397949e-01
9.659112691879272461e-01
8.450832366943359375e-01
9.999957084655761719e-01
9.844613671302795410e-01
8.732866048812866211e-01
9.232758283615112305e-01
8.998568058013916016e-01
9.227949976921081543e-01
9.465969800949096680e-01
9.287852048873901367e-01
9.864248037338256836e-01
8.871986865997314453e-01
2.895340919494628906e-01
9.961432814598083496e-01
9.978392720222473145e-01
6.597564816474914551e-01
9.786536693572998047e-01
9.960432052612304688e-01
8.493700623512268066e-01
3.457930684089660645e-01
8.991574048995971680e-01
9.768968224525451660e-01
9.933556318283081055e-01
9.267672896385192871e-01
8.461689352989196777e-01
9.987128973007202148e-01
9.664223790168762207e-01
9.878532886505126953e-01
9.967566132545471191e-01
5.812510848045349121e-01
9.826548695564270020e-01
9.856228828430175781e-01
9.899722337722778320e-01
6.002627015113830566e-01
9.292278289794921875e-01
9.667397737503051758e-01
8.241325616836547852e-01
9.857109189033508301e-01
9.951294660568237305e-01
9.736806154251098633e-01
9.951521158218383789e-01
3.217698633670806885e-01
8.675307035446166992e-01
6.623105406761169434e-01
9.908785223960876465e-01
9.749978780746459961e-01
7.360254526138305664e-01
9.861688017845153809e-01
9.369791746139526367e-01
9.986165761947631836e-01
9.957937002182006836e-01
7.065593004226684570e-01
9.991677999496459961e-01
7.398877739906311035e-01
9.441744685173034668e-01
9.510143995285034180e-01
9.796975255012512207e-01
9.826548695564270020e-01
9.613478779792785645e-01
9.961148500442504883e-01
8.787152171134948730e-01
9.950268864631652832e-01
9.010055065155029297e-01
6.351800560951232910e-01
9.977809786796569824e-01
8.485928773880004883e-01
8.604458570480346680e-01
9.894225001335144043e-01
7.588132023811340332e-01
5.551355481147766113e-01
6.477731466293334961e-01
7.090481519699096680e-01
9.719077944755554199e-01
9.378153085708618164e-01
9.371341466903686523e-01
4.828849732875823975e-01
9.823215007781982422e-01
6.679518818855285645e-01
5.811158418655395508e-01
9.711362719535827637e-01
9.826136231422424316e-01
8.816069364547729492e-01
8.935312628746032715e-01
5.242412686347961426e-01
4.212150573730468750e-01
9.604703783988952637e-01
9.761632084846496582e-01
3.605569303035736084e-01
5.095674991607666016e-01
9.537207484245300293e-01
4.674834907054901123e-01
4.067687392234802246e-01
3.288569450378417969e-01
9.521235227584838867e-01
3.525776565074920654e-01
4.272238314151763916e-01
6.129295229911804199e-01
9.440821409225463867e-01
8.067222833633422852e-01
7.435902357101440430e-01
3.167138099670410156e-01
2.987942099571228027e-01
4.277801513671875000e-01
4.047225415706634521e-01
7.487242817878723145e-01
7.184351086616516113e-01
9.622066617012023926e-01
1.992857903242111206e-01
6.914241313934326172e-01
3.050389885902404785e-01
9.844464659690856934e-01
9.753888845443725586e-01
9.117515087127685547e-01
7.436575293540954590e-01
9.390219449996948242e-01
5.556481480598449707e-01
6.848246455192565918e-01
1.984181851148605347e-01
9.817201495170593262e-01
7.680370211601257324e-01
7.816205620765686035e-01
2.652783095836639404e-01
3.639923036098480225e-01
4.258368909358978271e-01
4.346913695335388184e-01
3.842060863971710205e-01
2.527051270008087158e-01
9.274112582206726074e-01
7.268880009651184082e-01
2.979686558246612549e-01
8.126654028892517090e-01
4.192884564399719238e-01
3.358389437198638916e-01
6.363090276718139648e-01
7.664937525987625122e-02
8.553137183189392090e-01
9.889758825302124023e-01
9.895416498184204102e-01
9.731464385986328125e-01
9.842031002044677734e-01
9.786316156387329102e-01
9.809746146202087402e-01
7.358073592185974121e-01
8.084653615951538086e-01
9.516169428825378418e-01
9.975633621215820312e-01
9.700015187263488770e-01
9.945265650749206543e-01
6.939725875854492188e-01
8.438780903816223145e-01
9.371026158332824707e-01
8.754401803016662598e-01
8.506007790565490723e-01
9.783677458763122559e-01
9.782896637916564941e-01
9.856448173522949219e-01
9.179426431655883789e-01
9.486351609230041504e-01
8.866998553276062012e-01
8.694595098495483398e-01
6.022511720657348633e-01
9.828552007675170898e-01
7.693798840045928955e-02
8.574647903442382812e-01
9.914501309394836426e-01
9.772063493728637695e-01
8.803122639656066895e-01
9.222707748413085938e-01
9.939659237861633301e-01
9.030471444129943848e-01
9.922261238098144531e-01
8.457106947898864746e-01
8.380885124206542969e-01
8.676940202713012695e-01
8.360666632652282715e-01
9.270663261413574219e-01
7.950210571289062500e-01
7.027674913406372070e-01
9.988389611244201660e-01
9.955808520317077637e-01
9.676993489265441895e-01
9.309836626052856445e-01
8.819292187690734863e-01
9.934437274932861328e-01
9.793099164962768555e-01
9.915667176246643066e-01
9.847905039787292480e-01
8.653906583786010742e-01
8.257230520248413086e-01
8.993983268737792969e-01
9.249668121337890625e-01
9.878423213958740234e-01
9.373991489410400391e-01
8.815800547599792480e-01
9.260895252227783203e-01
9.896931052207946777e-01
8.651245236396789551e-01
9.745743870735168457e-01
9.830186367034912109e-01
9.974084496498107910e-01
9.028341174125671387e-01
9.577168226242065430e-01
9.974564909934997559e-01
9.880654811859130859e-01
8.133931159973144531e-01
9.892402291297912598e-01
8.641837239265441895e-01
9.299098253250122070e-01
6.976541876792907715e-01
3.260592371225357056e-02
5.810707807540893555e-03
1.746228896081447601e-02
1.738707534968852997e-02
5.521456245332956314e-03
3.556947410106658936e-02
4.422887265682220459e-01
3.532127663493156433e-02
3.997878357768058777e-02
3.253914043307304382e-02
5.092281699180603027e-01
5.681235715746879578e-02
1.971165388822555542e-01
5.465012416243553162e-02
3.634450212121009827e-02
1.188048534095287323e-02
5.745561718940734863e-01
5.576514601707458496e-01
4.399193227291107178e-01
8.413108997046947479e-03
1.103579066693782806e-02
1.853608153760433197e-02
1.990749128162860870e-02
9.694930166006088257e-03
2.871477743610739708e-03
1.471998170018196106e-03
1.611368963494896889e-03
2.877415716648101807e-01
8.758717216551303864e-03
5.001389072276651859e-04
6.713331677019596100e-03
4.252058267593383789e-02
2.099023573100566864e-02
8.058350533246994019e-03
3.232770366594195366e-03
8.457850664854049683e-03
4.157781600952148438e-01
5.966019630432128906e-01
1.361466757953166962e-02
4.235278069972991943e-02
5.497688893228769302e-03
5.796522498130798340e-01
1.372671872377395630e-01
1.045889332890510559e-01
8.080393821001052856e-02
1.420280430465936661e-02
2.026643790304660797e-02
2.146516740322113037e-02
1.567477546632289886e-02
5.566738247871398926e-01
6.879715621471405029e-02
1.436782069504261017e-03
1.450463570654392242e-02
1.471190527081489563e-02
1.747200964018702507e-03
1.912016421556472778e-02
6.197517272084951401e-03
1.691388152539730072e-02
4.615803807973861694e-02
1.968188676983118057e-03
5.034543573856353760e-04
2.447610162198543549e-02
5.529766902327537537e-02
3.578033298254013062e-02
3.368510901927947998e-01
1.342838723212480545e-02
4.582632798701524734e-03
5.854871273040771484e-01
1.104233972728252411e-02
2.017089538276195526e-02
2.298927307128906250e-01
4.598652012646198273e-03
3.176109399646520615e-03
4.020386934280395508e-01
2.057928740978240967e-01
1.386956721544265747e-01
3.381165117025375366e-02
1.978896930813789368e-02
1.913144737482070923e-01
9.510628879070281982e-02
2.189004607498645782e-02
9.510628879070281982e-02
5.070756748318672180e-02
3.059211075305938721e-01
4.520110413432121277e-02
2.795566990971565247e-02
2.389398068189620972e-01
4.523860290646553040e-02
1.952694207429885864e-01
1.443536579608917236e-01
3.410322666168212891e-01
1.783786565065383911e-01
5.070756748318672180e-02
9.406920522451400757e-02
9.685997664928436279e-02
2.678587660193443298e-02
6.982650607824325562e-02
4.946302175521850586e-01
5.070756748318672180e-02
2.678587660193443298e-02
5.065684393048286438e-02
2.854636125266551971e-02
6.077168136835098267e-02
3.643929213285446167e-02
3.382757306098937988e-02
4.430596530437469482e-01
2.698181867599487305e-01
2.076311260461807251e-01
1.978896930813789368e-02
2.210946083068847656e-01
7.856224477291107178e-02
2.413842529058456421e-01
2.413842529058456421e-01
2.522653155028820038e-02
4.028794169425964355e-02
3.381165117025375366e-02
2.522653155028820038e-02
3.410322666168212891e-01
2.249186486005783081e-01
2.678587660193443298e-02
2.795566990971565247e-02
5.419793725013732910e-01
2.863599732518196106e-02
1.981238871812820435e-01
9.616471081972122192e-02
5.065684393048286438e-02
3.615361452102661133e-01
5.639249458909034729e-02
9.510628879070281982e-02
2.210946083068847656e-01
2.210946083068847656e-01
5.108007788658142090e-02
1.299624741077423096e-01
2.795566990971565247e-02
4.815065562725067139e-01
1.647651046514511108e-01
4.601790755987167358e-02
6.803857535123825073e-02
1.321127563714981079e-01
7.958538830280303955e-02
2.854636125266551971e-02
6.941205859184265137e-01
3.960834816098213196e-02
2.189004607498645782e-02
3.704400360584259033e-01
1.224626600742340088e-01
6.999655067920684814e-02
3.923457264900207520e-01
7.798185199499130249e-02
3.411073237657546997e-02
3.715358078479766846e-01
3.926392793655395508e-01
3.363834023475646973e-01
9.696596115827560425e-02
9.557889401912689209e-02
2.759686112403869629e-01
2.031154185533523560e-01
1.660320609807968140e-01
2.828054726123809814e-01
4.197339415550231934e-01
1.716719418764114380e-01
2.181334495544433594e-01
3.605875074863433838e-01
1.190530285239219666e-01
3.835537433624267578e-01
3.183792829513549805e-01
3.025020360946655273e-01
4.082494676113128662e-01
3.597085773944854736e-01
4.660814106464385986e-01
1.318082213401794434e-01
5.850701034069061279e-02
3.753435313701629639e-01
2.685521245002746582e-01
4.620620012283325195e-01
5.995820164680480957e-01
2.480487227439880371e-01
3.144379556179046631e-01
3.433158993721008301e-01
4.261797964572906494e-01
3.814459443092346191e-01
2.548916339874267578e-01
4.339947104454040527e-01
3.597122430801391602e-01
4.808469712734222412e-01
3.625658154487609863e-01
3.571731150150299072e-01
2.185428291559219360e-01
3.669510781764984131e-01
4.350329935550689697e-01
3.159269392490386963e-01
3.454007208347320557e-01
1.551817506551742554e-01
3.612105548381805420e-01
7.635419815778732300e-02
3.653923869132995605e-01
4.080300331115722656e-01
2.621372044086456299e-01
1.601937860250473022e-01
3.317617177963256836e-01
3.699755370616912842e-01
2.896924018859863281e-01
1.434014588594436646e-01
1.492062658071517944e-01
2.655621170997619629e-01
2.436172217130661011e-01
4.219694733619689941e-01
2.441506534814834595e-01
1.391591131687164307e-01
4.247901439666748047e-01
2.358926832675933838e-01
9.424766898155212402e-02
3.739365339279174805e-01
2.868160903453826904e-01
1.765882968902587891e-01
3.488366007804870605e-01
2.285757660865783691e-01
3.853893876075744629e-01
3.619330525398254395e-01
4.585567116737365723e-01
3.033384084701538086e-01
5.164007544517517090e-01
2.368209660053253174e-01
1.632779091596603394e-01
3.890374302864074707e-01
4.306609928607940674e-01
2.707357704639434814e-01
4.371533989906311035e-01
4.065659344196319580e-01
5.597560405731201172e-01
4.087903499603271484e-01
4.150508344173431396e-01
1.442097276449203491e-01
4.395989477634429932e-01
4.537242949008941650e-01
3.412687480449676514e-01
2.622543871402740479e-01
4.430027604103088379e-01
4.161719679832458496e-01
1.819546073675155640e-01
4.992133975028991699e-01
1.962178051471710205e-01
1.567721515893936157e-01
1.042352914810180664e-01
4.168877899646759033e-01
1.037469878792762756e-01
1.836236715316772461e-01
3.674094080924987793e-01
1.946026831865310669e-01
1.060206443071365356e-01
1.016291454434394836e-01
4.696215316653251648e-02
5.469898134469985962e-02
9.415899217128753662e-02
5.261447280645370483e-02
8.364491164684295654e-03
5.831854790449142456e-02
1.434082686901092529e-01
1.178166642785072327e-01
6.665928661823272705e-02
5.377573370933532715e-01
1.865232735872268677e-01
2.627494931221008301e-01
1.040466278791427612e-01
7.339841127395629883e-02
3.884137421846389771e-02
8.041284978389739990e-02
5.191968008875846863e-02
1.282332092523574829e-01
2.183020263910293579e-01
1.506359726190567017e-01
2.970152534544467926e-02
8.508497476577758789e-02
1.581261903047561646e-01
4.074606299400329590e-02
6.309591233730316162e-02
2.814876139163970947e-01
3.011874668300151825e-02
5.206578876823186874e-03
5.764291435480117798e-02
4.865929186344146729e-01
5.249967053532600403e-02
1.626029051840305328e-02
5.387416481971740723e-02
7.792647182941436768e-02
2.814644277095794678e-01
7.740017771720886230e-01
1.837472766637802124e-01
8.600915223360061646e-02
3.634493052959442139e-01
1.241298243403434753e-01
1.816953122615814209e-01
7.270868867635726929e-02
3.196744248270988464e-02
6.299926340579986572e-02
1.128043010830879211e-01
5.204003676772117615e-02
2.280507609248161316e-02
1.870577186346054077e-01
4.176968336105346680e-02
5.384660884737968445e-02
8.203513571061193943e-04
2.652173340320587158e-01
1.284940093755722046e-01
5.539280921220779419e-02
9.406014531850814819e-02
6.056158617138862610e-02
6.242510080337524414e-01
9.516252577304840088e-02
9.473142027854919434e-02
6.751149892807006836e-02
1.089326366782188416e-01
1.831247508525848389e-01
8.031523227691650391e-01
5.625753104686737061e-02
2.076180130243301392e-01
6.881947070360183716e-02
4.981136322021484375e-02
6.129499897360801697e-02
1.439668387174606323e-01
3.773131966590881348e-01
1.443762425333261490e-02
2.551387064158916473e-02
5.596817135810852051e-01
6.193466112017631531e-02
3.907285332679748535e-01
6.028162688016891479e-02
8.921769261360168457e-02
1.560811325907707214e-02
3.342962563037872314e-01
1.692656576633453369e-01
1.946150138974189758e-02
4.934561997652053833e-02
7.035388797521591187e-02
5.583570897579193115e-02
3.109780699014663696e-02
6.989598274230957031e-02
5.786773562431335449e-02
2.701474167406558990e-02
2.673872560262680054e-02
2.417111843824386597e-01
2.296537719666957855e-02
4.281777143478393555e-01
4.494401514530181885e-01
5.584952831268310547e-01
2.611705660820007324e-01
2.113047987222671509e-01
3.365629911422729492e-01
2.078900933265686035e-01
4.928939044475555420e-02
1.325045619159936905e-02
1.798748970031738281e-01
4.771817922592163086e-01
5.062555670738220215e-01
6.379665434360504150e-02
1.403754651546478271e-01
3.451733887195587158e-01
1.205184832215309143e-01
6.636740267276763916e-02
3.013960458338260651e-02
1.132723763585090637e-01
2.108840942382812500e-01
1.706233024597167969e-01
1.496543139219284058e-01
3.230593502521514893e-01
1.190515831112861633e-01
3.912460505962371826e-01
3.676507472991943359e-01
3.279933333396911621e-01
2.269070893526077271e-01
9.170582890510559082e-02
2.573702037334442139e-01
1.066760569810867310e-01
4.873906970024108887e-01
1.961106359958648682e-01
2.160430550575256348e-01
2.644826099276542664e-02
1.257974654436111450e-01
2.786223888397216797e-01
2.622341215610504150e-01
1.682135313749313354e-01
1.118203178048133850e-01
3.040585517883300781e-01
3.094730675220489502e-01
3.762714564800262451e-01
3.859641849994659424e-01
2.825489938259124756e-01
1.171691492199897766e-01
4.211031198501586914e-01
1.201551780104637146e-01
3.169808685779571533e-01
1.584945023059844971e-01
3.748149275779724121e-01
1.966049224138259888e-01
1.038837432861328125e-01
1.698208749294281006e-01
3.604190051555633545e-01
5.376253128051757812e-01
3.889558017253875732e-01
5.355814844369888306e-02
2.645273506641387939e-01
4.280467331409454346e-01
4.304105043411254883e-01
4.405115246772766113e-01
3.826571702957153320e-01
3.345783650875091553e-01
2.081649899482727051e-01
1.088645309209823608e-01
9.386070817708969116e-02
1.796699017286300659e-01
1.398241966962814331e-01
2.674816250801086426e-01
9.033979475498199463e-02
3.830286860466003418e-01
2.133725136518478394e-01
3.928259611129760742e-01
4.880566298961639404e-01
3.710379302501678467e-01
4.368530213832855225e-01
2.648082971572875977e-01
9.793440252542495728e-02
5.441722869873046875e-01
2.991341650485992432e-01
9.689594060182571411e-02
2.810567617416381836e-01
2.550794929265975952e-02
4.243265371769666672e-03
3.229085728526115417e-02
2.079697139561176300e-02
2.306033391505479813e-03
4.049015697091817856e-03
3.664018586277961731e-02
4.893666133284568787e-02
3.817529603838920593e-02
7.106095552444458008e-01
1.139212399721145630e-02
5.442037582397460938e-01
1.463730782270431519e-01
1.413795724511146545e-02
2.443846687674522400e-02
2.631993265822529793e-03
1.566735208034515381e-01
2.031652778387069702e-01
1.345648337155580521e-02
4.351193457841873169e-02
2.070308290421962738e-02
3.251022845506668091e-02
6.477274298667907715e-01
1.351144760847091675e-01
3.985628113150596619e-02
6.072989851236343384e-02
5.621965974569320679e-04
2.758394777774810791e-01
2.140313386917114258e-03
5.048612952232360840e-01
4.764762241393327713e-03
4.222774878144264221e-02
1.912095956504344940e-02
2.322480641305446625e-02
9.216904640197753906e-03
2.272814046591520309e-03
2.209798246622085571e-02
5.503274798393249512e-01
4.352481104433536530e-03
1.083314977586269379e-02
2.293544635176658630e-02
4.145280923694372177e-03
1.427653729915618896e-01
1.177707128226757050e-02
4.787112399935722351e-02
5.666951648890972137e-03
4.418788477778434753e-02
5.638535320758819580e-02
4.966473206877708435e-03
1.614853739738464355e-01
6.616349518299102783e-02
7.443246245384216309e-02
8.228097856044769287e-02
3.468455048277974129e-03
6.111617013812065125e-02
2.359297685325145721e-02
1.216630730777978897e-02
2.126736193895339966e-01
4.478863254189491272e-02
5.785825848579406738e-02
4.879988729953765869e-02
7.046141661703586578e-03
4.050761163234710693e-01
1.620742608793079853e-03
1.029461994767189026e-02
1.997265964746475220e-02
3.222900256514549255e-02
4.806892573833465576e-01
1.625571548938751221e-01
6.468920968472957611e-03
3.640177845954895020e-01
4.047592729330062866e-02
1.604167558252811432e-02
1.509106531739234924e-02
2.725628912448883057e-01
