5.425103902816772461e-01
5.923885703086853027e-01
5.367421507835388184e-01
4.297108054161071777e-01
4.733381271362304688e-01
4.785211682319641113e-01
4.459413588047027588e-01
4.292528331279754639e-01
4.962601065635681152e-01
5.212763547897338867e-01
5.387627482414245605e-01
4.683574438095092773e-01
4.818493723869323730e-01
5.594959259033203125e-01
5.286265015602111816e-01
4.702973961830139160e-01
4.970308244228363037e-01
4.183499813079833984e-01
3.958452641963958740e-01
4.826309680938720703e-01
4.909836053848266602e-01
5.929415225982666016e-01
5.416876077651977539e-01
5.050893425941467285e-01
4.617882072925567627e-01
4.433197379112243652e-01
4.237828552722930908e-01
5.683038234710693359e-01
4.665546715259552002e-01
4.907860755920410156e-01
6.008762121200561523e-01
4.421742558479309082e-01
4.943161308765411377e-01
3.699603378772735596e-01
5.896216034889221191e-01
4.496303200721740723e-01
4.587582647800445557e-01
4.694282710552215576e-01
4.496246874332427979e-01
4.266532957553863525e-01
5.259978771209716797e-01
4.470336139202117920e-01
4.952357411384582520e-01
4.149836897850036621e-01
5.000970959663391113e-01
4.203408658504486084e-01
4.319443404674530029e-01
4.850223958492279053e-01
2.408764958381652832e-01
4.513598680496215820e-01
5.066686272621154785e-01
4.179620444774627686e-01
5.511463284492492676e-01
2.746479213237762451e-01
4.312295317649841309e-01
5.683407187461853027e-01
5.172721147537231445e-01
5.208217501640319824e-01
5.315952301025390625e-01
5.095579028129577637e-01
5.242972970008850098e-01
5.436792373657226562e-01
5.582684874534606934e-01
4.500492811203002930e-01
4.219939708709716797e-01
2.140866070985794067e-01
4.260454773902893066e-01
4.343906044960021973e-01
5.099780559539794922e-01
5.550848841667175293e-01
5.156589150428771973e-01
5.359191298484802246e-01
4.733507931232452393e-01
5.247568488121032715e-01
5.072952508926391602e-01
3.223302662372589111e-01
4.524509012699127197e-01
4.876635968685150146e-01
3.328423202037811279e-01
4.602932035923004150e-01
4.811506867408752441e-01
4.425607621669769287e-01
4.807735383510589600e-01
3.752499818801879883e-01
4.760642349720001221e-01
4.658393263816833496e-01
3.511950969696044922e-01
4.864409565925598145e-01
3.552334010601043701e-01
3.339618146419525146e-01
3.379215300083160400e-01
3.446985781192779541e-01
4.453757703304290771e-01
3.514345586299896240e-01
4.661545157432556152e-01
4.918102025985717773e-01
3.399149179458618164e-01
4.956336915493011475e-01
4.309053122997283936e-01
4.528435170650482178e-01
5.251221656799316406e-01
4.893585741519927979e-01
4.351940751075744629e-01
4.705518484115600586e-01
4.743279218673706055e-01
3.764305710792541504e-01
3.969713449478149414e-01
3.383903801441192627e-01
4.614464938640594482e-01
4.848298728466033936e-01
4.480905532836914062e-01
3.602326512336730957e-01
4.440015852451324463e-01
4.210332632064819336e-01
3.923307359218597412e-01
4.597437083721160889e-01
4.017485380172729492e-01
3.246665894985198975e-01
3.335402905941009521e-01
4.572854936122894287e-01
5.035192966461181641e-01
3.434154987335205078e-01
4.827819168567657471e-01
4.447078108787536621e-01
3.443356156349182129e-01
4.910254478454589844e-01
3.495193421840667725e-01
3.334551155567169189e-01
4.863134920597076416e-01
5.029689669609069824e-01
5.174558758735656738e-01
4.678996503353118896e-01
3.371064662933349609e-01
4.662786126136779785e-01
3.670575916767120361e-01
3.234098553657531738e-01
4.969849586486816406e-01
5.494120121002197266e-01
3.367122411727905273e-01
5.362574458122253418e-01
4.401554763317108154e-01
3.449738621711730957e-01
4.763700962066650391e-01
4.742821156978607178e-01
3.699109256267547607e-01
3.163065314292907715e-01
4.708234071731567383e-01
3.785202503204345703e-01
4.839716553688049316e-01
4.996919035911560059e-01
4.658984541893005371e-01
4.578054845333099365e-01
4.709986746311187744e-01
4.722102880477905273e-01
4.742004573345184326e-01
5.075889229774475098e-01
4.650369584560394287e-01
4.575633704662322998e-01
4.892185032367706299e-01
4.648039042949676514e-01
4.400187134742736816e-01
5.462661385536193848e-01
4.377328753471374512e-01
4.662863910198211670e-01
4.616271853446960449e-01
4.762122333049774170e-01
4.770652353763580322e-01
4.663636088371276855e-01
4.806126356124877930e-01
4.770573973655700684e-01
4.056997299194335938e-01
3.985578417778015137e-01
4.407098889350891113e-01
4.337415695190429688e-01
3.981881737709045410e-01
4.169042408466339111e-01
4.008190929889678955e-01
3.746313154697418213e-01
4.462303817272186279e-01
4.235829114913940430e-01
4.668280184268951416e-01
4.361064136028289795e-01
4.388855397701263428e-01
4.542588293552398682e-01
4.493798613548278809e-01
3.910455107688903809e-01
4.697839021682739258e-01
4.760764539241790771e-01
4.442785382270812988e-01
4.403564035892486572e-01
4.913506805896759033e-01
4.359929561614990234e-01
4.173043072223663330e-01
3.933769166469573975e-01
4.226176142692565918e-01
4.345591962337493896e-01
3.787439465522766113e-01
3.910023272037506104e-01
3.974580466747283936e-01
3.856873810291290283e-01
3.674063682556152344e-01
4.286282062530517578e-01
4.733737111091613770e-01
4.257859289646148682e-01
3.882927298545837402e-01
3.925724029541015625e-01
4.508545994758605957e-01
4.154852926731109619e-01
4.025930464267730713e-01
4.157632887363433838e-01
4.089651405811309814e-01
4.041020870208740234e-01
4.218854010105133057e-01
4.170202314853668213e-01
4.893684387207031250e-01
4.218711256980895996e-01
4.072540998458862305e-01
4.276923835277557373e-01
3.982814848423004150e-01
4.216661453247070312e-01
4.241743683815002441e-01
4.597888290882110596e-01
4.190289974212646484e-01
4.651712477207183838e-01
4.236906468868255615e-01
4.119004607200622559e-01
4.529882669448852539e-01
4.279770553112030029e-01
3.947863280773162842e-01
4.359801113605499268e-01
4.064355492591857910e-01
4.283941090106964111e-01
4.179127812385559082e-01
5.275435447692871094e-01
4.516336917877197266e-01
4.899676740169525146e-01
4.459675550460815430e-01
4.213554859161376953e-01
3.438951075077056885e-01
4.177402257919311523e-01
4.287531971931457520e-01
3.898412287235260010e-01
4.642829596996307373e-01
3.654108941555023193e-01
4.596480429172515869e-01
3.844949007034301758e-01
6.839109659194946289e-01
6.804156303405761719e-01
6.738230586051940918e-01
4.980905652046203613e-01
4.801392555236816406e-01
6.717603802680969238e-01
6.089330315589904785e-01
6.899076700210571289e-01
4.119283556938171387e-01
6.778996586799621582e-01
6.781134605407714844e-01
5.893358588218688965e-01
6.737227439880371094e-01
6.605910658836364746e-01
7.069842219352722168e-01
6.662612557411193848e-01
4.831851422786712646e-01
3.739871382713317871e-01
4.708341360092163086e-01
6.675192117691040039e-01
6.823006272315979004e-01
6.856552958488464355e-01
3.801934719085693359e-01
6.837921738624572754e-01
6.666187644004821777e-01
6.955158114433288574e-01
4.978950321674346924e-01
6.665249466896057129e-01
6.997312903404235840e-01
6.679579615592956543e-01
6.653049588203430176e-01
6.726247072219848633e-01
6.779181361198425293e-01
6.700082421302795410e-01
6.686662435531616211e-01
6.759250760078430176e-01
5.423415899276733398e-01
4.582782685756683350e-01
4.323970675468444824e-01
6.817799806594848633e-01
6.748442053794860840e-01
6.900369524955749512e-01
6.906125545501708984e-01
6.720579266548156738e-01
6.686743497848510742e-01
7.023808956146240234e-01
4.647401571273803711e-01
4.281249642372131348e-01
6.834867000579833984e-01
6.754339337348937988e-01
6.885322332382202148e-01
6.678821444511413574e-01
6.685715317726135254e-01
6.732765436172485352e-01
6.715036034584045410e-01
6.877465844154357910e-01
6.776908040046691895e-01
3.938923478126525879e-01
4.371889233589172363e-01
6.858932971954345703e-01
5.998098254203796387e-01
4.309408664703369141e-01
6.803308129310607910e-01
6.743518710136413574e-01
4.797165691852569580e-01
6.625986695289611816e-01
4.125370383262634277e-01
6.845848560333251953e-01
6.696679592132568359e-01
6.744137406349182129e-01
4.990782439708709717e-01
6.813040971755981445e-01
6.881955265998840332e-01
5.126067996025085449e-01
4.885035157203674316e-01
6.900828480720520020e-01
4.792653322219848633e-01
7.110987305641174316e-01
4.375063180923461914e-01
5.552115440368652344e-01
6.739093065261840820e-01
5.262198448181152344e-01
5.933411121368408203e-01
6.942906379699707031e-01
5.725229382514953613e-01
5.713115334510803223e-01
4.796575307846069336e-01
5.623626708984375000e-01
5.134600400924682617e-01
6.965836286544799805e-01
6.835514903068542480e-01
4.833099544048309326e-01
5.873962640762329102e-01
5.551651120185852051e-01
7.119948267936706543e-01
5.245658159255981445e-01
4.919518232345581055e-01
6.977518796920776367e-01
4.853112995624542236e-01
5.373674035072326660e-01
5.773974657058715820e-01
6.710455417633056641e-01
6.900828480720520020e-01
5.642707943916320801e-01
6.644512414932250977e-01
4.970508515834808350e-01
7.046551704406738281e-01
5.259457826614379883e-01
4.635376930236816406e-01
3.888323605060577393e-01
5.153254866600036621e-01
5.044738650321960449e-01
6.949546337127685547e-01
5.024705529212951660e-01
4.261473417282104492e-01
4.745676517486572266e-01
5.105733871459960938e-01
4.560087919235229492e-01
5.638355612754821777e-01
5.292661190032958984e-01
4.613216221332550049e-01
4.479335248470306396e-01
5.005033612251281738e-01
5.139687061309814453e-01
4.529508948326110840e-01
4.875814020633697510e-01
5.038165450096130371e-01
5.244021415710449219e-01
4.674163460731506348e-01
4.535109400749206543e-01
4.769805371761322021e-01
5.185633897781372070e-01
4.518482387065887451e-01
4.655807614326477051e-01
5.591322183609008789e-01
4.485988318920135498e-01
4.502031803131103516e-01
4.593979418277740479e-01
4.623647630214691162e-01
4.168989956378936768e-01
4.451484084129333496e-01
5.025457739830017090e-01
6.025570631027221680e-01
5.259757637977600098e-01
4.803721904754638672e-01
4.346293807029724121e-01
4.420599937438964844e-01
4.305827617645263672e-01
4.766713380813598633e-01
4.879541397094726562e-01
5.058706402778625488e-01
4.385775029659271240e-01
5.083092451095581055e-01
5.155779123306274414e-01
4.461350739002227783e-01
4.298443794250488281e-01
4.290805160999298096e-01
5.346828103065490723e-01
5.393509864807128906e-01
4.802591204643249512e-01
4.768216013908386230e-01
5.013150572776794434e-01
4.574415981769561768e-01
4.517735540866851807e-01
4.795466661453247070e-01
5.248612761497497559e-01
4.351288378238677979e-01
4.781853258609771729e-01
4.397980272769927979e-01
4.582241177558898926e-01
4.578545093536376953e-01
4.353823661804199219e-01
4.684925377368927002e-01
5.207820534706115723e-01
4.518137872219085693e-01
5.766063332557678223e-01
4.556227028369903564e-01
4.667053222656250000e-01
4.669690728187561035e-01
2.140716463327407837e-01
4.417767822742462158e-01
5.049555301666259766e-01
5.683151483535766602e-01
2.056798636913299561e-01
4.739194810390472412e-01
4.807674884796142578e-01
5.344789624214172363e-01
5.633363723754882812e-01
4.260655045509338379e-01
5.989384055137634277e-01
5.454409718513488770e-01
4.776724278926849365e-01
5.321405529975891113e-01
4.451310634613037109e-01
4.346288442611694336e-01
4.028915762901306152e-01
5.277419090270996094e-01
4.223894774913787842e-01
5.177706480026245117e-01
4.703916907310485840e-01
4.235672652721405029e-01
4.128551483154296875e-01
4.910620152950286865e-01
5.953841209411621094e-01
5.545468330383300781e-01
3.841697573661804199e-01
4.900632798671722412e-01
1.284288614988327026e-01
5.541083216667175293e-01
5.518597364425659180e-01
4.661220312118530273e-01
4.997536540031433105e-01
4.445452392101287842e-01
4.954846203327178955e-01
4.732287526130676270e-01
5.692147612571716309e-01
4.391728937625885010e-01
4.427613019943237305e-01
6.098209619522094727e-01
4.445374906063079834e-01
3.818927705287933350e-01
4.758632183074951172e-01
4.200214445590972900e-01
5.602495670318603516e-01
1.943169385194778442e-01
5.641923546791076660e-01
4.772079885005950928e-01
4.279123842716217041e-01
4.968104064464569092e-01
6.414251327514648438e-01
5.599988698959350586e-01
5.527721643447875977e-01
5.069463849067687988e-01
3.162041604518890381e-01
4.755585789680480957e-01
5.984618663787841797e-01
5.593348741531372070e-01
5.992850065231323242e-01
4.671313762664794922e-01
5.068315863609313965e-01
5.367847084999084473e-01
5.674648880958557129e-01
5.053881406784057617e-01
5.059593915939331055e-01
4.994352757930755615e-01
4.584347605705261230e-01
4.569263756275177002e-01
4.680428206920623779e-01
2.341477721929550171e-01
4.240287244319915771e-01
2.162937372922897339e-01
4.823453128337860107e-01
5.977444648742675781e-01
3.974175155162811279e-01
1.629391014575958252e-01
1.378224343061447144e-01
1.292656511068344116e-01
2.126298844814300537e-01
3.880463838577270508e-01
4.072515070438385010e-01
3.203696310520172119e-01
1.700470000505447388e-01
1.702154725790023804e-01
3.586503267288208008e-01
1.840082705020904541e-01
3.354703485965728760e-01
1.594999134540557861e-01
4.107510149478912354e-01
1.423941105604171753e-01
1.809169203042984009e-01
4.754245281219482422e-01
1.492135971784591675e-01
1.564226746559143066e-01
1.749842911958694458e-01
1.658463627099990845e-01
1.850719898939132690e-01
3.287236690521240234e-01
1.933678090572357178e-01
1.273397207260131836e-01
1.409979164600372314e-01
1.578835844993591309e-01
1.526041328907012939e-01
3.481286764144897461e-01
1.730511933565139771e-01
3.735815584659576416e-01
1.361981779336929321e-01
3.525685369968414307e-01
1.391826421022415161e-01
1.749286204576492310e-01
1.407581269741058350e-01
1.395179480314254761e-01
1.634583622217178345e-01
1.261926740407943726e-01
1.354510486125946045e-01
1.825674027204513550e-01
3.133498132228851318e-01
1.549515873193740845e-01
1.651916801929473877e-01
1.384984552860260010e-01
3.823758363723754883e-01
1.312361955642700195e-01
3.800711929798126221e-01
1.525543332099914551e-01
4.660498797893524170e-01
1.637682765722274780e-01
1.354510486125946045e-01
1.393875628709793091e-01
3.668926358222961426e-01
1.615388095378875732e-01
1.444365531206130981e-01
1.459985375404357910e-01
4.443522095680236816e-01
1.698672175407409668e-01
1.990177333354949951e-01
1.386585086584091187e-01
1.764667779207229614e-01
1.861303448677062988e-01
2.010272890329360962e-01
1.716409176588058472e-01
3.921598494052886963e-01
4.066479802131652832e-01
1.358917206525802612e-01
1.387420594692230225e-01
1.520053446292877197e-01
3.561273813247680664e-01
1.347614675760269165e-01
1.363809853792190552e-01
1.420845240354537964e-01
1.628945618867874146e-01
3.348513245582580566e-01
3.099347651004791260e-01
3.732762038707733154e-01
3.428148925304412842e-01
3.158058822154998779e-01
3.194205164909362793e-01
3.264243602752685547e-01
3.762275874614715576e-01
3.102526664733886719e-01
3.189671039581298828e-01
3.068229854106903076e-01
3.385170996189117432e-01
3.315115869045257568e-01
3.267709612846374512e-01
3.332134783267974854e-01
3.262473046779632568e-01
3.813782334327697754e-01
3.264243602752685547e-01
3.776161372661590576e-01
3.196409344673156738e-01
3.330110013484954834e-01
3.387668728828430176e-01
3.196409344673156738e-01
3.208318054676055908e-01
3.191288411617279053e-01
3.301490545272827148e-01
3.762275874614715576e-01
3.199439644813537598e-01
3.124608099460601807e-01
3.174590766429901123e-01
3.281900584697723389e-01
3.387889564037322998e-01
3.316018581390380859e-01
3.280300796031951904e-01
3.315115869045257568e-01
3.269565701484680176e-01
2.933789491653442383e-01
3.269565701484680176e-01
3.923795223236083984e-01
3.180877864360809326e-01
3.213038146495819092e-01
3.102526664733886719e-01
3.899318873882293701e-01
3.890841305255889893e-01
3.109887838363647461e-01
3.713352680206298828e-01
3.196409344673156738e-01
3.180877864360809326e-01
3.131228685379028320e-01
3.335379660129547119e-01
3.192138373851776123e-01
3.316257894039154053e-01
3.335379660129547119e-01
3.174590766429901123e-01
3.213038146495819092e-01
2.933789491653442383e-01
3.262973427772521973e-01
3.388942182064056396e-01
3.022713661193847656e-01
3.344517648220062256e-01
3.336667418479919434e-01
3.070284128189086914e-01
3.890841305255889893e-01
3.498673737049102783e-01
3.762275874614715576e-01
3.103084564208984375e-01
3.410590589046478271e-01
3.195352256298065186e-01
3.280300796031951904e-01
3.192597925662994385e-01
3.964434266090393066e-01
3.678571879863739014e-01
3.309777677059173584e-01
3.063707351684570312e-01
3.189671039581298828e-01
4.491654336452484131e-01
4.488935172557830811e-01
4.505237042903900146e-01
4.429673850536346436e-01
4.472149312496185303e-01
4.211660325527191162e-01
4.429673850536346436e-01
4.491103887557983398e-01
4.633512198925018311e-01
5.119283199310302734e-01
4.539705812931060791e-01
4.638943970203399658e-01
4.488736391067504883e-01
4.329934120178222656e-01
4.542452692985534668e-01
4.501075744628906250e-01
4.698132574558258057e-01
4.568530619144439697e-01
4.662092924118041992e-01
3.996707201004028320e-01
3.808013498783111572e-01
3.586271405220031738e-01
3.966867625713348389e-01
4.109404385089874268e-01
3.754570186138153076e-01
4.078645706176757812e-01
3.709209859371185303e-01
4.077310860157012939e-01
4.042382240295410156e-01
4.186324775218963623e-01
3.707586526870727539e-01
4.254869222640991211e-01
4.326834380626678467e-01
3.946572244167327881e-01
4.085901379585266113e-01
4.301588237285614014e-01
3.971147835254669189e-01
4.173497557640075684e-01
4.222295284271240234e-01
3.853724896907806396e-01
3.835921585559844971e-01
3.909491896629333496e-01
3.765898048877716064e-01
3.453984856605529785e-01
4.053000211715698242e-01
3.528687059879302979e-01
4.147850573062896729e-01
3.889254331588745117e-01
3.986932337284088135e-01
4.284735023975372314e-01
3.744304478168487549e-01
4.004701673984527588e-01
3.915289938449859619e-01
4.539212286472320557e-01
3.610627353191375732e-01
3.840399086475372314e-01
3.998686671257019043e-01
4.218100011348724365e-01
4.310184717178344727e-01
3.749189972877502441e-01
3.799715638160705566e-01
3.380265235900878906e-01
3.999328017234802246e-01
4.245540499687194824e-01
3.896625339984893799e-01
4.177151322364807129e-01
3.281005620956420898e-01
4.505136311054229736e-01
4.099191427230834961e-01
4.656260013580322266e-01
3.854681551456451416e-01
3.894138634204864502e-01
3.849459886550903320e-01
3.835780918598175049e-01
3.866343796253204346e-01
4.233714342117309570e-01
3.835496008396148682e-01
3.814964294433593750e-01
4.186066389083862305e-01
3.939154744148254395e-01
4.191855192184448242e-01
4.048658311367034912e-01
4.237810075283050537e-01
4.154106080532073975e-01
4.020221233367919922e-01
4.321233630180358887e-01
3.597919344902038574e-01
3.650642931461334229e-01
4.542775154113769531e-01
3.806529045104980469e-01
3.630855679512023926e-01
3.511291146278381348e-01
3.703148961067199707e-01
3.586590588092803955e-01
3.924024403095245361e-01
3.742014169692993164e-01
3.697072863578796387e-01
3.846186101436614990e-01
3.575323820114135742e-01
3.903430402278900146e-01
3.456946909427642822e-01
3.658744990825653076e-01
3.507224619388580322e-01
4.341382086277008057e-01
3.734248280525207520e-01
4.384249746799468994e-01
3.715762197971343994e-01
3.871672749519348145e-01
3.743930459022521973e-01
3.587373495101928711e-01
4.885520637035369873e-01
3.672912716865539551e-01
3.764138817787170410e-01
3.794125318527221680e-01
4.521959722042083740e-01
3.522747159004211426e-01
6.627913713455200195e-01
4.231324791908264160e-01
4.070385992527008057e-01
3.939424455165863037e-01
3.626520335674285889e-01
3.903695344924926758e-01
3.682353794574737549e-01
3.985646963119506836e-01
3.398374021053314209e-01
3.819167017936706543e-01
3.579622209072113037e-01
3.469567298889160156e-01
3.600201010704040527e-01
3.702046871185302734e-01
3.844493627548217773e-01
3.409197628498077393e-01
3.355246782302856445e-01
3.546765744686126709e-01
3.497885763645172119e-01
4.137547314167022705e-01
4.120231270790100098e-01
3.960806131362915039e-01
6.002780199050903320e-01
4.412626624107360840e-01
4.151409864425659180e-01
3.844462037086486816e-01
4.031158983707427979e-01
3.820026814937591553e-01
5.006734132766723633e-01
3.856515586376190186e-01
3.677222430706024170e-01
3.463294506072998047e-01
3.591644167900085449e-01
3.492665886878967285e-01
4.012021720409393311e-01
6.547560095787048340e-01
3.502052724361419678e-01
3.709930181503295898e-01
3.403722643852233887e-01
3.491325080394744873e-01
5.926172733306884766e-01
4.224836826324462891e-01
4.638711214065551758e-01
3.965457677841186523e-01
3.896016478538513184e-01
2.811261415481567383e-01
3.832374513149261475e-01
3.718099594116210938e-01
4.939662516117095947e-01
4.786678552627563477e-01
4.884089827537536621e-01
4.346839785575866699e-01
4.649156928062438965e-01
4.867339134216308594e-01
4.141100347042083740e-01
4.501701295375823975e-01
4.602882564067840576e-01
3.912889063358306885e-01
4.344025552272796631e-01
6.823000907897949219e-01
3.922360539436340332e-01
4.237650036811828613e-01
4.711533188819885254e-01
4.064113497734069824e-01
4.041024744510650635e-01
4.720329046249389648e-01
4.017026722431182861e-01
4.213418662548065186e-01
5.318566560745239258e-01
3.844275772571563721e-01
4.481210708618164062e-01
4.718218147754669189e-01
4.723827540874481201e-01
5.098705887794494629e-01
4.810243248939514160e-01
4.338230490684509277e-01
4.238216578960418701e-01
3.824066221714019775e-01
4.484198987483978271e-01
4.753840565681457520e-01
5.078033804893493652e-01
4.527203738689422607e-01
3.888278603553771973e-01
4.754056036472320557e-01
4.737064540386199951e-01
4.042241871356964111e-01
5.179078578948974609e-01
4.279409348964691162e-01
3.915556371212005615e-01
4.576121270656585693e-01
4.114499986171722412e-01
4.444373846054077148e-01
4.612650275230407715e-01
4.228231310844421387e-01
4.259999990463256836e-01
4.813314974308013916e-01
4.237284064292907715e-01
4.532169401645660400e-01
4.392460286617279053e-01
4.576764106750488281e-01
4.352850615978240967e-01
4.174462258815765381e-01
4.445391297340393066e-01
4.516223967075347900e-01
3.928821682929992676e-01
4.805606603622436523e-01
4.618919491767883301e-01
4.671574532985687256e-01
4.398390054702758789e-01
4.614410102367401123e-01
4.407628774642944336e-01
4.240652918815612793e-01
4.296961724758148193e-01
4.723300337791442871e-01
4.534068405628204346e-01
4.906708002090454102e-01
4.081490039825439453e-01
4.559600949287414551e-01
4.537922143936157227e-01
4.567054212093353271e-01
5.283592343330383301e-01
4.678649008274078369e-01
4.863734245300292969e-01
4.287543892860412598e-01
4.960646629333496094e-01
4.326271414756774902e-01
5.110799074172973633e-01
4.719609916210174561e-01
4.296807646751403809e-01
4.721091985702514648e-01
4.746898114681243896e-01
4.410322010517120361e-01
4.497783780097961426e-01
4.557287395000457764e-01
4.344992339611053467e-01
4.520921707153320312e-01
4.483267664909362793e-01
4.517120122909545898e-01
4.266191422939300537e-01
4.823839068412780762e-01
4.254839718341827393e-01
5.299062132835388184e-01
4.235766232013702393e-01
4.428036212921142578e-01
4.406099617481231689e-01
5.326694846153259277e-01
4.150886237621307373e-01
4.851267635822296143e-01
4.451805353164672852e-01
1.239456236362457275e-01
1.670180410146713257e-01
1.298398971557617188e-01
1.931139528751373291e-01
2.114642858505249023e-01
2.111855000257492065e-01
1.266088038682937622e-01
1.734446734189987183e-01
1.699623316526412964e-01
1.432111114263534546e-01
1.736919581890106201e-01
1.456977576017379761e-01
1.325017213821411133e-01
3.345699012279510498e-01
1.298258155584335327e-01
1.272459924221038818e-01
3.002915680408477783e-01
3.418009281158447266e-01
1.342334896326065063e-01
1.681324541568756104e-01
1.319215595722198486e-01
1.391949802637100220e-01
1.267496496438980103e-01
3.683123886585235596e-01
1.166112795472145081e-01
4.433041512966156006e-01
4.240587353706359863e-01
2.870789468288421631e-01
1.461424231529235840e-01
1.614118814468383789e-01
1.271297931671142578e-01
1.737891882658004761e-01
1.623300462961196899e-01
3.013339638710021973e-01
3.292807042598724365e-01
2.020163983106613159e-01
1.625915169715881348e-01
3.895128965377807617e-01
1.701900064945220947e-01
1.833367496728897095e-01
1.749933958053588867e-01
1.722072362899780273e-01
2.153335511684417725e-01
1.419159024953842163e-01
1.457064300775527954e-01
1.722986549139022827e-01
1.349763423204421997e-01
1.516549736261367798e-01
1.929901242256164551e-01
1.828932017087936401e-01
2.279578894376754761e-01
2.103228718042373657e-01
3.472314774990081787e-01
3.361882567405700684e-01
1.497447490692138672e-01
1.744478940963745117e-01
1.857399493455886841e-01
3.717481791973114014e-01
1.467214375734329224e-01
1.633566319942474365e-01
1.161583438515663147e-01
2.380938977003097534e-01
1.483016908168792725e-01
1.458634436130523682e-01
1.691011190414428711e-01
1.404283791780471802e-01
3.481422364711761475e-01
1.450034826993942261e-01
1.233813315629959106e-01
4.121930599212646484e-01
1.601490974426269531e-01
1.779234558343887329e-01
1.364905983209609985e-01
1.362764239311218262e-01
1.375053077936172485e-01
