8.294997215270996094e-01
9.989920258522033691e-01
9.360399842262268066e-01
5.664609670639038086e-01
3.513943254947662354e-01
9.957669973373413086e-01
3.811574578285217285e-01
5.275627970695495605e-01
5.067701935768127441e-01
9.685417413711547852e-01
9.929198622703552246e-01
4.097437262535095215e-01
9.729354977607727051e-01
5.446122288703918457e-01
4.740941226482391357e-01
4.071586728096008301e-01
9.484390616416931152e-01
9.513759613037109375e-01
4.596302211284637451e-01
9.732512235641479492e-01
5.576220750808715820e-01
8.543296456336975098e-01
5.142229795455932617e-01
9.682422876358032227e-01
5.023527145385742188e-01
9.258650541305541992e-01
5.348196029663085938e-01
9.823598861694335938e-01
9.471542239189147949e-01
4.218671321868896484e-01
9.916644096374511719e-01
5.172646045684814453e-01
4.910617768764495850e-01
9.666910767555236816e-01
9.784718155860900879e-01
9.631915688514709473e-01
9.302999973297119141e-01
9.317531585693359375e-01
3.604612946510314941e-01
5.031973719596862793e-01
4.896180331707000732e-01
3.948850929737091064e-01
9.749394059181213379e-01
3.768397569656372070e-01
5.673674941062927246e-01
4.483768045902252197e-01
5.196153521537780762e-01
4.139351546764373779e-01
9.361622333526611328e-01
4.111267030239105225e-01
9.692338109016418457e-01
3.728607296943664551e-01
6.749932765960693359e-01
8.431486487388610840e-01
5.479389429092407227e-01
4.570724070072174072e-01
5.004296302795410156e-01
4.861803352832794189e-01
3.842339813709259033e-01
9.764499068260192871e-01
9.916275739669799805e-01
9.685130119323730469e-01
9.982066154479980469e-01
3.633712232112884521e-01
9.084557890892028809e-01
5.707854032516479492e-01
4.694445431232452393e-01
9.600718021392822266e-01
3.993941545486450195e-01
4.784304499626159668e-01
9.179276823997497559e-01
9.806324839591979980e-01
5.917302966117858887e-01
3.161082267761230469e-01
9.952340722084045410e-01
6.617341637611389160e-01
6.875216364860534668e-01
8.929921984672546387e-01
9.647715091705322266e-01
8.382908701896667480e-01
7.386915683746337891e-01
5.769778490066528320e-01
8.804689645767211914e-01
6.915088295936584473e-01
8.505619168281555176e-01
8.120338916778564453e-01
9.855743646621704102e-01
8.227962255477905273e-01
6.230957508087158203e-01
7.353480458259582520e-01
9.593373537063598633e-01
7.237143516540527344e-01
8.525394797325134277e-01
9.705238342285156250e-01
9.352588653564453125e-01
9.210069775581359863e-01
9.588784575462341309e-01
9.950183629989624023e-01
8.218947649002075195e-01
5.555701255798339844e-01
6.774995326995849609e-01
9.633118510246276855e-01
8.093312382698059082e-01
6.998271942138671875e-01
9.388535022735595703e-01
5.373784303665161133e-01
9.980971217155456543e-01
7.210620045661926270e-01
8.296810984611511230e-01
7.537155747413635254e-01
9.691326618194580078e-01
3.483126163482666016e-01
8.426120877265930176e-01
7.760346531867980957e-01
9.288468360900878906e-01
7.169303297996520996e-01
6.161603331565856934e-01
8.085733652114868164e-01
8.788706064224243164e-01
9.834279417991638184e-01
5.644689202308654785e-01
8.407852053642272949e-01
9.412043690681457520e-01
7.113645672798156738e-01
9.908992052078247070e-01
7.094617486000061035e-01
9.858806729316711426e-01
6.404495239257812500e-01
8.578683137893676758e-01
9.974834322929382324e-01
9.767713546752929688e-01
9.489933848381042480e-01
9.765716791152954102e-01
6.844787001609802246e-01
4.957149922847747803e-01
6.449483036994934082e-01
5.943894386291503906e-01
9.218456149101257324e-01
9.839146137237548828e-01
9.227949976921081543e-01
7.944796085357666016e-01
9.557830691337585449e-01
9.876039028167724609e-01
6.736491322517395020e-01
9.919603466987609863e-01
5.494590997695922852e-01
7.763327956199645996e-01
7.630589008331298828e-01
5.714741349220275879e-01
8.782209753990173340e-01
9.676222801208496094e-01
6.507910490036010742e-01
9.913802742958068848e-01
7.852245569229125977e-01
9.962582588195800781e-01
9.722954034805297852e-01
9.778349995613098145e-01
9.971012473106384277e-01
6.883883476257324219e-01
8.613998293876647949e-01
7.673854231834411621e-01
9.045636653900146484e-01
7.027665376663208008e-01
5.070553421974182129e-01
9.823111295700073242e-01
9.297473430633544922e-01
7.144088149070739746e-01
3.704225420951843262e-01
9.982744455337524414e-01
8.288677334785461426e-01
5.421609282493591309e-01
9.715648889541625977e-01
4.699673950672149658e-01
6.605232357978820801e-01
9.010818600654602051e-01
5.020496249198913574e-01
9.859711527824401855e-01
3.380873799324035645e-01
7.015745639801025391e-01
9.689583778381347656e-01
7.748894691467285156e-01
7.032335400581359863e-01
9.877540469169616699e-01
6.291248798370361328e-01
9.951382875442504883e-01
9.969196319580078125e-01
7.341945171356201172e-01
6.198642253875732422e-01
9.867789745330810547e-01
5.088365077972412109e-01
8.491243124008178711e-01
6.067310571670532227e-01
9.911008477210998535e-01
9.650258421897888184e-01
5.359446406364440918e-01
9.931922554969787598e-01
5.627698302268981934e-01
6.214683651924133301e-01
5.435454845428466797e-01
4.799980819225311279e-01
4.073791503906250000e-01
9.838438630104064941e-01
6.888281702995300293e-01
9.884519577026367188e-01
9.734655022621154785e-01
5.066761374473571777e-01
6.169491410255432129e-01
4.793546199798583984e-01
5.286795496940612793e-01
5.038041472434997559e-01
5.484040975570678711e-01
4.547319114208221436e-01
5.991184711456298828e-01
9.786605834960937500e-01
9.943631887435913086e-01
9.733685851097106934e-01
9.989385008811950684e-01
4.390205442905426025e-01
4.824525415897369385e-01
9.641149640083312988e-01
9.958393573760986328e-01
9.972320199012756348e-01
9.926617145538330078e-01
6.809078454971313477e-01
9.894587993621826172e-01
6.447826623916625977e-01
7.077981233596801758e-01
6.152049303054809570e-01
9.990592598915100098e-01
9.766888618469238281e-01
4.300128519535064697e-01
5.943716764450073242e-01
5.611341595649719238e-01
9.876669645309448242e-01
4.755248427391052246e-01
9.859766960144042969e-01
6.862516403198242188e-01
9.988324046134948730e-01
9.997742772102355957e-01
9.757422208786010742e-01
7.868368625640869141e-01
9.997403025627136230e-01
6.866154670715332031e-01
9.805380702018737793e-01
8.172907233238220215e-01
4.629777073860168457e-01
8.274224996566772461e-01
9.946835637092590332e-01
8.218876719474792480e-01
7.975391745567321777e-01
7.339111566543579102e-01
6.316766738891601562e-01
6.678276658058166504e-01
4.904813766479492188e-01
7.687708139419555664e-01
9.805845022201538086e-01
9.793552756309509277e-01
4.346591532230377197e-01
9.141786098480224609e-01
4.411140084266662598e-01
9.963305592536926270e-01
6.684602499008178711e-01
8.294816613197326660e-01
6.831410527229309082e-01
9.902157783508300781e-01
4.219388365745544434e-01
9.412683248519897461e-01
5.516608357429504395e-01
6.874346137046813965e-01
9.372012019157409668e-01
7.069104313850402832e-01
9.916947484016418457e-01
9.695785045623779297e-01
9.911897182464599609e-01
5.838435292243957520e-01
4.565411806106567383e-01
6.085687875747680664e-01
7.092512249946594238e-01
7.276175618171691895e-01
6.076779961585998535e-01
9.810216426849365234e-01
7.567125558853149414e-01
8.295116424560546875e-01
5.459225177764892578e-01
9.908620119094848633e-01
9.741771221160888672e-01
7.197069525718688965e-01
9.906918406486511230e-01
9.968294501304626465e-01
6.554348468780517578e-01
5.479127168655395508e-01
7.618858218193054199e-01
8.474788069725036621e-01
9.450756907463073730e-01
8.829549551010131836e-01
6.520681381225585938e-01
4.953497946262359619e-01
6.733857989311218262e-01
6.885494589805603027e-01
4.882635474205017090e-01
7.936852574348449707e-01
9.165246486663818359e-01
6.653103232383728027e-01
6.195279359817504883e-01
9.956558942794799805e-01
9.817222952842712402e-01
5.427110195159912109e-01
9.969128370285034180e-01
9.878394603729248047e-01
5.327934622764587402e-01
6.880501508712768555e-01
4.866617918014526367e-01
5.753802061080932617e-01
9.931197166442871094e-01
7.480804920196533203e-01
6.530796289443969727e-01
9.721338152885437012e-01
7.288302183151245117e-01
5.042163729667663574e-01
5.050418376922607422e-01
7.428303360939025879e-01
8.303923606872558594e-01
9.900722503662109375e-01
7.582464218139648438e-01
6.944143176078796387e-01
9.227473139762878418e-01
7.440883517265319824e-01
8.130806684494018555e-01
8.745406866073608398e-01
9.967024922370910645e-01
6.434127092361450195e-01
9.980237483978271484e-01
5.179864764213562012e-01
8.712346553802490234e-01
8.498838543891906738e-01
6.325693130493164062e-01
7.526530623435974121e-01
8.899039030075073242e-01
9.004520773887634277e-01
9.105024337768554688e-01
9.926096796989440918e-01
9.978608489036560059e-01
8.409460186958312988e-01
9.859638214111328125e-01
7.761240601539611816e-01
9.292863011360168457e-01
8.658748865127563477e-01
7.006597518920898438e-01
8.303923606872558594e-01
9.950305223464965820e-01
9.969145059585571289e-01
8.110041022300720215e-01
7.174013257026672363e-01
8.997830152511596680e-01
4.452641904354095459e-01
9.798729419708251953e-01
8.940664529800415039e-01
8.869484066963195801e-01
9.833759665489196777e-01
7.803937792778015137e-01
9.970625042915344238e-01
4.398754537105560303e-01
5.902737379074096680e-01
9.652495384216308594e-01
4.847366511821746826e-01
7.860118746757507324e-01
8.501961827278137207e-01
6.378723382949829102e-01
8.809558749198913574e-01
6.805668473243713379e-01
9.974484443664550781e-01
9.858002662658691406e-01
7.211779356002807617e-01
8.150808811187744141e-01
5.184177756309509277e-01
7.192946076393127441e-01
9.960724115371704102e-01
4.657069444656372070e-01
7.234893441200256348e-01
6.753115057945251465e-01
7.563387751579284668e-01
5.412707924842834473e-01
7.801657915115356445e-01
8.978971838951110840e-01
9.936995506286621094e-01
4.752635061740875244e-01
4.568977057933807373e-01
8.968215584754943848e-01
9.310771822929382324e-01
8.474574089050292969e-01
8.078840374946594238e-01
3.775669038295745850e-01
3.393845260143280029e-01
5.346733331680297852e-01
5.875434279441833496e-01
8.821247816085815430e-01
7.899497747421264648e-01
9.635965228080749512e-01
7.060582637786865234e-01
8.759760856628417969e-01
6.266497373580932617e-01
9.842402935028076172e-01
9.560215473175048828e-01
9.225848913192749023e-01
7.925966382026672363e-01
9.893289208412170410e-01
7.808395624160766602e-01
8.778676390647888184e-01
6.072083115577697754e-01
9.322499632835388184e-01
5.347297787666320801e-01
7.231047749519348145e-01
6.933494806289672852e-01
8.997735977172851562e-01
8.237770199775695801e-01
9.308086037635803223e-01
8.122050166130065918e-01
3.411853313446044922e-01
9.989462494850158691e-01
8.777247071266174316e-01
5.038367509841918945e-01
9.232783317565917969e-01
5.081644654273986816e-01
5.962138772010803223e-01
7.315363883972167969e-01
4.639830291271209717e-01
3.993155956268310547e-01
8.277712464332580566e-01
9.975464940071105957e-01
4.968543648719787598e-01
4.702102839946746826e-01
9.818323850631713867e-01
9.478535056114196777e-01
3.827381134033203125e-01
8.446553945541381836e-01
7.387046813964843750e-01
5.567905306816101074e-01
9.915964007377624512e-01
9.416920542716979980e-01
3.425320982933044434e-01
4.952349662780761719e-01
8.876569867134094238e-01
5.386006832122802734e-01
3.703517317771911621e-01
8.027167320251464844e-01
9.567860364913940430e-01
9.741964936256408691e-01
9.581623673439025879e-01
8.897423148155212402e-01
7.180414199829101562e-01
7.715138196945190430e-01
3.041314482688903809e-01
7.528963088989257812e-01
2.513960003852844238e-01
5.054311156272888184e-01
9.569838047027587891e-01
9.675786495208740234e-01
4.829848706722259521e-01
5.143076777458190918e-01
9.659165143966674805e-01
4.496747255325317383e-01
4.860390424728393555e-01
3.089177310466766357e-01
4.391646981239318848e-01
7.288770675659179688e-01
5.111612677574157715e-01
9.450837969779968262e-01
5.014263391494750977e-01
3.071777224540710449e-01
9.825373291969299316e-01
9.757746458053588867e-01
5.852748751640319824e-01
5.005235671997070312e-01
5.877013206481933594e-01
9.975396394729614258e-01
8.073809146881103516e-01
9.582315087318420410e-01
9.853272438049316406e-01
3.009987473487854004e-01
8.547013998031616211e-01
4.365106821060180664e-01
8.312367200851440430e-01
9.937758445739746094e-01
4.593611061573028564e-01
4.598637819290161133e-01
4.676045179367065430e-01
9.976535439491271973e-01
5.260874629020690918e-01
6.096556186676025391e-01
6.111832261085510254e-01
9.914705157279968262e-01
4.415904283523559570e-01
9.989683628082275391e-01
9.586511850357055664e-01
9.685692787170410156e-01
3.572419881820678711e-01
9.923300147056579590e-01
3.731016814708709717e-01
7.144128084182739258e-01
3.732955157756805420e-01
6.369902286678552628e-03
4.289960563182830811e-01
2.456427663564682007e-01
3.141889870166778564e-01
4.588509909808635712e-04
3.214602824300527573e-03
4.152771458029747009e-02
1.973195699974894524e-03
4.225489683449268341e-04
3.515049815177917480e-01
2.776020169258117676e-01
2.544185332953929901e-02
5.210749339312314987e-03
2.683986537158489227e-02
1.284366399049758911e-01
4.441177099943161011e-02
3.843593224883079529e-02
3.823531791567802429e-03
6.257853657007217407e-02
9.164239279925823212e-03
3.416778985410928726e-03
7.532180100679397583e-02
1.106542884372174740e-03
1.350046042352914810e-02
6.255722790956497192e-02
2.758319117128849030e-02
1.527960691601037979e-02
1.223455518484115601e-01
1.539190486073493958e-02
2.367113484069705009e-03
5.138747859746217728e-03
9.791968390345573425e-03
8.041334338486194611e-03
1.646689325571060181e-02
6.062897737137973309e-04
1.550119952298700809e-03
9.347575902938842773e-02
1.428574696183204651e-02
1.313731633126735687e-02
1.242750696837902069e-02
3.632550593465566635e-03
1.507838373072445393e-03
9.209278970956802368e-03
1.450123544782400131e-02
2.883322238922119141e-01
2.103603212162852287e-03
6.175981834530830383e-02
6.330037489533424377e-03
8.460126817226409912e-03
3.597456496208906174e-03
3.535776864737272263e-03
1.346800774335861206e-01
4.348778724670410156e-02
9.724223054945468903e-03
1.782543212175369263e-02
2.155776135623455048e-02
2.614083513617515564e-02
4.382980987429618835e-02
3.953149542212486267e-03
1.215110272169113159e-01
9.008310735225677490e-02
6.671878974884748459e-03
3.938540816307067871e-02
1.446592528373003006e-02
1.549752801656723022e-02
9.530255571007728577e-03
4.406385705806314945e-04
9.795820340514183044e-03
1.597510427236557007e-01
1.031661871820688248e-03
7.551996503025293350e-03
5.221563577651977539e-02
1.152856275439262390e-02
3.851951332762837410e-03
3.159619569778442383e-01
3.679896146059036255e-02
1.261698603630065918e-01
1.921635866165161133e-02
4.344258457422256470e-03
7.518333848565816879e-03
3.823968395590782166e-02
3.736963495612144470e-02
5.121789406985044479e-03
6.901063024997711182e-03
1.668363250792026520e-02
3.134150207042694092e-01
6.860377639532089233e-02
1.909261918626725674e-04
3.023055614903569221e-03
6.435792893171310425e-02
3.019144758582115173e-03
1.850604778155684471e-03
3.997053951025009155e-02
9.451705962419509888e-03
7.537284400314092636e-04
3.279940210632048547e-05
5.125084426254034042e-04
4.916023463010787964e-02
4.772031903266906738e-01
8.498600870370864868e-02
3.819821169599890709e-03
1.327492296695709229e-01
9.879069775342941284e-02
2.659353613853454590e-01
1.298680305480957031e-01
4.021024405956268311e-01
2.005055248737335205e-01
4.133656620979309082e-01
9.457873553037643433e-02
3.969149589538574219e-01
4.074666798114776611e-01
1.216208711266517639e-01
2.397930622100830078e-01
6.513883918523788452e-02
3.225347697734832764e-01
3.908268734812736511e-02
1.090614944696426392e-01
9.362805634737014771e-02
9.761805087327957153e-02
1.442129164934158325e-01
4.770628362894058228e-02
2.159091085195541382e-01
3.691436350345611572e-02
6.513883918523788452e-02
8.644032478332519531e-02
1.694349199533462524e-01
1.467912644147872925e-01
1.849739551544189453e-01
5.048223137855529785e-01
5.034115314483642578e-01
3.775504529476165771e-01
4.831241965293884277e-01
4.470758140087127686e-01
2.163378149271011353e-01
3.795848488807678223e-01
5.365192890167236328e-01
3.639248013496398926e-01
2.909797132015228271e-01
3.367975354194641113e-01
2.282484769821166992e-01
4.083601236343383789e-01
5.345498323440551758e-01
6.711255311965942383e-01
4.769720733165740967e-01
3.887358903884887695e-01
3.348594307899475098e-01
3.883889615535736084e-01
4.214472770690917969e-01
2.835291028022766113e-01
4.959598779678344727e-01
1.263425797224044800e-01
5.087457299232482910e-01
3.070489466190338135e-01
3.929175138473510742e-01
1.330942213535308838e-01
2.138863652944564819e-01
4.828440770506858826e-02
3.439413607120513916e-01
4.947183132171630859e-01
2.641746103763580322e-01
9.076255559921264648e-02
1.818522214889526367e-01
5.170383453369140625e-01
3.233129084110260010e-01
1.032353192567825317e-01
1.653515100479125977e-01
4.803602695465087891e-01
2.273457795381546021e-01
1.272572576999664307e-01
1.234202235937118530e-01
1.398001909255981445e-01
5.844317376613616943e-02
1.260233074426651001e-01
9.316895902156829834e-02
1.878075599670410156e-01
1.536498367786407471e-01
1.828543245792388916e-01
2.827064692974090576e-01
9.963261336088180542e-02
4.586696252226829529e-02
3.770716115832328796e-02
3.150397241115570068e-01
1.597256958484649658e-01
4.789613783359527588e-01
5.067701935768127441e-01
5.446122288703918457e-01
4.740941226482391357e-01
4.071586728096008301e-01
5.348196029663085938e-01
4.910617768764495850e-01
3.604612946510314941e-01
5.031973719596862793e-01
3.948850929737091064e-01
8.431486487388610840e-01
5.004296302795410156e-01
3.842339813709259033e-01
3.161082267761230469e-01
5.769778490066528320e-01
6.230957508087158203e-01
7.237143516540527344e-01
8.218947649002075195e-01
6.774995326995849609e-01
5.373784303665161133e-01
5.644689202308654785e-01
7.094617486000061035e-01
6.844787001609802246e-01
4.957149922847747803e-01
5.943894386291503906e-01
6.736491322517395020e-01
5.714741349220275879e-01
6.883883476257324219e-01
5.070553421974182129e-01
4.699673950672149658e-01
6.605232357978820801e-01
5.020496249198913574e-01
5.088365077972412109e-01
4.799980819225311279e-01
4.073791503906250000e-01
4.793546199798583984e-01
5.286795496940612793e-01
4.390205442905426025e-01
4.824525415897369385e-01
4.300128519535064697e-01
5.611341595649719238e-01
4.755248427391052246e-01
6.678276658058166504e-01
4.904813766479492188e-01
4.346591532230377197e-01
5.516608357429504395e-01
5.838435292243957520e-01
4.565411806106567383e-01
6.085687875747680664e-01
6.554348468780517578e-01
4.953497946262359619e-01
4.882635474205017090e-01
6.653103232383728027e-01
5.753802061080932617e-01
5.042163729667663574e-01
5.050418376922607422e-01
6.944143176078796387e-01
6.434127092361450195e-01
5.179864764213562012e-01
7.174013257026672363e-01
4.398754537105560303e-01
4.847366511821746826e-01
6.378723382949829102e-01
4.657069444656372070e-01
7.563387751579284668e-01
4.568977057933807373e-01
3.393845260143280029e-01
5.875434279441833496e-01
3.411853313446044922e-01
5.038367509841918945e-01
4.968543648719787598e-01
4.702102839946746826e-01
5.567905306816101074e-01
3.425320982933044434e-01
2.513960003852844238e-01
4.860390424728393555e-01
4.365106821060180664e-01
4.593611061573028564e-01
4.676045179367065430e-01
6.096556186676025391e-01
6.111832261085510254e-01
3.572419881820678711e-01
3.731016814708709717e-01
4.365068078041076660e-01
1.327492296695709229e-01
2.332351505756378174e-01
4.532521665096282959e-01
3.186773657798767090e-01
4.138930141925811768e-01
2.552990429103374481e-02
4.859093129634857178e-01
3.023035228252410889e-01
4.389307796955108643e-01
2.761428356170654297e-01
1.557535380125045776e-01
4.178079664707183838e-01
9.438092261552810669e-02
5.643419921398162842e-02
9.418985992670059204e-02
8.428423851728439331e-02
5.189763382077217102e-02
5.216445028781890869e-02
1.463251560926437378e-01
7.395612448453903198e-02
5.231956019997596741e-02
1.665441393852233887e-01
1.260310560464859009e-01
3.437563776969909668e-02
3.901244327425956726e-02
1.516217291355133057e-01
3.714243471622467041e-01
1.738624870777130127e-01
1.740886457264423370e-02
1.646864563226699829e-01
5.711015462875366211e-01
4.714456498622894287e-01
4.474146664142608643e-01
5.363035202026367188e-01
3.901888728141784668e-01
2.413598150014877319e-01
5.917258858680725098e-01
5.001598000526428223e-01
3.274530470371246338e-01
4.158658087253570557e-01
3.851428031921386719e-01
5.750889182090759277e-01
4.325772523880004883e-01
6.793634295463562012e-01
4.032253623008728027e-01
4.593024551868438721e-01
6.620395779609680176e-01
4.254575073719024658e-01
3.297348022460937500e-01
1.689758300781250000e-01
4.782434403896331787e-01
5.649222135543823242e-01
5.340160802006721497e-02
2.022549510002136230e-01
3.698457479476928711e-01
3.112435042858123779e-01
1.677830666303634644e-01
1.116470694541931152e-01
4.198250770568847656e-01
3.163409233093261719e-01
4.833643138408660889e-01
2.392245531082153320e-01
2.859825193881988525e-01
5.290468335151672363e-01
2.893305011093616486e-02
2.874735891819000244e-01
6.176704168319702148e-01
2.987463474273681641e-01
3.912720978260040283e-01
3.431179523468017578e-01
3.248341083526611328e-01
2.313884347677230835e-01
3.003486990928649902e-01
2.214011549949645996e-01
1.397428810596466064e-01
4.752709269523620605e-01
5.031858682632446289e-01
3.270348012447357178e-01
4.644794166088104248e-01
1.568816155195236206e-01
2.805645763874053955e-01
1.236711628735065460e-02
4.491428658366203308e-02
2.471438497304916382e-01
2.716137468814849854e-01
1.826085150241851807e-01
7.279331982135772705e-02
3.708215057849884033e-01
1.631158888339996338e-01
1.291982270777225494e-02
4.573346674442291260e-01
6.658624112606048584e-02
7.588116079568862915e-02
6.708510965108871460e-02
2.741953730583190918e-01
1.925617903470993042e-01
1.390428394079208374e-01
5.496754124760627747e-02
3.107015192508697510e-01
2.380899488925933838e-01
1.050977557897567749e-01
4.004944562911987305e-01
1.925968192517757416e-02
3.467707708477973938e-02
9.423100203275680542e-02
3.908268734812736511e-02
2.707135975360870361e-01
3.365120664238929749e-02
1.184737160801887512e-01
6.768777221441268921e-02
1.671131402254104614e-01
1.023631617426872253e-01
3.405708074569702148e-02
1.060154289007186890e-01
6.610625423491001129e-03
6.394437700510025024e-02
4.512473940849304199e-01
2.043205499649047852e-01
5.212401747703552246e-01
6.541248559951782227e-01
3.432899415493011475e-01
1.828339844942092896e-01
4.464645385742187500e-01
2.065508812665939331e-01
4.761391580104827881e-01
4.836960434913635254e-01
3.258897364139556885e-01
4.159623682498931885e-01
5.210422277450561523e-01
1.821985691785812378e-01
3.694893419742584229e-01
4.338492155075073242e-01
3.122185170650482178e-01
3.140435814857482910e-01
4.593024551868438721e-01
8.488374203443527222e-02
1.613770872354507446e-01
5.968094468116760254e-01
3.599869012832641602e-01
2.625197768211364746e-01
5.546911954879760742e-01
1.906023621559143066e-01
3.831745088100433350e-01
3.369375169277191162e-01
1.982864886522293091e-01
1.577408611774444580e-01
2.647427320480346680e-01
3.587032258510589600e-01
4.230517148971557617e-02
5.058479309082031250e-01
2.467738687992095947e-01
3.149226307868957520e-01
1.842561960220336914e-01
1.068217083811759949e-01
4.204591810703277588e-01
1.753615587949752808e-01
5.007452368736267090e-01
5.464747548103332520e-02
1.486041676253080368e-02
8.380286395549774170e-03
6.677336990833282471e-02
2.586713135242462158e-01
8.073127269744873047e-02
1.349525600671768188e-01
1.660155132412910461e-02
3.835815563797950745e-02
1.265074908733367920e-01
2.639323770999908447e-01
6.218161433935165405e-02
2.503606975078582764e-01
8.098894031718373299e-04
3.161397064104676247e-03
4.885723441839218140e-02
1.166653470136225224e-03
9.197472035884857178e-02
5.628951825201511383e-03
3.655340075492858887e-01
1.734967902302742004e-02
1.432498730719089508e-02
2.041720086708664894e-03
2.193844411522150040e-03
4.704082757234573364e-02
7.363381236791610718e-02
9.343588352203369141e-02
8.932294696569442749e-02
1.139321364462375641e-02
1.276241689920425415e-01
8.347916603088378906e-02
1.066518798470497131e-01
1.711535640060901642e-02
6.400397419929504395e-02
2.419006824493408203e-02
2.138160401955246925e-03
1.759654493071138859e-03
3.269989276304841042e-03
2.856982173398137093e-03
2.484095748513936996e-03
6.914295256137847900e-02
2.691070735454559326e-02
3.013554401695728302e-02
1.348810829222202301e-02
4.262721631675958633e-03
2.345394529402256012e-02
3.962599858641624451e-02
2.154739387333393097e-02
1.637974567711353302e-02
7.640629773959517479e-04
1.320973131805658340e-02
1.884540356695652008e-02
5.531289614737033844e-03
1.947996020317077637e-02
9.884997271001338959e-03
1.039081439375877380e-02
1.501075737178325653e-02
7.263864390552043915e-03
2.855527698993682861e-01
7.196906208992004395e-02
7.166201621294021606e-02
2.026273012161254883e-01
6.931769102811813354e-02
1.468491852283477783e-01
1.168330684304237366e-01
3.088418841361999512e-01
1.859360635280609131e-01
2.596426568925380707e-02
8.031859248876571655e-02
5.018499866127967834e-02
2.459120303392410278e-01
1.819862797856330872e-02
1.302848309278488159e-01
1.011804789304733276e-01
1.535894442349672318e-02
1.822652108967304230e-02
2.482045441865921021e-02
2.842787504196166992e-01
1.433250457048416138e-01
4.516195505857467651e-02
6.966816633939743042e-02
1.256410870701074600e-02
9.254129976034164429e-02
2.964777871966362000e-02
1.646776497364044189e-02
6.738257408142089844e-02
5.078758299350738525e-02
5.515040457248687744e-02
3.611730039119720459e-02
1.965848952531814575e-01
8.664182387292385101e-03
1.826878450810909271e-02
2.651834301650524139e-02
4.536796826869249344e-03
1.799348592758178711e-01
1.690184921026229858e-01
4.208789467811584473e-01
3.865727037191390991e-02
1.215471103787422180e-01
3.185624373145401478e-04
6.461340235546231270e-04
