7.777837514877319336e-01
7.777837514877319336e-01
7.777837514877319336e-01
7.777837514877319336e-01
7.777837514877319336e-01
7.777780294418334961e-01
7.777837514877319336e-01
7.777837514877319336e-01
7.777837514877319336e-01
7.777837514877319336e-01
7.447669506072998047e-01
7.777837514877319336e-01
7.777837514877319336e-01
7.777837514877319336e-01
7.777837514877319336e-01
7.777837514877319336e-01
7.777837514877319336e-01
7.777837514877319336e-01
7.699914574623107910e-01
7.777837514877319336e-01
7.777837514877319336e-01
7.777837514877319336e-01
7.777837514877319336e-01
7.777837514877319336e-01
7.777837514877319336e-01
7.777837514877319336e-01
7.777837514877319336e-01
7.777837514877319336e-01
7.777837514877319336e-01
7.777837514877319336e-01
7.777837514877319336e-01
7.768939733505249023e-01
7.763010263442993164e-01
6.345225572586059570e-01
7.777837514877319336e-01
7.777837514877319336e-01
7.777837514877319336e-01
7.777837514877319336e-01
7.777837514877319336e-01
7.777837514877319336e-01
7.777837514877319336e-01
7.777837514877319336e-01
7.777837514877319336e-01
7.777703404426574707e-01
7.777837514877319336e-01
7.777837514877319336e-01
7.777837514877319336e-01
7.777837514877319336e-01
4.242098033428192139e-01
7.777837514877319336e-01
7.777837514877319336e-01
7.777837514877319336e-01
7.777837514877319336e-01
4.242098033428192139e-01
7.777837514877319336e-01
7.777837514877319336e-01
7.777837514877319336e-01
7.777837514877319336e-01
7.777837514877319336e-01
7.777837514877319336e-01
7.777837514877319336e-01
7.777837514877319336e-01
7.777837514877319336e-01
7.777837514877319336e-01
7.777837514877319336e-01
4.242098033428192139e-01
7.777837514877319336e-01
7.777837514877319336e-01
7.777837514877319336e-01
7.777837514877319336e-01
7.777837514877319336e-01
7.777837514877319336e-01
7.777837514877319336e-01
7.777837514877319336e-01
7.777837514877319336e-01
4.242098033428192139e-01
4.242098033428192139e-01
4.242098033428192139e-01
4.242098033428192139e-01
4.242098033428192139e-01
4.242098033428192139e-01
4.242098033428192139e-01
4.242098033428192139e-01
4.242098033428192139e-01
4.242098033428192139e-01
4.242098033428192139e-01
4.242098033428192139e-01
4.242098033428192139e-01
4.242098033428192139e-01
4.242098033428192139e-01
4.242098033428192139e-01
4.242098033428192139e-01
4.242098033428192139e-01
4.242098033428192139e-01
4.242098033428192139e-01
4.242098033428192139e-01
4.242098033428192139e-01
4.242098033428192139e-01
4.242098033428192139e-01
4.242098033428192139e-01
4.242098033428192139e-01
4.242098033428192139e-01
4.242098033428192139e-01
4.242098033428192139e-01
4.242098033428192139e-01
4.242098033428192139e-01
4.242098033428192139e-01
4.242098033428192139e-01
4.242098033428192139e-01
4.242098033428192139e-01
4.242098033428192139e-01
4.242098033428192139e-01
4.242098033428192139e-01
4.242098033428192139e-01
4.242098033428192139e-01
4.242098033428192139e-01
4.242098033428192139e-01
4.242098033428192139e-01
4.242098033428192139e-01
4.242098033428192139e-01
4.242098033428192139e-01
4.242098033428192139e-01
4.242098033428192139e-01
4.242098033428192139e-01
4.242098033428192139e-01
4.242098033428192139e-01
4.242098033428192139e-01
4.242098033428192139e-01
4.242098033428192139e-01
4.242098033428192139e-01
4.242098033428192139e-01
4.242098033428192139e-01
4.242098033428192139e-01
4.242098033428192139e-01
4.242098033428192139e-01
4.242098033428192139e-01
4.242098033428192139e-01
4.242098033428192139e-01
4.242098033428192139e-01
4.242098033428192139e-01
4.242098033428192139e-01
4.242098033428192139e-01
4.242098033428192139e-01
4.242098033428192139e-01
4.242098033428192139e-01
4.242098033428192139e-01
4.242098033428192139e-01
4.242098033428192139e-01
4.242098033428192139e-01
4.242098033428192139e-01
4.242098033428192139e-01
4.242098033428192139e-01
4.242098033428192139e-01
4.242098033428192139e-01
4.242098033428192139e-01
4.242098033428192139e-01
4.242098033428192139e-01
4.242098033428192139e-01
4.242098033428192139e-01
4.242098033428192139e-01
4.242098033428192139e-01
4.242098033428192139e-01
4.242098033428192139e-01
4.242098033428192139e-01
4.242098033428192139e-01
4.242098033428192139e-01
4.242098033428192139e-01
4.242098033428192139e-01
4.242098033428192139e-01
4.242098033428192139e-01
4.242098033428192139e-01
4.242098033428192139e-01
4.242098033428192139e-01
4.242098033428192139e-01
4.242098033428192139e-01
4.242098033428192139e-01
4.242098033428192139e-01
4.242098033428192139e-01
4.242098033428192139e-01
4.242098033428192139e-01
4.242098033428192139e-01
4.242098033428192139e-01
4.242098033428192139e-01
4.242098033428192139e-01
4.242098033428192139e-01
4.242098033428192139e-01
4.242098033428192139e-01
4.242098033428192139e-01
4.242098033428192139e-01
4.242098033428192139e-01
4.242098033428192139e-01
4.242098033428192139e-01
4.242098033428192139e-01
4.242098033428192139e-01
4.242098033428192139e-01
4.242098033428192139e-01
4.242098033428192139e-01
4.242098033428192139e-01
4.242098033428192139e-01
4.242098033428192139e-01
4.242098033428192139e-01
4.242098033428192139e-01
4.242098033428192139e-01
4.242098033428192139e-01
4.242098033428192139e-01
4.242098033428192139e-01
4.242098033428192139e-01
4.242098033428192139e-01
4.242098033428192139e-01
4.242098033428192139e-01
4.242098033428192139e-01
4.242098033428192139e-01
4.242098033428192139e-01
4.242098033428192139e-01
4.242098033428192139e-01
4.242098033428192139e-01
4.242098033428192139e-01
4.242098033428192139e-01
4.242098033428192139e-01
4.242098033428192139e-01
4.242098033428192139e-01
4.242098033428192139e-01
4.242098033428192139e-01
4.242098033428192139e-01
4.242098033428192139e-01
4.242098033428192139e-01
4.242098033428192139e-01
4.242098033428192139e-01
4.242098033428192139e-01
4.242098033428192139e-01
4.242098033428192139e-01
4.242098033428192139e-01
4.242098033428192139e-01
4.242098033428192139e-01
4.242098033428192139e-01
4.242098033428192139e-01
4.242098033428192139e-01
4.242098033428192139e-01
4.242098033428192139e-01
4.242098033428192139e-01
4.242098033428192139e-01
4.242098033428192139e-01
4.242098033428192139e-01
4.242098033428192139e-01
4.242098033428192139e-01
4.242098033428192139e-01
7.777837514877319336e-01
7.777837514877319336e-01
7.777837514877319336e-01
4.242098033428192139e-01
4.242098033428192139e-01
7.777837514877319336e-01
6.536296606063842773e-01
7.777837514877319336e-01
4.242098033428192139e-01
7.777837514877319336e-01
7.777837514877319336e-01
6.536296606063842773e-01
7.777837514877319336e-01
7.777837514877319336e-01
7.777837514877319336e-01
7.777837514877319336e-01
4.242098033428192139e-01
4.242098033428192139e-01
4.242098033428192139e-01
7.777837514877319336e-01
7.777837514877319336e-01
7.777837514877319336e-01
4.242098033428192139e-01
7.777837514877319336e-01
7.777837514877319336e-01
7.777837514877319336e-01
4.242098033428192139e-01
7.478376030921936035e-01
7.777837514877319336e-01
7.777837514877319336e-01
7.777837514877319336e-01
7.777837514877319336e-01
7.777837514877319336e-01
7.777837514877319336e-01
7.777837514877319336e-01
7.777837514877319336e-01
4.242098033428192139e-01
4.242098033428192139e-01
4.242098033428192139e-01
7.777837514877319336e-01
7.777837514877319336e-01
7.777837514877319336e-01
7.777837514877319336e-01
7.777837514877319336e-01
7.777837514877319336e-01
7.777837514877319336e-01
4.242098033428192139e-01
4.242098033428192139e-01
7.777837514877319336e-01
7.777837514877319336e-01
7.777837514877319336e-01
7.777837514877319336e-01
7.777837514877319336e-01
7.777837514877319336e-01
7.777837514877319336e-01
7.777837514877319336e-01
7.777837514877319336e-01
4.242098033428192139e-01
4.242098033428192139e-01
7.777837514877319336e-01
6.536296606063842773e-01
4.242098033428192139e-01
7.777837514877319336e-01
7.777837514877319336e-01
4.242098033428192139e-01
7.775748372077941895e-01
4.242098033428192139e-01
7.777837514877319336e-01
7.777837514877319336e-01
7.777837514877319336e-01
4.242098033428192139e-01
7.777837514877319336e-01
7.777837514877319336e-01
4.242098033428192139e-01
4.242098033428192139e-01
7.777837514877319336e-01
4.242098033428192139e-01
7.496668696403503418e-01
4.242098033428192139e-01
4.242098033428192139e-01
7.777837514877319336e-01
4.242098033428192139e-01
4.242098033428192139e-01
7.777837514877319336e-01
4.242098033428192139e-01
4.242098033428192139e-01
4.242098033428192139e-01
4.242098033428192139e-01
4.242098033428192139e-01
7.777837514877319336e-01
7.777837514877319336e-01
4.242098033428192139e-01
4.242098033428192139e-01
4.242098033428192139e-01
7.777837514877319336e-01
4.242098033428192139e-01
4.242098033428192139e-01
7.777837514877319336e-01
4.242098033428192139e-01
4.242098033428192139e-01
4.242098033428192139e-01
7.777837514877319336e-01
7.777837514877319336e-01
4.242098033428192139e-01
7.777837514877319336e-01
4.242098033428192139e-01
7.777837514877319336e-01
4.242098033428192139e-01
4.242098033428192139e-01
4.242098033428192139e-01
4.242098033428192139e-01
4.242098033428192139e-01
7.777837514877319336e-01
4.242098033428192139e-01
4.242098033428192139e-01
4.242098033428192139e-01
4.242098033428192139e-01
4.242098033428192139e-01
4.242098033428192139e-01
4.242098033428192139e-01
4.242098033428192139e-01
4.242098033428192139e-01
4.242098033428192139e-01
4.242098033428192139e-01
4.242098033428192139e-01
4.242098033428192139e-01
4.242098033428192139e-01
4.242098033428192139e-01
4.242098033428192139e-01
4.242098033428192139e-01
4.242098033428192139e-01
4.242098033428192139e-01
4.242098033428192139e-01
4.242098033428192139e-01
4.242098033428192139e-01
4.242098033428192139e-01
4.242098033428192139e-01
4.242098033428192139e-01
4.242098033428192139e-01
4.242098033428192139e-01
4.242098033428192139e-01
4.242098033428192139e-01
4.242098033428192139e-01
4.242098033428192139e-01
4.242098033428192139e-01
4.242098033428192139e-01
4.242098033428192139e-01
4.242098033428192139e-01
4.242098033428192139e-01
4.242098033428192139e-01
4.242098033428192139e-01
4.242098033428192139e-01
4.242098033428192139e-01
4.242098033428192139e-01
4.242098033428192139e-01
4.242098033428192139e-01
4.242098033428192139e-01
4.242098033428192139e-01
4.242098033428192139e-01
4.242098033428192139e-01
4.242098033428192139e-01
4.242098033428192139e-01
4.242098033428192139e-01
4.242098033428192139e-01
4.242098033428192139e-01
4.242098033428192139e-01
4.242098033428192139e-01
4.242098033428192139e-01
4.242098033428192139e-01
4.242098033428192139e-01
4.242098033428192139e-01
4.242098033428192139e-01
4.242098033428192139e-01
4.242098033428192139e-01
4.242098033428192139e-01
4.242098033428192139e-01
4.242098033428192139e-01
4.242098033428192139e-01
4.242098033428192139e-01
4.242098033428192139e-01
7.777837514877319336e-01
7.777837514877319336e-01
7.777804136276245117e-01
4.242098033428192139e-01
7.777837514877319336e-01
7.777837514877319336e-01
7.777837514877319336e-01
7.777837514877319336e-01
7.777837514877319336e-01
7.777837514877319336e-01
7.777832150459289551e-01
7.777837514877319336e-01
7.777837514877319336e-01
7.777837514877319336e-01
7.777837514877319336e-01
7.777837514877319336e-01
7.777837514877319336e-01
7.777837514877319336e-01
6.723314523696899414e-01
7.777837514877319336e-01
7.777837514877319336e-01
7.777837514877319336e-01
7.777837514877319336e-01
7.777837514877319336e-01
7.777837514877319336e-01
7.777837514877319336e-01
7.777837514877319336e-01
4.242098033428192139e-01
7.777837514877319336e-01
7.777837514877319336e-01
7.777718305587768555e-01
7.777837514877319336e-01
7.777837514877319336e-01
7.777837514877319336e-01
7.777837514877319336e-01
7.777837514877319336e-01
7.777837514877319336e-01
7.777708768844604492e-01
7.777837514877319336e-01
7.777837514877319336e-01
6.590614318847656250e-01
7.777837514877319336e-01
7.777837514877319336e-01
7.777837514877319336e-01
4.242098033428192139e-01
7.592975497245788574e-01
7.777837514877319336e-01
7.777837514877319336e-01
7.777837514877319336e-01
7.777837514877319336e-01
7.777837514877319336e-01
7.777837514877319336e-01
7.777837514877319336e-01
4.242098033428192139e-01
7.777837514877319336e-01
7.777837514877319336e-01
7.777837514877319336e-01
7.777837514877319336e-01
7.777837514877319336e-01
7.777837514877319336e-01
7.777837514877319336e-01
7.777837514877319336e-01
7.777837514877319336e-01
7.551208138465881348e-01
7.470723986625671387e-01
7.777837514877319336e-01
7.777837514877319336e-01
7.777837514877319336e-01
4.242098033428192139e-01
7.777837514877319336e-01
4.242098033428192139e-01
7.777837514877319336e-01
7.777837514877319336e-01
7.766045331954956055e-01
4.242098033428192139e-01
4.242098033428192139e-01
4.242098033428192139e-01
4.242098033428192139e-01
7.777796387672424316e-01
7.762329578399658203e-01
6.443131566047668457e-01
4.242098033428192139e-01
4.242098033428192139e-01
7.494429349899291992e-01
4.242098033428192139e-01
6.603729724884033203e-01
4.242098033428192139e-01
7.777837514877319336e-01
4.242098033428192139e-01
4.242098033428192139e-01
7.768909931182861328e-01
4.242098033428192139e-01
4.242098033428192139e-01
4.242098033428192139e-01
4.242098033428192139e-01
4.242098033428192139e-01
6.596753001213073730e-01
4.242098033428192139e-01
4.242098033428192139e-01
4.242098033428192139e-01
4.242098033428192139e-01
4.242098033428192139e-01
7.777837514877319336e-01
4.242098033428192139e-01
7.749795317649841309e-01
4.242098033428192139e-01
6.844716668128967285e-01
4.242098033428192139e-01
4.242098033428192139e-01
4.242098033428192139e-01
4.242098033428192139e-01
4.242098033428192139e-01
4.242098033428192139e-01
4.242098033428192139e-01
4.242098033428192139e-01
6.603729724884033203e-01
4.242098033428192139e-01
4.242098033428192139e-01
4.242098033428192139e-01
7.539907693862915039e-01
4.242098033428192139e-01
6.943840384483337402e-01
4.242098033428192139e-01
7.734642624855041504e-01
4.242098033428192139e-01
4.242098033428192139e-01
4.242098033428192139e-01
7.019176483154296875e-01
4.242098033428192139e-01
4.242098033428192139e-01
4.242098033428192139e-01
7.318767309188842773e-01
4.242098033428192139e-01
4.242098033428192139e-01
4.242098033428192139e-01
4.242098033428192139e-01
4.242098033428192139e-01
4.242098033428192139e-01
4.242098033428192139e-01
7.777837514877319336e-01
6.566303968429565430e-01
4.242098033428192139e-01
4.242098033428192139e-01
4.242098033428192139e-01
7.776614427566528320e-01
4.242098033428192139e-01
4.242098033428192139e-01
4.242098033428192139e-01
4.242098033428192139e-01
4.242098033428192139e-01
4.242098033428192139e-01
4.242098033428192139e-01
4.242098033428192139e-01
4.242098033428192139e-01
4.242098033428192139e-01
4.242098033428192139e-01
4.242098033428192139e-01
4.242098033428192139e-01
4.242098033428192139e-01
4.242098033428192139e-01
4.242098033428192139e-01
4.242098033428192139e-01
4.242098033428192139e-01
4.242098033428192139e-01
4.242098033428192139e-01
4.242098033428192139e-01
4.242098033428192139e-01
4.242098033428192139e-01
4.242098033428192139e-01
4.242098033428192139e-01
4.242098033428192139e-01
4.242098033428192139e-01
4.242098033428192139e-01
4.242098033428192139e-01
4.242098033428192139e-01
4.242098033428192139e-01
4.242098033428192139e-01
4.242098033428192139e-01
4.242098033428192139e-01
4.242098033428192139e-01
4.242098033428192139e-01
4.242098033428192139e-01
4.242098033428192139e-01
4.242098033428192139e-01
4.242098033428192139e-01
4.242098033428192139e-01
4.242098033428192139e-01
4.242098033428192139e-01
4.242098033428192139e-01
4.242098033428192139e-01
4.242098033428192139e-01
4.242098033428192139e-01
4.242098033428192139e-01
4.242098033428192139e-01
4.242098033428192139e-01
4.242098033428192139e-01
4.242098033428192139e-01
4.242098033428192139e-01
4.242098033428192139e-01
4.242098033428192139e-01
4.242098033428192139e-01
4.242098033428192139e-01
4.242098033428192139e-01
4.242098033428192139e-01
4.242098033428192139e-01
4.242098033428192139e-01
4.242098033428192139e-01
4.242098033428192139e-01
4.242098033428192139e-01
4.242098033428192139e-01
4.242098033428192139e-01
4.242098033428192139e-01
4.242098033428192139e-01
4.242098033428192139e-01
4.242098033428192139e-01
4.242098033428192139e-01
4.242098033428192139e-01
4.242098033428192139e-01
4.242098033428192139e-01
4.242098033428192139e-01
4.242098033428192139e-01
4.242098033428192139e-01
4.242098033428192139e-01
4.242098033428192139e-01
4.242098033428192139e-01
4.242098033428192139e-01
4.242098033428192139e-01
4.242098033428192139e-01
4.242098033428192139e-01
4.242098033428192139e-01
4.242098033428192139e-01
4.242098033428192139e-01
4.242098033428192139e-01
4.242098033428192139e-01
4.242098033428192139e-01
4.242098033428192139e-01
4.242098033428192139e-01
4.242098033428192139e-01
4.242098033428192139e-01
4.242098033428192139e-01
4.242098033428192139e-01
4.242098033428192139e-01
4.242098033428192139e-01
4.242098033428192139e-01
4.242098033428192139e-01
4.242098033428192139e-01
4.242098033428192139e-01
4.242098033428192139e-01
4.242098033428192139e-01
4.242098033428192139e-01
4.242098033428192139e-01
4.242098033428192139e-01
4.242098033428192139e-01
4.242098033428192139e-01
4.242098033428192139e-01
4.242098033428192139e-01
4.242098033428192139e-01
4.242098033428192139e-01
4.242098033428192139e-01
4.242098033428192139e-01
4.242098033428192139e-01
4.242098033428192139e-01
4.242098033428192139e-01
4.242098033428192139e-01
4.242098033428192139e-01
4.242098033428192139e-01
4.242098033428192139e-01
4.242098033428192139e-01
4.242098033428192139e-01
4.242098033428192139e-01
4.242098033428192139e-01
4.242098033428192139e-01
4.242098033428192139e-01
4.242098033428192139e-01
4.242098033428192139e-01
4.242098033428192139e-01
4.242098033428192139e-01
4.242098033428192139e-01
4.242098033428192139e-01
4.242098033428192139e-01
4.242098033428192139e-01
4.242098033428192139e-01
4.242098033428192139e-01
4.242098033428192139e-01
4.242098033428192139e-01
4.242098033428192139e-01
4.242098033428192139e-01
4.242098033428192139e-01
4.242098033428192139e-01
4.242098033428192139e-01
4.242098033428192139e-01
4.242098033428192139e-01
4.242098033428192139e-01
4.242098033428192139e-01
4.242098033428192139e-01
4.242098033428192139e-01
4.242098033428192139e-01
4.242098033428192139e-01
4.242098033428192139e-01
4.242098033428192139e-01
4.242098033428192139e-01
4.242098033428192139e-01
4.242098033428192139e-01
4.242098033428192139e-01
4.242098033428192139e-01
4.242098033428192139e-01
4.242098033428192139e-01
4.242098033428192139e-01
4.242098033428192139e-01
4.242098033428192139e-01
4.242098033428192139e-01
4.242098033428192139e-01
4.242098033428192139e-01
4.242098033428192139e-01
4.242098033428192139e-01
4.242098033428192139e-01
4.242098033428192139e-01
4.242098033428192139e-01
4.242098033428192139e-01
4.242098033428192139e-01
4.242098033428192139e-01
4.242098033428192139e-01
4.242098033428192139e-01
4.242098033428192139e-01
4.242098033428192139e-01
4.242098033428192139e-01
4.242098033428192139e-01
4.242098033428192139e-01
4.242098033428192139e-01
4.242098033428192139e-01
4.242098033428192139e-01
4.242098033428192139e-01
4.242098033428192139e-01
4.242098033428192139e-01
4.242098033428192139e-01
4.242098033428192139e-01
4.242098033428192139e-01
4.242098033428192139e-01
4.242098033428192139e-01
4.242098033428192139e-01
7.689437270164489746e-01
4.242098033428192139e-01
4.242098033428192139e-01
4.242098033428192139e-01
4.242098033428192139e-01
4.242098033428192139e-01
4.242098033428192139e-01
4.242098033428192139e-01
4.242098033428192139e-01
4.242098033428192139e-01
4.242098033428192139e-01
4.242098033428192139e-01
4.242098033428192139e-01
4.242098033428192139e-01
4.242098033428192139e-01
4.242098033428192139e-01
4.242098033428192139e-01
4.242098033428192139e-01
4.242098033428192139e-01
4.242098033428192139e-01
4.242098033428192139e-01
4.242098033428192139e-01
6.536296606063842773e-01
4.242098033428192139e-01
4.242098033428192139e-01
4.242098033428192139e-01
4.242098033428192139e-01
4.242098033428192139e-01
4.242098033428192139e-01
4.242098033428192139e-01
4.242098033428192139e-01
4.242098033428192139e-01
4.242098033428192139e-01
4.242098033428192139e-01
4.242098033428192139e-01
7.425776124000549316e-01
4.242098033428192139e-01
4.242098033428192139e-01
4.242098033428192139e-01
4.242098033428192139e-01
6.359366178512573242e-01
4.242098033428192139e-01
4.242098033428192139e-01
4.242098033428192139e-01
4.242098033428192139e-01
4.242098033428192139e-01
4.242098033428192139e-01
4.242098033428192139e-01
4.242098033428192139e-01
4.242098033428192139e-01
4.242098033428192139e-01
4.242098033428192139e-01
4.242098033428192139e-01
4.242098033428192139e-01
4.242098033428192139e-01
4.242098033428192139e-01
4.242098033428192139e-01
4.242098033428192139e-01
4.242098033428192139e-01
7.496668696403503418e-01
4.242098033428192139e-01
4.242098033428192139e-01
4.242098033428192139e-01
4.242098033428192139e-01
4.242098033428192139e-01
4.242098033428192139e-01
4.242098033428192139e-01
4.242098033428192139e-01
4.242098033428192139e-01
4.242098033428192139e-01
4.242098033428192139e-01
4.242098033428192139e-01
4.242098033428192139e-01
4.242098033428192139e-01
4.242098033428192139e-01
4.242098033428192139e-01
4.242098033428192139e-01
4.242098033428192139e-01
4.242098033428192139e-01
4.242098033428192139e-01
4.242098033428192139e-01
4.242098033428192139e-01
4.242098033428192139e-01
4.242098033428192139e-01
4.242098033428192139e-01
4.242098033428192139e-01
4.242098033428192139e-01
4.242098033428192139e-01
4.242098033428192139e-01
4.242098033428192139e-01
4.242098033428192139e-01
4.242098033428192139e-01
4.242098033428192139e-01
4.242098033428192139e-01
4.242098033428192139e-01
4.242098033428192139e-01
4.242098033428192139e-01
4.242098033428192139e-01
4.242098033428192139e-01
4.242098033428192139e-01
4.242098033428192139e-01
4.242098033428192139e-01
4.242098033428192139e-01
4.242098033428192139e-01
4.242098033428192139e-01
4.242098033428192139e-01
4.242098033428192139e-01
4.242098033428192139e-01
4.242098033428192139e-01
4.242098033428192139e-01
4.242098033428192139e-01
4.242098033428192139e-01
4.242098033428192139e-01
4.242098033428192139e-01
4.242098033428192139e-01
4.242098033428192139e-01
4.242098033428192139e-01
4.242098033428192139e-01
4.242098033428192139e-01
4.242098033428192139e-01
4.242098033428192139e-01
4.242098033428192139e-01
4.242098033428192139e-01
4.242098033428192139e-01
4.242098033428192139e-01
4.242098033428192139e-01
4.242098033428192139e-01
4.242098033428192139e-01
4.242098033428192139e-01
4.242098033428192139e-01
4.242098033428192139e-01
4.242098033428192139e-01
4.242098033428192139e-01
4.242098033428192139e-01
4.242098033428192139e-01
4.242098033428192139e-01
4.242098033428192139e-01
4.242098033428192139e-01
4.242098033428192139e-01
4.242098033428192139e-01
4.242098033428192139e-01
4.242098033428192139e-01
4.242098033428192139e-01
4.242098033428192139e-01
4.242098033428192139e-01
4.242098033428192139e-01
4.242098033428192139e-01
4.242098033428192139e-01
4.242098033428192139e-01
4.242098033428192139e-01
4.242098033428192139e-01
4.242098033428192139e-01
4.242098033428192139e-01
4.242098033428192139e-01
4.242098033428192139e-01
4.242098033428192139e-01
4.242098033428192139e-01
4.242098033428192139e-01
4.242098033428192139e-01
4.242098033428192139e-01
4.242098033428192139e-01
4.242098033428192139e-01
6.512958407402038574e-01
4.242098033428192139e-01
4.242098033428192139e-01
6.590614318847656250e-01
6.590614318847656250e-01
4.242098033428192139e-01
4.242098033428192139e-01
4.242098033428192139e-01
4.242098033428192139e-01
4.242098033428192139e-01
7.551789879798889160e-01
4.242098033428192139e-01
7.423684597015380859e-01
7.777837514877319336e-01
6.590614318847656250e-01
4.242098033428192139e-01
4.242098033428192139e-01
4.242098033428192139e-01
4.242098033428192139e-01
4.242098033428192139e-01
6.590614318847656250e-01
6.590614318847656250e-01
4.242098033428192139e-01
4.242098033428192139e-01
7.526908516883850098e-01
4.242098033428192139e-01
4.242098033428192139e-01
4.242098033428192139e-01
4.242098033428192139e-01
4.242098033428192139e-01
4.242098033428192139e-01
4.242098033428192139e-01
4.242098033428192139e-01
4.242098033428192139e-01
4.242098033428192139e-01
4.242098033428192139e-01
4.242098033428192139e-01
4.242098033428192139e-01
4.242098033428192139e-01
6.494219303131103516e-01
6.590614318847656250e-01
4.242098033428192139e-01
4.242098033428192139e-01
4.242098033428192139e-01
6.494219303131103516e-01
4.242098033428192139e-01
4.242098033428192139e-01
4.242098033428192139e-01
4.242098033428192139e-01
4.242098033428192139e-01
4.242098033428192139e-01
4.242098033428192139e-01
4.242098033428192139e-01
6.730358004570007324e-01
4.242098033428192139e-01
4.242098033428192139e-01
7.501655817031860352e-01
4.242098033428192139e-01
4.242098033428192139e-01
4.242098033428192139e-01
4.242098033428192139e-01
4.242098033428192139e-01
