3.913753628730773926e-01
4.143745005130767822e-01
3.801507949829101562e-01
3.695281445980072021e-01
3.695281445980072021e-01
3.896496295928955078e-01
3.695281445980072021e-01
3.695281445980072021e-01
3.695281445980072021e-01
3.802128732204437256e-01
4.026522338390350342e-01
3.695281445980072021e-01
3.825742006301879883e-01
3.810024857521057129e-01
3.695281445980072021e-01
3.695281445980072021e-01
3.785344064235687256e-01
3.802182674407958984e-01
3.695281445980072021e-01
4.136047363281250000e-01
3.695281445980072021e-01
3.818069994449615479e-01
3.695281445980072021e-01
3.852414488792419434e-01
3.695281445980072021e-01
3.904758989810943604e-01
3.832999765872955322e-01
3.875711858272552490e-01
3.878778517246246338e-01
3.695281445980072021e-01
4.042667448520660400e-01
3.695281445980072021e-01
3.892156183719635010e-01
3.849628269672393799e-01
3.899741470813751221e-01
3.856989443302154541e-01
3.813597261905670166e-01
3.801775872707366943e-01
3.695281445980072021e-01
3.875123858451843262e-01
3.695281445980072021e-01
3.695281445980072021e-01
4.003075361251831055e-01
3.695281445980072021e-01
3.695281445980072021e-01
3.695281445980072021e-01
3.695281445980072021e-01
3.695281445980072021e-01
3.807225525379180908e-01
3.695281445980072021e-01
3.840931653976440430e-01
3.695281445980072021e-01
3.695281445980072021e-01
3.852259516716003418e-01
3.695281445980072021e-01
3.695281445980072021e-01
3.850291371345520020e-01
3.695281445980072021e-01
3.695281445980072021e-01
3.819926083087921143e-01
4.007221162319183350e-01
3.832204341888427734e-01
3.798168003559112549e-01
3.695281445980072021e-01
3.819894790649414062e-01
3.695281445980072021e-01
3.695281445980072021e-01
3.806231021881103516e-01
3.695281445980072021e-01
3.695281445980072021e-01
3.840032517910003662e-01
3.973281979560852051e-01
3.695281445980072021e-01
3.695281445980072021e-01
3.759295642375946045e-01
3.695281445980072021e-01
3.695281445980072021e-01
3.695281445980072021e-01
3.921543359756469727e-01
3.695281445980072021e-01
3.695281445980072021e-01
3.975256979465484619e-01
3.695281445980072021e-01
3.695281445980072021e-01
3.695281445980072021e-01
3.695281445980072021e-01
4.158975183963775635e-01
3.695281445980072021e-01
3.879341185092926025e-01
3.695281445980072021e-01
4.006787240505218506e-01
4.081490039825439453e-01
3.695281445980072021e-01
3.864896893501281738e-01
3.798838853836059570e-01
4.291430115699768066e-01
3.852318227291107178e-01
3.876923918724060059e-01
3.695281445980072021e-01
3.695281445980072021e-01
3.695281445980072021e-01
3.853962719440460205e-01
3.695281445980072021e-01
3.695281445980072021e-01
3.861518800258636475e-01
3.974076807498931885e-01
3.807588815689086914e-01
3.695281445980072021e-01
3.695281445980072021e-01
3.695281445980072021e-01
3.846246302127838135e-01
3.695281445980072021e-01
3.695281445980072021e-01
3.695281445980072021e-01
4.027061760425567627e-01
3.695281445980072021e-01
3.695281445980072021e-01
4.176779389381408691e-01
3.919933438301086426e-01
4.089747071266174316e-01
3.825129270553588867e-01
4.094753861427307129e-01
3.853025138378143311e-01
3.695281445980072021e-01
4.061763882637023926e-01
3.695281445980072021e-01
3.848954141139984131e-01
3.695281445980072021e-01
3.916823267936706543e-01
4.164723753929138184e-01
3.887245059013366699e-01
3.828734159469604492e-01
3.891006708145141602e-01
3.695281445980072021e-01
3.975687623023986816e-01
3.695281445980072021e-01
3.865692615509033203e-01
4.079157114028930664e-01
4.013160765171051025e-01
3.861580193042755127e-01
3.695281445980072021e-01
4.235683381557464600e-01
3.921079933643341064e-01
3.695281445980072021e-01
4.141668379306793213e-01
3.695281445980072021e-01
3.695281445980072021e-01
3.695281445980072021e-01
3.851112723350524902e-01
4.035850465297698975e-01
3.897697031497955322e-01
3.695281445980072021e-01
3.871076107025146484e-01
3.695281445980072021e-01
3.922485113143920898e-01
3.818818032741546631e-01
3.749313950538635254e-01
3.879156410694122314e-01
3.867346942424774170e-01
3.695281445980072021e-01
3.695281445980072021e-01
3.695281445980072021e-01
3.695281445980072021e-01
3.907792568206787109e-01
3.832204341888427734e-01
3.848489820957183838e-01
3.695281445980072021e-01
3.695281445980072021e-01
3.954042494297027588e-01
3.695281445980072021e-01
3.695281445980072021e-01
4.205894172191619873e-01
3.695281445980072021e-01
3.853786885738372803e-01
3.810721635818481445e-01
3.695281445980072021e-01
3.846648931503295898e-01
3.695281445980072021e-01
3.695281445980072021e-01
3.890710175037384033e-01
3.695281445980072021e-01
3.695281445980072021e-01
3.891053199768066406e-01
3.695281445980072021e-01
3.859409987926483154e-01
3.959543406963348389e-01
3.695281445980072021e-01
3.695281445980072021e-01
3.782350122928619385e-01
3.963226974010467529e-01
3.695281445980072021e-01
3.695281445980072021e-01
4.153284430503845215e-01
3.997165262699127197e-01
3.695281445980072021e-01
4.051973819732666016e-01
3.695281445980072021e-01
3.695281445980072021e-01
3.695281445980072021e-01
3.939411938190460205e-01
3.695281445980072021e-01
3.963788449764251709e-01
3.695281445980072021e-01
4.269150793552398682e-01
3.852556645870208740e-01
3.695281445980072021e-01
3.695281445980072021e-01
3.695281445980072021e-01
4.087873399257659912e-01
3.695281445980072021e-01
3.695281445980072021e-01
3.695281445980072021e-01
3.695281445980072021e-01
3.923914134502410889e-01
4.241048097610473633e-01
3.800517916679382324e-01
4.116584956645965576e-01
3.695281445980072021e-01
4.017698168754577637e-01
4.117255210876464844e-01
3.764460384845733643e-01
4.095103144645690918e-01
3.775976300239562988e-01
3.695281445980072021e-01
3.897846639156341553e-01
3.695281445980072021e-01
3.695281445980072021e-01
3.695281445980072021e-01
4.051082134246826172e-01
3.868548870086669922e-01
3.695281445980072021e-01
3.695281445980072021e-01
3.695281445980072021e-01
3.914639055728912354e-01
3.873649537563323975e-01
3.872058987617492676e-01
3.695281445980072021e-01
3.976520299911499023e-01
4.217537641525268555e-01
4.200653731822967529e-01
3.695281445980072021e-01
3.874621689319610596e-01
3.695281445980072021e-01
3.876695930957794189e-01
3.695281445980072021e-01
3.695281445980072021e-01
3.695281445980072021e-01
3.839335143566131592e-01
3.695281445980072021e-01
3.695281445980072021e-01
3.695281445980072021e-01
3.695281445980072021e-01
3.695281445980072021e-01
3.993704617023468018e-01
3.695281445980072021e-01
3.958357274532318115e-01
3.754394948482513428e-01
3.783158063888549805e-01
3.813302814960479736e-01
3.695281445980072021e-01
3.860496282577514648e-01
3.695281445980072021e-01
3.695281445980072021e-01
3.695281445980072021e-01
3.854533135890960693e-01
3.695281445980072021e-01
4.059990644454956055e-01
3.832909464836120605e-01
3.695281445980072021e-01
3.845639824867248535e-01
3.695281445980072021e-01
3.842085301876068115e-01
4.036768376827239990e-01
3.933998048305511475e-01
3.842347860336303711e-01
3.695281445980072021e-01
3.695281445980072021e-01
3.695281445980072021e-01
3.695281445980072021e-01
3.695281445980072021e-01
3.833686411380767822e-01
3.695281445980072021e-01
3.695281445980072021e-01
3.695281445980072021e-01
4.015242755413055420e-01
3.893696665763854980e-01
3.695281445980072021e-01
3.842085301876068115e-01
3.891357779502868652e-01
3.695281445980072021e-01
3.695281445980072021e-01
3.695281445980072021e-01
3.695281445980072021e-01
3.865751326084136963e-01
3.802404701709747314e-01
3.695281445980072021e-01
3.851720392704010010e-01
3.695281445980072021e-01
3.695281445980072021e-01
3.813654482364654541e-01
3.695281445980072021e-01
3.993231654167175293e-01
3.695281445980072021e-01
3.695281445980072021e-01
3.867155313491821289e-01
3.933748006820678711e-01
3.695281445980072021e-01
3.758968114852905273e-01
3.903789520263671875e-01
3.695281445980072021e-01
3.695281445980072021e-01
3.695281445980072021e-01
3.844611644744873047e-01
3.803667426109313965e-01
3.695281445980072021e-01
3.695281445980072021e-01
4.175590276718139648e-01
3.695281445980072021e-01
3.896510601043701172e-01
3.859830796718597412e-01
3.695281445980072021e-01
3.695281445980072021e-01
3.853588104248046875e-01
3.695281445980072021e-01
3.695281445980072021e-01
3.695281445980072021e-01
3.695281445980072021e-01
3.695281445980072021e-01
3.695281445980072021e-01
3.890220224857330322e-01
3.845988810062408447e-01
3.808760046958923340e-01
3.695281445980072021e-01
3.695281445980072021e-01
3.695281445980072021e-01
3.695281445980072021e-01
3.695281445980072021e-01
3.695281445980072021e-01
3.695281445980072021e-01
3.695281445980072021e-01
3.945446312427520752e-01
3.820146024227142334e-01
3.695281445980072021e-01
3.734297752380371094e-01
3.695281445980072021e-01
3.695281445980072021e-01
3.695281445980072021e-01
3.695281445980072021e-01
3.695281445980072021e-01
3.971187472343444824e-01
3.844036161899566650e-01
3.695281445980072021e-01
3.695281445980072021e-01
3.695281445980072021e-01
3.695281445980072021e-01
3.936407864093780518e-01
3.695281445980072021e-01
3.695281445980072021e-01
3.806636035442352295e-01
3.695281445980072021e-01
3.996242880821228027e-01
3.695281445980072021e-01
3.695281445980072021e-01
3.893571496009826660e-01
3.695281445980072021e-01
3.695281445980072021e-01
3.695281445980072021e-01
3.908655643463134766e-01
3.695281445980072021e-01
3.695281445980072021e-01
3.826521635055541992e-01
3.768501877784729004e-01
3.695281445980072021e-01
3.695281445980072021e-01
3.695281445980072021e-01
3.695281445980072021e-01
3.790613412857055664e-01
3.873935639858245850e-01
3.695281445980072021e-01
3.695281445980072021e-01
3.695281445980072021e-01
3.695281445980072021e-01
3.695281445980072021e-01
3.695281445980072021e-01
3.748386800289154053e-01
3.695281445980072021e-01
3.695281445980072021e-01
3.695281445980072021e-01
3.695281445980072021e-01
3.695281445980072021e-01
3.695281445980072021e-01
3.695281445980072021e-01
3.695281445980072021e-01
3.695281445980072021e-01
3.695281445980072021e-01
3.695281445980072021e-01
3.695281445980072021e-01
3.806585967540740967e-01
3.695281445980072021e-01
3.695281445980072021e-01
3.695281445980072021e-01
3.883130848407745361e-01
3.815107941627502441e-01
3.695281445980072021e-01
3.695281445980072021e-01
3.864561021327972412e-01
3.695281445980072021e-01
3.695281445980072021e-01
3.695281445980072021e-01
3.846819698810577393e-01
3.695281445980072021e-01
3.695281445980072021e-01
3.695281445980072021e-01
3.695281445980072021e-01
3.695281445980072021e-01
3.695281445980072021e-01
3.695281445980072021e-01
3.695281445980072021e-01
3.760863840579986572e-01
3.695281445980072021e-01
3.695281445980072021e-01
3.695281445980072021e-01
3.695281445980072021e-01
3.695281445980072021e-01
3.695281445980072021e-01
3.695281445980072021e-01
3.695281445980072021e-01
3.816971182823181152e-01
3.820200860500335693e-01
3.941023051738739014e-01
3.832744359970092773e-01
3.850657343864440918e-01
3.863035440444946289e-01
3.695281445980072021e-01
3.695281445980072021e-01
3.695281445980072021e-01
3.840272128582000732e-01
3.887195587158203125e-01
3.767503798007965088e-01
3.695281445980072021e-01
3.695281445980072021e-01
3.749817907810211182e-01
3.695281445980072021e-01
3.695281445980072021e-01
3.695281445980072021e-01
3.755682408809661865e-01
3.798269927501678467e-01
3.724170625209808350e-01
3.781484365463256836e-01
3.695281445980072021e-01
3.695281445980072021e-01
3.695281445980072021e-01
3.878148794174194336e-01
3.695281445980072021e-01
3.695281445980072021e-01
3.794890642166137695e-01
3.861359357833862305e-01
3.695281445980072021e-01
3.695281445980072021e-01
3.928063511848449707e-01
3.695281445980072021e-01
3.879181742668151855e-01
3.695281445980072021e-01
3.695281445980072021e-01
3.695281445980072021e-01
3.695281445980072021e-01
3.900219500064849854e-01
3.695281445980072021e-01
3.695281445980072021e-01
4.162487685680389404e-01
4.074795842170715332e-01
3.695281445980072021e-01
3.695281445980072021e-01
3.695281445980072021e-01
3.898667693138122559e-01
3.695281445980072021e-01
3.790595829486846924e-01
3.827091753482818604e-01
3.695281445980072021e-01
3.695281445980072021e-01
3.695281445980072021e-01
3.695281445980072021e-01
3.831141591072082520e-01
3.695281445980072021e-01
3.695281445980072021e-01
3.695281445980072021e-01
3.743129670619964600e-01
3.695281445980072021e-01
3.737001419067382812e-01
3.904224932193756104e-01
4.101631641387939453e-01
3.695281445980072021e-01
3.772887289524078369e-01
3.852028846740722656e-01
3.802074491977691650e-01
3.695281445980072021e-01
3.362589776515960693e-01
3.695281445980072021e-01
3.695281445980072021e-01
3.695281445980072021e-01
3.695281445980072021e-01
3.695281445980072021e-01
3.695281445980072021e-01
3.695281445980072021e-01
3.695281445980072021e-01
3.695281445980072021e-01
3.695281445980072021e-01
3.695281445980072021e-01
3.695281445980072021e-01
3.695281445980072021e-01
3.695281445980072021e-01
3.695281445980072021e-01
3.522917628288269043e-01
3.695281445980072021e-01
3.695281445980072021e-01
3.695281445980072021e-01
3.695281445980072021e-01
3.695281445980072021e-01
3.695281445980072021e-01
3.695281445980072021e-01
3.695281445980072021e-01
3.695281445980072021e-01
3.695281445980072021e-01
3.695281445980072021e-01
3.695281445980072021e-01
3.695281445980072021e-01
3.695281445980072021e-01
3.695281445980072021e-01
3.695281445980072021e-01
3.695281445980072021e-01
3.695281445980072021e-01
3.509581685066223145e-01
3.695281445980072021e-01
3.695281445980072021e-01
3.695281445980072021e-01
3.695281445980072021e-01
3.695281445980072021e-01
3.362589776515960693e-01
3.695281445980072021e-01
3.695281445980072021e-01
3.695281445980072021e-01
3.695281445980072021e-01
3.695281445980072021e-01
3.695281445980072021e-01
3.695281445980072021e-01
3.695281445980072021e-01
3.412941098213195801e-01
3.695281445980072021e-01
3.695281445980072021e-01
3.695281445980072021e-01
3.695281445980072021e-01
3.695281445980072021e-01
3.695281445980072021e-01
3.695281445980072021e-01
3.695281445980072021e-01
3.695281445980072021e-01
3.695281445980072021e-01
3.695281445980072021e-01
3.695281445980072021e-01
3.695281445980072021e-01
3.695281445980072021e-01
3.695281445980072021e-01
3.695281445980072021e-01
3.695281445980072021e-01
3.695281445980072021e-01
3.695281445980072021e-01
3.695281445980072021e-01
3.695281445980072021e-01
3.695281445980072021e-01
3.695281445980072021e-01
3.695281445980072021e-01
3.695281445980072021e-01
3.695281445980072021e-01
3.695281445980072021e-01
3.695281445980072021e-01
3.695281445980072021e-01
3.579845428466796875e-01
3.695281445980072021e-01
3.695281445980072021e-01
3.695281445980072021e-01
3.695281445980072021e-01
3.695281445980072021e-01
3.695281445980072021e-01
3.695281445980072021e-01
3.695281445980072021e-01
3.695281445980072021e-01
3.695281445980072021e-01
3.695281445980072021e-01
3.695281445980072021e-01
3.695281445980072021e-01
3.695281445980072021e-01
3.695281445980072021e-01
3.695281445980072021e-01
3.707026839256286621e-01
3.695281445980072021e-01
3.695281445980072021e-01
3.695281445980072021e-01
3.695281445980072021e-01
3.695281445980072021e-01
3.695281445980072021e-01
3.695281445980072021e-01
3.695281445980072021e-01
3.627310991287231445e-01
3.695281445980072021e-01
3.695281445980072021e-01
3.695281445980072021e-01
3.695281445980072021e-01
3.695281445980072021e-01
3.695281445980072021e-01
3.695281445980072021e-01
3.695281445980072021e-01
3.695281445980072021e-01
3.695281445980072021e-01
3.695281445980072021e-01
3.695281445980072021e-01
3.695281445980072021e-01
3.695281445980072021e-01
3.695281445980072021e-01
3.695281445980072021e-01
3.695281445980072021e-01
3.695281445980072021e-01
3.695281445980072021e-01
3.695281445980072021e-01
3.695281445980072021e-01
3.695281445980072021e-01
3.695281445980072021e-01
3.695281445980072021e-01
3.695281445980072021e-01
3.695281445980072021e-01
3.695281445980072021e-01
3.695281445980072021e-01
3.695281445980072021e-01
3.695281445980072021e-01
3.695281445980072021e-01
3.695281445980072021e-01
3.695281445980072021e-01
3.695281445980072021e-01
3.695281445980072021e-01
3.695281445980072021e-01
3.695281445980072021e-01
3.695281445980072021e-01
3.695281445980072021e-01
3.695281445980072021e-01
3.695281445980072021e-01
3.695281445980072021e-01
3.695281445980072021e-01
3.695281445980072021e-01
3.695281445980072021e-01
3.695281445980072021e-01
3.695281445980072021e-01
3.695281445980072021e-01
3.695281445980072021e-01
3.695281445980072021e-01
3.695281445980072021e-01
3.695281445980072021e-01
3.639224767684936523e-01
3.695281445980072021e-01
3.695281445980072021e-01
3.695281445980072021e-01
3.695281445980072021e-01
3.695281445980072021e-01
3.695281445980072021e-01
3.695281445980072021e-01
3.695281445980072021e-01
3.695281445980072021e-01
3.695281445980072021e-01
3.695281445980072021e-01
3.695281445980072021e-01
3.695281445980072021e-01
3.695281445980072021e-01
3.695281445980072021e-01
3.565042912960052490e-01
3.695281445980072021e-01
3.695281445980072021e-01
3.695281445980072021e-01
3.695281445980072021e-01
3.695281445980072021e-01
3.695281445980072021e-01
3.695281445980072021e-01
3.695281445980072021e-01
3.695281445980072021e-01
3.695281445980072021e-01
3.695281445980072021e-01
3.695281445980072021e-01
3.695281445980072021e-01
3.695281445980072021e-01
3.695281445980072021e-01
3.695281445980072021e-01
3.695281445980072021e-01
3.695281445980072021e-01
3.695281445980072021e-01
3.695281445980072021e-01
3.695281445980072021e-01
3.695281445980072021e-01
3.695281445980072021e-01
3.695281445980072021e-01
3.695281445980072021e-01
3.695281445980072021e-01
3.695281445980072021e-01
3.695281445980072021e-01
3.695281445980072021e-01
3.695281445980072021e-01
3.695281445980072021e-01
3.695281445980072021e-01
3.695281445980072021e-01
3.695281445980072021e-01
3.695281445980072021e-01
3.695281445980072021e-01
3.695281445980072021e-01
3.695281445980072021e-01
3.695281445980072021e-01
3.587499856948852539e-01
3.695281445980072021e-01
3.695281445980072021e-01
3.695281445980072021e-01
3.695281445980072021e-01
3.695281445980072021e-01
3.695281445980072021e-01
3.695281445980072021e-01
3.695281445980072021e-01
3.695281445980072021e-01
3.695281445980072021e-01
3.695281445980072021e-01
3.695281445980072021e-01
3.695281445980072021e-01
3.695281445980072021e-01
3.695281445980072021e-01
3.695281445980072021e-01
3.695281445980072021e-01
3.695281445980072021e-01
3.695281445980072021e-01
3.695281445980072021e-01
3.695281445980072021e-01
3.695281445980072021e-01
3.695281445980072021e-01
3.695281445980072021e-01
3.695281445980072021e-01
3.695281445980072021e-01
3.695281445980072021e-01
3.695281445980072021e-01
3.695281445980072021e-01
3.695281445980072021e-01
3.695281445980072021e-01
3.695281445980072021e-01
3.695281445980072021e-01
3.695281445980072021e-01
3.695281445980072021e-01
3.695281445980072021e-01
3.695281445980072021e-01
3.695281445980072021e-01
3.695281445980072021e-01
3.695281445980072021e-01
3.695281445980072021e-01
3.695281445980072021e-01
3.695281445980072021e-01
3.695281445980072021e-01
3.695281445980072021e-01
3.695281445980072021e-01
3.695281445980072021e-01
3.695281445980072021e-01
3.695281445980072021e-01
3.695281445980072021e-01
3.695281445980072021e-01
3.695281445980072021e-01
3.695281445980072021e-01
3.695281445980072021e-01
3.695281445980072021e-01
3.695281445980072021e-01
3.695281445980072021e-01
3.695281445980072021e-01
3.695281445980072021e-01
3.695281445980072021e-01
3.695281445980072021e-01
3.695281445980072021e-01
3.695281445980072021e-01
3.695281445980072021e-01
3.695281445980072021e-01
3.695281445980072021e-01
3.695281445980072021e-01
3.695281445980072021e-01
3.695281445980072021e-01
3.695281445980072021e-01
3.695281445980072021e-01
3.695281445980072021e-01
3.695281445980072021e-01
3.695281445980072021e-01
3.695281445980072021e-01
3.695281445980072021e-01
3.695281445980072021e-01
3.695281445980072021e-01
3.695281445980072021e-01
3.695281445980072021e-01
3.695281445980072021e-01
3.695281445980072021e-01
3.588563203811645508e-01
3.695281445980072021e-01
3.695281445980072021e-01
3.695281445980072021e-01
3.695281445980072021e-01
3.695281445980072021e-01
3.695281445980072021e-01
3.695281445980072021e-01
3.695281445980072021e-01
3.695281445980072021e-01
3.695281445980072021e-01
3.695281445980072021e-01
3.695281445980072021e-01
3.695281445980072021e-01
3.695281445980072021e-01
3.695281445980072021e-01
3.695281445980072021e-01
3.695281445980072021e-01
3.695281445980072021e-01
3.695281445980072021e-01
3.695281445980072021e-01
3.695281445980072021e-01
3.695281445980072021e-01
3.695281445980072021e-01
3.695281445980072021e-01
3.695281445980072021e-01
3.695281445980072021e-01
3.695281445980072021e-01
3.695281445980072021e-01
3.619413077831268311e-01
3.695281445980072021e-01
3.695281445980072021e-01
3.695281445980072021e-01
3.695281445980072021e-01
3.695281445980072021e-01
3.700659871101379395e-01
3.695281445980072021e-01
3.695281445980072021e-01
3.695281445980072021e-01
3.686179816722869873e-01
3.695281445980072021e-01
3.695281445980072021e-01
3.695281445980072021e-01
3.695281445980072021e-01
3.695281445980072021e-01
3.695281445980072021e-01
3.695281445980072021e-01
3.695281445980072021e-01
3.695281445980072021e-01
3.577124178409576416e-01
3.695281445980072021e-01
3.695281445980072021e-01
3.695281445980072021e-01
3.695281445980072021e-01
3.695281445980072021e-01
3.695281445980072021e-01
3.695281445980072021e-01
3.695281445980072021e-01
3.695281445980072021e-01
3.695281445980072021e-01
3.695281445980072021e-01
3.695281445980072021e-01
3.695281445980072021e-01
3.695281445980072021e-01
3.695281445980072021e-01
3.695281445980072021e-01
3.695281445980072021e-01
3.695281445980072021e-01
3.695281445980072021e-01
3.695281445980072021e-01
3.695281445980072021e-01
3.695281445980072021e-01
3.695281445980072021e-01
3.695281445980072021e-01
3.695281445980072021e-01
3.695281445980072021e-01
3.695281445980072021e-01
3.695281445980072021e-01
3.695281445980072021e-01
3.695281445980072021e-01
3.695281445980072021e-01
3.572961091995239258e-01
3.695281445980072021e-01
3.695281445980072021e-01
3.695281445980072021e-01
3.695281445980072021e-01
3.695281445980072021e-01
3.695281445980072021e-01
3.695281445980072021e-01
3.695281445980072021e-01
3.695281445980072021e-01
3.695281445980072021e-01
3.695281445980072021e-01
3.695281445980072021e-01
3.695281445980072021e-01
3.672808706760406494e-01
3.695281445980072021e-01
3.695281445980072021e-01
3.695281445980072021e-01
3.695281445980072021e-01
3.695281445980072021e-01
3.695281445980072021e-01
3.695281445980072021e-01
3.695281445980072021e-01
3.695281445980072021e-01
3.695281445980072021e-01
3.695281445980072021e-01
3.695281445980072021e-01
3.695281445980072021e-01
3.695281445980072021e-01
3.574114739894866943e-01
3.582696318626403809e-01
3.695281445980072021e-01
3.695281445980072021e-01
3.695281445980072021e-01
3.695281445980072021e-01
3.504481315612792969e-01
3.695281445980072021e-01
3.695281445980072021e-01
3.695281445980072021e-01
3.695281445980072021e-01
3.695281445980072021e-01
3.695281445980072021e-01
3.695281445980072021e-01
3.695281445980072021e-01
3.695281445980072021e-01
3.695281445980072021e-01
3.695281445980072021e-01
3.695281445980072021e-01
3.695281445980072021e-01
3.695281445980072021e-01
3.695281445980072021e-01
3.695281445980072021e-01
3.695281445980072021e-01
3.695281445980072021e-01
3.695281445980072021e-01
3.695281445980072021e-01
3.695281445980072021e-01
3.695281445980072021e-01
3.695281445980072021e-01
3.695281445980072021e-01
3.695281445980072021e-01
3.695281445980072021e-01
3.695281445980072021e-01
3.695281445980072021e-01
3.695281445980072021e-01
3.695281445980072021e-01
3.695281445980072021e-01
3.695281445980072021e-01
3.695281445980072021e-01
3.695281445980072021e-01
3.695281445980072021e-01
3.695281445980072021e-01
3.695281445980072021e-01
3.695281445980072021e-01
3.695281445980072021e-01
3.695281445980072021e-01
3.695281445980072021e-01
3.695281445980072021e-01
3.695281445980072021e-01
3.695281445980072021e-01
3.695281445980072021e-01
3.695281445980072021e-01
3.695281445980072021e-01
3.695281445980072021e-01
3.695281445980072021e-01
3.695281445980072021e-01
3.695281445980072021e-01
3.695281445980072021e-01
3.695281445980072021e-01
3.695281445980072021e-01
3.664750754833221436e-01
3.695281445980072021e-01
3.695281445980072021e-01
3.695281445980072021e-01
3.695281445980072021e-01
3.695281445980072021e-01
3.695281445980072021e-01
3.695281445980072021e-01
3.695281445980072021e-01
3.695281445980072021e-01
3.695281445980072021e-01
3.695281445980072021e-01
3.695281445980072021e-01
3.695281445980072021e-01
3.695281445980072021e-01
3.695281445980072021e-01
3.695281445980072021e-01
3.695281445980072021e-01
3.695281445980072021e-01
3.695281445980072021e-01
3.695281445980072021e-01
3.695281445980072021e-01
3.599570095539093018e-01
3.695281445980072021e-01
3.695281445980072021e-01
3.695281445980072021e-01
3.695281445980072021e-01
3.695281445980072021e-01
3.695281445980072021e-01
3.695281445980072021e-01
3.695281445980072021e-01
3.695281445980072021e-01
3.695281445980072021e-01
3.695281445980072021e-01
3.695281445980072021e-01
3.695281445980072021e-01
3.695281445980072021e-01
3.695281445980072021e-01
3.695281445980072021e-01
3.695281445980072021e-01
3.614393472671508789e-01
3.695281445980072021e-01
3.695281445980072021e-01
3.648272752761840820e-01
3.695281445980072021e-01
3.695281445980072021e-01
3.695281445980072021e-01
3.611654639244079590e-01
3.695281445980072021e-01
3.695281445980072021e-01
3.695281445980072021e-01
3.695281445980072021e-01
3.695281445980072021e-01
3.695281445980072021e-01
3.695281445980072021e-01
3.533380627632141113e-01
3.695281445980072021e-01
3.695281445980072021e-01
3.695281445980072021e-01
3.557646274566650391e-01
3.695281445980072021e-01
3.695281445980072021e-01
3.695281445980072021e-01
3.695281445980072021e-01
3.695281445980072021e-01
3.695281445980072021e-01
3.695281445980072021e-01
3.695281445980072021e-01
3.695281445980072021e-01
3.695281445980072021e-01
3.695281445980072021e-01
3.695281445980072021e-01
3.546365201473236084e-01
3.695281445980072021e-01
3.695281445980072021e-01
3.669315874576568604e-01
3.695281445980072021e-01
3.695281445980072021e-01
3.695281445980072021e-01
3.695281445980072021e-01
3.695281445980072021e-01
3.695281445980072021e-01
3.695281445980072021e-01
3.695281445980072021e-01
3.695281445980072021e-01
3.695281445980072021e-01
3.695281445980072021e-01
3.695281445980072021e-01
3.695281445980072021e-01
3.695281445980072021e-01
3.695281445980072021e-01
3.603025972843170166e-01
3.695281445980072021e-01
3.672464489936828613e-01
3.695281445980072021e-01
3.695281445980072021e-01
