7.283464074134826660e-01
7.712357640266418457e-01
7.423371672630310059e-01
7.225154638290405273e-01
7.225154638290405273e-01
7.273390889167785645e-01
7.225154638290405273e-01
7.225154638290405273e-01
7.225154638290405273e-01
7.395601272583007812e-01
6.914772987365722656e-01
7.225154638290405273e-01
7.349033951759338379e-01
7.402736544609069824e-01
7.225154638290405273e-01
7.225154638290405273e-01
7.415552139282226562e-01
7.403117418289184570e-01
7.117545604705810547e-01
7.507905364036560059e-01
7.225154638290405273e-01
7.364127039909362793e-01
7.225154638290405273e-01
7.367115020751953125e-01
7.225154638290405273e-01
7.401712536811828613e-01
7.510048151016235352e-01
7.326055765151977539e-01
7.285185456275939941e-01
7.225154638290405273e-01
7.634085416793823242e-01
7.212903499603271484e-01
7.516884207725524902e-01
5.684540867805480957e-01
7.589389681816101074e-01
7.384864091873168945e-01
7.335614562034606934e-01
7.427666187286376953e-01
7.225154638290405273e-01
7.281814217567443848e-01
7.225154638290405273e-01
7.225154638290405273e-01
7.483956217765808105e-01
7.224971055984497070e-01
7.225154638290405273e-01
7.225154638290405273e-01
7.225154638290405273e-01
7.225154638290405273e-01
3.662854135036468506e-01
7.225154638290405273e-01
7.458204030990600586e-01
7.225154638290405273e-01
7.225154638290405273e-01
3.952765464782714844e-01
7.225154638290405273e-01
7.225154638290405273e-01
7.731803059577941895e-01
7.225154638290405273e-01
7.225154638290405273e-01
7.312914729118347168e-01
7.584674954414367676e-01
7.549969553947448730e-01
7.332704067230224609e-01
7.225154638290405273e-01
7.338221669197082520e-01
3.489442765712738037e-01
7.225154638290405273e-01
7.346716523170471191e-01
7.225154638290405273e-01
7.225154638290405273e-01
7.400776147842407227e-01
7.439025044441223145e-01
7.225154638290405273e-01
7.225154638290405273e-01
7.392227053642272949e-01
3.489442765712738037e-01
3.489442765712738037e-01
3.489442765712738037e-01
3.843710720539093018e-01
3.489442765712738037e-01
3.489442765712738037e-01
3.944526314735412598e-01
3.489442765712738037e-01
3.489442765712738037e-01
3.489442765712738037e-01
3.489442765712738037e-01
3.842935860157012939e-01
3.489442765712738037e-01
3.973605632781982422e-01
3.489442765712738037e-01
3.974337875843048096e-01
3.866136074066162109e-01
3.489442765712738037e-01
3.711165785789489746e-01
3.810459673404693604e-01
4.068757891654968262e-01
3.834439814090728760e-01
3.870257139205932617e-01
3.489442765712738037e-01
3.489442765712738037e-01
3.489442765712738037e-01
3.925481438636779785e-01
3.489442765712738037e-01
3.489442765712738037e-01
3.933124840259552002e-01
3.752960562705993652e-01
3.921228945255279541e-01
3.489442765712738037e-01
3.489442765712738037e-01
3.489442765712738037e-01
3.998416662216186523e-01
3.489442765712738037e-01
3.489442765712738037e-01
3.489442765712738037e-01
3.819749951362609863e-01
3.489442765712738037e-01
3.489442765712738037e-01
3.979932069778442383e-01
3.858113884925842285e-01
4.181905090808868408e-01
3.789611458778381348e-01
4.029608368873596191e-01
3.888702988624572754e-01
3.489442765712738037e-01
3.867098093032836914e-01
3.489442765712738037e-01
3.778018057346343994e-01
3.489442765712738037e-01
3.782641887664794922e-01
4.337706863880157471e-01
4.104748964309692383e-01
3.863442242145538330e-01
3.846648931503295898e-01
3.489442765712738037e-01
3.759626746177673340e-01
3.489442765712738037e-01
3.815426230430603027e-01
3.970856070518493652e-01
3.920360207557678223e-01
3.922533392906188965e-01
3.489442765712738037e-01
3.961491882801055908e-01
3.763225674629211426e-01
3.489442765712738037e-01
3.984368145465850830e-01
3.489442765712738037e-01
3.489442765712738037e-01
3.489442765712738037e-01
3.938134610652923584e-01
3.857733607292175293e-01
3.848128914833068848e-01
3.489442765712738037e-01
3.821823596954345703e-01
3.489442765712738037e-01
3.727353215217590332e-01
3.743742704391479492e-01
3.781997561454772949e-01
3.842701017856597900e-01
3.761752843856811523e-01
3.489442765712738037e-01
3.489442765712738037e-01
3.489442765712738037e-01
3.489442765712738037e-01
3.787962496280670166e-01
3.676690757274627686e-01
3.812825083732604980e-01
3.489442765712738037e-01
3.489442765712738037e-01
4.006460607051849365e-01
3.489442765712738037e-01
3.489442765712738037e-01
4.207961261272430420e-01
3.489442765712738037e-01
3.841851651668548584e-01
3.742842972278594971e-01
3.489442765712738037e-01
3.925170004367828369e-01
3.489442765712738037e-01
3.489442765712738037e-01
3.780201673507690430e-01
3.489442765712738037e-01
3.489442765712738037e-01
3.767318427562713623e-01
3.489442765712738037e-01
4.038105905055999756e-01
3.945669829845428467e-01
3.489442765712738037e-01
3.489442765712738037e-01
3.804721832275390625e-01
4.123582839965820312e-01
3.489442765712738037e-01
3.489442765712738037e-01
4.042910635471343994e-01
3.893695473670959473e-01
3.489442765712738037e-01
4.394697248935699463e-01
3.489442765712738037e-01
3.489442765712738037e-01
3.489442765712738037e-01
4.072509109973907471e-01
3.489442765712738037e-01
4.235633611679077148e-01
3.489442765712738037e-01
4.000113010406494141e-01
3.977067172527313232e-01
3.489442765712738037e-01
3.489442765712738037e-01
3.489442765712738037e-01
4.007111787796020508e-01
3.489442765712738037e-01
3.489442765712738037e-01
3.489442765712738037e-01
3.489442765712738037e-01
3.868367373943328857e-01
4.107714295387268066e-01
3.908562958240509033e-01
4.137436151504516602e-01
3.489442765712738037e-01
4.065988063812255859e-01
3.934417366981506348e-01
3.769156634807586670e-01
3.913006186485290527e-01
3.854750692844390869e-01
3.489442765712738037e-01
4.005441665649414062e-01
3.489442765712738037e-01
3.489442765712738037e-01
3.489442765712738037e-01
4.048217833042144775e-01
3.911764919757843018e-01
3.489442765712738037e-01
3.489442765712738037e-01
3.489442765712738037e-01
3.835432231426239014e-01
3.889496624469757080e-01
3.905926346778869629e-01
3.489442765712738037e-01
3.835950195789337158e-01
4.185980558395385742e-01
4.094511270523071289e-01
3.489442765712738037e-01
3.830301165580749512e-01
3.489442765712738037e-01
3.852553367614746094e-01
3.489442765712738037e-01
3.489442765712738037e-01
7.225154638290405273e-01
7.489631772041320801e-01
7.225154638290405273e-01
3.489442765712738037e-01
3.489442765712738037e-01
7.225154638290405273e-01
5.532944202423095703e-01
7.490797042846679688e-01
3.489442765712738037e-01
7.428475618362426758e-01
7.367866039276123047e-01
5.789479017257690430e-01
7.369384169578552246e-01
7.225154638290405273e-01
7.520745992660522461e-01
7.225154638290405273e-01
3.489442765712738037e-01
3.489442765712738037e-01
3.640210330486297607e-01
7.225154638290405273e-01
7.481860518455505371e-01
7.455422878265380859e-01
3.489442765712738037e-01
7.489486336708068848e-01
7.225154638290405273e-01
7.438507080078125000e-01
4.088318049907684326e-01
7.026708126068115234e-01
7.531641721725463867e-01
7.225154638290405273e-01
7.225154638290405273e-01
7.225154638290405273e-01
7.225154638290405273e-01
7.225154638290405273e-01
7.329054474830627441e-01
7.225154638290405273e-01
3.489442765712738037e-01
3.489442765712738037e-01
4.044512212276458740e-01
7.390443682670593262e-01
7.225154638290405273e-01
7.438507080078125000e-01
7.459813356399536133e-01
7.225154638290405273e-01
7.225154638290405273e-01
7.225154638290405273e-01
3.489442765712738037e-01
3.925190567970275879e-01
7.343231439590454102e-01
7.225154638290405273e-01
7.433465123176574707e-01
7.225154638290405273e-01
7.225154638290405273e-01
7.352973818778991699e-01
7.225154638290405273e-01
7.462229132652282715e-01
7.225154638290405273e-01
3.489442765712738037e-01
3.811879754066467285e-01
7.428882718086242676e-01
5.532944202423095703e-01
3.895063400268554688e-01
7.361370325088500977e-01
7.225154638290405273e-01
3.489442765712738037e-01
7.222278714179992676e-01
3.729011714458465576e-01
7.359239459037780762e-01
7.225154638290405273e-01
7.225154638290405273e-01
3.995359838008880615e-01
7.225154638290405273e-01
7.528380751609802246e-01
3.905718326568603516e-01
3.489442765712738037e-01
7.225154638290405273e-01
3.871673643589019775e-01
6.836630105972290039e-01
3.489442765712738037e-01
3.489442765712738037e-01
7.225154638290405273e-01
3.489442765712738037e-01
3.489442765712738037e-01
7.750024795532226562e-01
3.747736513614654541e-01
3.841305971145629883e-01
3.489442765712738037e-01
3.489442765712738037e-01
3.489442765712738037e-01
7.225154638290405273e-01
7.225154638290405273e-01
3.489442765712738037e-01
3.489442765712738037e-01
3.489442765712738037e-01
7.549331188201904297e-01
3.811776340007781982e-01
3.489442765712738037e-01
7.460595965385437012e-01
3.489442765712738037e-01
3.489442765712738037e-01
3.489442765712738037e-01
7.225154638290405273e-01
7.225154638290405273e-01
3.876950442790985107e-01
7.456414699554443359e-01
3.489442765712738037e-01
7.225154638290405273e-01
3.489442765712738037e-01
3.489442765712738037e-01
3.739690184593200684e-01
3.489442765712738037e-01
3.489442765712738037e-01
7.492181658744812012e-01
3.489442765712738037e-01
3.866783976554870605e-01
3.489442765712738037e-01
3.489442765712738037e-01
3.760445713996887207e-01
3.489442765712738037e-01
3.489442765712738037e-01
3.489442765712738037e-01
3.793311417102813721e-01
3.489442765712738037e-01
3.489442765712738037e-01
3.631390929222106934e-01
3.781481981277465820e-01
3.489442765712738037e-01
3.489442765712738037e-01
3.489442765712738037e-01
3.489442765712738037e-01
3.706793189048767090e-01
3.815581500530242920e-01
3.489442765712738037e-01
3.489442765712738037e-01
3.489442765712738037e-01
3.489442765712738037e-01
3.489442765712738037e-01
3.489442765712738037e-01
3.799522221088409424e-01
3.489442765712738037e-01
3.489442765712738037e-01
3.489442765712738037e-01
3.489442765712738037e-01
3.489442765712738037e-01
3.489442765712738037e-01
3.489442765712738037e-01
3.489442765712738037e-01
3.489442765712738037e-01
3.489442765712738037e-01
3.489442765712738037e-01
3.489442765712738037e-01
3.741940855979919434e-01
3.489442765712738037e-01
3.489442765712738037e-01
3.489442765712738037e-01
3.815129101276397705e-01
3.729583024978637695e-01
3.489442765712738037e-01
3.489442765712738037e-01
3.718435168266296387e-01
3.489442765712738037e-01
3.489442765712738037e-01
3.489442765712738037e-01
3.790328502655029297e-01
3.489442765712738037e-01
3.489442765712738037e-01
3.489442765712738037e-01
3.489442765712738037e-01
3.489442765712738037e-01
3.489442765712738037e-01
3.489442765712738037e-01
3.489442765712738037e-01
3.766443431377410889e-01
3.489442765712738037e-01
3.489442765712738037e-01
3.489442765712738037e-01
3.489442765712738037e-01
3.489442765712738037e-01
3.489442765712738037e-01
3.489442765712738037e-01
7.225154638290405273e-01
7.345654368400573730e-01
7.453724741935729980e-01
3.773552179336547852e-01
7.357563972473144531e-01
7.414305806159973145e-01
7.366142868995666504e-01
7.225154638290405273e-01
7.225154638290405273e-01
7.225154638290405273e-01
7.401633262634277344e-01
7.372640371322631836e-01
7.406172752380371094e-01
7.225154638290405273e-01
7.225154638290405273e-01
7.274315357208251953e-01
7.225154638290405273e-01
7.225154638290405273e-01
5.782187581062316895e-01
7.368198633193969727e-01
7.624765038490295410e-01
7.490146756172180176e-01
7.228916287422180176e-01
7.225154638290405273e-01
7.225154638290405273e-01
7.225154638290405273e-01
7.450700402259826660e-01
3.489442765712738037e-01
7.225154638290405273e-01
7.359298467636108398e-01
7.440885305404663086e-01
7.225154638290405273e-01
7.225154638290405273e-01
7.364503741264343262e-01
7.225154638290405273e-01
7.547690272331237793e-01
7.225154638290405273e-01
7.224977612495422363e-01
7.225154638290405273e-01
7.225154638290405273e-01
5.867764949798583984e-01
7.225154638290405273e-01
7.225154638290405273e-01
7.527860403060913086e-01
3.824925720691680908e-01
6.969708204269409180e-01
7.225154638290405273e-01
7.225154638290405273e-01
7.341873049736022949e-01
7.225154638290405273e-01
7.376164793968200684e-01
7.431354522705078125e-01
7.225154638290405273e-01
3.489442765712738037e-01
7.225154638290405273e-01
7.225154638290405273e-01
7.594062685966491699e-01
7.225154638290405273e-01
7.225154638290405273e-01
7.225154638290405273e-01
7.413266897201538086e-01
7.225154638290405273e-01
7.326999306678771973e-01
7.136409878730773926e-01
7.138071656227111816e-01
7.225154638290405273e-01
7.526271939277648926e-01
7.591159939765930176e-01
3.804372549057006836e-01
7.225154638290405273e-01
3.724119663238525391e-01
7.225154638290405273e-01
7.225154638290405273e-01
7.208918929100036621e-01
3.489442765712738037e-01
3.489442765712738037e-01
3.457505404949188232e-01
3.489442765712738037e-01
7.109327912330627441e-01
7.203803658485412598e-01
5.409064292907714844e-01
3.489442765712738037e-01
3.489442765712738037e-01
6.787855625152587891e-01
3.489442765712738037e-01
5.622947812080383301e-01
3.489442765712738037e-01
7.225154638290405273e-01
3.489442765712738037e-01
3.489442765712738037e-01
7.212863564491271973e-01
3.489442765712738037e-01
3.489442765712738037e-01
3.489442765712738037e-01
3.489442765712738037e-01
3.489442765712738037e-01
5.613631010055541992e-01
3.489442765712738037e-01
3.489442765712738037e-01
3.489442765712738037e-01
3.489442765712738037e-01
3.489442765712738037e-01
7.133833765983581543e-01
3.489442765712738037e-01
7.004513144493103027e-01
3.489442765712738037e-01
5.945647954940795898e-01
3.489442765712738037e-01
3.489442765712738037e-01
3.489442765712738037e-01
3.489442765712738037e-01
3.475589752197265625e-01
3.489442765712738037e-01
3.489442765712738037e-01
3.489442765712738037e-01
5.622947812080383301e-01
3.489442765712738037e-01
3.489442765712738037e-01
3.489442765712738037e-01
6.896372437477111816e-01
3.489442765712738037e-01
6.078762412071228027e-01
3.489442765712738037e-01
7.165548205375671387e-01
3.489442765712738037e-01
3.489442765712738037e-01
3.489442765712738037e-01
6.180443167686462402e-01
3.489442765712738037e-01
3.489442765712738037e-01
3.489442765712738037e-01
6.590856313705444336e-01
3.489442765712738037e-01
3.489442765712738037e-01
3.489442765712738037e-01
3.489442765712738037e-01
3.489442765712738037e-01
3.489442765712738037e-01
3.489442765712738037e-01
7.219157218933105469e-01
5.501323342323303223e-01
3.489442765712738037e-01
3.489442765712738037e-01
3.489442765712738037e-01
7.086638212203979492e-01
3.489442765712738037e-01
3.489442765712738037e-01
3.489442765712738037e-01
3.489442765712738037e-01
3.489442765712738037e-01
3.489442765712738037e-01
3.489442765712738037e-01
3.489442765712738037e-01
3.489442765712738037e-01
3.489442765712738037e-01
3.489442765712738037e-01
3.489442765712738037e-01
3.489442765712738037e-01
3.489442765712738037e-01
3.489442765712738037e-01
3.489442765712738037e-01
3.489442765712738037e-01
3.489442765712738037e-01
3.489442765712738037e-01
3.489442765712738037e-01
3.489442765712738037e-01
3.489442765712738037e-01
3.489442765712738037e-01
3.489442765712738037e-01
3.489442765712738037e-01
3.489442765712738037e-01
3.489442765712738037e-01
3.489442765712738037e-01
3.489442765712738037e-01
3.489442765712738037e-01
3.489442765712738037e-01
3.489442765712738037e-01
3.489442765712738037e-01
3.489442765712738037e-01
3.489442765712738037e-01
3.489442765712738037e-01
3.489442765712738037e-01
3.489442765712738037e-01
3.489442765712738037e-01
3.489442765712738037e-01
3.489442765712738037e-01
3.489442765712738037e-01
3.489442765712738037e-01
3.489442765712738037e-01
3.489442765712738037e-01
3.489442765712738037e-01
3.489442765712738037e-01
3.489442765712738037e-01
3.489442765712738037e-01
3.489442765712738037e-01
3.489442765712738037e-01
3.489442765712738037e-01
3.489442765712738037e-01
3.489442765712738037e-01
3.489442765712738037e-01
3.489442765712738037e-01
3.489442765712738037e-01
3.489442765712738037e-01
3.489442765712738037e-01
3.489442765712738037e-01
3.489442765712738037e-01
3.489442765712738037e-01
3.489442765712738037e-01
3.489442765712738037e-01
3.489442765712738037e-01
3.489442765712738037e-01
3.489442765712738037e-01
3.489442765712738037e-01
3.489442765712738037e-01
3.489442765712738037e-01
3.489442765712738037e-01
3.489442765712738037e-01
3.489442765712738037e-01
3.489442765712738037e-01
3.489442765712738037e-01
3.489442765712738037e-01
3.489442765712738037e-01
3.489442765712738037e-01
3.489442765712738037e-01
3.489442765712738037e-01
3.489442765712738037e-01
3.489442765712738037e-01
3.489442765712738037e-01
3.489442765712738037e-01
3.489442765712738037e-01
3.489442765712738037e-01
3.489442765712738037e-01
3.489442765712738037e-01
3.489442765712738037e-01
3.489442765712738037e-01
3.489442765712738037e-01
3.489442765712738037e-01
3.489442765712738037e-01
3.489442765712738037e-01
3.489442765712738037e-01
3.489442765712738037e-01
3.489442765712738037e-01
3.489442765712738037e-01
3.489442765712738037e-01
3.489442765712738037e-01
3.489442765712738037e-01
3.489442765712738037e-01
3.489442765712738037e-01
3.489442765712738037e-01
3.489442765712738037e-01
3.489442765712738037e-01
3.489442765712738037e-01
3.489442765712738037e-01
3.489442765712738037e-01
3.489442765712738037e-01
3.489442765712738037e-01
3.489442765712738037e-01
3.489442765712738037e-01
3.489442765712738037e-01
3.489442765712738037e-01
3.489442765712738037e-01
3.489442765712738037e-01
3.489442765712738037e-01
3.489442765712738037e-01
3.442929089069366455e-01
3.489442765712738037e-01
3.489442765712738037e-01
3.489442765712738037e-01
3.489442765712738037e-01
3.489442765712738037e-01
3.489442765712738037e-01
3.489442765712738037e-01
3.489442765712738037e-01
3.489442765712738037e-01
3.430463373661041260e-01
3.489442765712738037e-01
3.489442765712738037e-01
3.489442765712738037e-01
3.489442765712738037e-01
3.489442765712738037e-01
3.489442765712738037e-01
3.489442765712738037e-01
3.489442765712738037e-01
3.489442765712738037e-01
3.489442765712738037e-01
3.489442765712738037e-01
3.489442765712738037e-01
3.489442765712738037e-01
3.489442765712738037e-01
3.489442765712738037e-01
3.489442765712738037e-01
3.489442765712738037e-01
3.489442765712738037e-01
3.489442765712738037e-01
3.489442765712738037e-01
3.489442765712738037e-01
3.489442765712738037e-01
3.489442765712738037e-01
3.489442765712738037e-01
3.489442765712738037e-01
3.489442765712738037e-01
3.489442765712738037e-01
3.489442765712738037e-01
3.489442765712738037e-01
3.489442765712738037e-01
3.489442765712738037e-01
3.489442765712738037e-01
3.489442765712738037e-01
3.489442765712738037e-01
3.489442765712738037e-01
3.489442765712738037e-01
3.489442765712738037e-01
3.489442765712738037e-01
3.489442765712738037e-01
3.489442765712738037e-01
3.489442765712738037e-01
3.489442765712738037e-01
3.489442765712738037e-01
3.489442765712738037e-01
3.489442765712738037e-01
3.580117821693420410e-01
3.489442765712738037e-01
3.489442765712738037e-01
3.489442765712738037e-01
3.489442765712738037e-01
3.489442765712738037e-01
3.489442765712738037e-01
3.489442765712738037e-01
3.489442765712738037e-01
3.489442765712738037e-01
3.489442765712738037e-01
3.489442765712738037e-01
3.489442765712738037e-01
3.489442765712738037e-01
3.489442765712738037e-01
3.489442765712738037e-01
3.489442765712738037e-01
3.489442765712738037e-01
3.489442765712738037e-01
3.489442765712738037e-01
7.103055119514465332e-01
3.489442765712738037e-01
3.489442765712738037e-01
3.489442765712738037e-01
3.489442765712738037e-01
3.489442765712738037e-01
3.489442765712738037e-01
3.489442765712738037e-01
3.489442765712738037e-01
3.489442765712738037e-01
3.489442765712738037e-01
3.489442765712738037e-01
3.489442765712738037e-01
3.489442765712738037e-01
3.489442765712738037e-01
3.489442765712738037e-01
3.489442765712738037e-01
3.489442765712738037e-01
3.531517386436462402e-01
3.489442765712738037e-01
3.489442765712738037e-01
3.489442765712738037e-01
5.532944202423095703e-01
3.489442765712738037e-01
3.489442765712738037e-01
3.489442765712738037e-01
3.489442765712738037e-01
3.489442765712738037e-01
3.489442765712738037e-01
3.489442765712738037e-01
3.489442765712738037e-01
3.489442765712738037e-01
3.489442765712738037e-01
3.489442765712738037e-01
3.489442765712738037e-01
6.738601922988891602e-01
3.489442765712738037e-01
3.489442765712738037e-01
3.489442765712738037e-01
3.489442765712738037e-01
5.297529697418212891e-01
3.489442765712738037e-01
3.539672791957855225e-01
3.489442765712738037e-01
3.489442765712738037e-01
3.489442765712738037e-01
3.489442765712738037e-01
3.489442765712738037e-01
3.489442765712738037e-01
3.489442765712738037e-01
3.489442765712738037e-01
3.489442765712738037e-01
3.489442765712738037e-01
3.489442765712738037e-01
3.489442765712738037e-01
3.489442765712738037e-01
3.489442765712738037e-01
3.489442765712738037e-01
3.489442765712738037e-01
6.836630105972290039e-01
3.489442765712738037e-01
3.489442765712738037e-01
3.489442765712738037e-01
3.489442765712738037e-01
3.489442765712738037e-01
3.489442765712738037e-01
3.489442765712738037e-01
3.489442765712738037e-01
3.489442765712738037e-01
3.489442765712738037e-01
3.489442765712738037e-01
3.489442765712738037e-01
3.489442765712738037e-01
3.489442765712738037e-01
3.489442765712738037e-01
3.489442765712738037e-01
3.489442765712738037e-01
3.489442765712738037e-01
3.489442765712738037e-01
3.489442765712738037e-01
3.489442765712738037e-01
3.489442765712738037e-01
3.489442765712738037e-01
3.489442765712738037e-01
3.489442765712738037e-01
3.489442765712738037e-01
3.489442765712738037e-01
3.489442765712738037e-01
3.489442765712738037e-01
3.489442765712738037e-01
3.489442765712738037e-01
3.489442765712738037e-01
3.489442765712738037e-01
3.489442765712738037e-01
3.483829498291015625e-01
3.489442765712738037e-01
3.489442765712738037e-01
3.489442765712738037e-01
3.471704423427581787e-01
3.489442765712738037e-01
3.489442765712738037e-01
3.489442765712738037e-01
3.489442765712738037e-01
3.489442765712738037e-01
3.564280271530151367e-01
3.489442765712738037e-01
3.489442765712738037e-01
3.489442765712738037e-01
3.489442765712738037e-01
3.489442765712738037e-01
3.489442765712738037e-01
3.489442765712738037e-01
3.454549014568328857e-01
3.489442765712738037e-01
3.489442765712738037e-01
3.489442765712738037e-01
3.353827595710754395e-01
3.489442765712738037e-01
3.489442765712738037e-01
3.489442765712738037e-01
3.489442765712738037e-01
3.489442765712738037e-01
3.489442765712738037e-01
3.489442765712738037e-01
3.489442765712738037e-01
3.489442765712738037e-01
3.489442765712738037e-01
3.489442765712738037e-01
3.489442765712738037e-01
3.489442765712738037e-01
3.489442765712738037e-01
3.489442765712738037e-01
3.489442765712738037e-01
3.489442765712738037e-01
3.489442765712738037e-01
3.489442765712738037e-01
3.489442765712738037e-01
3.489442765712738037e-01
3.489442765712738037e-01
3.489442765712738037e-01
3.489442765712738037e-01
3.489442765712738037e-01
3.489442765712738037e-01
3.489442765712738037e-01
3.489442765712738037e-01
3.489442765712738037e-01
3.489442765712738037e-01
3.489442765712738037e-01
3.489442765712738037e-01
3.420676589012145996e-01
3.489442765712738037e-01
3.489442765712738037e-01
3.489442765712738037e-01
3.489442765712738037e-01
3.489442765712738037e-01
3.489442765712738037e-01
3.489442765712738037e-01
3.489442765712738037e-01
3.489442765712738037e-01
3.489442765712738037e-01
3.489442765712738037e-01
3.489442765712738037e-01
5.501949787139892578e-01
3.489442765712738037e-01
3.489442765712738037e-01
5.605415701866149902e-01
5.605415701866149902e-01
3.489442765712738037e-01
3.489442765712738037e-01
3.489442765712738037e-01
3.489442765712738037e-01
3.489442765712738037e-01
6.912788152694702148e-01
3.489442765712738037e-01
6.735714673995971680e-01
7.225154638290405273e-01
5.605415701866149902e-01
3.489442765712738037e-01
3.489442765712738037e-01
3.489442765712738037e-01
3.489442765712738037e-01
3.489442765712738037e-01
5.594604611396789551e-01
5.605415701866149902e-01
3.489442765712738037e-01
3.489442765712738037e-01
6.878434419631958008e-01
3.489442765712738037e-01
3.489442765712738037e-01
3.489442765712738037e-01
3.489442765712738037e-01
3.489442765712738037e-01
3.489442765712738037e-01
3.489442765712738037e-01
3.489442765712738037e-01
3.489442765712738037e-01
3.489442765712738037e-01
3.489442765712738037e-01
3.530908524990081787e-01
3.489442765712738037e-01
3.489442765712738037e-01
5.477076768875122070e-01
5.605415701866149902e-01
3.489442765712738037e-01
3.489442765712738037e-01
3.489442765712738037e-01
5.477076768875122070e-01
3.489442765712738037e-01
3.489442765712738037e-01
3.489442765712738037e-01
3.489442765712738037e-01
3.514539301395416260e-01
3.489442765712738037e-01
3.489442765712738037e-01
3.489442765712738037e-01
5.791620016098022461e-01
3.489442765712738037e-01
3.489442765712738037e-01
6.843528747558593750e-01
3.461820483207702637e-01
3.489442765712738037e-01
3.489442765712738037e-01
3.489442765712738037e-01
3.489442765712738037e-01
