7.205651998519897461e-01
6.843503713607788086e-01
6.679359674453735352e-01
8.266867399215698242e-01
7.464789152145385742e-01
7.774237990379333496e-01
7.560179829597473145e-01
8.148705959320068359e-01
7.933509349822998047e-01
8.284195661544799805e-01
6.531499028205871582e-01
7.293543815612792969e-01
7.639645338058471680e-01
7.415766716003417969e-01
7.071266174316406250e-01
7.773333787918090820e-01
7.256795763969421387e-01
7.030395269393920898e-01
6.835850477218627930e-01
7.799041271209716797e-01
8.413333296775817871e-01
6.835442185401916504e-01
8.219708800315856934e-01
7.996908426284790039e-01
7.160253524780273438e-01
7.675556540489196777e-01
6.853905916213989258e-01
7.469410300254821777e-01
7.085835933685302734e-01
7.866590619087219238e-01
6.812968850135803223e-01
7.952904701232910156e-01
6.823398470878601074e-01
7.336491942405700684e-01
6.909160614013671875e-01
7.261586189270019531e-01
7.085909843444824219e-01
7.501486539840698242e-01
7.144084572792053223e-01
6.899412870407104492e-01
7.702642083168029785e-01
7.320733070373535156e-01
7.452077865600585938e-01
7.453134655952453613e-01
8.128316402435302734e-01
7.537459731101989746e-01
7.658441066741943359e-01
6.831520795822143555e-01
6.487373709678649902e-01
7.448906302452087402e-01
8.372362852096557617e-01
7.372593879699707031e-01
7.467631101608276367e-01
7.067759633064270020e-01
8.172621130943298340e-01
6.475411057472229004e-01
7.271076440811157227e-01
8.440124988555908203e-01
7.427068352699279785e-01
8.192483782768249512e-01
7.284606695175170898e-01
7.462258934974670410e-01
7.414339780807495117e-01
8.542932868003845215e-01
8.619511723518371582e-01
6.962355375289916992e-01
8.000761270523071289e-01
7.128987908363342285e-01
6.776998639106750488e-01
7.016046047210693359e-01
7.474955916404724121e-01
7.548251748085021973e-01
7.733822464942932129e-01
7.630939483642578125e-01
7.427806854248046875e-01
8.289561271667480469e-01
7.813127636909484863e-01
8.130375742912292480e-01
8.275607824325561523e-01
7.743302583694458008e-01
7.640156745910644531e-01
7.647748589515686035e-01
8.128872513771057129e-01
8.557733893394470215e-01
7.915012240409851074e-01
7.386565208435058594e-01
8.256273269653320312e-01
7.759987711906433105e-01
8.369534611701965332e-01
8.190954327583312988e-01
8.340501785278320312e-01
8.038444519042968750e-01
8.091960549354553223e-01
8.393871188163757324e-01
7.543494701385498047e-01
8.071815967559814453e-01
8.429569005966186523e-01
7.218446731567382812e-01
8.254903554916381836e-01
7.352355718612670898e-01
7.684101462364196777e-01
8.034929633140563965e-01
8.197855353355407715e-01
7.782481908798217773e-01
7.888416051864624023e-01
8.320181965827941895e-01
7.898713946342468262e-01
8.387269973754882812e-01
8.096883893013000488e-01
7.912904024124145508e-01
7.777472138404846191e-01
7.764261364936828613e-01
8.067307472229003906e-01
7.869790196418762207e-01
8.274978399276733398e-01
7.542980909347534180e-01
7.661316394805908203e-01
8.271648287773132324e-01
8.166068792343139648e-01
6.889344453811645508e-01
7.915104031562805176e-01
7.938959598541259766e-01
7.673350572586059570e-01
7.937254309654235840e-01
8.335173130035400391e-01
7.764395475387573242e-01
7.047058343887329102e-01
8.236979246139526367e-01
8.045285940170288086e-01
7.687849998474121094e-01
8.075206875801086426e-01
7.637543678283691406e-01
8.348415493965148926e-01
8.275534510612487793e-01
8.582676649093627930e-01
8.482561111450195312e-01
7.484406232833862305e-01
7.702617645263671875e-01
8.257404565811157227e-01
7.490524053573608398e-01
7.163632512092590332e-01
8.225597143173217773e-01
7.054248452186584473e-01
7.967656254768371582e-01
7.938634753227233887e-01
8.355649113655090332e-01
7.831448316574096680e-01
7.809801697731018066e-01
8.244092464447021484e-01
8.194931745529174805e-01
7.614716887474060059e-01
6.649931669235229492e-01
7.888513803482055664e-01
8.290531039237976074e-01
8.159379959106445312e-01
7.767702937126159668e-01
7.951890230178833008e-01
7.630102634429931641e-01
8.314680457115173340e-01
8.075737953186035156e-01
7.951758503913879395e-01
9.027585983276367188e-01
7.503972053527832031e-01
8.251128792762756348e-01
7.647587656974792480e-01
7.937669157981872559e-01
8.128377795219421387e-01
8.306893110275268555e-01
8.204161524772644043e-01
8.081355094909667969e-01
8.557131886482238770e-01
8.503648638725280762e-01
8.743988275527954102e-01
8.610088825225830078e-01
8.517531156539916992e-01
8.484654426574707031e-01
8.617956042289733887e-01
8.277195096015930176e-01
8.571720719337463379e-01
8.817853331565856934e-01
8.517631292343139648e-01
8.690494298934936523e-01
8.168042302131652832e-01
8.683996796607971191e-01
8.754158020019531250e-01
8.542479276657104492e-01
8.686965107917785645e-01
8.720732927322387695e-01
8.344779610633850098e-01
8.181884288787841797e-01
8.485848903656005859e-01
8.217917084693908691e-01
8.579673767089843750e-01
8.575508594512939453e-01
8.344861865043640137e-01
8.340008258819580078e-01
8.466754555702209473e-01
8.239023685455322266e-01
8.429665565490722656e-01
8.447653055191040039e-01
8.464770913124084473e-01
8.213744759559631348e-01
8.833135366439819336e-01
8.412120938301086426e-01
8.602465987205505371e-01
8.514043688774108887e-01
8.601238131523132324e-01
8.798297047615051270e-01
8.545093536376953125e-01
8.125140666961669922e-01
8.340141177177429199e-01
8.534769415855407715e-01
8.682643175125122070e-01
8.562688231468200684e-01
8.622506260871887207e-01
8.616715669631958008e-01
8.495267629623413086e-01
8.542723655700683594e-01
8.517040610313415527e-01
8.648721575736999512e-01
8.017362356185913086e-01
8.207616806030273438e-01
8.177194595336914062e-01
8.721569776535034180e-01
8.431028723716735840e-01
8.236345052719116211e-01
8.467239737510681152e-01
8.614107966423034668e-01
8.498083949089050293e-01
8.540829420089721680e-01
8.480477929115295410e-01
8.663766384124755859e-01
8.526044487953186035e-01
8.551575541496276855e-01
8.484061956405639648e-01
8.665352463722229004e-01
8.648613095283508301e-01
8.334574103355407715e-01
8.209056854248046875e-01
8.419281244277954102e-01
8.857523798942565918e-01
8.441845774650573730e-01
8.464846611022949219e-01
8.601973056793212891e-01
8.836733698844909668e-01
9.082916378974914551e-01
9.268936514854431152e-01
9.051553010940551758e-01
9.279351234436035156e-01
9.135866165161132812e-01
9.003592729568481445e-01
9.213190674781799316e-01
9.327448606491088867e-01
9.093800187110900879e-01
8.642042875289916992e-01
9.058703184127807617e-01
9.265374541282653809e-01
8.806197643280029297e-01
9.356014132499694824e-01
9.047578573226928711e-01
9.383494853973388672e-01
9.159854054450988770e-01
8.782843351364135742e-01
9.080724716186523438e-01
8.805670142173767090e-01
8.965550065040588379e-01
9.350677728652954102e-01
9.343628883361816406e-01
9.075696468353271484e-01
9.076793193817138672e-01
9.255205988883972168e-01
9.424356222152709961e-01
9.056407809257507324e-01
9.097533226013183594e-01
9.431906938552856445e-01
9.209662079811096191e-01
9.277678728103637695e-01
9.245610237121582031e-01
9.261513948440551758e-01
9.363291859626770020e-01
9.084435701370239258e-01
9.272153377532958984e-01
8.736906647682189941e-01
8.751074075698852539e-01
8.938495516777038574e-01
9.293511509895324707e-01
9.368849396705627441e-01
9.412999153137207031e-01
9.200553894042968750e-01
9.210833311080932617e-01
9.370475411415100098e-01
9.392045736312866211e-01
9.017196893692016602e-01
8.735010623931884766e-01
9.300734996795654297e-01
9.274360537528991699e-01
9.387117624282836914e-01
9.194265604019165039e-01
9.247354269027709961e-01
9.071947932243347168e-01
9.155208468437194824e-01
9.356854557991027832e-01
9.387547373771667480e-01
8.904529213905334473e-01
8.743725419044494629e-01
9.424544572830200195e-01
9.179047942161560059e-01
8.995114564895629883e-01
9.309291243553161621e-01
9.302233457565307617e-01
9.200978875160217285e-01
9.020566344261169434e-01
8.602340817451477051e-01
9.443443417549133301e-01
9.428083300590515137e-01
9.135825037956237793e-01
8.969652056694030762e-01
9.394223093986511230e-01
9.358187317848205566e-01
7.464217543601989746e-01
7.249379754066467285e-01
8.623775839805603027e-01
7.418193817138671875e-01
8.924999833106994629e-01
7.561716437339782715e-01
8.452736139297485352e-01
8.578342199325561523e-01
6.496204733848571777e-01
8.218615651130676270e-01
9.007151722908020020e-01
6.764999628067016602e-01
8.216314315795898438e-01
7.204253673553466797e-01
7.726290822029113770e-01
8.272957801818847656e-01
8.618255257606506348e-01
8.541660904884338379e-01
7.627491950988769531e-01
8.496893048286437988e-01
8.522970080375671387e-01
7.404518723487854004e-01
7.204221487045288086e-01
7.503935098648071289e-01
7.187808156013488770e-01
6.833001375198364258e-01
8.160134553909301758e-01
8.330854177474975586e-01
8.124670982360839844e-01
8.623775839805603027e-01
8.466516733169555664e-01
6.308317780494689941e-01
7.924166917800903320e-01
8.675817251205444336e-01
8.040607571601867676e-01
7.766867280006408691e-01
8.161488175392150879e-01
8.406056165695190430e-01
8.309889435768127441e-01
8.442397117614746094e-01
7.211830019950866699e-01
8.093501329421997070e-01
8.007463216781616211e-01
7.219835519790649414e-01
7.368383407592773438e-01
7.742213010787963867e-01
8.419427871704101562e-01
8.431994915008544922e-01
7.927297949790954590e-01
8.756917119026184082e-01
7.323637604713439941e-01
8.306130766868591309e-01
8.766974210739135742e-01
9.206910729408264160e-01
9.038558006286621094e-01
8.465027809143066406e-01
8.689237236976623535e-01
8.642498850822448730e-01
8.726894855499267578e-01
8.500651121139526367e-01
8.842220306396484375e-01
9.134669303894042969e-01
8.098995089530944824e-01
8.135771155357360840e-01
7.652605772018432617e-01
8.295276761054992676e-01
7.921192646026611328e-01
8.281716108322143555e-01
8.875055909156799316e-01
8.575372099876403809e-01
8.917456865310668945e-01
8.595915436744689941e-01
8.327670097351074219e-01
8.388273119926452637e-01
8.047016859054565430e-01
8.672434091567993164e-01
8.666259646415710449e-01
9.017769694328308105e-01
7.989572286605834961e-01
8.771299719810485840e-01
8.964384794235229492e-01
8.176474571228027344e-01
7.572737932205200195e-01
7.679333090782165527e-01
8.873390555381774902e-01
9.035884737968444824e-01
8.385066390037536621e-01
8.301881551742553711e-01
9.038854241371154785e-01
8.502316474914550781e-01
8.582844734191894531e-01
8.650334477424621582e-01
8.896992802619934082e-01
8.052231669425964355e-01
8.107869029045104980e-01
8.287416696548461914e-01
7.976630926132202148e-01
8.532982468605041504e-01
7.862734794616699219e-01
8.402333259582519531e-01
7.627403140068054199e-01
8.337701559066772461e-01
8.669747114181518555e-01
8.110473155975341797e-01
8.430618047714233398e-01
8.109044432640075684e-01
6.511341333389282227e-01
7.595224380493164062e-01
8.306998610496520996e-01
7.326893210411071777e-01
5.840204954147338867e-01
7.426123023033142090e-01
6.588317155838012695e-01
7.093944549560546875e-01
7.848546504974365234e-01
8.112761378288269043e-01
7.714406847953796387e-01
7.947239875793457031e-01
8.685036301612854004e-01
8.372757434844970703e-01
7.128285169601440430e-01
7.971762418746948242e-01
8.200355172157287598e-01
7.179661989212036133e-01
7.621369361877441406e-01
8.078655600547790527e-01
8.309963345527648926e-01
7.907705903053283691e-01
6.773008108139038086e-01
7.104496955871582031e-01
8.368462324142456055e-01
7.848694920539855957e-01
7.931288480758666992e-01
8.689492344856262207e-01
6.271956562995910645e-01
8.202428221702575684e-01
7.624008655548095703e-01
7.775035500526428223e-01
8.845133781433105469e-01
8.040503263473510742e-01
8.387846350669860840e-01
8.237357735633850098e-01
7.424678206443786621e-01
8.872591853141784668e-01
6.425545811653137207e-01
7.970022559165954590e-01
7.525346279144287109e-01
5.896543264389038086e-01
6.840448379516601562e-01
8.281289935111999512e-01
7.316488027572631836e-01
7.482595443725585938e-01
7.832790017127990723e-01
8.646091818809509277e-01
7.786965370178222656e-01
8.277465105056762695e-01
7.428562045097351074e-01
6.063780188560485840e-01
6.791881918907165527e-01
8.395295739173889160e-01
6.942762732505798340e-01
7.158089280128479004e-01
8.125174641609191895e-01
7.150090932846069336e-01
8.364621400833129883e-01
8.066468238830566406e-01
6.799888014793395996e-01
7.696015834808349609e-01
8.269103765487670898e-01
8.476263880729675293e-01
8.199900388717651367e-01
8.232738375663757324e-01
7.781345844268798828e-01
7.027666568756103516e-01
6.937225461006164551e-01
8.066552281379699707e-01
6.904057264328002930e-01
6.127663254737854004e-01
7.046352028846740723e-01
8.266289830207824707e-01
8.372856974601745605e-01
7.196336388587951660e-01
1.892042458057403564e-01
3.752221167087554932e-01
1.599065959453582764e-01
3.073682785034179688e-01
2.134650945663452148e-01
4.245963692665100098e-01
3.459480702877044678e-01
6.503190994262695312e-01
3.167603611946105957e-01
1.206404864788055420e-01
1.384079456329345703e-01
2.934550344944000244e-01
9.368156641721725464e-02
3.675071597099304199e-01
3.197256475687026978e-02
2.418086230754852295e-01
2.016211599111557007e-01
3.830840066075325012e-02
4.442142546176910400e-01
3.572840690612792969e-01
4.198228567838668823e-02
2.570911347866058350e-01
3.648187816143035889e-01
1.557402312755584717e-01
2.458287179470062256e-01
3.659966886043548584e-01
6.592829227447509766e-01
8.812808990478515625e-02
6.091035604476928711e-01
5.563801527023315430e-01
3.212024569511413574e-01
2.234138250350952148e-01
8.318549394607543945e-02
3.098322451114654541e-01
6.887868642807006836e-01
3.243019282817840576e-01
2.334139049053192139e-01
2.940467000007629395e-01
5.883798599243164062e-01
1.506967246532440186e-01
3.647207617759704590e-01
4.051898419857025146e-01
2.420302629470825195e-01
6.340218186378479004e-01
3.268507719039916992e-01
4.177969098091125488e-01
3.143508434295654297e-01
6.292263865470886230e-01
3.701170384883880615e-01
2.810913026332855225e-01
5.848303437232971191e-02
2.899970114231109619e-01
2.878548204898834229e-01
2.419436722993850708e-01
5.424522161483764648e-01
1.292114704847335815e-01
1.027168259024620056e-01
7.126152515411376953e-01
1.896990090608596802e-01
2.200790494680404663e-01
3.384130895137786865e-01
4.659963846206665039e-01
1.502671688795089722e-01
2.263115346431732178e-01
2.068038135766983032e-01
1.179967671632766724e-01
2.166707366704940796e-01
3.412397205829620361e-01
2.580304741859436035e-01
2.660890817642211914e-01
2.368599474430084229e-01
9.093734622001647949e-02
2.127135396003723145e-01
2.365867793560028076e-01
8.016180247068405151e-02
3.068236112594604492e-01
3.067889213562011719e-01
3.738503754138946533e-01
1.141289919614791870e-01
1.182630211114883423e-01
1.696257442235946655e-01
2.255324870347976685e-01
1.929945051670074463e-01
3.685385882854461670e-01
3.006308972835540771e-01
2.149699628353118896e-01
8.154039084911346436e-02
1.012922823429107666e-01
4.343954622745513916e-01
2.496803253889083862e-01
2.494057267904281616e-01
9.620457887649536133e-02
1.706970334053039551e-01
2.187021076679229736e-01
8.980438113212585449e-02
2.397855222225189209e-01
2.888709306716918945e-01
4.448883235454559326e-01
2.598822712898254395e-01
2.869945764541625977e-01
1.858838349580764771e-01
2.264861166477203369e-01
1.147045493125915527e-01
1.918926239013671875e-01
1.816894561052322388e-01
1.825532019138336182e-01
1.123050749301910400e-01
2.567622661590576172e-01
2.243831753730773926e-01
2.066504061222076416e-01
3.100872337818145752e-01
2.227393984794616699e-01
2.280690819025039673e-01
1.862324178218841553e-01
2.839672863483428955e-01
1.125648021697998047e-01
2.247585654258728027e-01
3.254370689392089844e-01
2.920069396495819092e-01
1.028866320848464966e-01
1.330444216728210449e-01
1.532699018716812134e-01
2.923651337623596191e-01
2.007417380809783936e-01
2.307096421718597412e-01
5.781227350234985352e-02
3.577062487602233887e-02
1.791996359825134277e-01
3.572219982743263245e-02
1.594202518463134766e-01
3.562125563621520996e-02
2.494568191468715668e-02
1.700410246849060059e-01
1.418797373771667480e-01
1.314192265272140503e-01
1.975087076425552368e-01
3.682212233543395996e-01
2.855646610260009766e-01
1.748618185520172119e-01
5.184754356741905212e-02
1.486413031816482544e-01
1.677932143211364746e-01
1.889497339725494385e-01
2.693952322006225586e-01
1.680652052164077759e-01
1.330660730600357056e-01
1.981906890869140625e-01
8.521620929241180420e-02
1.740726977586746216e-01
1.482794880867004395e-01
1.044835299253463745e-01
3.972225487232208252e-01
1.782373785972595215e-01
1.685977131128311157e-01
2.451558411121368408e-01
3.291832208633422852e-01
1.349442005157470703e-01
2.538960278034210205e-01
1.887007653713226318e-01
1.331667453050613403e-01
1.591647416353225708e-01
9.473317861557006836e-02
1.580784171819686890e-01
1.686113476753234863e-01
2.514355182647705078e-01
2.445954382419586182e-01
1.758027523756027222e-01
1.849526166915893555e-01
8.299709111452102661e-02
3.553243577480316162e-01
2.450379878282546997e-01
3.188115656375885010e-01
2.761699557304382324e-01
3.565093278884887695e-01
7.405109703540802002e-02
2.703152894973754883e-01
1.061280071735382080e-01
2.994830310344696045e-01
1.855139136314392090e-01
2.358442097902297974e-01
1.600428670644760132e-01
8.733011037111282349e-02
2.583085894584655762e-01
8.647368848323822021e-02
3.193595707416534424e-01
4.492641985416412354e-01
3.441847264766693115e-01
3.407807946205139160e-01
1.306699663400650024e-01
1.791041642427444458e-01
1.812852323055267334e-01
3.249185979366302490e-01
3.062793016433715820e-01
2.061409652233123779e-01
1.712936609983444214e-01
3.258152306079864502e-01
2.452421039342880249e-01
2.409197539091110229e-01
3.350191712379455566e-01
6.478244811296463013e-02
1.357007771730422974e-01
2.159252017736434937e-01
3.442138135433197021e-01
8.880493789911270142e-02
1.277496814727783203e-01
1.958839148283004761e-01
1.853700727224349976e-01
6.528394669294357300e-02
1.131976023316383362e-01
2.125713527202606201e-01
1.199249476194381714e-01
1.496427208185195923e-01
7.274249941110610962e-02
8.140219002962112427e-02
1.239950135350227356e-01
1.297434419393539429e-01
6.651487201452255249e-02
8.242602646350860596e-02
1.000448688864707947e-01
5.264496430754661560e-02
1.333504766225814819e-01
1.117905750870704651e-01
2.000908702611923218e-01
1.947835981845855713e-01
1.588420569896697998e-01
8.384542912244796753e-02
9.775757789611816406e-02
1.096778735518455505e-01
1.619452238082885742e-01
1.215482428669929504e-01
1.247072517871856689e-01
1.089494451880455017e-01
2.208484411239624023e-01
1.571411341428756714e-01
9.129077196121215820e-02
1.246273666620254517e-01
7.425221055746078491e-02
1.119570508599281311e-01
8.288903534412384033e-02
7.421693950891494751e-02
1.561310738325119019e-01
1.618012785911560059e-01
8.361070603132247925e-02
6.920818239450454712e-02
8.788622170686721802e-02
8.505665510892868042e-02
7.363206893205642700e-02
1.000937595963478088e-01
6.161228194832801819e-02
8.210655301809310913e-02
1.558845192193984985e-01
7.593362778425216675e-02
8.737333118915557861e-02
8.714913576841354370e-02
1.579290777444839478e-01
2.360779345035552979e-01
6.232756376266479492e-02
1.404317170381546021e-01
8.457265049219131470e-02
9.322720766067504883e-02
6.982967257499694824e-02
7.868461310863494873e-02
6.683792918920516968e-02
8.155943453311920166e-02
1.264923363924026489e-01
1.005004718899726868e-01
1.292212307453155518e-01
6.049794331192970276e-02
1.178896948695182800e-01
1.489370167255401611e-01
8.315694332122802734e-02
2.061864584684371948e-01
2.392501533031463623e-01
1.256846189498901367e-01
7.506154477596282959e-02
1.317068785429000854e-01
6.639362871646881104e-02
1.886406093835830688e-01
1.250216215848922729e-01
2.825623154640197754e-01
5.609390884637832642e-02
8.859502524137496948e-02
9.756071120500564575e-02
9.703529626131057739e-02
1.927727013826370239e-01
1.254458278417587280e-01
5.981950089335441589e-02
7.483168691396713257e-02
1.637020260095596313e-01
2.749543786048889160e-01
1.414038240909576416e-01
2.088511437177658081e-01
1.655960977077484131e-01
8.519205451011657715e-02
2.092576622962951660e-01
1.274892836809158325e-01
1.107626929879188538e-01
8.758056163787841797e-02
2.236698716878890991e-01
1.212341412901878357e-01
1.258799135684967041e-01
1.008944585919380188e-01
1.192950829863548279e-01
1.828100383281707764e-01
7.389590889215469360e-02
1.327757835388183594e-01
2.342282086610794067e-01
1.703030019998550415e-01
1.238021776080131531e-01
1.265614032745361328e-01
1.723747253417968750e-01
1.744915693998336792e-01
1.625595092773437500e-01
1.823036372661590576e-01
1.731188446283340454e-01
7.226744294166564941e-02
1.190422624349594116e-01
1.858844310045242310e-01
1.240668147802352905e-01
9.671004116535186768e-02
5.661316961050033569e-02
1.898067891597747803e-01
2.235138714313507080e-01
1.107736527919769287e-01
8.721872419118881226e-02
1.030246913433074951e-01
5.165431648492813110e-02
2.415670454502105713e-01
1.552173346281051636e-01
1.877214312553405762e-01
1.299458742141723633e-01
1.226018071174621582e-01
1.506339907646179199e-01
1.423379927873611450e-01
2.391386777162551880e-01
6.967817991971969604e-02
2.220537513494491577e-01
1.453330069780349731e-01
1.459147781133651733e-01
1.700192540884017944e-01
1.761028021574020386e-01
2.669212818145751953e-01
1.585116535425186157e-01
7.545265555381774902e-02
1.146221235394477844e-01
1.145115643739700317e-01
1.047804206609725952e-01
2.539141178131103516e-01
3.160476088523864746e-01
2.955154180526733398e-01
1.253682523965835571e-01
1.440691798925399780e-01
1.247093006968498230e-01
8.125316351652145386e-02
1.095952168107032776e-01
1.277547329664230347e-01
1.780473291873931885e-01
1.317447572946548462e-01
4.743525981903076172e-01
2.679450213909149170e-01
1.396258771419525146e-01
3.259375095367431641e-01
2.460523545742034912e-01
1.422794163227081299e-01
1.183803677558898926e-01
2.120662778615951538e-01
1.336489319801330566e-01
1.190499514341354370e-01
1.895918846130371094e-01
1.246169358491897583e-01
1.448768973350524902e-01
2.028502970933914185e-01
1.087271198630332947e-01
2.190393358469009399e-01
7.820402085781097412e-02
3.554956614971160889e-01
2.654981911182403564e-01
2.531820237636566162e-01
1.653839945793151855e-01
1.249858886003494263e-01
1.430705785751342773e-01
1.039224565029144287e-01
1.241705417633056641e-01
8.043848723173141479e-02
1.903799474239349365e-01
1.570434272289276123e-01
1.197149157524108887e-01
3.793140351772308350e-01
4.962502419948577881e-01
4.016764163970947266e-01
1.654306352138519287e-01
3.381095528602600098e-01
2.588892877101898193e-01
2.869492173194885254e-01
1.759493499994277954e-01
4.284327924251556396e-01
2.379689663648605347e-01
4.495028555393218994e-01
3.523240089416503906e-01
3.783063292503356934e-01
1.289462298154830933e-01
3.560263216495513916e-01
3.977601230144500732e-01
2.183349132537841797e-01
2.957910597324371338e-01
2.545741498470306396e-01
1.799332946538925171e-01
2.640516161918640137e-01
2.420140504837036133e-01
2.218926697969436646e-01
2.552400827407836914e-01
2.699306011199951172e-01
2.280372083187103271e-01
4.320216774940490723e-01
3.444383144378662109e-01
3.337822258472442627e-01
2.746482193470001221e-01
2.316204458475112915e-01
4.306903183460235596e-01
1.863881349563598633e-01
3.114639818668365479e-01
2.984796762466430664e-01
2.519755959510803223e-01
4.079606235027313232e-01
2.237304300069808960e-01
3.205256760120391846e-01
1.004969775676727295e-01
1.072682738304138184e-01
1.914502978324890137e-01
1.669614315032958984e-01
5.703554153442382812e-01
4.166382551193237305e-01
3.351494073867797852e-01
3.535277247428894043e-01
2.503795921802520752e-01
3.162243664264678955e-01
2.096960097551345825e-01
5.510004162788391113e-01
1.507300138473510742e-01
2.976304888725280762e-01
1.506698280572891235e-01
3.206174671649932861e-01
3.147007226943969727e-01
5.704156756401062012e-01
2.055555582046508789e-01
5.745900273323059082e-01
7.227611541748046875e-02
5.050298571586608887e-01
3.730170130729675293e-01
3.335740566253662109e-01
4.590123295783996582e-01
3.779610395431518555e-01
1.950590163469314575e-01
1.407711803913116455e-01
3.311367034912109375e-01
5.244378447532653809e-01
4.329174757003784180e-02
2.271179556846618652e-01
1.009023264050483704e-01
2.135234475135803223e-01
5.750009417533874512e-01
3.119973540306091309e-01
2.114560753107070923e-01
2.861663699150085449e-01
1.286541819572448730e-01
4.171995222568511963e-01
4.767755270004272461e-01
2.835437059402465820e-01
2.471764236688613892e-01
1.432289481163024902e-01
3.016295731067657471e-01
2.566265463829040527e-01
3.612945079803466797e-01
1.391816437244415283e-01
7.344992160797119141e-01
3.128021955490112305e-01
1.663698405027389526e-01
3.387239873409271240e-01
6.383591294288635254e-01
3.198998272418975830e-01
3.075389564037322998e-01
3.306020796298980713e-01
2.251546829938888550e-01
3.107246458530426025e-01
6.995427608489990234e-02
7.215717434883117676e-01
3.374099135398864746e-01
3.567085564136505127e-01
4.186954498291015625e-01
2.918266057968139648e-01
1.702088862657546997e-01
6.940832138061523438e-01
2.794700562953948975e-01
3.370306491851806641e-01
2.874974608421325684e-01
3.169361650943756104e-01
2.269868552684783936e-01
6.536386609077453613e-01
3.486313819885253906e-01
2.613111734390258789e-01
2.632300555706024170e-01
5.642021894454956055e-01
2.453236281871795654e-01
3.035652041435241699e-01
2.795045673847198486e-01
4.077471494674682617e-01
5.524612665176391602e-01
2.291918843984603882e-01
4.476364254951477051e-01
5.866646766662597656e-01
6.021299362182617188e-01
6.190620660781860352e-01
1.358293890953063965e-01
1.781587004661560059e-01
3.541379868984222412e-01
1.093898490071296692e-01
2.810188531875610352e-01
1.219476312398910522e-01
2.453897744417190552e-01
3.054165542125701904e-01
1.256431937217712402e-01
1.492297798395156860e-01
7.623340487480163574e-01
6.902977228164672852e-01
3.735300004482269287e-01
2.935086190700531006e-01
4.605070129036903381e-02
5.163298249244689941e-01
2.927671372890472412e-01
2.662355601787567139e-01
2.246159762144088745e-01
