9.620817303657531738e-01
9.866232275962829590e-01
9.384590983390808105e-01
6.197689771652221680e-01
6.197689771652221680e-01
9.629824757575988770e-01
6.197689771652221680e-01
6.197689771652221680e-01
6.197689771652221680e-01
9.752610921859741211e-01
9.946666955947875977e-01
6.197689771652221680e-01
9.942389726638793945e-01
4.776108562946319580e-01
6.197689771652221680e-01
6.197689771652221680e-01
9.785843491554260254e-01
8.988065123558044434e-01
6.118466258049011230e-01
9.871166348457336426e-01
6.197689771652221680e-01
9.654943943023681641e-01
6.197689771652221680e-01
9.386424422264099121e-01
6.197689771652221680e-01
9.763433337211608887e-01
4.401305317878723145e-01
9.682944416999816895e-01
9.799274206161499023e-01
6.197689771652221680e-01
9.831259846687316895e-01
6.188548803329467773e-01
4.447688758373260498e-01
9.935436248779296875e-01
9.865946769714355469e-01
9.023076295852661133e-01
9.823637008666992188e-01
9.337456822395324707e-01
6.197689771652221680e-01
5.638561844825744629e-01
6.197689771652221680e-01
6.197689771652221680e-01
9.731532335281372070e-01
6.197551488876342773e-01
6.197689771652221680e-01
6.197689771652221680e-01
6.197689771652221680e-01
6.197689771652221680e-01
9.873150587081909180e-01
6.197689771652221680e-01
9.542410373687744141e-01
6.197689771652221680e-01
6.197689771652221680e-01
5.116817951202392578e-01
6.197689771652221680e-01
6.197689771652221680e-01
5.443359613418579102e-01
6.197689771652221680e-01
6.197689771652221680e-01
9.703276753425598145e-01
9.992081522941589355e-01
9.959020018577575684e-01
9.912235736846923828e-01
6.197689771652221680e-01
8.990228772163391113e-01
3.406193256378173828e-01
6.197689771652221680e-01
9.833295345306396484e-01
6.197689771652221680e-01
6.197689771652221680e-01
9.654628038406372070e-01
9.993238449096679688e-01
6.197689771652221680e-01
6.197689771652221680e-01
9.390567541122436523e-01
3.406193256378173828e-01
3.406193256378173828e-01
3.406193256378173828e-01
9.894221425056457520e-01
3.406193256378173828e-01
3.406193256378173828e-01
5.409133434295654297e-01
3.406193256378173828e-01
3.406193256378173828e-01
3.406193256378173828e-01
3.406193256378173828e-01
9.940901398658752441e-01
3.406193256378173828e-01
7.877809405326843262e-01
3.406193256378173828e-01
9.899273514747619629e-01
8.433161973953247070e-01
3.406193256378173828e-01
9.768903255462646484e-01
9.815825223922729492e-01
9.885407090187072754e-01
9.924726486206054688e-01
9.996190071105957031e-01
3.406193256378173828e-01
3.406193256378173828e-01
3.406193256378173828e-01
9.720150232315063477e-01
3.406193256378173828e-01
3.406193256378173828e-01
9.901365041732788086e-01
5.528332591056823730e-01
9.965550899505615234e-01
3.406193256378173828e-01
3.406193256378173828e-01
3.406193256378173828e-01
9.930105805397033691e-01
3.406193256378173828e-01
3.406193256378173828e-01
3.406193256378173828e-01
9.954478144645690918e-01
3.406193256378173828e-01
3.406193256378173828e-01
9.966666102409362793e-01
9.885019063949584961e-01
9.993202686309814453e-01
4.908404052257537842e-01
9.978444576263427734e-01
9.884877800941467285e-01
3.406193256378173828e-01
9.952322840690612793e-01
3.406193256378173828e-01
9.987795948982238770e-01
3.406193256378173828e-01
9.852310419082641602e-01
9.995670914649963379e-01
9.964857101440429688e-01
9.817194342613220215e-01
9.762164950370788574e-01
3.406193256378173828e-01
6.592243909835815430e-01
3.406193256378173828e-01
5.062484741210937500e-01
9.897202849388122559e-01
9.993728995323181152e-01
9.559245705604553223e-01
3.406193256378173828e-01
9.975543618202209473e-01
9.681134223937988281e-01
3.406193256378173828e-01
9.961968660354614258e-01
3.406193256378173828e-01
3.406193256378173828e-01
3.406193256378173828e-01
8.006719350814819336e-01
9.451769590377807617e-01
9.563699960708618164e-01
3.406193256378173828e-01
9.881988763809204102e-01
3.406193256378173828e-01
9.431038498878479004e-01
9.952836632728576660e-01
9.812069535255432129e-01
9.334123730659484863e-01
6.308599710464477539e-01
3.406193256378173828e-01
3.406193256378173828e-01
3.406193256378173828e-01
3.406193256378173828e-01
4.331522285938262939e-01
9.933809041976928711e-01
9.922188520431518555e-01
3.406193256378173828e-01
3.406193256378173828e-01
9.788976907730102539e-01
3.406193256378173828e-01
3.406193256378173828e-01
9.652706384658813477e-01
3.406193256378173828e-01
4.062198102474212646e-01
9.583644270896911621e-01
3.406193256378173828e-01
9.894518256187438965e-01
3.406193256378173828e-01
3.406193256378173828e-01
9.722041487693786621e-01
3.406193256378173828e-01
3.406193256378173828e-01
9.086294770240783691e-01
3.406193256378173828e-01
9.985255599021911621e-01
9.997196793556213379e-01
3.406193256378173828e-01
3.406193256378173828e-01
9.650790691375732422e-01
4.416757524013519287e-01
3.406193256378173828e-01
3.406193256378173828e-01
9.925432205200195312e-01
9.957181811332702637e-01
3.406193256378173828e-01
9.974995255470275879e-01
3.406193256378173828e-01
3.406193256378173828e-01
3.406193256378173828e-01
8.657247424125671387e-01
3.406193256378173828e-01
9.886224865913391113e-01
3.406193256378173828e-01
9.915572404861450195e-01
9.929863810539245605e-01
3.406193256378173828e-01
3.406193256378173828e-01
3.406193256378173828e-01
4.357621669769287109e-01
3.406193256378173828e-01
3.406193256378173828e-01
3.406193256378173828e-01
3.406193256378173828e-01
9.867326617240905762e-01
9.995710253715515137e-01
9.692429900169372559e-01
9.921537041664123535e-01
3.406193256378173828e-01
3.980062901973724365e-01
9.927491545677185059e-01
9.926799535751342773e-01
9.898702502250671387e-01
9.843361377716064453e-01
3.406193256378173828e-01
9.954690933227539062e-01
3.406193256378173828e-01
3.406193256378173828e-01
3.406193256378173828e-01
9.965600371360778809e-01
9.232391119003295898e-01
3.406193256378173828e-01
3.406193256378173828e-01
3.406193256378173828e-01
9.780759215354919434e-01
2.424633651971817017e-01
9.881068468093872070e-01
3.406193256378173828e-01
9.933524131774902344e-01
9.606826901435852051e-01
9.736915826797485352e-01
3.406193256378173828e-01
9.779134392738342285e-01
3.406193256378173828e-01
9.668384790420532227e-01
3.406193256378173828e-01
3.406193256378173828e-01
6.197689771652221680e-01
9.674587845802307129e-01
6.197689771652221680e-01
3.406193256378173828e-01
3.406193256378173828e-01
6.197689771652221680e-01
5.152757763862609863e-01
6.587246656417846680e-01
3.406193256378173828e-01
9.245174527168273926e-01
8.943871259689331055e-01
4.846593439579010010e-01
9.907425045967102051e-01
6.197689771652221680e-01
9.934716224670410156e-01
6.197689771652221680e-01
3.406193256378173828e-01
3.406193256378173828e-01
9.929867386817932129e-01
6.197689771652221680e-01
8.842564821243286133e-01
5.043076872825622559e-01
3.406193256378173828e-01
8.665450215339660645e-01
6.197689771652221680e-01
9.097852706909179688e-01
9.993725419044494629e-01
9.851042628288269043e-01
4.593806266784667969e-01
6.197689771652221680e-01
6.197689771652221680e-01
6.197689771652221680e-01
6.197689771652221680e-01
6.197689771652221680e-01
9.408345818519592285e-01
6.197689771652221680e-01
3.406193256378173828e-01
3.406193256378173828e-01
9.922456145286560059e-01
9.616088271141052246e-01
6.197689771652221680e-01
9.097852706909179688e-01
9.848480820655822754e-01
6.197689771652221680e-01
6.197689771652221680e-01
6.197689771652221680e-01
3.406193256378173828e-01
9.899271726608276367e-01
9.092771410942077637e-01
6.197689771652221680e-01
5.286864042282104492e-01
6.197689771652221680e-01
6.197689771652221680e-01
5.586071610450744629e-01
6.197689771652221680e-01
9.607340693473815918e-01
6.197689771652221680e-01
3.406193256378173828e-01
9.941199421882629395e-01
8.928851485252380371e-01
5.152757763862609863e-01
9.936565756797790527e-01
9.396392703056335449e-01
6.197689771652221680e-01
3.406193256378173828e-01
6.195539236068725586e-01
3.979661762714385986e-01
8.876214623451232910e-01
6.197689771652221680e-01
6.197689771652221680e-01
9.996241331100463867e-01
6.197689771652221680e-01
4.962323904037475586e-01
4.144383370876312256e-01
3.406193256378173828e-01
6.197689771652221680e-01
9.901329278945922852e-01
5.920590162277221680e-01
3.406193256378173828e-01
3.406193256378173828e-01
6.197689771652221680e-01
3.406193256378173828e-01
3.406193256378173828e-01
9.892678856849670410e-01
4.915091395378112793e-01
9.835758805274963379e-01
3.406193256378173828e-01
3.406193256378173828e-01
3.406193256378173828e-01
6.197689771652221680e-01
6.197689771652221680e-01
3.406193256378173828e-01
3.406193256378173828e-01
3.406193256378173828e-01
9.755893349647521973e-01
9.801428914070129395e-01
3.406193256378173828e-01
9.598354697227478027e-01
3.406193256378173828e-01
3.406193256378173828e-01
3.406193256378173828e-01
6.197689771652221680e-01
6.197689771652221680e-01
9.870669245719909668e-01
9.995985627174377441e-01
3.406193256378173828e-01
6.197689771652221680e-01
3.406193256378173828e-01
3.406193256378173828e-01
9.939793348312377930e-01
3.406193256378173828e-01
3.406193256378173828e-01
9.324508905410766602e-01
3.406193256378173828e-01
9.919680953025817871e-01
3.406193256378173828e-01
3.406193256378173828e-01
9.709807038307189941e-01
3.406193256378173828e-01
3.406193256378173828e-01
3.406193256378173828e-01
3.692448437213897705e-01
3.406193256378173828e-01
3.406193256378173828e-01
9.480322003364562988e-01
9.864547252655029297e-01
3.406193256378173828e-01
3.406193256378173828e-01
3.406193256378173828e-01
3.406193256378173828e-01
9.836277961730957031e-01
4.110381007194519043e-01
3.406193256378173828e-01
3.406193256378173828e-01
3.406193256378173828e-01
3.406193256378173828e-01
3.406193256378173828e-01
3.406193256378173828e-01
9.877400994300842285e-01
3.406193256378173828e-01
3.406193256378173828e-01
3.406193256378173828e-01
3.406193256378173828e-01
3.406193256378173828e-01
3.406193256378173828e-01
3.406193256378173828e-01
3.406193256378173828e-01
3.406193256378173828e-01
3.406193256378173828e-01
3.406193256378173828e-01
3.406193256378173828e-01
9.873867630958557129e-01
3.406193256378173828e-01
3.406193256378173828e-01
3.406193256378173828e-01
9.854128956794738770e-01
9.533559679985046387e-01
3.406193256378173828e-01
3.406193256378173828e-01
9.809784889221191406e-01
3.406193256378173828e-01
3.406193256378173828e-01
3.406193256378173828e-01
9.666959047317504883e-01
3.406193256378173828e-01
3.406193256378173828e-01
3.406193256378173828e-01
3.406193256378173828e-01
3.406193256378173828e-01
3.406193256378173828e-01
3.406193256378173828e-01
3.406193256378173828e-01
9.988622665405273438e-01
3.406193256378173828e-01
3.406193256378173828e-01
3.406193256378173828e-01
3.406193256378173828e-01
3.406193256378173828e-01
3.406193256378173828e-01
3.406193256378173828e-01
6.197689771652221680e-01
9.352464675903320312e-01
9.923317432403564453e-01
7.623435258865356445e-01
5.192238092422485352e-01
9.750462770462036133e-01
9.545354247093200684e-01
6.197689771652221680e-01
6.197689771652221680e-01
6.197689771652221680e-01
5.717003345489501953e-01
9.961791038513183594e-01
9.758002161979675293e-01
6.197689771652221680e-01
6.197689771652221680e-01
8.607497811317443848e-01
6.197689771652221680e-01
6.197689771652221680e-01
5.278344154357910156e-01
9.373099207878112793e-01
9.796597361564636230e-01
9.666419625282287598e-01
9.475403428077697754e-01
6.197689771652221680e-01
6.197689771652221680e-01
6.197689771652221680e-01
9.842664003372192383e-01
3.406193256378173828e-01
6.197689771652221680e-01
9.196583032608032227e-01
9.482854604721069336e-01
6.197689771652221680e-01
6.197689771652221680e-01
9.703673124313354492e-01
6.197689771652221680e-01
5.287790298461914062e-01
6.197689771652221680e-01
6.197556853294372559e-01
6.197689771652221680e-01
6.197689771652221680e-01
8.967066407203674316e-01
6.197689771652221680e-01
6.197689771652221680e-01
9.976534247398376465e-01
9.962339997291564941e-01
6.012900471687316895e-01
6.197689771652221680e-01
6.197689771652221680e-01
9.932442307472229004e-01
6.197689771652221680e-01
9.656903147697448730e-01
9.994939565658569336e-01
6.197689771652221680e-01
3.406193256378173828e-01
6.197689771652221680e-01
6.197689771652221680e-01
9.528905153274536133e-01
6.197689771652221680e-01
6.197689771652221680e-01
6.197689771652221680e-01
9.581791162490844727e-01
6.197689771652221680e-01
5.381266474723815918e-01
4.432713389396667480e-01
9.561910033226013184e-01
6.197689771652221680e-01
9.793553948402404785e-01
9.833539724349975586e-01
9.613755345344543457e-01
6.197689771652221680e-01
9.983420372009277344e-01
6.197689771652221680e-01
6.197689771652221680e-01
6.185584664344787598e-01
3.406193256378173828e-01
5.367772579193115234e-01
3.406193256378173828e-01
3.406193256378173828e-01
3.406193256378173828e-01
3.406193256378173828e-01
3.406193256378173828e-01
3.406193256378173828e-01
3.406193256378173828e-01
3.406193256378173828e-01
3.668950498104095459e-01
3.406193256378173828e-01
3.406193256378173828e-01
3.406193256378173828e-01
3.877257406711578369e-01
3.406193256378173828e-01
3.406193256378173828e-01
3.406193256378173828e-01
5.191891789436340332e-01
3.406193256378173828e-01
3.406193256378173828e-01
3.406193256378173828e-01
3.406193256378173828e-01
3.406193256378173828e-01
3.406193256378173828e-01
3.406193256378173828e-01
3.406193256378173828e-01
3.406193256378173828e-01
3.406193256378173828e-01
3.406193256378173828e-01
3.406193256378173828e-01
3.406193256378173828e-01
3.406193256378173828e-01
3.406193256378173828e-01
3.406193256378173828e-01
3.406193256378173828e-01
3.406193256378173828e-01
3.406193256378173828e-01
3.406193256378173828e-01
3.406193256378173828e-01
3.406193256378173828e-01
3.406193256378173828e-01
3.406193256378173828e-01
3.406193256378173828e-01
3.406193256378173828e-01
3.406193256378173828e-01
3.406193256378173828e-01
3.406193256378173828e-01
3.406193256378173828e-01
3.406193256378173828e-01
3.406193256378173828e-01
3.406193256378173828e-01
3.406193256378173828e-01
3.406193256378173828e-01
3.587165474891662598e-01
3.406193256378173828e-01
3.406193256378173828e-01
3.406193256378173828e-01
3.406193256378173828e-01
3.406193256378173828e-01
4.386852979660034180e-01
3.372566103935241699e-01
3.406193256378173828e-01
3.406193256378173828e-01
3.406193256378173828e-01
3.406193256378173828e-01
3.406193256378173828e-01
3.406193256378173828e-01
3.406193256378173828e-01
3.406193256378173828e-01
3.406193256378173828e-01
3.406193256378173828e-01
3.406193256378173828e-01
3.406193256378173828e-01
3.406193256378173828e-01
3.406193256378173828e-01
3.406193256378173828e-01
3.406193256378173828e-01
3.406193256378173828e-01
3.406193256378173828e-01
3.406193256378173828e-01
3.406193256378173828e-01
3.406193256378173828e-01
3.406193256378173828e-01
3.406193256378173828e-01
5.266881585121154785e-01
3.406193256378173828e-01
3.406193256378173828e-01
3.406193256378173828e-01
3.145460188388824463e-01
3.406193256378173828e-01
3.406193256378173828e-01
3.406193256378173828e-01
3.406193256378173828e-01
3.406193256378173828e-01
3.406193256378173828e-01
3.406193256378173828e-01
3.406193256378173828e-01
3.505492210388183594e-01
3.406193256378173828e-01
3.406193256378173828e-01
6.197345852851867676e-01
3.406193256378173828e-01
3.406193256378173828e-01
3.406193256378173828e-01
3.406193256378173828e-01
3.406193256378173828e-01
6.197687387466430664e-01
3.406193256378173828e-01
3.406193256378173828e-01
3.406193256378173828e-01
3.406193256378173828e-01
3.406193256378173828e-01
3.406193256378173828e-01
3.406193256378173828e-01
3.406193256378173828e-01
3.406193256378173828e-01
3.406193256378173828e-01
3.406193256378173828e-01
3.406193256378173828e-01
3.406193256378173828e-01
3.406193256378173828e-01
3.406193256378173828e-01
3.406193256378173828e-01
3.406193256378173828e-01
3.406193256378173828e-01
3.406193256378173828e-01
3.406193256378173828e-01
3.406193256378173828e-01
3.406193256378173828e-01
3.406193256378173828e-01
3.406193256378173828e-01
3.406193256378173828e-01
3.406193256378173828e-01
3.406193256378173828e-01
3.406193256378173828e-01
3.406193256378173828e-01
3.406193256378173828e-01
3.406193256378173828e-01
3.406193256378173828e-01
3.406193256378173828e-01
3.406193256378173828e-01
3.406193256378173828e-01
3.406193256378173828e-01
3.406193256378173828e-01
3.406193256378173828e-01
3.406193256378173828e-01
3.406193256378173828e-01
3.406193256378173828e-01
3.465783894062042236e-01
3.406193256378173828e-01
3.406193256378173828e-01
3.406193256378173828e-01
3.406193256378173828e-01
3.406193256378173828e-01
3.406193256378173828e-01
3.406193256378173828e-01
3.406193256378173828e-01
3.406193256378173828e-01
3.406193256378173828e-01
3.406193256378173828e-01
3.406193256378173828e-01
3.406193256378173828e-01
3.406193256378173828e-01
3.406193256378173828e-01
3.406193256378173828e-01
3.406193256378173828e-01
3.406193256378173828e-01
3.406193256378173828e-01
3.406193256378173828e-01
3.406193256378173828e-01
3.406193256378173828e-01
3.406193256378173828e-01
5.237087011337280273e-01
3.406193256378173828e-01
3.406193256378173828e-01
3.406193256378173828e-01
3.406193256378173828e-01
3.406193256378173828e-01
3.406193256378173828e-01
3.406193256378173828e-01
3.406193256378173828e-01
3.406193256378173828e-01
4.920939803123474121e-01
6.197689771652221680e-01
4.776108562946319580e-01
6.197689771652221680e-01
6.197689771652221680e-01
4.401305317878723145e-01
4.447688758373260498e-01
6.197689771652221680e-01
5.638561844825744629e-01
6.197689771652221680e-01
5.116817951202392578e-01
5.443359613418579102e-01
6.197689771652221680e-01
6.197689771652221680e-01
5.409133434295654297e-01
7.877809405326843262e-01
8.433161973953247070e-01
3.406193256378173828e-01
3.406193256378173828e-01
5.528332591056823730e-01
4.908404052257537842e-01
3.406193256378173828e-01
3.406193256378173828e-01
6.592243909835815430e-01
5.062484741210937500e-01
3.406193256378173828e-01
8.006719350814819336e-01
6.308599710464477539e-01
4.331522285938262939e-01
3.406193256378173828e-01
4.062198102474212646e-01
3.406193256378173828e-01
4.416757524013519287e-01
8.657247424125671387e-01
3.406193256378173828e-01
3.406193256378173828e-01
4.357621669769287109e-01
3.406193256378173828e-01
3.980062901973724365e-01
3.406193256378173828e-01
3.406193256378173828e-01
2.424633651971817017e-01
5.152757763862609863e-01
6.587246656417846680e-01
4.846593439579010010e-01
5.043076872825622559e-01
4.593806266784667969e-01
6.197689771652221680e-01
6.197689771652221680e-01
6.197689771652221680e-01
5.286864042282104492e-01
5.586071610450744629e-01
6.197689771652221680e-01
3.979661762714385986e-01
4.962323904037475586e-01
4.144383370876312256e-01
3.406193256378173828e-01
4.915091395378112793e-01
3.406193256378173828e-01
6.197689771652221680e-01
3.406193256378173828e-01
3.406193256378173828e-01
3.692448437213897705e-01
4.110381007194519043e-01
3.406193256378173828e-01
3.406193256378173828e-01
3.406193256378173828e-01
3.406193256378173828e-01
3.406193256378173828e-01
3.406193256378173828e-01
7.623435258865356445e-01
5.192238092422485352e-01
5.717003345489501953e-01
6.197689771652221680e-01
3.406193256378173828e-01
5.287790298461914062e-01
6.197689771652221680e-01
6.197689771652221680e-01
6.197689771652221680e-01
5.381266474723815918e-01
4.432713389396667480e-01
6.197689771652221680e-01
6.197689771652221680e-01
6.167429089546203613e-01
6.197345852851867676e-01
3.406193256378173828e-01
3.406193256378173828e-01
3.406193256378173828e-01
3.406193256378173828e-01
3.406193256378173828e-01
4.462053477764129639e-01
6.197065114974975586e-01
3.406193256378173828e-01
6.142256259918212891e-01
5.973809957504272461e-01
3.406193256378173828e-01
3.406193256378173828e-01
3.406193256378173828e-01
3.406193256378173828e-01
3.406193256378173828e-01
3.406193256378173828e-01
3.406193256378173828e-01
3.406193256378173828e-01
3.406193256378173828e-01
3.406193256378173828e-01
3.406193256378173828e-01
3.406193256378173828e-01
3.406193256378173828e-01
3.406193256378173828e-01
3.406193256378173828e-01
3.406193256378173828e-01
3.406193256378173828e-01
3.406193256378173828e-01
3.406193256378173828e-01
3.406193256378173828e-01
3.406193256378173828e-01
3.406193256378173828e-01
3.406193256378173828e-01
3.406193256378173828e-01
3.406193256378173828e-01
3.406193256378173828e-01
3.406193256378173828e-01
3.406193256378173828e-01
3.406193256378173828e-01
3.406193256378173828e-01
3.406193256378173828e-01
3.406193256378173828e-01
3.406193256378173828e-01
3.406193256378173828e-01
6.107947826385498047e-01
3.406193256378173828e-01
3.406193256378173828e-01
5.152757763862609863e-01
3.406193256378173828e-01
3.406193256378173828e-01
3.406193256378173828e-01
3.406193256378173828e-01
3.406193256378173828e-01
3.406193256378173828e-01
3.406193256378173828e-01
3.406193256378173828e-01
3.406193256378173828e-01
3.406193256378173828e-01
3.406193256378173828e-01
3.406193256378173828e-01
3.406193256378173828e-01
3.406193256378173828e-01
3.406193256378173828e-01
3.406193256378173828e-01
3.406193256378173828e-01
3.406193256378173828e-01
3.406193256378173828e-01
3.406193256378173828e-01
3.406193256378173828e-01
3.406193256378173828e-01
3.406193256378173828e-01
3.406193256378173828e-01
3.406193256378173828e-01
3.406193256378173828e-01
3.406193256378173828e-01
3.406193256378173828e-01
3.406193256378173828e-01
3.406193256378173828e-01
3.406193256378173828e-01
3.406193256378173828e-01
5.315724015235900879e-01
3.406193256378173828e-01
3.406193256378173828e-01
3.406193256378173828e-01
3.406193256378173828e-01
3.406193256378173828e-01
3.406193256378173828e-01
3.406193256378173828e-01
3.406193256378173828e-01
6.181781291961669922e-01
3.406193256378173828e-01
3.406193256378173828e-01
3.406193256378173828e-01
3.406193256378173828e-01
3.406193256378173828e-01
3.406193256378173828e-01
3.406193256378173828e-01
5.196514725685119629e-01
6.153534054756164551e-01
3.406193256378173828e-01
3.406193256378173828e-01
3.406193256378173828e-01
3.406193256378173828e-01
3.406193256378173828e-01
3.406193256378173828e-01
3.406193256378173828e-01
3.406193256378173828e-01
3.406193256378173828e-01
3.406193256378173828e-01
3.406193256378173828e-01
3.406193256378173828e-01
3.406193256378173828e-01
3.406193256378173828e-01
3.406193256378173828e-01
3.406193256378173828e-01
3.406193256378173828e-01
3.406193256378173828e-01
3.406193256378173828e-01
3.406193256378173828e-01
3.406193256378173828e-01
3.406193256378173828e-01
3.406193256378173828e-01
3.406193256378173828e-01
2.836039662361145020e-01
3.406193256378173828e-01
3.406193256378173828e-01
3.406193256378173828e-01
3.668552637100219727e-01
3.406193256378173828e-01
3.406193256378173828e-01
3.406193256378173828e-01
3.406193256378173828e-01
3.406193256378173828e-01
6.107947826385498047e-01
3.406193256378173828e-01
3.406193256378173828e-01
3.406193256378173828e-01
3.406193256378173828e-01
3.406193256378173828e-01
3.504148125648498535e-01
3.406193256378173828e-01
3.406193256378173828e-01
3.406193256378173828e-01
3.406193256378173828e-01
3.406193256378173828e-01
3.406193256378173828e-01
3.406193256378173828e-01
3.406193256378173828e-01
3.406193256378173828e-01
3.406193256378173828e-01
3.406193256378173828e-01
3.406193256378173828e-01
3.406193256378173828e-01
3.406193256378173828e-01
3.406193256378173828e-01
3.406193256378173828e-01
3.406193256378173828e-01
3.406193256378173828e-01
3.406193256378173828e-01
3.406193256378173828e-01
5.187878012657165527e-01
3.406193256378173828e-01
3.406193256378173828e-01
3.406193256378173828e-01
3.406193256378173828e-01
3.406193256378173828e-01
5.126350522041320801e-01
5.925326347351074219e-01
3.406193256378173828e-01
3.406193256378173828e-01
3.406193256378173828e-01
3.406193256378173828e-01
3.406193256378173828e-01
3.406193256378173828e-01
3.406193256378173828e-01
6.196368336677551270e-01
3.406193256378173828e-01
3.406193256378173828e-01
3.406193256378173828e-01
3.406193256378173828e-01
3.406193256378173828e-01
3.406193256378173828e-01
3.406193256378173828e-01
3.406193256378173828e-01
3.406193256378173828e-01
3.406193256378173828e-01
3.406193256378173828e-01
3.406193256378173828e-01
3.406193256378173828e-01
3.406193256378173828e-01
3.406193256378173828e-01
3.406193256378173828e-01
3.406193256378173828e-01
3.406193256378173828e-01
3.406193256378173828e-01
3.406193256378173828e-01
6.197596788406372070e-01
3.406193256378173828e-01
3.406193256378173828e-01
3.406193256378173828e-01
3.406193256378173828e-01
3.406193256378173828e-01
3.406193256378173828e-01
3.406193256378173828e-01
3.406193256378173828e-01
3.406193256378173828e-01
3.406193256378173828e-01
3.406193256378173828e-01
3.406193256378173828e-01
3.406193256378173828e-01
3.406193256378173828e-01
3.406193256378173828e-01
3.406193256378173828e-01
3.406193256378173828e-01
3.406193256378173828e-01
3.406193256378173828e-01
3.406193256378173828e-01
3.406193256378173828e-01
3.406193256378173828e-01
3.406193256378173828e-01
3.406193256378173828e-01
3.406193256378173828e-01
3.406193256378173828e-01
3.406193256378173828e-01
3.406193256378173828e-01
3.406193256378173828e-01
3.406193256378173828e-01
3.406193256378173828e-01
3.406193256378173828e-01
3.406193256378173828e-01
3.406193256378173828e-01
3.406193256378173828e-01
3.406193256378173828e-01
3.406193256378173828e-01
3.406193256378173828e-01
3.406193256378173828e-01
3.406193256378173828e-01
3.406193256378173828e-01
3.406193256378173828e-01
3.406193256378173828e-01
3.406193256378173828e-01
3.406193256378173828e-01
3.406193256378173828e-01
3.406193256378173828e-01
3.406193256378173828e-01
3.406193256378173828e-01
3.406193256378173828e-01
3.406193256378173828e-01
3.406193256378173828e-01
3.406193256378173828e-01
6.197326183319091797e-01
6.197250485420227051e-01
3.406193256378173828e-01
3.406193256378173828e-01
6.178005337715148926e-01
3.406193256378173828e-01
3.406193256378173828e-01
