9.986145496368408203e-01
9.999988079071044922e-01
9.926220178604125977e-01
9.148774147033691406e-01
8.923749327659606934e-01
9.999351501464843750e-01
8.717303276062011719e-01
8.906274437904357910e-01
9.176918268203735352e-01
9.990978240966796875e-01
9.928223490715026855e-01
8.879709243774414062e-01
9.996120333671569824e-01
9.983900785446166992e-01
9.110071063041687012e-01
8.790865540504455566e-01
9.959185719490051270e-01
9.981232285499572754e-01
8.078052997589111328e-01
9.995301961898803711e-01
9.243465662002563477e-01
9.974173307418823242e-01
9.240293502807617188e-01
9.959903359413146973e-01
8.522284030914306641e-01
9.862759113311767578e-01
9.997926354408264160e-01
9.896106719970703125e-01
9.922143816947937012e-01
9.212688803672790527e-01
9.998828172683715820e-01
9.141667485237121582e-01
1.000000000000000000e+00
9.947516322135925293e-01
9.964112639427185059e-01
9.997058510780334473e-01
9.592111110687255859e-01
9.999693632125854492e-01
8.862175941467285156e-01
9.974738955497741699e-01
8.828133344650268555e-01
7.960689067840576172e-01
9.988611936569213867e-01
7.745686769485473633e-01
9.150347709655761719e-01
8.538476228713989258e-01
8.546525835990905762e-01
8.826834559440612793e-01
9.454485774040222168e-01
8.525093793869018555e-01
9.987922906875610352e-01
8.586300611495971680e-01
9.054085016250610352e-01
9.999998807907104492e-01
8.543772101402282715e-01
8.940215706825256348e-01
9.999945163726806641e-01
9.267131090164184570e-01
9.099236726760864258e-01
9.984428286552429199e-01
9.999783039093017578e-01
9.998860359191894531e-01
9.816199541091918945e-01
9.098799228668212891e-01
9.933078289031982422e-01
6.104566529393196106e-02
9.038370251655578613e-01
9.804080724716186523e-01
8.924207687377929688e-01
9.170998930931091309e-01
9.972046017646789551e-01
9.988547563552856445e-01
9.122945666313171387e-01
9.162086844444274902e-01
9.998149275779724121e-01
6.330218911170959473e-02
5.301834940910339355e-01
5.502395629882812500e-01
8.885073065757751465e-01
5.020152330398559570e-01
6.054531335830688477e-01
9.988777041435241699e-01
5.789684653282165527e-01
1.389358192682266235e-01
5.468810200691223145e-01
5.476105809211730957e-01
9.087144136428833008e-01
5.884827971458435059e-01
9.931526184082031250e-01
7.886151969432830811e-02
9.901089668273925781e-01
9.994013309478759766e-01
4.506865441799163818e-01
4.551467597484588623e-01
9.827270507812500000e-01
9.993075132369995117e-01
9.531435966491699219e-01
9.922388792037963867e-01
3.491028249263763428e-01
4.307686984539031982e-01
7.223119735717773438e-01
9.976170063018798828e-01
2.576468288898468018e-01
5.771576166152954102e-01
9.841228723526000977e-01
7.918571233749389648e-01
9.972942471504211426e-01
8.077804744243621826e-02
4.927996993064880371e-01
5.727245211601257324e-01
9.980123043060302734e-01
1.390278190374374390e-01
3.980092108249664307e-01
3.780096173286437988e-01
9.651077985763549805e-01
5.426723957061767578e-01
2.850253283977508545e-01
9.937705397605895996e-01
9.871726036071777344e-01
9.997274279594421387e-01
9.678208827972412109e-01
9.931277036666870117e-01
9.923852682113647461e-01
4.395006299018859863e-01
9.872514009475708008e-01
6.432326436042785645e-01
9.257888793945312500e-01
7.988055050373077393e-02
9.885293841361999512e-01
9.999045133590698242e-01
9.998207688331604004e-01
9.887444972991943359e-01
9.580321311950683594e-01
4.910790920257568359e-01
9.146672487258911133e-01
6.538708508014678955e-02
9.650620818138122559e-01
9.937865734100341797e-01
9.884285330772399902e-01
9.852616190910339355e-01
5.062723159790039062e-01
9.760851860046386719e-01
8.421109914779663086e-01
5.475943684577941895e-01
9.901734590530395508e-01
6.342557072639465332e-02
5.085375308990478516e-01
1.694361269474029541e-01
9.973205924034118652e-01
9.443705081939697266e-01
9.974898099899291992e-01
4.268424212932586670e-01
9.739212989807128906e-01
4.137114584445953369e-01
8.424171209335327148e-01
9.620411396026611328e-01
9.297637939453125000e-01
9.205100536346435547e-01
9.321370720863342285e-01
3.526508212089538574e-01
2.805093228816986084e-01
6.307051777839660645e-01
3.339157998561859131e-01
9.989352822303771973e-01
9.818093776702880859e-01
9.472975730895996094e-01
4.195269346237182617e-01
4.191198348999023438e-01
9.978879094123840332e-01
4.552703201770782471e-01
3.341705799102783203e-01
9.999022483825683594e-01
4.679414331912994385e-01
9.724464416503906250e-01
9.119585752487182617e-01
3.907482326030731201e-01
9.936774373054504395e-01
2.216998338699340820e-01
4.679026901721954346e-01
9.572911262512207031e-01
4.585078656673431396e-01
4.538015127182006836e-01
9.896093606948852539e-01
4.655925929546356201e-01
9.997928738594055176e-01
9.970706701278686523e-01
4.884682595729827881e-01
5.408551692962646484e-01
9.745942950248718262e-01
9.988875985145568848e-01
4.886292517185211182e-01
4.637948274612426758e-01
9.993293285369873047e-01
9.662663936614990234e-01
4.269204735755920410e-01
9.999601840972900391e-01
2.505562305450439453e-01
3.221532702445983887e-01
3.815848231315612793e-01
9.970177412033081055e-01
1.795142441987991333e-01
9.990150928497314453e-01
4.841805398464202881e-01
9.974283576011657715e-01
9.472513794898986816e-01
3.204760551452636719e-01
5.121984481811523438e-01
3.783890306949615479e-01
9.997211098670959473e-01
4.003052115440368652e-01
3.916103541851043701e-01
3.335612118244171143e-01
4.229504466056823730e-01
9.668212532997131348e-01
9.964603781700134277e-01
9.886246919631958008e-01
9.998998641967773438e-01
4.578416049480438232e-01
9.999954700469970703e-01
9.923916459083557129e-01
9.761604070663452148e-01
9.902704954147338867e-01
9.974070191383361816e-01
4.970901608467102051e-01
9.989337325096130371e-01
3.765279054641723633e-01
4.783184230327606201e-01
3.867841660976409912e-01
9.987062215805053711e-01
9.619721770286560059e-01
3.366930186748504639e-01
4.378356933593750000e-01
3.864403367042541504e-01
9.781216382980346680e-01
9.975468516349792480e-01
9.830727577209472656e-01
4.838410615921020508e-01
9.915540814399719238e-01
9.956480860710144043e-01
9.871050119400024414e-01
3.599132597446441650e-01
9.999965429306030273e-01
5.423009991645812988e-01
8.311492204666137695e-01
1.133016794919967651e-01
4.028185829520225525e-02
8.989092111587524414e-01
9.999840259552001953e-01
8.839100599288940430e-01
2.181033939123153687e-01
1.311380118131637573e-01
8.679603934288024902e-01
7.131968736648559570e-01
9.971761703491210938e-01
9.135416150093078613e-02
9.975867271423339844e-01
9.642853140830993652e-01
9.931942224502563477e-01
9.935302138328552246e-01
8.750225305557250977e-01
9.996874332427978516e-01
8.605183959007263184e-01
2.990291714668273926e-01
3.509790450334548950e-02
8.489559888839721680e-01
8.839282393455505371e-01
9.999855756759643555e-01
9.855145215988159180e-01
4.888503998517990112e-02
9.982101917266845703e-01
8.539420366287231445e-01
9.891799688339233398e-01
9.960403442382812500e-01
9.924864768981933594e-01
9.999061822891235352e-01
8.745532631874084473e-01
8.246981501579284668e-01
8.815369009971618652e-01
8.990004062652587891e-01
8.557562232017517090e-01
9.878244400024414062e-01
8.818231225013732910e-01
5.283562541007995605e-01
1.942116320133209229e-01
9.999811649322509766e-01
9.865620732307434082e-01
8.871616721153259277e-01
9.882116913795471191e-01
9.943568110466003418e-01
8.749576807022094727e-01
8.689383268356323242e-01
9.010525345802307129e-01
1.201740726828575134e-01
9.902884960174560547e-01
9.358688592910766602e-01
8.993883728981018066e-01
9.841655492782592773e-01
8.709541559219360352e-01
8.637601733207702637e-01
9.852378964424133301e-01
8.763695955276489258e-01
9.980429410934448242e-01
8.897468447685241699e-01
5.501543730497360229e-02
8.861693143844604492e-01
9.710997343063354492e-01
5.933225154876708984e-01
9.812664985656738281e-01
9.995340108871459961e-01
8.622613549232482910e-01
2.577004730701446533e-01
8.870981931686401367e-01
9.315614104270935059e-01
9.867953062057495117e-01
8.729468584060668945e-01
8.945074081420898438e-01
4.527537524700164795e-01
8.913174271583557129e-01
9.996024966239929199e-01
9.904679656028747559e-01
3.491772711277008057e-01
9.176630973815917969e-01
9.900311231613159180e-01
8.967432379722595215e-01
3.496586978435516357e-01
3.944565057754516602e-01
9.170373082160949707e-01
4.096706211566925049e-01
6.330574750900268555e-01
9.999250173568725586e-01
9.580065608024597168e-01
9.584962725639343262e-01
2.687988579273223877e-01
5.901955962181091309e-01
4.372959434986114502e-01
9.187270402908325195e-01
9.180601239204406738e-01
3.763813376426696777e-01
4.606869518756866455e-01
3.885872960090637207e-01
9.997999072074890137e-01
9.776480197906494141e-01
3.965348601341247559e-01
9.992007613182067871e-01
3.987696766853332520e-01
3.785024881362915039e-01
4.537548720836639404e-01
9.182861447334289551e-01
9.176630973815917969e-01
9.551370739936828613e-01
9.997504353523254395e-01
2.298812866210937500e-01
9.166706204414367676e-01
3.691571056842803955e-01
2.352743148803710938e-01
9.972133040428161621e-01
4.019967019557952881e-01
3.109873235225677490e-01
9.998543262481689453e-01
3.825397193431854248e-01
9.984210729598999023e-01
3.873189389705657959e-01
3.691867291927337646e-01
1.000000000000000000e+00
4.119910895824432373e-01
4.089115262031555176e-01
4.338412582874298096e-01
9.940992593765258789e-01
5.914940237998962402e-01
5.747891664505004883e-01
7.412676215171813965e-01
9.190437793731689453e-01
5.717531442642211914e-01
6.506006717681884766e-01
3.165942430496215820e-01
4.481238722801208496e-01
8.609620332717895508e-01
9.645158052444458008e-01
4.325401782989501953e-01
4.285615980625152588e-01
6.613619923591613770e-01
3.721431493759155273e-01
3.025421798229217529e-01
4.470023214817047119e-01
9.628050923347473145e-01
2.693986594676971436e-01
3.959524035453796387e-01
5.056201219558715820e-01
7.863475680351257324e-01
4.433034956455230713e-01
4.288820624351501465e-01
3.732835948467254639e-01
3.922499120235443115e-01
3.435049951076507568e-01
4.494856297969818115e-01
4.786611795425415039e-01
5.238819718360900879e-01
9.311329126358032227e-01
5.006148815155029297e-01
5.498351454734802246e-01
3.567114472389221191e-01
9.119303822517395020e-01
9.934800863265991211e-01
5.463276505470275879e-01
5.623127222061157227e-01
9.500920772552490234e-01
4.038431048393249512e-01
5.292554497718811035e-01
3.951998353004455566e-01
9.397584199905395508e-01
3.864738643169403076e-01
6.420594453811645508e-01
3.928499519824981689e-01
4.921190440654754639e-01
3.671055734157562256e-01
4.089684486389160156e-01
4.061189889907836914e-01
3.507260382175445557e-01
7.616128325462341309e-01
5.922237038612365723e-01
3.752844035625457764e-01
5.552837848663330078e-01
4.255013763904571533e-01
3.063046634197235107e-01
4.458881020545959473e-01
1.354465931653976440e-01
9.147616624832153320e-01
9.913067221641540527e-01
9.996467828750610352e-01
9.328375458717346191e-01
9.707550406455993652e-01
9.981507658958435059e-01
9.979119896888732910e-01
9.205991625785827637e-01
8.232641220092773438e-01
9.211974143981933594e-01
9.988942742347717285e-01
9.970551729202270508e-01
9.938423633575439453e-01
8.724269270896911621e-01
9.151841402053833008e-01
9.959893822669982910e-01
8.789737224578857422e-01
9.035558700561523438e-01
8.159071803092956543e-01
9.833686947822570801e-01
9.999697208404541016e-01
9.991539716720581055e-01
9.765356183052062988e-01
9.222663044929504395e-01
9.139587879180908203e-01
8.629145622253417969e-01
9.999450445175170898e-01
3.644905984401702881e-02
9.200738668441772461e-01
9.974781870841979980e-01
9.994277358055114746e-01
9.199181199073791504e-01
9.059763550758361816e-01
9.991249442100524902e-01
9.086272716522216797e-01
9.996521472930908203e-01
8.646925091743469238e-01
8.810557723045349121e-01
9.202157855033874512e-01
9.046768546104431152e-01
9.998001456260681152e-01
8.775842785835266113e-01
8.960936665534973145e-01
9.996342658996582031e-01
9.944360256195068359e-01
8.919638395309448242e-01
9.176974296569824219e-01
8.998327255249023438e-01
9.929189085960388184e-01
9.347028136253356934e-01
9.942851662635803223e-01
9.992027878761291504e-01
9.035536050796508789e-01
3.573688566684722900e-01
9.125102162361145020e-01
9.157915711402893066e-01
9.999967813491821289e-01
9.147075414657592773e-01
9.161357283592224121e-01
8.973231911659240723e-01
9.979908466339111328e-01
8.760450482368469238e-01
9.860360622406005859e-01
9.987025260925292969e-01
9.998883008956909180e-01
9.127030372619628906e-01
9.999711513519287109e-01
9.999685287475585938e-01
9.998196959495544434e-01
8.484755754470825195e-01
9.999934434890747070e-01
8.987720608711242676e-01
9.197764992713928223e-01
8.863875865936279297e-01
2.838961780071258545e-02
1.830824650824069977e-02
4.404678344726562500e-01
7.332248240709304810e-02
3.207735419273376465e-01
8.447483777999877930e-01
7.125788927078247070e-01
1.151341758668422699e-02
4.725913703441619873e-02
5.543193817138671875e-01
3.300368785858154297e-02
3.908242583274841309e-01
5.979705229401588440e-02
8.452883958816528320e-01
1.613921485841274261e-02
5.937930196523666382e-02
8.334074020385742188e-01
1.798749901354312897e-02
3.035848215222358704e-02
1.991364732384681702e-02
3.423537686467170715e-02
3.933691605925559998e-02
3.784576654434204102e-01
6.957885622978210449e-02
6.883030757308006287e-03
5.453691259026527405e-02
4.858353734016418457e-02
2.966738119721412659e-02
1.816148608922958374e-01
1.577197201550006866e-02
6.042715907096862793e-01
1.166875008493661880e-02
7.603324651718139648e-01
1.494503580033779144e-02
2.912456728518009186e-02
1.913365535438060760e-02
1.390340458601713181e-02
1.421778090298175812e-02
8.156943134963512421e-03
4.426374286413192749e-02
1.563203707337379456e-02
4.929580986499786377e-01
1.359178684651851654e-02
4.325662553310394287e-02
3.003496490418910980e-02
7.475392818450927734e-01
6.579151377081871033e-03
3.981838226318359375e-01
4.365222901105880737e-02
8.972573876380920410e-01
6.632594019174575806e-02
4.426374286413192749e-02
1.338297314941883087e-02
6.767955422401428223e-01
1.470785588026046753e-02
4.454711452126502991e-02
7.824324071407318115e-03
6.600379943847656250e-01
2.997083589434623718e-02
2.323298901319503784e-02
1.460408233106136322e-02
4.969842359423637390e-02
1.973512768745422363e-02
6.395317614078521729e-02
2.040625736117362976e-02
1.483786851167678833e-01
2.646603286266326904e-01
1.909316703677177429e-02
2.893052436411380768e-02
9.007965214550495148e-03
3.867590129375457764e-01
3.693217784166336060e-02
2.165471017360687256e-02
4.971610847860574722e-03
3.591535985469818115e-02
3.924979269504547119e-02
3.019617684185504913e-02
9.569352865219116211e-02
5.077665299177169800e-02
5.413333326578140259e-02
2.596699260175228119e-02
3.592109680175781250e-02
1.233447045087814331e-01
1.836892403662204742e-02
2.966328151524066925e-02
2.004424296319484711e-02
6.160197407007217407e-02
3.675886243581771851e-02
4.487348347902297974e-02
4.629434645175933838e-02
4.821283742785453796e-02
9.952494502067565918e-02
3.592109680175781250e-02
6.493023037910461426e-02
2.805747650563716888e-02
5.019412562251091003e-02
3.373068571090698242e-02
2.805747650563716888e-02
6.407052278518676758e-02
5.543269217014312744e-02
3.364986181259155273e-02
1.233447045087814331e-01
3.122152015566825867e-02
2.176766283810138702e-02
3.030307218432426453e-02
4.219155758619308472e-02
5.388386547565460205e-02
5.330403149127960205e-02
4.299466684460639954e-02
3.675886243581771851e-02
3.057283163070678711e-02
1.156123820692300797e-02
3.057283163070678711e-02
1.410138010978698730e-01
2.967602945864200592e-02
6.436138600111007690e-02
1.836892403662204742e-02
7.676069438457489014e-02
1.164880990982055664e-01
2.511112950742244720e-02
1.327967494726181030e-01
2.805747650563716888e-02
2.967602945864200592e-02
2.134034223854541779e-02
5.369836837053298950e-02
2.605365402996540070e-02
4.599374532699584961e-02
5.369836837053298950e-02
3.030307218432426453e-02
6.436138600111007690e-02
1.156123820692300797e-02
3.103894740343093872e-02
5.087304115295410156e-02
3.486702218651771545e-02
5.922988429665565491e-02
4.828660190105438232e-02
1.879022642970085144e-02
1.164880990982055664e-01
4.912862926721572876e-02
1.233447045087814331e-01
2.146911434829235077e-02
6.398673355579376221e-02
3.026135638356208801e-02
4.299466684460639954e-02
2.734902128577232361e-02
1.061858981847763062e-01
1.068547666072845459e-01
5.063492432236671448e-02
1.578702032566070557e-02
2.966328151524066925e-02
3.867167532444000244e-01
3.075262308120727539e-01
2.674740850925445557e-01
2.750351428985595703e-01
3.093274533748626709e-01
1.739986687898635864e-01
2.750351428985595703e-01
3.606720864772796631e-01
4.180006384849548340e-01
5.257090330123901367e-01
3.218687772750854492e-01
3.840075433254241943e-01
3.749016225337982178e-01
2.739720046520233154e-01
3.407243192195892334e-01
3.692265748977661133e-01
3.205442130565643311e-01
3.848958611488342285e-01
4.354592263698577881e-01
3.192043602466583252e-01
2.253513187170028687e-01
1.358734667301177979e-01
2.972837686538696289e-01
3.697358667850494385e-01
1.840878725051879883e-01
3.798997998237609863e-01
1.861313581466674805e-01
3.457120060920715332e-01
3.545303046703338623e-01
4.088405668735504150e-01
1.547704786062240601e-01
4.063124358654022217e-01
4.325659275054931641e-01
2.780693769454956055e-01
3.752444088459014893e-01
3.487658500671386719e-01
2.621306777000427246e-01
4.381249248981475830e-01
4.245306253433227539e-01
2.128192931413650513e-01
1.469799131155014038e-01
2.436094880104064941e-01
2.128584980964660645e-01
6.226351484656333923e-02
3.439779579639434814e-01
1.099910810589790344e-01
3.327611386775970459e-01
2.661375701427459717e-01
3.302447497844696045e-01
4.586326181888580322e-01
6.512091308832168579e-02
3.244425654411315918e-01
2.735898792743682861e-01
4.157480895519256592e-01
1.410172283649444580e-01
2.201909869909286499e-01
3.491536080837249756e-01
4.010421335697174072e-01
4.421915113925933838e-01
1.997970044612884521e-01
1.920475363731384277e-01
9.309846162796020508e-02
3.255570232868194580e-01
4.209079444408416748e-01
2.961656153202056885e-01
3.968117237091064453e-01
5.292855203151702881e-02
4.710707664489746094e-01
3.313460946083068848e-01
4.720971882343292236e-01
3.007913231849670410e-01
2.483015358448028564e-01
2.613986432552337646e-01
3.202006518840789795e-01
2.728488147258758545e-01
4.171094298362731934e-01
3.036814033985137939e-01
2.165766954421997070e-01
4.109899699687957764e-01
3.004632890224456787e-01
4.226190745830535889e-01
3.106174170970916748e-01
3.932052850723266602e-01
3.815431892871856689e-01
3.325586318969726562e-01
4.638344943523406982e-01
1.864167749881744385e-01
1.733000576496124268e-01
4.603857696056365967e-01
4.941660165786743164e-02
2.685126848518848419e-02
6.219197809696197510e-02
2.283604815602302551e-02
2.928292565047740936e-02
3.368846327066421509e-02
2.615907788276672363e-02
1.669457182288169861e-02
5.087779462337493896e-02
4.084330797195434570e-02
4.165319725871086121e-02
2.059112302958965302e-02
2.092986367642879486e-02
2.456483617424964905e-02
1.198857054114341736e-01
3.470693901181221008e-02
1.055307984352111816e-01
4.396571591496467590e-02
5.232689157128334045e-02
3.453934192657470703e-02
1.994270831346511841e-02
1.997504085302352905e-01
3.806061670184135437e-02
2.821519598364830017e-02
6.154091656208038330e-02
1.379884332418441772e-01
2.910494990646839142e-02
8.487577438354492188e-01
8.155766129493713379e-02
2.889589220285415649e-02
6.365386396646499634e-02
2.556277438998222351e-02
4.213025420904159546e-02
2.848369628190994263e-02
6.594393402338027954e-02
1.507035642862319946e-02
2.406736835837364197e-02
2.203298546373844147e-02
2.257735468447208405e-02
2.100235410034656525e-02
4.705702513456344604e-02
3.059521876275539398e-02
2.204352244734764099e-02
1.132940314710140228e-02
3.321841359138488770e-02
6.622302462346851826e-04
6.596997380256652832e-02
6.719725579023361206e-02
5.554505065083503723e-02
6.295868754386901855e-01
1.036527380347251892e-01
7.370946556329727173e-02
4.027212783694267273e-02
4.243823140859603882e-02
3.390180319547653198e-02
3.554338216781616211e-01
4.183317720890045166e-02
2.647805027663707733e-02
2.125763706862926483e-02
2.909399569034576416e-02
3.714945539832115173e-02
6.868329644203186035e-02
8.425343632698059082e-01
1.947709545493125916e-02
3.245363757014274597e-02
1.536563690751791000e-02
2.886441536247730255e-02
5.421248078346252441e-01
6.047195568680763245e-02
1.617904901504516602e-01
3.914701938629150391e-02
2.882079966366291046e-02
9.031414985656738281e-03
5.724341049790382385e-02
4.183581471443176270e-02
2.223941087722778320e-01
3.362098932266235352e-01
2.686281204223632812e-01
1.590199768543243408e-01
3.109940886497497559e-01
2.904256880283355713e-01
4.089716076850891113e-02
2.715491056442260742e-01
2.692296802997589111e-01
1.461400985717773438e-01
2.527984380722045898e-01
8.942983746528625488e-01
9.182209521532058716e-02
1.670320034027099609e-01
2.213880419731140137e-01
1.487478762865066528e-01
2.040190696716308594e-01
2.337656617164611816e-01
2.363005280494689941e-01
1.099344268441200256e-01
3.825343251228332520e-01
7.501096278429031372e-02
2.710602879524230957e-01
3.194842338562011719e-01
2.634966373443603516e-01
2.891156673431396484e-01
3.184191882610321045e-01
2.371272295713424683e-01
2.117020636796951294e-01
1.598926782608032227e-01
1.364340335130691528e-01
3.719817698001861572e-01
3.340347111225128174e-01
2.267873138189315796e-01
1.186555847525596619e-01
3.760205209255218506e-01
3.449409306049346924e-01
1.614297479391098022e-01
3.423129022121429443e-01
1.896161586046218872e-01
1.396155506372451782e-01
2.840609252452850342e-01
2.435339242219924927e-01
2.929927706718444824e-01
3.173623085021972656e-01
3.204535245895385742e-01
4.991836473345756531e-02
4.978720247745513916e-01
2.883337438106536865e-01
2.291238158941268921e-01
1.690952628850936890e-01
2.815407216548919678e-01
3.155007064342498779e-01
2.720114290714263916e-01
3.858713209629058838e-01
3.371383249759674072e-01
3.612426519393920898e-01
3.544782698154449463e-01
3.211745321750640869e-01
4.115521311759948730e-01
1.995220929384231567e-01
4.248641431331634521e-01
3.761914074420928955e-01
3.511178791522979736e-01
4.869731888175010681e-02
4.049343466758728027e-01
3.980742990970611572e-01
3.952646255493164062e-01
1.550027169287204742e-02
4.159601330757141113e-01
1.510511636734008789e-01
4.486018717288970947e-01
3.440501391887664795e-01
3.057928979396820068e-01
4.178839921951293945e-01
3.444172739982604980e-01
4.588558375835418701e-01
3.649604916572570801e-01
2.280247211456298828e-01
2.908828258514404297e-01
2.412186414003372192e-01
4.306179285049438477e-01
4.443633258342742920e-01
3.495380878448486328e-01
4.209971129894256592e-01
4.042316079139709473e-01
1.930347234010696411e-01
4.104301333427429199e-01
3.872392773628234863e-01
3.897362351417541504e-01
3.343831300735473633e-01
3.985466361045837402e-01
2.308467775583267212e-01
5.576136112213134766e-01
2.719639539718627930e-01
3.496819436550140381e-01
3.641186654567718506e-01
5.476668477058410645e-01
2.440736740827560425e-01
5.014450550079345703e-01
2.091402709484100342e-01
6.220997311174869537e-03
2.845399454236030579e-02
3.461128473281860352e-02
2.688859961926937103e-02
5.949060991406440735e-02
5.504982173442840576e-02
4.039869830012321472e-02
2.215307392179965973e-02
3.049528598785400391e-02
3.804111853241920471e-02
2.302791178226470947e-02
5.733656510710716248e-02
2.407588437199592590e-02
2.853922843933105469e-01
1.032919622957706451e-02
4.711799323558807373e-03
5.989987850189208984e-01
4.284929335117340088e-01
1.443317439407110214e-02
2.986322715878486633e-02
7.255465257912874222e-03
1.688428595662117004e-02
3.231166303157806396e-02
8.198696374893188477e-01
6.501118652522563934e-03
8.389633893966674805e-01
8.938632607460021973e-01
5.690965652465820312e-01
3.374839201569557190e-02
5.649471282958984375e-02
4.606383666396141052e-02
6.086333841085433960e-02
2.527022361755371094e-02
3.941489160060882568e-01
4.182261526584625244e-01
4.133516550064086914e-02
2.521711774170398712e-02
8.613454699516296387e-01
5.342611670494079590e-02
2.758868597447872162e-02
6.812649220228195190e-02
6.309866160154342651e-02
1.211385652422904968e-01
4.314237274229526520e-03
3.652559220790863037e-02
5.612226948142051697e-02
2.974064461886882782e-02
1.856728456914424896e-02
2.787314541637897491e-02
1.102020591497421265e-02
1.141528636217117310e-01
5.395788699388504028e-02
5.556655526161193848e-01
6.290057301521301270e-01
2.108705975115299225e-02
6.221122294664382935e-02
7.527849078178405762e-02
6.799373030662536621e-01
3.628383576869964600e-02
5.677857249975204468e-02
5.402206908911466599e-03
6.773051619529724121e-02
5.339432880282402039e-02
5.084682255983352661e-02
7.147489488124847412e-02
1.498096343129873276e-02
4.150265455245971680e-01
5.942074209451675415e-02
3.429672867059707642e-02
7.238863110542297363e-01
1.631447300314903259e-02
8.879401534795761108e-02
2.666312083601951599e-02
4.573656991124153137e-02
4.016521200537681580e-02
