9.925844073295593262e-01
9.994254112243652344e-01
9.840287566184997559e-01
3.867684602737426758e-01
3.867684602737426758e-01
9.785364270210266113e-01
3.867684602737426758e-01
3.867684602737426758e-01
3.867684602737426758e-01
9.790608286857604980e-01
9.995766282081604004e-01
3.867684602737426758e-01
9.995909333229064941e-01
9.850400686264038086e-01
3.867684602737426758e-01
3.867684602737426758e-01
9.973612427711486816e-01
9.994696974754333496e-01
3.867684602737426758e-01
9.987712502479553223e-01
3.867684602737426758e-01
9.613312482833862305e-01
3.867684602737426758e-01
9.800781011581420898e-01
3.867684602737426758e-01
9.808130860328674316e-01
9.999928474426269531e-01
9.999823570251464844e-01
9.999638795852661133e-01
3.867684602737426758e-01
9.973467588424682617e-01
3.867684602737426758e-01
9.998773336410522461e-01
9.961107373237609863e-01
9.397975206375122070e-01
9.931273460388183594e-01
9.998862743377685547e-01
9.987763762474060059e-01
3.867684602737426758e-01
9.966220855712890625e-01
3.867684602737426758e-01
3.867684602737426758e-01
9.999998807907104492e-01
3.867684602737426758e-01
3.867684602737426758e-01
3.867684602737426758e-01
3.867684602737426758e-01
3.867684602737426758e-01
9.213941097259521484e-01
3.867684602737426758e-01
9.667881131172180176e-01
3.867684602737426758e-01
3.867684602737426758e-01
9.979993700981140137e-01
3.867684602737426758e-01
3.867684602737426758e-01
9.989728927612304688e-01
3.867684602737426758e-01
3.867684602737426758e-01
9.974249601364135742e-01
9.972177743911743164e-01
9.962261915206909180e-01
9.950733780860900879e-01
3.867684602737426758e-01
9.924907088279724121e-01
3.867684602737426758e-01
3.867684602737426758e-01
9.960278272628784180e-01
3.867684602737426758e-01
3.867684602737426758e-01
9.916841983795166016e-01
9.936796426773071289e-01
3.867684602737426758e-01
3.867684602737426758e-01
9.815479516983032227e-01
3.867684602737426758e-01
3.867684602737426758e-01
3.867684602737426758e-01
9.907894730567932129e-01
3.867684602737426758e-01
3.867684602737426758e-01
9.988710284233093262e-01
3.867684602737426758e-01
3.867684602737426758e-01
3.867684602737426758e-01
3.867684602737426758e-01
1.000000000000000000e+00
3.867684602737426758e-01
9.986039996147155762e-01
3.867684602737426758e-01
9.977530837059020996e-01
9.987806677818298340e-01
3.867684602737426758e-01
9.877077937126159668e-01
9.978975057601928711e-01
9.998650550842285156e-01
9.853423833847045898e-01
9.989469647407531738e-01
3.867684602737426758e-01
3.867684602737426758e-01
3.867684602737426758e-01
9.987712502479553223e-01
3.867684602737426758e-01
3.867684602737426758e-01
9.875526428222656250e-01
9.959439635276794434e-01
9.990955591201782227e-01
3.867684602737426758e-01
3.867684602737426758e-01
3.867684602737426758e-01
9.993452429771423340e-01
3.867684602737426758e-01
3.867684602737426758e-01
3.867684602737426758e-01
9.966963529586791992e-01
3.867684602737426758e-01
3.867684602737426758e-01
9.995740056037902832e-01
9.946570992469787598e-01
9.999189376831054688e-01
9.954105019569396973e-01
9.992911815643310547e-01
9.954721927642822266e-01
3.867684602737426758e-01
9.993593096733093262e-01
3.867684602737426758e-01
9.925068020820617676e-01
3.867684602737426758e-01
9.894575476646423340e-01
9.999722242355346680e-01
9.998908042907714844e-01
9.876415729522705078e-01
9.945735335350036621e-01
3.867684602737426758e-01
9.992664456367492676e-01
3.867684602737426758e-01
9.995013475418090820e-01
9.998967647552490234e-01
9.999550580978393555e-01
9.952463507652282715e-01
3.867684602737426758e-01
9.997077584266662598e-01
9.999690055847167969e-01
3.867684602737426758e-01
9.994434714317321777e-01
3.867684602737426758e-01
3.867684602737426758e-01
3.867684602737426758e-01
9.992026686668395996e-01
9.972520470619201660e-01
9.850711822509765625e-01
3.867684602737426758e-01
9.987542629241943359e-01
3.867684602737426758e-01
9.999889135360717773e-01
9.812150001525878906e-01
9.545341134071350098e-01
9.910579919815063477e-01
9.997959733009338379e-01
3.867684602737426758e-01
3.867684602737426758e-01
3.867684602737426758e-01
3.867684602737426758e-01
9.922989010810852051e-01
9.970863461494445801e-01
9.938077330589294434e-01
3.867684602737426758e-01
3.867684602737426758e-01
9.985309839248657227e-01
3.867684602737426758e-01
3.867684602737426758e-01
9.975246787071228027e-01
3.867684602737426758e-01
9.906672835350036621e-01
9.858865737915039062e-01
3.867684602737426758e-01
9.979974627494812012e-01
3.867684602737426758e-01
3.867684602737426758e-01
9.979456067085266113e-01
3.867684602737426758e-01
3.867684602737426758e-01
9.936287999153137207e-01
3.867684602737426758e-01
9.993540644645690918e-01
9.479416608810424805e-01
3.867684602737426758e-01
3.867684602737426758e-01
9.876871705055236816e-01
9.821010231971740723e-01
3.867684602737426758e-01
3.867684602737426758e-01
9.963960051536560059e-01
9.938999414443969727e-01
3.867684602737426758e-01
9.958691000938415527e-01
3.867684602737426758e-01
3.867684602737426758e-01
3.867684602737426758e-01
9.801090359687805176e-01
3.867684602737426758e-01
9.990949630737304688e-01
3.867684602737426758e-01
9.967148303985595703e-01
9.998264908790588379e-01
3.867684602737426758e-01
3.867684602737426758e-01
3.867684602737426758e-01
9.989486336708068848e-01
3.867684602737426758e-01
3.867684602737426758e-01
3.867684602737426758e-01
3.867684602737426758e-01
9.912813305854797363e-01
9.849958419799804688e-01
9.947502017021179199e-01
9.967531561851501465e-01
3.867684602737426758e-01
8.959940671920776367e-01
9.990092515945434570e-01
9.901198148727416992e-01
9.889163970947265625e-01
9.840062260627746582e-01
3.867684602737426758e-01
9.978231191635131836e-01
3.867684602737426758e-01
3.867684602737426758e-01
3.867684602737426758e-01
9.824267625808715820e-01
9.974023103713989258e-01
3.867684602737426758e-01
3.867684602737426758e-01
3.867684602737426758e-01
9.859979152679443359e-01
9.999810457229614258e-01
9.971183538436889648e-01
3.867684602737426758e-01
9.955152869224548340e-01
9.976927042007446289e-01
9.935683608055114746e-01
3.867684602737426758e-01
9.999979734420776367e-01
3.867684602737426758e-01
9.908506274223327637e-01
3.867684602737426758e-01
3.867684602737426758e-01
3.867684602737426758e-01
9.969840645790100098e-01
3.867684602737426758e-01
3.867684602737426758e-01
3.867684602737426758e-01
3.867684602737426758e-01
3.867684602737426758e-01
9.967057108879089355e-01
3.867684602737426758e-01
9.996399879455566406e-01
9.119443893432617188e-01
9.755681157112121582e-01
9.995185136795043945e-01
3.867684602737426758e-01
9.988257288932800293e-01
3.867684602737426758e-01
3.867684602737426758e-01
3.867684602737426758e-01
9.399935603141784668e-01
3.867684602737426758e-01
9.999741315841674805e-01
9.872584939002990723e-01
3.867684602737426758e-01
9.971891045570373535e-01
3.867684602737426758e-01
9.653227329254150391e-01
9.958302378654479980e-01
8.708598613739013672e-01
9.977178573608398438e-01
3.867684602737426758e-01
3.867684602737426758e-01
3.867684602737426758e-01
3.867684602737426758e-01
3.867684602737426758e-01
9.832332730293273926e-01
3.867684602737426758e-01
3.867684602737426758e-01
3.867684602737426758e-01
9.797980785369873047e-01
5.632529854774475098e-01
3.867684602737426758e-01
9.653227329254150391e-01
9.993533492088317871e-01
3.867684602737426758e-01
3.867684602737426758e-01
3.867684602737426758e-01
3.867684602737426758e-01
9.999530315399169922e-01
8.840849995613098145e-01
3.867684602737426758e-01
9.908423423767089844e-01
3.867684602737426758e-01
3.867684602737426758e-01
9.929353594779968262e-01
3.867684602737426758e-01
9.807829260826110840e-01
3.867684602737426758e-01
3.867684602737426758e-01
9.994350075721740723e-01
9.882465004920959473e-01
3.867684602737426758e-01
9.947584271430969238e-01
9.990665316581726074e-01
3.867684602737426758e-01
3.867684602737426758e-01
3.867684602737426758e-01
9.982023239135742188e-01
9.999150037765502930e-01
3.867684602737426758e-01
3.867684602737426758e-01
7.876020669937133789e-01
3.867684602737426758e-01
9.008178114891052246e-01
9.942985177040100098e-01
3.867684602737426758e-01
3.867684602737426758e-01
9.918891787528991699e-01
3.867684602737426758e-01
3.867684602737426758e-01
3.867684602737426758e-01
3.867684602737426758e-01
3.867684602737426758e-01
3.867684602737426758e-01
9.621376991271972656e-01
9.877947568893432617e-01
9.906409382820129395e-01
3.867684602737426758e-01
3.867684602737426758e-01
3.867684602737426758e-01
3.867684602737426758e-01
3.867684602737426758e-01
3.867684602737426758e-01
3.867684602737426758e-01
3.867684602737426758e-01
9.851127266883850098e-01
9.882749319076538086e-01
3.867684602737426758e-01
9.997293353080749512e-01
3.867684602737426758e-01
3.867684602737426758e-01
3.867684602737426758e-01
3.867684602737426758e-01
3.867684602737426758e-01
9.957270622253417969e-01
9.991219639778137207e-01
3.867684602737426758e-01
3.867684602737426758e-01
3.867684602737426758e-01
3.867684602737426758e-01
9.971211552619934082e-01
3.867684602737426758e-01
3.867684602737426758e-01
9.856882095336914062e-01
3.867684602737426758e-01
9.859021902084350586e-01
3.867684602737426758e-01
3.867684602737426758e-01
9.552378058433532715e-01
3.867684602737426758e-01
3.867684602737426758e-01
3.867684602737426758e-01
9.998403787612915039e-01
3.867684602737426758e-01
3.867684602737426758e-01
9.630357027053833008e-01
9.961209893226623535e-01
3.867684602737426758e-01
3.867684602737426758e-01
3.867684602737426758e-01
3.867684602737426758e-01
9.819602966308593750e-01
9.464838504791259766e-01
3.867684602737426758e-01
3.867684602737426758e-01
3.867684602737426758e-01
3.867684602737426758e-01
3.867684602737426758e-01
3.867684602737426758e-01
9.838033914566040039e-01
3.867684602737426758e-01
3.867684602737426758e-01
3.867684602737426758e-01
3.867684602737426758e-01
3.867684602737426758e-01
3.867684602737426758e-01
3.867684602737426758e-01
3.867684602737426758e-01
3.867684602737426758e-01
3.867684602737426758e-01
3.867684602737426758e-01
3.867684602737426758e-01
9.966354966163635254e-01
3.867684602737426758e-01
3.867684602737426758e-01
3.867684602737426758e-01
9.908730983734130859e-01
9.895958304405212402e-01
3.867684602737426758e-01
3.867684602737426758e-01
9.917432665824890137e-01
3.867684602737426758e-01
3.867684602737426758e-01
3.867684602737426758e-01
9.974442720413208008e-01
3.867684602737426758e-01
3.867684602737426758e-01
3.867684602737426758e-01
3.867684602737426758e-01
3.867684602737426758e-01
3.867684602737426758e-01
3.867684602737426758e-01
3.867684602737426758e-01
9.933363199234008789e-01
3.867684602737426758e-01
3.867684602737426758e-01
3.867684602737426758e-01
3.867684602737426758e-01
3.867684602737426758e-01
3.867684602737426758e-01
3.867684602737426758e-01
3.867684602737426758e-01
9.958919286727905273e-01
9.981300234794616699e-01
9.890384674072265625e-01
8.930827379226684570e-01
9.940825104713439941e-01
9.999561309814453125e-01
3.867684602737426758e-01
3.867684602737426758e-01
3.867684602737426758e-01
9.934597015380859375e-01
9.896770119667053223e-01
9.926177859306335449e-01
3.867684602737426758e-01
3.867684602737426758e-01
9.236654043197631836e-01
3.867684602737426758e-01
3.867684602737426758e-01
3.867684602737426758e-01
9.962016940116882324e-01
9.998522996902465820e-01
9.972587823867797852e-01
9.789365530014038086e-01
3.867684602737426758e-01
3.867684602737426758e-01
3.867684602737426758e-01
9.861960411071777344e-01
3.867684602737426758e-01
3.867684602737426758e-01
9.797851443290710449e-01
9.928544163703918457e-01
3.867684602737426758e-01
3.867684602737426758e-01
9.853258132934570312e-01
3.867684602737426758e-01
9.921172261238098145e-01
3.867684602737426758e-01
3.867684602737426758e-01
3.867684602737426758e-01
3.867684602737426758e-01
9.875683188438415527e-01
3.867684602737426758e-01
3.867684602737426758e-01
9.932195544242858887e-01
9.942828416824340820e-01
3.867684602737426758e-01
3.867684602737426758e-01
3.867684602737426758e-01
9.965698719024658203e-01
3.867684602737426758e-01
9.872881174087524414e-01
9.993711113929748535e-01
3.867684602737426758e-01
3.867684602737426758e-01
3.867684602737426758e-01
3.867684602737426758e-01
9.991025924682617188e-01
3.867684602737426758e-01
3.867684602737426758e-01
3.867684602737426758e-01
9.638992547988891602e-01
3.867684602737426758e-01
9.852334856986999512e-01
9.823271036148071289e-01
9.998742341995239258e-01
3.867684602737426758e-01
9.999319314956665039e-01
9.993548989295959473e-01
9.999874830245971680e-01
3.867684602737426758e-01
9.998877048492431641e-01
3.867684602737426758e-01
3.867684602737426758e-01
3.867684602737426758e-01
3.867684602737426758e-01
3.867684602737426758e-01
3.867684602737426758e-01
3.867684602737426758e-01
3.867684602737426758e-01
3.867684602737426758e-01
3.867684602737426758e-01
3.867684602737426758e-01
3.867684602737426758e-01
3.867684602737426758e-01
3.867684602737426758e-01
3.867684602737426758e-01
3.867684602737426758e-01
3.867684602737426758e-01
3.867684602737426758e-01
3.867684602737426758e-01
3.867684602737426758e-01
3.867684602737426758e-01
3.867684602737426758e-01
3.867684602737426758e-01
3.867684602737426758e-01
3.867684602737426758e-01
3.867684602737426758e-01
3.867684602737426758e-01
3.867684602737426758e-01
3.867684602737426758e-01
3.867684602737426758e-01
3.867684602737426758e-01
3.867684602737426758e-01
3.867684602737426758e-01
3.867684602737426758e-01
3.867684602737426758e-01
3.867684602737426758e-01
3.867684602737426758e-01
3.867684602737426758e-01
3.215871751308441162e-01
3.867684602737426758e-01
3.867684602737426758e-01
3.867684602737426758e-01
3.867684602737426758e-01
3.867684602737426758e-01
3.867684602737426758e-01
3.867684602737426758e-01
3.867684602737426758e-01
3.867684602737426758e-01
3.867684602737426758e-01
3.867684602737426758e-01
3.867684602737426758e-01
3.867684602737426758e-01
3.867684602737426758e-01
3.867684602737426758e-01
3.867684602737426758e-01
3.867684602737426758e-01
3.867684602737426758e-01
3.867684602737426758e-01
3.867684602737426758e-01
3.867684602737426758e-01
3.867684602737426758e-01
3.867684602737426758e-01
3.867684602737426758e-01
3.867684602737426758e-01
3.867684602737426758e-01
3.867684602737426758e-01
3.867684602737426758e-01
3.867684602737426758e-01
3.867684602737426758e-01
3.867684602737426758e-01
3.867684602737426758e-01
3.867684602737426758e-01
3.867684602737426758e-01
3.867684602737426758e-01
3.867684602737426758e-01
3.867684602737426758e-01
3.867684602737426758e-01
3.867684602737426758e-01
3.867684602737426758e-01
3.867684602737426758e-01
3.867684602737426758e-01
3.867684602737426758e-01
3.867684602737426758e-01
3.867684602737426758e-01
3.867684602737426758e-01
3.867684602737426758e-01
3.867684602737426758e-01
3.867684602737426758e-01
3.867684602737426758e-01
3.867684602737426758e-01
3.867684602737426758e-01
3.867684602737426758e-01
3.867684602737426758e-01
3.867684602737426758e-01
3.867684602737426758e-01
3.867684602737426758e-01
3.867684602737426758e-01
3.867684602737426758e-01
3.867684602737426758e-01
3.867684602737426758e-01
3.867684602737426758e-01
3.867684602737426758e-01
3.867684602737426758e-01
3.867684602737426758e-01
3.867684602737426758e-01
3.867684602737426758e-01
3.867684602737426758e-01
3.867684602737426758e-01
3.867684602737426758e-01
3.867684602737426758e-01
3.867684602737426758e-01
3.867684602737426758e-01
3.867684602737426758e-01
3.867684602737426758e-01
3.867684602737426758e-01
3.867684602737426758e-01
3.867684602737426758e-01
3.867684602737426758e-01
3.867684602737426758e-01
3.867684602737426758e-01
3.867684602737426758e-01
3.867684602737426758e-01
3.867684602737426758e-01
3.867684602737426758e-01
3.867684602737426758e-01
3.867684602737426758e-01
3.867684602737426758e-01
3.867684602737426758e-01
3.867684602737426758e-01
3.867684602737426758e-01
3.867684602737426758e-01
3.867684602737426758e-01
3.867684602737426758e-01
3.867684602737426758e-01
3.867684602737426758e-01
3.867684602737426758e-01
3.867684602737426758e-01
3.867684602737426758e-01
3.867684602737426758e-01
3.867684602737426758e-01
3.867684602737426758e-01
3.867684602737426758e-01
3.867684602737426758e-01
3.867684602737426758e-01
3.867684602737426758e-01
3.867684602737426758e-01
3.867684602737426758e-01
3.867684602737426758e-01
3.867684602737426758e-01
3.867684602737426758e-01
3.867684602737426758e-01
3.867684602737426758e-01
3.867684602737426758e-01
3.867684602737426758e-01
3.867684602737426758e-01
3.867684602737426758e-01
3.867684602737426758e-01
3.867684602737426758e-01
3.867684602737426758e-01
3.867684602737426758e-01
3.867684602737426758e-01
3.867684602737426758e-01
3.867684602737426758e-01
3.867684602737426758e-01
3.867684602737426758e-01
3.867684602737426758e-01
3.867684602737426758e-01
3.867684602737426758e-01
3.867684602737426758e-01
3.867684602737426758e-01
3.867684602737426758e-01
3.867684602737426758e-01
3.867684602737426758e-01
3.867684602737426758e-01
3.867684602737426758e-01
3.867684602737426758e-01
3.867684602737426758e-01
3.867684602737426758e-01
3.867684602737426758e-01
3.867684602737426758e-01
3.867684602737426758e-01
3.867684602737426758e-01
3.867684602737426758e-01
3.867684602737426758e-01
3.867684602737426758e-01
3.867684602737426758e-01
3.867684602737426758e-01
3.867684602737426758e-01
3.867684602737426758e-01
3.867684602737426758e-01
3.867684602737426758e-01
3.867684602737426758e-01
3.867684602737426758e-01
3.867684602737426758e-01
3.867684602737426758e-01
3.867684602737426758e-01
3.867684602737426758e-01
3.867684602737426758e-01
3.867684602737426758e-01
3.867684602737426758e-01
3.867684602737426758e-01
3.867684602737426758e-01
3.867684602737426758e-01
3.867684602737426758e-01
3.867684602737426758e-01
3.867684602737426758e-01
3.867684602737426758e-01
3.867684602737426758e-01
3.867684602737426758e-01
3.867684602737426758e-01
3.867684602737426758e-01
3.867684602737426758e-01
3.867684602737426758e-01
3.867684602737426758e-01
3.867684602737426758e-01
3.867684602737426758e-01
3.867684602737426758e-01
3.867684602737426758e-01
3.867684602737426758e-01
3.867684602737426758e-01
3.867684602737426758e-01
3.867684602737426758e-01
3.867684602737426758e-01
3.867684602737426758e-01
3.867684602737426758e-01
3.867684602737426758e-01
3.867684602737426758e-01
3.867684602737426758e-01
3.867684602737426758e-01
3.867684602737426758e-01
3.867684602737426758e-01
3.867684602737426758e-01
3.867684602737426758e-01
3.867684602737426758e-01
3.867684602737426758e-01
3.867684602737426758e-01
3.867684602737426758e-01
3.867684602737426758e-01
3.867684602737426758e-01
3.867684602737426758e-01
3.867684602737426758e-01
3.867684602737426758e-01
3.867684602737426758e-01
1.045237481594085693e-01
3.867684602737426758e-01
3.867684602737426758e-01
3.867684602737426758e-01
3.867684602737426758e-01
3.867684602737426758e-01
3.867684602737426758e-01
3.867684602737426758e-01
3.867684602737426758e-01
3.867684602737426758e-01
3.867684602737426758e-01
3.867684602737426758e-01
3.867684602737426758e-01
3.867684602737426758e-01
3.867684602737426758e-01
3.867684602737426758e-01
3.867684602737426758e-01
3.867684602737426758e-01
3.867684602737426758e-01
2.189799845218658447e-01
3.867684602737426758e-01
3.867684602737426758e-01
3.867684602737426758e-01
3.867684602737426758e-01
3.867684602737426758e-01
3.867684602737426758e-01
3.867684602737426758e-01
3.867684602737426758e-01
3.867684602737426758e-01
3.867684602737426758e-01
3.867684602737426758e-01
3.867684602737426758e-01
3.867684602737426758e-01
3.867684602737426758e-01
3.867684602737426758e-01
3.867684602737426758e-01
3.867684602737426758e-01
3.867684602737426758e-01
3.867684602737426758e-01
3.867684602737426758e-01
3.867684602737426758e-01
3.867684602737426758e-01
3.867684602737426758e-01
3.867684602737426758e-01
3.867684602737426758e-01
3.867684602737426758e-01
3.867684602737426758e-01
3.867684602737426758e-01
3.867684602737426758e-01
3.867684602737426758e-01
3.867684602737426758e-01
3.867684602737426758e-01
3.867684602737426758e-01
3.867684602737426758e-01
3.867684602737426758e-01
3.867684602737426758e-01
3.867684602737426758e-01
3.867684602737426758e-01
3.867684602737426758e-01
3.867684602737426758e-01
1.210688129067420959e-01
3.867684602737426758e-01
3.867684602737426758e-01
3.867684602737426758e-01
3.867684602737426758e-01
3.867684602737426758e-01
3.867684602737426758e-01
3.867684602737426758e-01
3.867684602737426758e-01
3.867684602737426758e-01
3.867684602737426758e-01
3.867684602737426758e-01
3.867684602737426758e-01
3.867684602737426758e-01
3.867684602737426758e-01
3.867684602737426758e-01
3.867684602737426758e-01
3.867684602737426758e-01
3.867684602737426758e-01
3.867684602737426758e-01
3.867684602737426758e-01
3.867684602737426758e-01
3.867684602737426758e-01
3.867684602737426758e-01
3.867684602737426758e-01
3.867684602737426758e-01
3.867684602737426758e-01
3.867684602737426758e-01
3.867684602737426758e-01
3.867684602737426758e-01
3.867684602737426758e-01
3.867684602737426758e-01
3.867684602737426758e-01
3.867684602737426758e-01
3.867684602737426758e-01
3.867684602737426758e-01
3.867684602737426758e-01
3.867684602737426758e-01
3.867684602737426758e-01
3.867684602737426758e-01
3.867684602737426758e-01
3.867684602737426758e-01
3.867684602737426758e-01
3.867684602737426758e-01
3.867684602737426758e-01
3.867684602737426758e-01
3.867684602737426758e-01
3.867684602737426758e-01
3.867684602737426758e-01
3.867684602737426758e-01
3.867684602737426758e-01
3.867684602737426758e-01
3.867684602737426758e-01
3.867684602737426758e-01
3.867684602737426758e-01
3.867684602737426758e-01
3.867684602737426758e-01
3.867684602737426758e-01
3.867684602737426758e-01
3.867684602737426758e-01
3.867684602737426758e-01
3.867684602737426758e-01
3.867684602737426758e-01
3.867684602737426758e-01
3.867684602737426758e-01
3.867684602737426758e-01
2.320581227540969849e-01
3.867684602737426758e-01
3.867684602737426758e-01
3.867684602737426758e-01
3.867684602737426758e-01
3.867684602737426758e-01
3.867684602737426758e-01
3.867684602737426758e-01
3.867684602737426758e-01
3.867684602737426758e-01
3.867684602737426758e-01
3.867684602737426758e-01
3.867684602737426758e-01
3.867684602737426758e-01
3.867684602737426758e-01
3.867684602737426758e-01
3.867684602737426758e-01
3.867684602737426758e-01
3.867684602737426758e-01
3.867684602737426758e-01
3.867684602737426758e-01
3.867684602737426758e-01
3.867684602737426758e-01
3.867684602737426758e-01
3.867684602737426758e-01
3.867684602737426758e-01
3.867684602737426758e-01
3.867684602737426758e-01
3.867684602737426758e-01
3.867684602737426758e-01
3.867684602737426758e-01
3.867684602737426758e-01
3.867684602737426758e-01
3.867684602737426758e-01
3.867684602737426758e-01
3.867684602737426758e-01
3.867684602737426758e-01
3.867684602737426758e-01
3.867684602737426758e-01
3.867684602737426758e-01
3.867684602737426758e-01
3.867684602737426758e-01
3.867684602737426758e-01
3.867684602737426758e-01
3.867684602737426758e-01
3.867684602737426758e-01
3.867684602737426758e-01
3.867684602737426758e-01
3.867684602737426758e-01
3.867684602737426758e-01
3.867684602737426758e-01
3.867684602737426758e-01
3.867684602737426758e-01
3.867684602737426758e-01
3.867684602737426758e-01
3.867684602737426758e-01
3.867684602737426758e-01
3.867684602737426758e-01
3.867684602737426758e-01
3.867684602737426758e-01
3.307752609252929688e-01
3.867684602737426758e-01
2.537297010421752930e-01
3.867684602737426758e-01
3.867684602737426758e-01
3.867684602737426758e-01
3.867684602737426758e-01
3.867684602737426758e-01
3.867684602737426758e-01
3.867684602737426758e-01
3.867684602737426758e-01
3.867684602737426758e-01
3.867684602737426758e-01
3.867684602737426758e-01
3.867684602737426758e-01
3.867684602737426758e-01
3.867684602737426758e-01
3.867684602737426758e-01
3.867684602737426758e-01
3.867684602737426758e-01
3.867684602737426758e-01
3.867684602737426758e-01
3.867684602737426758e-01
3.867684602737426758e-01
3.867684602737426758e-01
4.022517502307891846e-01
3.867684602737426758e-01
3.867684602737426758e-01
3.867684602737426758e-01
3.867684602737426758e-01
2.557353973388671875e-01
3.867684602737426758e-01
3.867684602737426758e-01
3.867684602737426758e-01
3.867684602737426758e-01
3.867684602737426758e-01
3.867684602737426758e-01
3.867684602737426758e-01
3.867684602737426758e-01
3.867684602737426758e-01
3.867684602737426758e-01
3.867684602737426758e-01
3.867684602737426758e-01
3.867684602737426758e-01
3.867684602737426758e-01
3.867684602737426758e-01
3.867684602737426758e-01
3.867684602737426758e-01
3.867684602737426758e-01
3.867684602737426758e-01
3.867684602737426758e-01
3.867684602737426758e-01
3.867684602737426758e-01
3.867684602737426758e-01
3.867684602737426758e-01
3.867684602737426758e-01
3.867684602737426758e-01
3.867684602737426758e-01
3.867684602737426758e-01
3.867684602737426758e-01
3.867684602737426758e-01
3.867684602737426758e-01
3.867684602737426758e-01
3.867684602737426758e-01
3.867684602737426758e-01
3.867684602737426758e-01
3.867684304714202881e-01
3.867684304714202881e-01
3.867684304714202881e-01
3.867684304714202881e-01
3.867684304714202881e-01
3.867684304714202881e-01
3.867684304714202881e-01
