9.884722232818603516e-01
9.889135956764221191e-01
8.682490587234497070e-01
9.689314365386962891e-01
9.370817542076110840e-01
9.884087443351745605e-01
7.379168868064880371e-01
9.579504132270812988e-01
9.360930919647216797e-01
9.805906414985656738e-01
8.000910282135009766e-01
9.862437844276428223e-01
5.661643147468566895e-01
9.187051057815551758e-01
2.089157402515411377e-01
8.957936763763427734e-01
9.879000186920166016e-01
7.634148597717285156e-01
9.701510667800903320e-01
9.532541632652282715e-01
9.905945062637329102e-01
9.945542812347412109e-01
9.133889675140380859e-01
9.644659161567687988e-01
8.178219795227050781e-01
5.080530047416687012e-01
9.092638492584228516e-01
9.944714307785034180e-01
9.633625149726867676e-01
9.963110089302062988e-01
5.208477973937988281e-01
9.874181747436523438e-01
6.643925309181213379e-01
9.060977697372436523e-01
9.975506663322448730e-01
9.440498352050781250e-01
6.392889618873596191e-01
9.983804225921630859e-01
8.893495202064514160e-01
7.827668786048889160e-01
9.652000665664672852e-01
9.890467524528503418e-01
9.392792582511901855e-01
9.874868392944335938e-01
9.281249642372131348e-01
9.773899912834167480e-01
8.928638696670532227e-01
9.924504756927490234e-01
7.636578083038330078e-01
9.599996805191040039e-01
8.957012891769409180e-01
9.878790974617004395e-01
3.680615127086639404e-01
9.169174432754516602e-01
9.412724971771240234e-01
9.927303194999694824e-01
9.918096661567687988e-01
8.273280858993530273e-01
9.751962423324584961e-01
9.847571849822998047e-01
9.285736680030822754e-01
9.212416410446166992e-01
6.810982823371887207e-01
9.906123280525207520e-01
9.406158924102783203e-01
7.844883799552917480e-01
8.764927387237548828e-01
9.984437823295593262e-01
9.891006350517272949e-01
9.505721330642700195e-01
8.753778934478759766e-01
9.816372990608215332e-01
8.350060582160949707e-01
9.239580631256103516e-01
9.213957190513610840e-01
9.644230008125305176e-01
6.029233932495117188e-01
9.503532052040100098e-01
9.903811812400817871e-01
9.682951569557189941e-01
9.903482198715209961e-01
9.968403577804565430e-01
9.671616554260253906e-01
9.752464890480041504e-01
9.766384959220886230e-01
9.646154046058654785e-01
9.275525212287902832e-01
9.660810232162475586e-01
9.135718941688537598e-01
9.937012195587158203e-01
9.952364563941955566e-01
9.964841604232788086e-01
9.874717593193054199e-01
9.727642536163330078e-01
4.111990034580230713e-01
9.981814622879028320e-01
9.108894467353820801e-01
8.575152754783630371e-01
9.672771692276000977e-01
9.701294898986816406e-01
9.960075020790100098e-01
9.588003158569335938e-01
9.734508991241455078e-01
2.040034814854152501e-05
3.055037558078765869e-01
4.721247404813766479e-02
7.407014369964599609e-01
1.384931732900440693e-03
2.262062393128871918e-02
9.278974682092666626e-02
1.153649389743804932e-02
1.179363764822483063e-02
4.202113486826419830e-04
2.768149785697460175e-02
8.461757679469883442e-04
6.226077303290367126e-02
4.121164965908974409e-04
1.506805606186389923e-02
5.458780215121805668e-04
1.984956208616495132e-03
3.984700888395309448e-02
1.374393049627542496e-02
4.814337939023971558e-03
1.121078133583068848e-01
3.667557239532470703e-01
4.755800589919090271e-02
1.777630648575723171e-03
4.716185867437161505e-05
3.350848332047462463e-03
8.686950057744979858e-02
3.594917431473731995e-02
3.021143004298210144e-02
4.309722781181335449e-01
5.208973586559295654e-02
3.955885171890258789e-01
1.109748929738998413e-01
7.915832684375345707e-04
6.614778190851211548e-02
1.227618381381034851e-02
6.007757503539323807e-03
1.389416749589145184e-03
2.045193016529083252e-01
3.198662400245666504e-02
1.047539335559122264e-04
1.446872716769576073e-03
2.916713953018188477e-01
6.154363654786720872e-05
2.846146235242486000e-03
7.598688825964927673e-03
4.050584975630044937e-03
4.193250555545091629e-03
2.493468637112528086e-04
1.429028692655265331e-03
9.810063987970352173e-02
8.304531686007976532e-03
7.662080973386764526e-02
8.681117296218872070e-01
3.795746481046080589e-03
4.314646869897842407e-02
7.638684939593076706e-03
2.567228078842163086e-01
4.287466872483491898e-03
2.646773355081677437e-03
1.468154415488243103e-02
6.164364889264106750e-02
6.764024030417203903e-03
2.525887191295623779e-01
9.148943424224853516e-02
5.320188403129577637e-01
1.441179588437080383e-02
8.178028464317321777e-02
2.811692953109741211e-01
3.777352860197424889e-03
1.166927255690097809e-02
1.302777528762817383e-01
6.115902215242385864e-03
5.768469348549842834e-02
4.734529852867126465e-01
1.591251231729984283e-02
1.281480044126510620e-01
4.980953410267829895e-03
1.920868456363677979e-02
8.496352285146713257e-02
1.174494973383843899e-03
2.588468487374484539e-04
7.391276359558105469e-01
1.490935683250427246e-03
5.673965066671371460e-02
1.266756355762481689e-01
4.230491518974304199e-01
1.658448874950408936e-01
1.605387479066848755e-01
1.079838257282972336e-03
1.419034786522388458e-03
1.638096123933792114e-01
1.179301459342241287e-02
1.141518540680408478e-02
7.332793623208999634e-02
2.121856957674026489e-01
1.051836460828781128e-01
1.340392418205738068e-02
2.285314351320266724e-02
1.491992771625518799e-01
1.432911306619644165e-01
2.343382686376571655e-02
1.022997312247753143e-02
