8.959691524505615234e-01
8.045288920402526855e-01
9.205792546272277832e-01
3.947767615318298340e-01
3.947767615318298340e-01
9.682186841964721680e-01
3.947767615318298340e-01
3.947767615318298340e-01
3.947767615318298340e-01
8.802533745765686035e-01
9.099484086036682129e-01
3.947767615318298340e-01
9.838031530380249023e-01
8.561122417449951172e-01
3.947767615318298340e-01
3.947767615318298340e-01
9.281468391418457031e-01
8.335654735565185547e-01
3.947767615318298340e-01
9.806178212165832520e-01
3.947767615318298340e-01
9.219517111778259277e-01
3.947767615318298340e-01
9.191334247589111328e-01
3.947767615318298340e-01
9.599591493606567383e-01
6.538658142089843750e-01
8.973140120506286621e-01
9.754201173782348633e-01
3.947767615318298340e-01
8.746291995048522949e-01
3.947767615318298340e-01
4.984627664089202881e-01
9.363330602645874023e-01
9.418616890907287598e-01
9.112271070480346680e-01
9.854782819747924805e-01
9.064402580261230469e-01
3.947767615318298340e-01
3.961014449596405029e-01
3.947767615318298340e-01
3.947767615318298340e-01
9.458572864532470703e-01
3.947767615318298340e-01
3.947767615318298340e-01
3.947767615318298340e-01
3.947767615318298340e-01
3.947767615318298340e-01
9.638907313346862793e-01
3.947767615318298340e-01
8.288638591766357422e-01
3.947767615318298340e-01
3.947767615318298340e-01
4.267084300518035889e-01
3.947767615318298340e-01
3.947767615318298340e-01
4.136415421962738037e-01
3.947767615318298340e-01
3.947767615318298340e-01
8.840442895889282227e-01
9.604138731956481934e-01
9.452380537986755371e-01
9.722501039505004883e-01
3.947767615318298340e-01
9.122863411903381348e-01
3.947767615318298340e-01
3.947767615318298340e-01
9.774361252784729004e-01
3.947767615318298340e-01
3.947767615318298340e-01
9.284747838973999023e-01
9.643918275833129883e-01
3.947767615318298340e-01
3.947767615318298340e-01
9.072828292846679688e-01
3.947767615318298340e-01
3.947767615318298340e-01
3.947767615318298340e-01
8.730870485305786133e-01
3.947767615318298340e-01
3.947767615318298340e-01
4.559952020645141602e-01
3.947767615318298340e-01
3.947767615318298340e-01
3.947767615318298340e-01
3.947767615318298340e-01
9.480703473091125488e-01
3.947767615318298340e-01
5.806191563606262207e-01
3.947767615318298340e-01
8.502745628356933594e-01
5.284281969070434570e-01
3.947767615318298340e-01
8.745863437652587891e-01
9.153751730918884277e-01
9.044321179389953613e-01
9.101762175559997559e-01
9.929057359695434570e-01
3.947767615318298340e-01
3.947767615318298340e-01
3.947767615318298340e-01
9.207683801651000977e-01
3.947767615318298340e-01
3.947767615318298340e-01
8.740890622138977051e-01
4.493333101272583008e-01
9.863708019256591797e-01
3.947767615318298340e-01
3.947767615318298340e-01
3.947767615318298340e-01
9.561193585395812988e-01
3.947767615318298340e-01
3.947767615318298340e-01
3.947767615318298340e-01
9.623357057571411133e-01
3.947767615318298340e-01
3.947767615318298340e-01
9.167371392250061035e-01
9.291732907295227051e-01
9.727139472961425781e-01
4.349427223205566406e-01
9.398905634880065918e-01
8.749598860740661621e-01
3.947767615318298340e-01
9.666517972946166992e-01
3.947767615318298340e-01
9.899644255638122559e-01
3.947767615318298340e-01
8.702618479728698730e-01
9.665330648422241211e-01
9.482648968696594238e-01
8.615419864654541016e-01
8.858077526092529297e-01
3.947767615318298340e-01
5.677842497825622559e-01
3.947767615318298340e-01
4.244657456874847412e-01
9.805133938789367676e-01
9.688781499862670898e-01
9.150199294090270996e-01
3.947767615318298340e-01
9.608256816864013672e-01
9.442851543426513672e-01
3.947767615318298340e-01
9.593918919563293457e-01
3.947767615318298340e-01
3.947767615318298340e-01
3.947767615318298340e-01
5.763891935348510742e-01
9.245753884315490723e-01
9.298295378684997559e-01
3.947767615318298340e-01
9.693486094474792480e-01
3.947767615318298340e-01
9.637171030044555664e-01
9.309323430061340332e-01
9.513255357742309570e-01
9.723711609840393066e-01
5.904353857040405273e-01
3.947767615318298340e-01
3.947767615318298340e-01
3.947767615318298340e-01
3.947767615318298340e-01
4.625225067138671875e-01
9.907742142677307129e-01
9.629180431365966797e-01
3.947767615318298340e-01
3.947767615318298340e-01
9.623489379882812500e-01
3.947767615318298340e-01
3.947767615318298340e-01
9.347506761550903320e-01
3.947767615318298340e-01
6.137371659278869629e-01
9.148287177085876465e-01
3.947767615318298340e-01
9.343412518501281738e-01
3.947767615318298340e-01
3.947767615318298340e-01
9.188249111175537109e-01
3.947767615318298340e-01
3.947767615318298340e-01
9.063450694084167480e-01
3.947767615318298340e-01
9.748287200927734375e-01
9.930385947227478027e-01
3.947767615318298340e-01
3.947767615318298340e-01
9.188843965530395508e-01
4.343712925910949707e-01
3.947767615318298340e-01
3.947767615318298340e-01
9.743757247924804688e-01
9.638841748237609863e-01
3.947767615318298340e-01
9.704883098602294922e-01
3.947767615318298340e-01
3.947767615318298340e-01
3.947767615318298340e-01
7.371549606323242188e-01
3.947767615318298340e-01
9.484026432037353516e-01
3.947767615318298340e-01
9.759215712547302246e-01
9.631623029708862305e-01
3.947767615318298340e-01
3.947767615318298340e-01
3.947767615318298340e-01
6.590799093246459961e-01
3.947767615318298340e-01
3.947767615318298340e-01
3.947767615318298340e-01
3.947767615318298340e-01
9.350020289421081543e-01
9.812709689140319824e-01
8.898966312408447266e-01
9.295908212661743164e-01
3.947767615318298340e-01
6.648537516593933105e-01
9.587770700454711914e-01
9.806141853332519531e-01
8.905487656593322754e-01
9.158126115798950195e-01
3.947767615318298340e-01
9.845166802406311035e-01
3.947767615318298340e-01
3.947767615318298340e-01
3.947767615318298340e-01
9.833052754402160645e-01
9.039239883422851562e-01
3.947767615318298340e-01
3.947767615318298340e-01
3.947767615318298340e-01
9.759567379951477051e-01
4.326046705245971680e-01
9.482239484786987305e-01
3.947767615318298340e-01
9.810344576835632324e-01
9.645385146141052246e-01
9.589803814888000488e-01
3.947767615318298340e-01
9.481886625289916992e-01
3.947767615318298340e-01
9.088758826255798340e-01
3.947767615318298340e-01
3.947767615318298340e-01
3.947767615318298340e-01
9.647300839424133301e-01
3.947767615318298340e-01
3.947767615318298340e-01
3.947767615318298340e-01
3.947767615318298340e-01
3.947767615318298340e-01
6.908763647079467773e-01
3.947767615318298340e-01
9.065988659858703613e-01
8.931829333305358887e-01
4.371833205223083496e-01
9.573032259941101074e-01
3.947767615318298340e-01
9.241251349449157715e-01
3.947767615318298340e-01
3.947767615318298340e-01
3.947767615318298340e-01
9.620087742805480957e-01
3.947767615318298340e-01
8.502612113952636719e-01
4.255689680576324463e-01
3.947767615318298340e-01
8.042976856231689453e-01
3.947767615318298340e-01
9.238398671150207520e-01
9.504213333129882812e-01
9.288055896759033203e-01
7.996914982795715332e-01
3.947767615318298340e-01
3.947767615318298340e-01
3.947767615318298340e-01
3.947767615318298340e-01
3.947767615318298340e-01
9.451023936271667480e-01
3.947767615318298340e-01
3.947767615318298340e-01
3.947767615318298340e-01
9.556996822357177734e-01
9.507633447647094727e-01
3.947767615318298340e-01
9.238398671150207520e-01
9.147276878356933594e-01
3.947767615318298340e-01
3.947767615318298340e-01
3.947767615318298340e-01
3.947767615318298340e-01
9.595961570739746094e-01
8.806517720222473145e-01
3.947767615318298340e-01
4.256592392921447754e-01
3.947767615318298340e-01
3.947767615318298340e-01
4.485357403755187988e-01
3.947767615318298340e-01
8.522136211395263672e-01
3.947767615318298340e-01
3.947767615318298340e-01
9.696116447448730469e-01
8.297933936119079590e-01
3.947767615318298340e-01
9.768012762069702148e-01
9.754904508590698242e-01
3.947767615318298340e-01
3.947767615318298340e-01
3.947767615318298340e-01
4.360735416412353516e-01
9.136646986007690430e-01
3.947767615318298340e-01
3.947767615318298340e-01
9.647832512855529785e-01
3.947767615318298340e-01
4.222294092178344727e-01
4.488804638385772705e-01
3.947767615318298340e-01
3.947767615318298340e-01
9.672877788543701172e-01
3.947767615318298340e-01
3.947767615318298340e-01
3.947767615318298340e-01
3.947767615318298340e-01
3.947767615318298340e-01
3.947767615318298340e-01
9.852691292762756348e-01
6.299454569816589355e-01
9.379701018333435059e-01
3.947767615318298340e-01
3.947767615318298340e-01
3.947767615318298340e-01
3.947767615318298340e-01
3.947767615318298340e-01
3.947767615318298340e-01
3.947767615318298340e-01
3.947767615318298340e-01
9.332749247550964355e-01
9.831190705299377441e-01
3.947767615318298340e-01
9.149174094200134277e-01
3.947767615318298340e-01
3.947767615318298340e-01
3.947767615318298340e-01
3.947767615318298340e-01
3.947767615318298340e-01
9.339888691902160645e-01
9.977846741676330566e-01
3.947767615318298340e-01
3.947767615318298340e-01
3.947767615318298340e-01
3.947767615318298340e-01
9.797663688659667969e-01
3.947767615318298340e-01
3.947767615318298340e-01
9.255947470664978027e-01
3.947767615318298340e-01
9.839631915092468262e-01
3.947767615318298340e-01
3.947767615318298340e-01
9.775305390357971191e-01
3.947767615318298340e-01
3.947767615318298340e-01
3.947767615318298340e-01
5.107004046440124512e-01
3.947767615318298340e-01
3.947767615318298340e-01
9.870690107345581055e-01
9.711153507232666016e-01
3.947767615318298340e-01
3.947767615318298340e-01
3.947767615318298340e-01
3.947767615318298340e-01
9.695416092872619629e-01
5.771108865737915039e-01
3.947767615318298340e-01
3.947767615318298340e-01
3.947767615318298340e-01
3.947767615318298340e-01
3.947767615318298340e-01
3.947767615318298340e-01
9.835072755813598633e-01
3.947767615318298340e-01
3.947767615318298340e-01
3.947767615318298340e-01
3.947767615318298340e-01
3.947767615318298340e-01
3.947767615318298340e-01
3.947767615318298340e-01
3.947767615318298340e-01
3.947767615318298340e-01
3.947767615318298340e-01
3.947767615318298340e-01
3.947767615318298340e-01
9.445239305496215820e-01
3.947767615318298340e-01
3.947767615318298340e-01
3.947767615318298340e-01
9.543754458427429199e-01
8.535739183425903320e-01
3.947767615318298340e-01
3.947767615318298340e-01
9.571307897567749023e-01
3.947767615318298340e-01
3.947767615318298340e-01
3.947767615318298340e-01
8.503883481025695801e-01
3.947767615318298340e-01
3.947767615318298340e-01
3.947767615318298340e-01
3.947767615318298340e-01
3.947767615318298340e-01
3.947767615318298340e-01
3.947767615318298340e-01
3.947767615318298340e-01
9.895289540290832520e-01
3.947767615318298340e-01
3.947767615318298340e-01
3.947767615318298340e-01
3.947767615318298340e-01
3.947767615318298340e-01
3.947767615318298340e-01
3.947767615318298340e-01
3.947767615318298340e-01
9.317430257797241211e-01
7.612743377685546875e-01
6.863784790039062500e-01
4.419517815113067627e-01
9.707475304603576660e-01
9.146574735641479492e-01
3.947767615318298340e-01
3.947767615318298340e-01
3.947767615318298340e-01
4.369902312755584717e-01
9.148130416870117188e-01
9.002610445022583008e-01
3.947767615318298340e-01
3.947767615318298340e-01
9.184333086013793945e-01
3.947767615318298340e-01
3.947767615318298340e-01
3.947767615318298340e-01
8.799980878829956055e-01
9.819627404212951660e-01
9.414299726486206055e-01
7.983095645904541016e-01
3.947767615318298340e-01
3.947767615318298340e-01
3.947767615318298340e-01
9.135876297950744629e-01
3.947767615318298340e-01
3.947767615318298340e-01
8.453916311264038086e-01
9.267754554748535156e-01
3.947767615318298340e-01
3.947767615318298340e-01
9.385050535202026367e-01
3.947767615318298340e-01
4.229094982147216797e-01
3.947767615318298340e-01
3.947767615318298340e-01
3.947767615318298340e-01
3.947767615318298340e-01
8.927019834518432617e-01
3.947767615318298340e-01
3.947767615318298340e-01
9.794918298721313477e-01
9.362212419509887695e-01
3.947767615318298340e-01
3.947767615318298340e-01
3.947767615318298340e-01
9.380721449851989746e-01
3.947767615318298340e-01
8.975339531898498535e-01
9.271016716957092285e-01
3.947767615318298340e-01
3.947767615318298340e-01
3.947767615318298340e-01
3.947767615318298340e-01
9.591888189315795898e-01
3.947767615318298340e-01
3.947767615318298340e-01
3.947767615318298340e-01
8.994995951652526855e-01
3.947767615318298340e-01
4.228851497173309326e-01
4.458837509155273438e-01
9.578043818473815918e-01
3.947767615318298340e-01
9.855855107307434082e-01
9.506829977035522461e-01
8.200395107269287109e-01
3.947767615318298340e-01
7.735860943794250488e-01
3.947767615318298340e-01
3.947767615318298340e-01
3.947767615318298340e-01
3.947767615318298340e-01
3.947767615318298340e-01
3.947767615318298340e-01
3.947767615318298340e-01
3.947767615318298340e-01
3.947767615318298340e-01
3.947767615318298340e-01
3.947767615318298340e-01
3.947767615318298340e-01
3.947767615318298340e-01
3.342560827732086182e-01
3.947767615318298340e-01
3.947767615318298340e-01
3.947767615318298340e-01
4.471707344055175781e-01
3.947767615318298340e-01
3.947767615318298340e-01
3.947767615318298340e-01
3.947767615318298340e-01
3.947767615318298340e-01
3.947767615318298340e-01
3.947767615318298340e-01
3.947767615318298340e-01
3.947767615318298340e-01
3.947767615318298340e-01
3.947767615318298340e-01
3.947767615318298340e-01
3.947767615318298340e-01
3.947767615318298340e-01
3.947767615318298340e-01
3.947767615318298340e-01
3.947767615318298340e-01
3.947767615318298340e-01
3.947767615318298340e-01
3.947767615318298340e-01
3.947767615318298340e-01
3.947767615318298340e-01
3.947767615318298340e-01
3.947767615318298340e-01
3.947767615318298340e-01
3.947767615318298340e-01
3.947767615318298340e-01
3.947767615318298340e-01
3.947767615318298340e-01
3.947767615318298340e-01
3.947767615318298340e-01
3.947767615318298340e-01
3.947767615318298340e-01
3.947767615318298340e-01
3.947767615318298340e-01
3.947767615318298340e-01
3.947767615318298340e-01
3.947767615318298340e-01
3.947767615318298340e-01
3.388293981552124023e-01
3.947767615318298340e-01
3.947767615318298340e-01
3.947767615318298340e-01
3.947767615318298340e-01
3.947767615318298340e-01
4.018952250480651855e-01
3.775191307067871094e-01
3.947767615318298340e-01
3.947767615318298340e-01
3.947767615318298340e-01
3.947767615318298340e-01
3.947767615318298340e-01
3.947767615318298340e-01
3.947767615318298340e-01
3.947767615318298340e-01
3.947767615318298340e-01
3.947767615318298340e-01
3.947767615318298340e-01
3.947767615318298340e-01
3.947767615318298340e-01
3.947767615318298340e-01
3.947767615318298340e-01
3.947767615318298340e-01
3.947767615318298340e-01
3.947767615318298340e-01
3.947767615318298340e-01
3.947767615318298340e-01
3.947767615318298340e-01
3.947767615318298340e-01
3.947767615318298340e-01
3.947767615318298340e-01
3.947767615318298340e-01
3.947767615318298340e-01
3.947767615318298340e-01
3.487240672111511230e-01
3.947767615318298340e-01
3.947767615318298340e-01
3.947767615318298340e-01
3.947767615318298340e-01
3.947767615318298340e-01
3.947767615318298340e-01
3.947767615318298340e-01
3.947767615318298340e-01
3.289482295513153076e-01
3.947767615318298340e-01
3.947767615318298340e-01
3.947767615318298340e-01
3.947767615318298340e-01
3.947767615318298340e-01
3.947767615318298340e-01
3.947767615318298340e-01
3.947767615318298340e-01
3.947767615318298340e-01
3.947767615318298340e-01
3.947767615318298340e-01
3.947767615318298340e-01
3.947767615318298340e-01
3.947767615318298340e-01
3.947767615318298340e-01
3.947767615318298340e-01
3.947767615318298340e-01
3.947767615318298340e-01
3.947767615318298340e-01
3.947767615318298340e-01
3.947767615318298340e-01
3.947767615318298340e-01
3.947767615318298340e-01
3.947767615318298340e-01
3.947767615318298340e-01
3.947767615318298340e-01
3.947767615318298340e-01
3.947767615318298340e-01
3.947767615318298340e-01
3.947767615318298340e-01
3.947767615318298340e-01
3.947767615318298340e-01
3.947767615318298340e-01
3.947767615318298340e-01
3.947767615318298340e-01
3.947767615318298340e-01
3.947767615318298340e-01
3.947767615318298340e-01
3.947767615318298340e-01
3.947767615318298340e-01
3.947767615318298340e-01
3.947767615318298340e-01
3.947767615318298340e-01
3.947767615318298340e-01
3.947767615318298340e-01
3.947767615318298340e-01
3.947767615318298340e-01
3.947767615318298340e-01
3.947767615318298340e-01
3.947767615318298340e-01
3.841237425804138184e-01
3.947767615318298340e-01
3.947767615318298340e-01
3.947767615318298340e-01
3.947767615318298340e-01
3.947767615318298340e-01
3.947767615318298340e-01
3.947767615318298340e-01
3.947767615318298340e-01
3.947767615318298340e-01
3.947767615318298340e-01
3.947767615318298340e-01
3.947767615318298340e-01
3.947767615318298340e-01
3.947767615318298340e-01
3.947767615318298340e-01
3.947767615318298340e-01
3.947767615318298340e-01
3.947767615318298340e-01
3.947767615318298340e-01
3.947767615318298340e-01
3.947767615318298340e-01
3.947767615318298340e-01
3.947767615318298340e-01
3.947767615318298340e-01
3.947767615318298340e-01
3.947767615318298340e-01
3.947767615318298340e-01
3.947767615318298340e-01
3.947767615318298340e-01
3.947767615318298340e-01
3.947767615318298340e-01
3.947767615318298340e-01
3.947767615318298340e-01
3.592128753662109375e-01
3.947767615318298340e-01
8.561122417449951172e-01
3.947767615318298340e-01
3.947767615318298340e-01
6.538658142089843750e-01
4.984627664089202881e-01
3.947767615318298340e-01
3.961014449596405029e-01
3.947767615318298340e-01
4.267084300518035889e-01
4.136415421962738037e-01
3.947767615318298340e-01
3.947767615318298340e-01
4.559952020645141602e-01
5.806191563606262207e-01
5.284281969070434570e-01
3.947767615318298340e-01
3.947767615318298340e-01
4.493333101272583008e-01
4.349427223205566406e-01
3.947767615318298340e-01
3.947767615318298340e-01
5.677842497825622559e-01
4.244657456874847412e-01
3.947767615318298340e-01
5.763891935348510742e-01
5.904353857040405273e-01
4.625225067138671875e-01
3.947767615318298340e-01
6.137371659278869629e-01
3.947767615318298340e-01
4.343712925910949707e-01
7.371549606323242188e-01
3.947767615318298340e-01
3.947767615318298340e-01
6.590799093246459961e-01
3.947767615318298340e-01
6.648537516593933105e-01
3.947767615318298340e-01
3.947767615318298340e-01
4.326046705245971680e-01
3.947767615318298340e-01
6.908763647079467773e-01
4.371833205223083496e-01
4.255689680576324463e-01
7.996914982795715332e-01
3.947767615318298340e-01
3.947767615318298340e-01
3.947767615318298340e-01
4.256592392921447754e-01
4.485357403755187988e-01
3.947767615318298340e-01
4.360735416412353516e-01
4.222294092178344727e-01
4.488804638385772705e-01
3.947767615318298340e-01
6.299454569816589355e-01
3.947767615318298340e-01
3.947767615318298340e-01
3.947767615318298340e-01
3.947767615318298340e-01
5.107004046440124512e-01
5.771108865737915039e-01
3.947767615318298340e-01
3.947767615318298340e-01
3.947767615318298340e-01
3.947767615318298340e-01
3.947767615318298340e-01
3.947767615318298340e-01
6.863784790039062500e-01
4.419517815113067627e-01
4.369902312755584717e-01
3.947767615318298340e-01
3.947767615318298340e-01
4.229094982147216797e-01
3.947767615318298340e-01
3.947767615318298340e-01
3.947767615318298340e-01
4.228851497173309326e-01
4.458837509155273438e-01
3.947767615318298340e-01
3.947767615318298340e-01
3.947767615318298340e-01
3.947767615318298340e-01
3.947767615318298340e-01
3.947767615318298340e-01
3.947767615318298340e-01
3.947767615318298340e-01
3.947767615318298340e-01
3.707363307476043701e-01
3.947767615318298340e-01
3.947767615318298340e-01
3.947767615318298340e-01
3.947767615318298340e-01
3.947767615318298340e-01
3.947767615318298340e-01
3.947767615318298340e-01
3.947767615318298340e-01
3.947767615318298340e-01
3.947767615318298340e-01
3.947767615318298340e-01
3.947767615318298340e-01
3.947767615318298340e-01
3.947767615318298340e-01
3.947767615318298340e-01
3.947767615318298340e-01
3.947767615318298340e-01
3.947767615318298340e-01
3.947767615318298340e-01
3.947767615318298340e-01
3.947767615318298340e-01
3.947767615318298340e-01
3.947767615318298340e-01
3.947767615318298340e-01
3.947767615318298340e-01
3.947767615318298340e-01
3.947767615318298340e-01
3.947767615318298340e-01
3.947767615318298340e-01
3.947767615318298340e-01
3.947767615318298340e-01
3.947767615318298340e-01
3.947767615318298340e-01
3.947767615318298340e-01
3.947767615318298340e-01
3.947767615318298340e-01
3.947767615318298340e-01
3.947767615318298340e-01
3.947767615318298340e-01
3.947767615318298340e-01
3.947767615318298340e-01
3.947767615318298340e-01
3.947767615318298340e-01
3.947767615318298340e-01
3.947767615318298340e-01
3.947767615318298340e-01
3.947767615318298340e-01
3.947767615318298340e-01
3.947767615318298340e-01
3.947767615318298340e-01
3.947767615318298340e-01
3.947767615318298340e-01
3.947767615318298340e-01
3.947767615318298340e-01
3.947767615318298340e-01
3.947767615318298340e-01
3.947767615318298340e-01
3.947767615318298340e-01
3.947767615318298340e-01
3.947767615318298340e-01
3.947767615318298340e-01
3.947767615318298340e-01
3.947767615318298340e-01
3.947767615318298340e-01
3.947767615318298340e-01
3.947767615318298340e-01
3.947767615318298340e-01
3.947767615318298340e-01
3.947767615318298340e-01
3.947767615318298340e-01
3.947767615318298340e-01
3.947767615318298340e-01
3.947767615318298340e-01
3.947767615318298340e-01
3.947767615318298340e-01
3.947767615318298340e-01
3.947767615318298340e-01
3.947767615318298340e-01
3.947767615318298340e-01
3.947767615318298340e-01
3.947767615318298340e-01
3.947767615318298340e-01
3.947767615318298340e-01
3.947767615318298340e-01
3.947767615318298340e-01
3.947767615318298340e-01
3.947767615318298340e-01
3.947767615318298340e-01
3.947767615318298340e-01
3.947767615318298340e-01
3.947767615318298340e-01
3.947767615318298340e-01
3.947767615318298340e-01
3.947767615318298340e-01
3.947767615318298340e-01
3.947767615318298340e-01
3.947767615318298340e-01
3.947767615318298340e-01
3.947767615318298340e-01
3.947767615318298340e-01
3.947767615318298340e-01
3.947767615318298340e-01
3.947767615318298340e-01
3.947767615318298340e-01
3.947767615318298340e-01
3.947767615318298340e-01
3.947767615318298340e-01
3.947767615318298340e-01
3.947767615318298340e-01
3.947767615318298340e-01
3.947767615318298340e-01
3.947767615318298340e-01
3.947767615318298340e-01
3.947767615318298340e-01
3.947767615318298340e-01
3.947767615318298340e-01
3.947767615318298340e-01
3.088341355323791504e-01
3.947767615318298340e-01
3.947767615318298340e-01
3.947767615318298340e-01
3.718646764755249023e-01
3.947767615318298340e-01
3.947767615318298340e-01
3.947767615318298340e-01
3.947767615318298340e-01
3.947767615318298340e-01
3.947767615318298340e-01
3.947767615318298340e-01
3.947767615318298340e-01
3.947767615318298340e-01
3.947767615318298340e-01
3.947767615318298340e-01
3.590770661830902100e-01
3.947767615318298340e-01
3.947767615318298340e-01
3.947767615318298340e-01
3.947767615318298340e-01
3.947767615318298340e-01
3.947767615318298340e-01
3.947767615318298340e-01
3.947767615318298340e-01
3.947767615318298340e-01
3.947767615318298340e-01
3.947767615318298340e-01
3.947767615318298340e-01
3.947767615318298340e-01
3.947767615318298340e-01
3.947767615318298340e-01
3.947767615318298340e-01
3.947767615318298340e-01
3.947767615318298340e-01
3.947767615318298340e-01
3.947767615318298340e-01
3.947767615318298340e-01
3.947767615318298340e-01
3.947767615318298340e-01
3.947767615318298340e-01
3.947767615318298340e-01
3.947767615318298340e-01
3.947767615318298340e-01
3.947767615318298340e-01
3.947767615318298340e-01
3.947767615318298340e-01
3.947767615318298340e-01
3.947767615318298340e-01
3.947767615318298340e-01
3.947767615318298340e-01
3.947767615318298340e-01
3.947767615318298340e-01
3.947767615318298340e-01
3.947767615318298340e-01
3.947767615318298340e-01
3.947767615318298340e-01
3.947767615318298340e-01
3.947767615318298340e-01
3.947767615318298340e-01
3.947767615318298340e-01
3.947767615318298340e-01
3.947767615318298340e-01
3.947767615318298340e-01
3.947767615318298340e-01
3.947767615318298340e-01
3.947767615318298340e-01
3.947767615318298340e-01
3.947767615318298340e-01
3.947767615318298340e-01
3.947767615318298340e-01
3.947767615318298340e-01
3.947767615318298340e-01
3.947767615318298340e-01
3.947767615318298340e-01
3.947767615318298340e-01
3.947767615318298340e-01
3.947767615318298340e-01
3.947767615318298340e-01
3.947767615318298340e-01
3.947767615318298340e-01
3.947767615318298340e-01
3.947767615318298340e-01
3.947767615318298340e-01
3.947767615318298340e-01
3.947767615318298340e-01
3.947767615318298340e-01
3.947767615318298340e-01
3.947767615318298340e-01
3.947767615318298340e-01
3.947767615318298340e-01
3.947767615318298340e-01
3.947767615318298340e-01
3.947767615318298340e-01
3.947767615318298340e-01
3.947767615318298340e-01
3.947767615318298340e-01
3.947767615318298340e-01
3.947767615318298340e-01
3.947767615318298340e-01
3.947767615318298340e-01
3.947767615318298340e-01
3.947767615318298340e-01
3.947767615318298340e-01
3.947767615318298340e-01
3.947767615318298340e-01
3.947767615318298340e-01
3.947767615318298340e-01
3.947767615318298340e-01
3.947767615318298340e-01
3.947767615318298340e-01
3.947767615318298340e-01
3.947767615318298340e-01
3.947767615318298340e-01
3.947767615318298340e-01
3.947767615318298340e-01
3.947767615318298340e-01
3.947767615318298340e-01
3.947767615318298340e-01
3.947767615318298340e-01
3.947767615318298340e-01
3.947767615318298340e-01
3.947767615318298340e-01
3.947767615318298340e-01
3.947767615318298340e-01
3.947767615318298340e-01
3.947767615318298340e-01
3.947767615318298340e-01
3.947767615318298340e-01
3.947767615318298340e-01
3.947767615318298340e-01
3.947767615318298340e-01
3.947767615318298340e-01
3.947767615318298340e-01
