8.788273930549621582e-01
8.067984580993652344e-01
8.119568824768066406e-01
9.667245149612426758e-01
9.366523623466491699e-01
9.445350766181945801e-01
9.390360116958618164e-01
9.740418195724487305e-01
9.703863859176635742e-01
9.809935092926025391e-01
9.582054018974304199e-01
7.936112880706787109e-01
9.018642306327819824e-01
9.510886669158935547e-01
9.805851578712463379e-01
9.592339992523193359e-01
9.737000465393066406e-01
8.608705997467041016e-01
9.306240677833557129e-01
9.778221249580383301e-01
9.702994227409362793e-01
5.995465517044067383e-01
9.689491987228393555e-01
9.809788465499877930e-01
9.019647836685180664e-01
8.805261254310607910e-01
8.492434620857238770e-01
9.308593273162841797e-01
9.307861924171447754e-01
8.526462912559509277e-01
9.735084176063537598e-01
8.980862498283386230e-01
8.924433588981628418e-01
9.796378016471862793e-01
9.493159651756286621e-01
9.479879736900329590e-01
9.253709316253662109e-01
9.428773522377014160e-01
9.237499833106994629e-01
9.439507126808166504e-01
9.176831841468811035e-01
9.516000151634216309e-01
9.399817585945129395e-01
8.438766598701477051e-01
9.763235449790954590e-01
9.527458548545837402e-01
9.713785052299499512e-01
7.625435590744018555e-01
9.110987186431884766e-01
9.676899313926696777e-01
9.574894309043884277e-01
9.224178194999694824e-01
8.391159772872924805e-01
9.146675467491149902e-01
9.845917224884033203e-01
8.149495124816894531e-01
9.673936367034912109e-01
9.697328209877014160e-01
9.408233761787414551e-01
7.703495621681213379e-01
8.341421484947204590e-01
9.721987247467041016e-01
8.224580287933349609e-01
9.760059118270874023e-01
9.483912587165832520e-01
9.817191958427429199e-01
9.215374588966369629e-01
9.346302151679992676e-01
9.103202819824218750e-01
8.770747780799865723e-01
9.513461589813232422e-01
8.717510104179382324e-01
9.453046321868896484e-01
9.328899383544921875e-01
9.721633791923522949e-01
9.750145673751831055e-01
9.700535535812377930e-01
9.686095118522644043e-01
9.678907990455627441e-01
9.748249053955078125e-01
9.785367250442504883e-01
9.779210686683654785e-01
9.822316765785217285e-01
9.868875145912170410e-01
9.696927070617675781e-01
9.722573161125183105e-01
9.689099192619323730e-01
9.704006314277648926e-01
9.788292646408081055e-01
9.741865992546081543e-01
9.716592431068420410e-01
9.722493290901184082e-01
9.823087453842163086e-01
9.788745045661926270e-01
9.574801325798034668e-01
9.738557934761047363e-01
9.718248844146728516e-01
9.632133841514587402e-01
9.812554717063903809e-01
9.707668423652648926e-01
9.791128635406494141e-01
9.546753168106079102e-01
9.655444025993347168e-01
9.754289388656616211e-01
9.795703887939453125e-01
9.867260456085205078e-01
9.023650288581848145e-01
9.476845264434814453e-01
9.810545444488525391e-01
9.694054126739501953e-01
9.673588275909423828e-01
9.648319482803344727e-01
9.812405705451965332e-01
9.811919331550598145e-01
9.804689288139343262e-01
9.735486507415771484e-01
9.676575660705566406e-01
9.475671052932739258e-01
9.764676690101623535e-01
9.584948420524597168e-01
9.748484492301940918e-01
9.654423594474792480e-01
9.618934392929077148e-01
9.749917984008789062e-01
9.732061624526977539e-01
9.820277690887451172e-01
9.398024678230285645e-01
9.814329743385314941e-01
9.654380083084106445e-01
9.748563766479492188e-01
9.843330383300781250e-01
9.769979715347290039e-01
9.570282101631164551e-01
9.438159465789794922e-01
9.818519353866577148e-01
9.831033945083618164e-01
9.198432564735412598e-01
9.766063094139099121e-01
9.697430133819580078e-01
9.733264446258544922e-01
9.631876349449157715e-01
9.734502434730529785e-01
9.456841349601745605e-01
9.770196676254272461e-01
9.738621711730957031e-01
9.733125567436218262e-01
9.771977066993713379e-01
7.278158068656921387e-01
9.829667806625366211e-01
9.747471809387207031e-01
9.551254510879516602e-01
9.713478684425354004e-01
9.886835217475891113e-01
9.732951521873474121e-01
9.844946265220642090e-01
9.772145152091979980e-01
9.756493568420410156e-01
9.786835312843322754e-01
9.860919117927551270e-01
9.809461236000061035e-01
9.853631258010864258e-01
9.924868345260620117e-01
9.490786194801330566e-01
9.874202609062194824e-01
9.818599820137023926e-01
9.786004424095153809e-01
9.826391935348510742e-01
9.823516011238098145e-01
9.811246395111083984e-01
9.882126450538635254e-01
9.748533368110656738e-01
9.840607047080993652e-01
9.882566332817077637e-01
9.896630644798278809e-01
9.812477827072143555e-01
9.795149564743041992e-01
9.870299696922302246e-01
9.743919968605041504e-01
9.874948859214782715e-01
9.899305105209350586e-01
9.898584485054016113e-01
9.920533895492553711e-01
9.812278151512145996e-01
9.884588122367858887e-01
9.923842549324035645e-01
9.896518588066101074e-01
9.913132786750793457e-01
9.909163117408752441e-01
9.773399829864501953e-01
9.654914736747741699e-01
9.720241427421569824e-01
9.810078740119934082e-01
9.922692179679870605e-01
9.829082489013671875e-01
9.826006293296813965e-01
9.864534735679626465e-01
9.834865331649780273e-01
9.794282317161560059e-01
9.859370589256286621e-01
9.856756329536437988e-01
9.844971895217895508e-01
9.817246198654174805e-01
9.913507699966430664e-01
9.818418025970458984e-01
9.901774525642395020e-01
9.868628978729248047e-01
9.895744919776916504e-01
9.905790686607360840e-01
9.912436008453369141e-01
9.794493913650512695e-01
9.879244565963745117e-01
9.871457815170288086e-01
9.900137186050415039e-01
9.895458817481994629e-01
9.851133823394775391e-01
9.920331835746765137e-01
9.853426218032836914e-01
9.857907295227050781e-01
9.825143218040466309e-01
9.901723861694335938e-01
9.826238751411437988e-01
9.635737538337707520e-01
9.845803976058959961e-01
9.878524541854858398e-01
9.807040691375732422e-01
9.803660511970520020e-01
9.875922799110412598e-01
9.900470376014709473e-01
9.900312423706054688e-01
9.887907505035400391e-01
9.865395426750183105e-01
9.897330403327941895e-01
9.878068566322326660e-01
9.847232103347778320e-01
9.911451935768127441e-01
9.793400764465332031e-01
9.832573533058166504e-01
9.876092672348022461e-01
9.734933972358703613e-01
9.795675277709960938e-01
9.858469367027282715e-01
9.768826961517333984e-01
9.831992983818054199e-01
9.876025319099426270e-01
9.741764664649963379e-01
9.856833815574645996e-01
9.860018491744995117e-01
9.769452810287475586e-01
9.871389269828796387e-01
9.881356954574584961e-01
9.878865480422973633e-01
9.874732494354248047e-01
9.825415015220642090e-01
9.795443415641784668e-01
9.799548983573913574e-01
9.741628766059875488e-01
9.865320324897766113e-01
9.701254963874816895e-01
9.886069893836975098e-01
9.816144108772277832e-01
9.871897101402282715e-01
9.819601774215698242e-01
9.785499572753906250e-01
9.875970482826232910e-01
9.822093248367309570e-01
9.565075039863586426e-01
9.886397123336791992e-01
9.758207798004150391e-01
9.822494983673095703e-01
9.767863750457763672e-01
9.839375615119934082e-01
9.755841493606567383e-01
9.884765148162841797e-01
9.664049148559570312e-01
9.852898716926574707e-01
9.831824302673339844e-01
9.843064546585083008e-01
9.811533689498901367e-01
9.856346249580383301e-01
9.786126613616943359e-01
9.747202396392822266e-01
9.869030714035034180e-01
9.615566730499267578e-01
9.658946990966796875e-01
9.871904253959655762e-01
9.808572530746459961e-01
9.832882285118103027e-01
9.626094698905944824e-01
9.855058193206787109e-01
9.863727688789367676e-01
9.824026823043823242e-01
9.833222627639770508e-01
9.774376153945922852e-01
9.754483699798583984e-01
9.854719042778015137e-01
9.804930090904235840e-01
9.855695366859436035e-01
9.868046045303344727e-01
9.847175478935241699e-01
9.709056019783020020e-01
9.825161695480346680e-01
9.865022897720336914e-01
9.856327772140502930e-01
9.854660034179687500e-01
9.761126041412353516e-01
9.844679236412048340e-01
9.835458993911743164e-01
9.848070144653320312e-01
9.790692925453186035e-01
9.719238877296447754e-01
9.852316379547119141e-01
9.802500009536743164e-01
9.793474078178405762e-01
9.868422150611877441e-01
9.844272732734680176e-01
9.816095232963562012e-01
9.877415895462036133e-01
9.868093729019165039e-01
9.846721291542053223e-01
9.491366147994995117e-01
8.926070928573608398e-01
9.526811242103576660e-01
9.721184968948364258e-01
9.841318726539611816e-01
9.527909755706787109e-01
9.905872941017150879e-01
9.674150943756103516e-01
8.356719613075256348e-01
8.962694406509399414e-01
9.835935235023498535e-01
9.345262646675109863e-01
9.705380797386169434e-01
9.666223526000976562e-01
9.649958014488220215e-01
9.729210734367370605e-01
9.746229648590087891e-01
9.322341084480285645e-01
8.963029980659484863e-01
9.813297390937805176e-01
9.828180074691772461e-01
8.922894597053527832e-01
9.670152664184570312e-01
9.238284230232238770e-01
8.820321559906005859e-01
9.562850594520568848e-01
9.815468788146972656e-01
9.768423438072204590e-01
9.371548295021057129e-01
9.526811242103576660e-01
9.815464615821838379e-01
8.369278311729431152e-01
9.623774290084838867e-01
9.834028482437133789e-01
9.754638671875000000e-01
9.745757579803466797e-01
9.782451987266540527e-01
9.344072937965393066e-01
8.945647478103637695e-01
9.741380810737609863e-01
9.166717529296875000e-01
9.745447039604187012e-01
9.744687676429748535e-01
9.380602240562438965e-01
9.352630376815795898e-01
7.478668093681335449e-01
9.580287337303161621e-01
9.203487634658813477e-01
9.772177338600158691e-01
9.685158133506774902e-01
7.908867001533508301e-01
9.646052122116088867e-01
9.674679636955261230e-01
9.891497492790222168e-01
9.780771732330322266e-01
9.807445406913757324e-01
9.695768356323242188e-01
9.664335846900939941e-01
9.724600911140441895e-01
9.368990659713745117e-01
9.660935997962951660e-01
9.846563935279846191e-01
9.453548192977905273e-01
9.831369519233703613e-01
7.679806351661682129e-01
9.258891940116882324e-01
9.180633425712585449e-01
9.127289652824401855e-01
9.823038578033447266e-01
9.593421816825866699e-01
9.713246226310729980e-01
9.782348275184631348e-01
9.493830204010009766e-01
9.772038459777832031e-01
8.761191964149475098e-01
9.788353443145751953e-01
9.684420228004455566e-01
9.817479252815246582e-01
9.822627305984497070e-01
9.740735292434692383e-01
9.723597764968872070e-01
9.238768815994262695e-01
9.616449475288391113e-01
9.466851949691772461e-01
9.814468622207641602e-01
9.854446053504943848e-01
9.725339412689208984e-01
9.772790074348449707e-01
9.854954481124877930e-01
9.615032076835632324e-01
9.607549309730529785e-01
9.679362773895263672e-01
9.789148569107055664e-01
9.394419789314270020e-01
5.995230674743652344e-01
8.583604097366333008e-01
6.532162427902221680e-01
9.742354750633239746e-01
9.724906682968139648e-01
9.704952836036682129e-01
9.725655913352966309e-01
9.380160570144653320e-01
9.863659143447875977e-01
9.621150493621826172e-01
9.631257057189941406e-01
9.841282963752746582e-01
9.847507476806640625e-01
8.049606084823608398e-01
9.742179512977600098e-01
9.769863486289978027e-01
9.710784554481506348e-01
9.524876475334167480e-01
9.545180201530456543e-01
9.722158312797546387e-01
9.846883416175842285e-01
8.864330053329467773e-01
9.262228608131408691e-01
9.884169697761535645e-01
9.873607158660888672e-01
9.765970110893249512e-01
9.778872132301330566e-01
9.135249257087707520e-01
9.744939804077148438e-01
9.636403918266296387e-01
9.355214238166809082e-01
9.354315996170043945e-01
9.726765751838684082e-01
9.483847022056579590e-01
8.793421983718872070e-01
9.447339177131652832e-01
9.452384114265441895e-01
9.653024673461914062e-01
9.305861592292785645e-01
9.912343621253967285e-01
9.300361275672912598e-01
9.855535626411437988e-01
9.684856534004211426e-01
9.298945069313049316e-01
9.859668612480163574e-01
9.775034189224243164e-01
9.529871940612792969e-01
9.712825417518615723e-01
9.812042117118835449e-01
9.859248995780944824e-01
8.297285437583923340e-01
9.544226527214050293e-01
9.495235681533813477e-01
9.335036873817443848e-01
9.718841314315795898e-01
9.269548058509826660e-01
9.830818772315979004e-01
9.820542335510253906e-01
9.804905056953430176e-01
9.874913692474365234e-01
9.566822648048400879e-01
9.777039289474487305e-01
9.672873616218566895e-01
8.662831783294677734e-01
9.588540196418762207e-01
9.742236137390136719e-01
9.036909341812133789e-01
7.089998722076416016e-01
9.884172081947326660e-01
9.486208558082580566e-01
9.812875390052795410e-01
9.385583400726318359e-01
9.645134806632995605e-01
9.785860776901245117e-01
9.737436771392822266e-01
9.783229827880859375e-01
9.882271885871887207e-01
9.591372609138488770e-01
9.526844024658203125e-01
7.805036306381225586e-01
9.242955446243286133e-01
9.849652051925659180e-01
9.320865869522094727e-01
8.502286076545715332e-01
9.748964905738830566e-01
9.511279463768005371e-01
9.784349203109741211e-01
9.441771507263183594e-01
1.223314786329865456e-03
7.923279888927936554e-03
5.851849913597106934e-03
4.579038359224796295e-03
5.073886131867766380e-04
2.008397504687309265e-02
8.303259499371051788e-03
3.989453613758087158e-01
1.220522262156009674e-02
3.786522429436445236e-03
2.306550042703747749e-03
2.444628393277525902e-03
1.898598158732056618e-03
1.825778186321258545e-02
1.529425207991153002e-04
4.135566297918558121e-03
3.892329987138509750e-03
7.770068477839231491e-04
2.703431248664855957e-02
1.947554200887680054e-02
2.175937988795340061e-04
3.885207232087850571e-03
6.009061820805072784e-03
8.596497937105596066e-04
3.248448483645915985e-03
2.244667150080204010e-02
2.669354081153869629e-01
1.575317000970244408e-03
5.585706606507301331e-02
2.695213072001934052e-02
9.082912467420101166e-03
3.074738429859280586e-03
9.892163798213005066e-04
1.228728098794817924e-03
6.361047923564910889e-02
1.337130460888147354e-02
7.216385100036859512e-03
4.099292680621147156e-03
4.686120525002479553e-02
9.158576140180230141e-04
1.549866236746311188e-02
2.383594959974288940e-02
2.130966633558273315e-03
5.490900278091430664e-01
6.980609614402055740e-03
1.791393943130970001e-02
4.636640660464763641e-03
6.361015439033508301e-01
1.177590060979127884e-02
3.855953458696603775e-03
5.240778555162250996e-04
5.275845527648925781e-03
3.714999882504343987e-03
1.374015118926763535e-03
7.784786075353622437e-02
2.848780946806073189e-03
2.057475270703434944e-03
5.170233175158500671e-02
6.082251202315092087e-03
2.922619925811886787e-03
9.403897449374198914e-03
1.203827001154422760e-02
1.842270838096737862e-03
2.593345241621136665e-03
2.042263280600309372e-03
1.151237078011035919e-02
1.898760907351970673e-03
5.173583514988422394e-03
6.486950907856225967e-03
5.444124341011047363e-03
4.776620771735906601e-03
1.284837839193642139e-03
1.420731190592050552e-02
3.724768524989485741e-03
2.597473096102476120e-03
1.687224395573139191e-02
1.898908172734081745e-03
9.877887554466724396e-03
1.428970880806446075e-02
4.658350255340337753e-03
1.040257886052131653e-02
3.374187042936682701e-03
1.370960567146539688e-02
2.157967910170555115e-02
4.449919331818819046e-03
1.345248543657362461e-03
1.855979207903146744e-03
4.917865153402090073e-03
1.657368987798690796e-02
1.997322775423526764e-03
1.951523311436176300e-02
1.733613666146993637e-03
1.110420329496264458e-03
5.303235258907079697e-03
3.979239612817764282e-03
7.837839424610137939e-03
6.271483376622200012e-03
1.962361857295036316e-02
1.424075569957494736e-02
2.859504427760839462e-03
1.228777039796113968e-02
9.203446097671985626e-03
8.357058279216289520e-03
1.216688007116317749e-02
1.192101277410984039e-03
1.969933276996016502e-03
2.604262670502066612e-03
1.589654199779033661e-02
2.175921760499477386e-02
1.611522398889064789e-02
1.192396786063909531e-02
3.515578340739011765e-03
1.764695160090923309e-02
2.872810699045658112e-03
7.177609018981456757e-03
2.460922580212354660e-03
2.668019942939281464e-02
7.546237204223871231e-03
4.579177591949701309e-03
5.513489712029695511e-03
1.284241490066051483e-02
1.303232833743095398e-02
4.167298600077629089e-02
1.796514913439750671e-02
6.754688452929258347e-03
9.600158082321286201e-04
4.053869051858782768e-04
1.145732589066028595e-02
4.740720905829221010e-04
6.670084316283464432e-03
1.020860043354332447e-03
2.144429599866271019e-04
1.303138304501771927e-02
3.577680326998233795e-03
6.993598770350217819e-03
2.162240259349346161e-02
1.496353745460510254e-02
1.034505013376474380e-02
7.395888096652925014e-04
6.827878532931208611e-04
6.991561967879533768e-04
1.271079992875456810e-03
1.938743749633431435e-03
3.268396481871604919e-02
1.096135005354881287e-02
7.739492575637996197e-04
5.720116663724184036e-03
7.715068641118705273e-04
4.961536265909671783e-03
1.331818988546729088e-03
1.942722592502832413e-03
1.187545657157897949e-01
1.711078453809022903e-03
1.011994900181889534e-03
3.018596442416310310e-03
7.156734354794025421e-03
6.665111286565661430e-04
1.787696406245231628e-02
7.552494062110781670e-04
8.673898410052061081e-04
7.283352315425872803e-04
5.294660804793238640e-04
1.097445958293974400e-03
1.311828964389860630e-03
3.645453369244933128e-03
2.380892634391784668e-03
6.653231568634510040e-03
3.979205153882503510e-03
3.748890594579279423e-04
4.671676084399223328e-02
1.149263512343168259e-02
1.793385669589042664e-02
1.615867018699645996e-02
1.181307062506675720e-02
4.550509911496192217e-04
1.247999910265207291e-02
1.629740814678370953e-03
3.561427583917975426e-03
2.451793989166617393e-03
4.255821462720632553e-03
3.075042506679892540e-03
6.686105625703930855e-04
2.681785030290484428e-03
5.355094326660037041e-04
4.693137016147375107e-03
9.738457202911376953e-02
4.445025231689214706e-03
3.254712000489234924e-02
1.368803204968571663e-03
3.120012814179062843e-03
5.995744140818715096e-04
5.416388157755136490e-03
8.040281012654304504e-03
4.543997347354888916e-03
2.385996980592608452e-03
4.642207175493240356e-02
1.611897489055991173e-03
6.397868040949106216e-03
3.361302614212036133e-02
3.967402735725045204e-04
1.160359359346330166e-03
4.036762285977602005e-03
2.843027468770742416e-03
5.098799010738730431e-04
3.804252017289400101e-03
1.538755022920668125e-03
8.366852998733520508e-03
6.751176551915705204e-04
9.589690598659217358e-04
9.941624011844396591e-04
3.176896134391427040e-03
2.293966477736830711e-03
5.207750946283340454e-04
1.408997923135757446e-03
3.452847478911280632e-03
3.436233615502715111e-03
1.513592549599707127e-03
1.576235285028815269e-03
8.163572638295590878e-04
5.903378478251397610e-04
2.570843556895852089e-03
1.671641250140964985e-03
2.220614813268184662e-03
1.489053596742451191e-03
1.292358851060271263e-03
3.243492683395743370e-04
2.160533564165234566e-03
1.775828539393842220e-03
1.999726286157965660e-03
9.498594445176422596e-04
2.788729965686798096e-03
6.336333462968468666e-04
2.445446094498038292e-03
5.098816938698291779e-03
1.187761779874563217e-03
7.348935469053685665e-04
1.276553026400506496e-03
1.005969708785414696e-03
3.547985979821532965e-04
6.409800262190401554e-04
3.520760918036103249e-03
1.120424247346818447e-03
7.435901788994669914e-04
5.037265364080667496e-04
7.546214037574827671e-04
8.592022350057959557e-04
6.872960948385298252e-04
8.250534883700311184e-04
3.574092115741223097e-04
2.140348777174949646e-03
4.685772582888603210e-03
5.754793528467416763e-04
6.157435709610581398e-04
4.178806266281753778e-04
2.307131886482238770e-03
2.848145784810185432e-03
3.964682109653949738e-04
4.215746186673641205e-03
9.287099237553775311e-04
5.842649843543767929e-04
4.445852246135473251e-04
5.301074124872684479e-04
3.483456093817949295e-04
9.456353145651519299e-04
2.202979987487196922e-03
4.274686216376721859e-04
5.565233528614044189e-03
1.259652199223637581e-03
1.162363868206739426e-02
2.452351385727524757e-03
3.282531863078474998e-03
3.176970407366752625e-02
9.619259275496006012e-03
7.694263942539691925e-03
2.039771061390638351e-03
6.064700894057750702e-03
1.252978690899908543e-03
4.376332089304924011e-02
6.215593311935663223e-03
2.220015227794647217e-02
9.008808992803096771e-04
2.873212331905961037e-03
2.493267413228750229e-03
1.175698242150247097e-03
1.912217587232589722e-02
1.562009565532207489e-02
1.589311985298991203e-03
2.317162463441491127e-03
1.049316581338644028e-02
8.837120607495307922e-03
5.152126774191856384e-03
1.893243379890918732e-02
2.973656635731458664e-03
2.133087720721960068e-03
7.139550056308507919e-03
4.835030063986778259e-03
9.622639976441860199e-03
1.955683575943112373e-03
5.949069745838642120e-03
1.867651753127574921e-02
3.048389591276645660e-02
1.976090949028730392e-03
1.940122433006763458e-02
3.012960776686668396e-03
1.821092911995947361e-03
3.424122463911771774e-03
1.423414237797260284e-02
1.216580253094434738e-02
3.179394872859120369e-03
3.047217847779393196e-03
9.917790070176124573e-03
5.654557142406702042e-03
4.053533077239990234e-03
8.776022121310234070e-03
5.248375236988067627e-03
1.170270843431353569e-03
4.245365038514137268e-03
5.873674526810646057e-03
5.086285062134265900e-03
1.912729581817984581e-03
1.053204410709440708e-03
1.571277715265750885e-02
1.260851323604583740e-02
1.429613330401480198e-03
3.263239050284028053e-03
4.331232514232397079e-03
7.590656168758869171e-04
7.165223360061645508e-03
7.083880249410867691e-03
4.013284575194120407e-03
2.825780538842082024e-03
3.339783288538455963e-03
5.819524172693490982e-03
3.442782675847411156e-03
1.788156852126121521e-02
5.144338123500347137e-03
5.183030385524034500e-03
2.429766114801168442e-03
2.485031727701425552e-03
6.057754624634981155e-03
7.270221132785081863e-03
2.887114649638533592e-03
7.933924905955791473e-03
1.687321695499122143e-03
6.548862438648939133e-03
1.178594538941979408e-03
4.526310600340366364e-03
7.494936231523752213e-03
8.838757872581481934e-03
9.859167039394378662e-03
2.773508022073656321e-04
8.433403563685715199e-04
2.588851843029260635e-03
6.838205270469188690e-03
1.719112857244908810e-03
2.474610460922122002e-03
3.892485285177826881e-03
9.874443057924509048e-04
3.854522854089736938e-02
2.622975967824459076e-03
4.838789813220500946e-03
6.191379390656948090e-03
2.955364063382148743e-03
3.157337661832571030e-03
2.033835276961326599e-03
6.767760496586561203e-03
9.156403830274939537e-04
5.918877432122826576e-04
3.008855506777763367e-03
1.773314666934311390e-03
3.227910958230495453e-03
1.269087661057710648e-02
2.063427818939089775e-03
8.476301096379756927e-03
5.014836322516202927e-03
2.919084392488002777e-02
7.588106207549571991e-03
1.026049256324768066e-02
5.401266738772392273e-03
1.057439018040895462e-03
9.807778988033533096e-04
2.233456820249557495e-03
5.975618027150630951e-03
6.514134351164102554e-03
3.425504313781857491e-03
4.569732584059238434e-03
4.566642921417951584e-03
2.865066006779670715e-02
1.111638732254505157e-02
1.302099321037530899e-02
8.475964888930320740e-03
3.353738039731979370e-02
1.118221692740917206e-02
6.823999807238578796e-03
4.791050218045711517e-03
7.420069538056850433e-03
7.610704749822616577e-03
9.161079302430152893e-03
4.351594951003789902e-03
1.809168979525566101e-02
6.692086812108755112e-03
3.213982796296477318e-03
3.113901615142822266e-02
6.114192772656679153e-03
7.602476514875888824e-03
5.186621565371751785e-03
3.254754003137350082e-03
1.761065796017646790e-02
9.796124882996082306e-03
1.041226368397474289e-02
9.775337763130664825e-03
1.306797959841787815e-03
1.113337278366088867e-02
1.447385270148515701e-02
1.520152855664491653e-02
1.843317225575447083e-02
2.185996808111667633e-02
2.070815768092870712e-03
3.000677004456520081e-02
1.557445735670626163e-03
4.062702879309654236e-03
1.389304082840681076e-02
1.154941506683826447e-02
8.099348284304141998e-03
9.542780928313732147e-03
9.947913698852062225e-03
1.538238429930061102e-04
2.215724438428878784e-03
2.129303291440010071e-03
1.885846286313608289e-04
1.996784098446369171e-02
1.623737066984176636e-02
3.566394094377756119e-03
4.716954194009304047e-03
2.369167283177375793e-03
3.740898566320538521e-03
1.600187039002776146e-03
1.188078150153160095e-02
8.733447757549583912e-04
3.634149208664894104e-03
2.558131702244281769e-03
4.838039167225360870e-03
3.958978224545717239e-03
1.575315371155738831e-02
1.087466813623905182e-02
3.651285171508789062e-02
2.597370767034590244e-04
1.586454175412654877e-02
1.008090842515230179e-02
3.027905710041522980e-02
2.319975383579730988e-02
5.195185542106628418e-03
1.025971770286560059e-02
1.746155903674662113e-04
3.342307871207594872e-03
1.503013633191585541e-02
2.045357832685112953e-04
1.650474267080426216e-03
1.930570142576470971e-04
9.554271586239337921e-03
1.378830801695585251e-02
1.841919496655464172e-02
1.520806807093322277e-03
1.323608122766017914e-02
2.985196420922875404e-03
1.127471867948770523e-02
3.450520336627960205e-02
3.659709123894572258e-03
1.279847463592886925e-03
1.063421135768294334e-03
9.726886637508869171e-03
1.408503856509923935e-02
1.224046852439641953e-02
3.773973556235432625e-03
5.557822808623313904e-02
4.757041577249765396e-03
2.416308270767331123e-03
9.821519255638122559e-03
2.837001532316207886e-02
5.271245725452899933e-03
1.277711056172847748e-02
1.049323473125696182e-02
3.732911776751279831e-03
2.041546162217855453e-03
3.888489445671439171e-04
2.406621128320693970e-01
2.322595566511154175e-03
7.020957767963409424e-03
1.179481577128171921e-02
5.613035056740045547e-03
2.208302728831768036e-03
1.503640711307525635e-01
3.572937566787004471e-03
1.061529200524091721e-02
5.270105786621570587e-03
4.003952257335186005e-03
1.735952333547174931e-03
3.850976005196571350e-02
3.497034311294555664e-02
2.123245038092136383e-03
9.840526618063449860e-03
2.446951270103454590e-01
2.469362923875451088e-03
1.264824066311120987e-02
4.626504611223936081e-03
1.316956989467144012e-02
3.221820667386054993e-02
8.245367207564413548e-04
1.012731809169054031e-02
3.124437294900417328e-02
3.266850858926773071e-02
3.063018806278705597e-02
1.317045651376247406e-03
1.023613731376826763e-03
3.594058332964777946e-03
8.014414925128221512e-04
2.743175486102700233e-03
1.901772455312311649e-03
3.403441980481147766e-03
2.012371318414807320e-03
1.123255235143005848e-03
1.852812478318810463e-03
1.317404508590698242e-01
1.493355780839920044e-01
1.739833690226078033e-02
3.420778783038258553e-03
3.041547897737473249e-04
1.352070923894643784e-02
3.571426961570978165e-03
1.093188184313476086e-03
3.970378078520298004e-03
