4.020326733589172363e-01
4.040183424949645996e-01
4.426184296607971191e-01
4.730271697044372559e-01
4.059398174285888672e-01
4.718104600906372070e-01
4.558526575565338135e-01
4.758552312850952148e-01
4.616042673587799072e-01
4.450466632843017578e-01
4.308753907680511475e-01
3.949677646160125732e-01
4.255746901035308838e-01
4.159666895866394043e-01
4.708313345909118652e-01
4.651437997817993164e-01
4.209018349647521973e-01
4.690923690795898438e-01
4.438651800155639648e-01
4.567915201187133789e-01
4.637502729892730713e-01
4.388939440250396729e-01
4.421874880790710449e-01
4.468962550163269043e-01
4.684723913669586182e-01
4.239908158779144287e-01
4.377416670322418213e-01
4.886143803596496582e-01
4.248116612434387207e-01
4.472618401050567627e-01
4.416783452033996582e-01
4.588611721992492676e-01
4.840662181377410889e-01
4.731076955795288086e-01
4.631296396255493164e-01
4.774608910083770752e-01
4.440321922302246094e-01
4.218043088912963867e-01
4.374887049198150635e-01
4.565630257129669189e-01
4.637501239776611328e-01
4.515324532985687256e-01
4.834523499011993408e-01
4.638805985450744629e-01
4.584149122238159180e-01
4.652505517005920410e-01
4.505336284637451172e-01
4.218683838844299316e-01
4.237641394138336182e-01
3.972573876380920410e-01
4.674305617809295654e-01
4.312956333160400391e-01
4.663763642311096191e-01
4.103980362415313721e-01
4.766959846019744873e-01
4.248366057872772217e-01
4.742338657379150391e-01
4.444282352924346924e-01
4.093559384346008301e-01
4.279474020004272461e-01
5.106703042984008789e-01
4.237550795078277588e-01
4.356147646903991699e-01
4.455831944942474365e-01
4.973430633544921875e-01
4.166854321956634521e-01
4.547523856163024902e-01
4.271312057971954346e-01
4.356372058391571045e-01
4.219300448894500732e-01
4.388742744922637939e-01
4.280489087104797363e-01
4.621393680572509766e-01
4.070747196674346924e-01
4.341310858726501465e-01
3.508539497852325439e-01
4.593848586082458496e-01
4.700432419776916504e-01
3.670071065425872803e-01
4.861387908458709717e-01
4.610265195369720459e-01
4.362264275550842285e-01
4.988891780376434326e-01
3.896653950214385986e-01
4.680163860321044922e-01
4.678836762905120850e-01
3.704804778099060059e-01
4.745031297206878662e-01
3.637145161628723145e-01
3.457227647304534912e-01
3.729638159275054932e-01
3.705190122127532959e-01
4.614338874816894531e-01
3.800991177558898926e-01
4.830577969551086426e-01
5.010268092155456543e-01
3.603867292404174805e-01
4.841883182525634766e-01
4.724954068660736084e-01
4.521029293537139893e-01
4.934700429439544678e-01
4.868108630180358887e-01
4.565817117691040039e-01
4.803099632263183594e-01
4.765318930149078369e-01
4.005745649337768555e-01
3.710440993309020996e-01
3.463787138462066650e-01
4.826591312885284424e-01
4.560189843177795410e-01
4.513105154037475586e-01
4.057257175445556641e-01
4.703970253467559814e-01
4.392597377300262451e-01
4.481867849826812744e-01
4.625239968299865723e-01
4.067192375659942627e-01
3.645601570606231689e-01
3.591176569461822510e-01
4.716195464134216309e-01
4.934512376785278320e-01
3.750486969947814941e-01
5.002215504646301270e-01
4.592604935169219971e-01
3.588870465755462646e-01
4.809491932392120361e-01
3.727555274963378906e-01
3.493489027023315430e-01
4.766537249088287354e-01
5.057754516601562500e-01
5.187357068061828613e-01
4.882396161556243896e-01
3.577971458435058594e-01
4.590925574302673340e-01
3.765035569667816162e-01
3.454391956329345703e-01
5.089476108551025391e-01
5.112106800079345703e-01
3.667032122611999512e-01
4.915657043457031250e-01
4.599753916263580322e-01
3.679608702659606934e-01
4.730796217918395996e-01
4.804606139659881592e-01
3.737630248069763184e-01
3.396194875240325928e-01
4.802860617637634277e-01
3.514545857906341553e-01
4.477044045925140381e-01
5.061925649642944336e-01
3.681095838546752930e-01
4.022522568702697754e-01
4.130311310291290283e-01
3.997469544410705566e-01
3.748506903648376465e-01
4.567204415798187256e-01
4.349540770053863525e-01
4.089894294738769531e-01
4.093663394451141357e-01
4.070090949535369873e-01
3.813273608684539795e-01
4.682113230228424072e-01
3.544371128082275391e-01
3.968597650527954102e-01
4.379428625106811523e-01
3.921393454074859619e-01
3.873595893383026123e-01
3.927062451839447021e-01
4.084466099739074707e-01
4.037263989448547363e-01
3.485151827335357666e-01
3.580879867076873779e-01
4.214731454849243164e-01
4.005457758903503418e-01
4.130585193634033203e-01
4.189970791339874268e-01
4.233702123165130615e-01
3.267357945442199707e-01
4.127098023891448975e-01
4.082577228546142578e-01
4.024854302406311035e-01
3.862198591232299805e-01
4.052039086818695068e-01
4.020987451076507568e-01
4.199268817901611328e-01
3.652129471302032471e-01
4.371436238288879395e-01
4.068180620670318604e-01
3.815725743770599365e-01
3.958944380283355713e-01
3.740189373493194580e-01
3.938662707805633545e-01
4.030425250530242920e-01
3.921693265438079834e-01
3.777488470077514648e-01
4.114587306976318359e-01
3.753756284713745117e-01
3.930695056915283203e-01
3.487079441547393799e-01
3.773188292980194092e-01
3.543593287467956543e-01
4.057440459728240967e-01
4.214310944080352783e-01
3.940968811511993408e-01
3.852118253707885742e-01
3.816159963607788086e-01
3.916332125663757324e-01
3.947529792785644531e-01
3.717296719551086426e-01
3.834592998027801514e-01
3.584486842155456543e-01
4.150805175304412842e-01
4.009454548358917236e-01
3.640612661838531494e-01
4.422166645526885986e-01
3.788438141345977783e-01
3.806297183036804199e-01
4.018954932689666748e-01
3.975155949592590332e-01
3.977577686309814453e-01
3.642979860305786133e-01
4.163408875465393066e-01
3.851093649864196777e-01
4.196830391883850098e-01
3.755774199962615967e-01
4.115960001945495605e-01
4.253307878971099854e-01
4.005205333232879639e-01
3.623152375221252441e-01
4.386564493179321289e-01
3.782021999359130859e-01
3.915569484233856201e-01
3.988486230373382568e-01
4.186327457427978516e-01
3.790372610092163086e-01
4.048976600170135498e-01
4.258811473846435547e-01
3.741626143455505371e-01
3.591835796833038330e-01
3.784577250480651855e-01
4.061148166656494141e-01
3.954409658908843994e-01
4.288261234760284424e-01
3.501876890659332275e-01
4.098031818866729736e-01
3.996626734733581543e-01
4.086121618747711182e-01
4.382275044918060303e-01
4.093206822872161865e-01
4.069785773754119873e-01
3.977482616901397705e-01
4.076046943664550781e-01
4.135157167911529541e-01
4.273850321769714355e-01
4.073458611965179443e-01
4.207434654235839844e-01
4.278260469436645508e-01
3.824969530105590820e-01
4.333082139492034912e-01
3.988210856914520264e-01
4.340010285377502441e-01
4.080288410186767578e-01
4.029162228107452393e-01
4.104650318622589111e-01
4.260657727718353271e-01
4.069646000862121582e-01
4.300228953361511230e-01
4.305025935173034668e-01
4.099741280078887939e-01
4.226158559322357178e-01
4.092625677585601807e-01
4.223080873489379883e-01
4.568176269531250000e-01
4.195989072322845459e-01
4.362843334674835205e-01
4.093483984470367432e-01
4.027477502822875977e-01
4.075275063514709473e-01
4.082797765731811523e-01
4.086737930774688721e-01
4.298947751522064209e-01
4.066627323627471924e-01
4.008117020130157471e-01
4.080458283424377441e-01
4.458848834037780762e-01
4.404126405715942383e-01
4.120692014694213867e-01
4.254936873912811279e-01
4.341217279434204102e-01
4.067189991474151611e-01
4.090747237205505371e-01
4.000132083892822266e-01
4.105735421180725098e-01
4.319626390933990479e-01
4.146337509155273438e-01
4.089981615543365479e-01
4.256581068038940430e-01
4.093775749206542969e-01
4.057901799678802490e-01
4.173162281513214111e-01
4.075203239917755127e-01
4.239327311515808105e-01
4.102815687656402588e-01
4.098396599292755127e-01
4.352541863918304443e-01
4.305168092250823975e-01
4.052218198776245117e-01
4.364402294158935547e-01
4.348892867565155029e-01
4.046483933925628662e-01
3.985739052295684814e-01
4.007045030593872070e-01
4.359997808933258057e-01
4.407146275043487549e-01
4.096352159976959229e-01
4.072533249855041504e-01
4.209520518779754639e-01
4.016080796718597412e-01
4.304729700088500977e-01
4.159986674785614014e-01
4.242204427719116211e-01
4.814440608024597168e-01
4.821539521217346191e-01
4.453813433647155762e-01
4.339896142482757568e-01
5.090479850769042969e-01
4.469332396984100342e-01
4.681615829467773438e-01
5.446333885192871094e-01
4.305360913276672363e-01
4.776770472526550293e-01
5.243763327598571777e-01
4.052380621433258057e-01
4.663748443126678467e-01
4.796054959297180176e-01
4.526856839656829834e-01
4.614475965499877930e-01
4.626846611499786377e-01
5.154818892478942871e-01
5.127563476562500000e-01
4.159863591194152832e-01
5.063631534576416016e-01
4.333952665328979492e-01
4.409801661968231201e-01
4.607013761997222900e-01
4.859832823276519775e-01
4.690159857273101807e-01
4.437323808670043945e-01
4.814440608024597168e-01
5.087770223617553711e-01
4.294442534446716309e-01
4.741763770580291748e-01
4.446896016597747803e-01
4.799247086048126221e-01
4.518966972827911377e-01
4.507846236228942871e-01
4.936495721340179443e-01
4.651284217834472656e-01
4.470289051532745361e-01
4.434185326099395752e-01
4.501962363719940186e-01
4.331780374050140381e-01
4.065236449241638184e-01
4.740861952304840088e-01
4.579295516014099121e-01
4.862760007381439209e-01
4.738163053989410400e-01
4.713352620601654053e-01
4.853501617908477783e-01
4.993460476398468018e-01
4.970263540744781494e-01
4.866575002670288086e-01
5.118740200996398926e-01
5.281360149383544922e-01
4.759943187236785889e-01
4.977564513683319092e-01
5.222918987274169922e-01
4.722018837928771973e-01
4.905600249767303467e-01
4.836286604404449463e-01
5.500168204307556152e-01
4.686913192272186279e-01
4.521766602993011475e-01
4.419426023960113525e-01
4.694662094116210938e-01
4.445290565490722656e-01
4.867061376571655273e-01
4.450127482414245605e-01
5.165236592292785645e-01
5.061361193656921387e-01
4.751354753971099854e-01
4.123103320598602295e-01
4.204801619052886963e-01
4.496383666992187500e-01
4.708649516105651855e-01
4.593473672866821289e-01
4.913229942321777344e-01
4.419634640216827393e-01
3.771627545356750488e-01
5.401010513305664062e-01
4.656104743480682373e-01
4.654558897018432617e-01
4.366598725318908691e-01
5.336475968360900879e-01
4.786809086799621582e-01
5.113571286201477051e-01
4.751021564006805420e-01
4.528677165508270264e-01
4.336402714252471924e-01
4.558465778827667236e-01
4.955137670040130615e-01
5.023129582405090332e-01
4.676945209503173828e-01
4.651458263397216797e-01
4.798461496829986572e-01
4.785690903663635254e-01
4.725786149501800537e-01
4.292674362659454346e-01
4.956628382205963135e-01
4.369717538356781006e-01
4.591550230979919434e-01
5.285943746566772461e-01
4.531980156898498535e-01
4.732349812984466553e-01
4.982691407203674316e-01
3.972415626049041748e-01
4.542769491672515869e-01
4.540364742279052734e-01
4.364066123962402344e-01
4.302588105201721191e-01
4.114957749843597412e-01
4.202728271484375000e-01
4.107419252395629883e-01
4.003621935844421387e-01
4.833810329437255859e-01
4.300095438957214355e-01
4.170419871807098389e-01
4.133431315422058105e-01
4.512547254562377930e-01
4.221244752407073975e-01
4.524269402027130127e-01
4.750630259513854980e-01
4.664499163627624512e-01
4.399581551551818848e-01
4.553604423999786377e-01
4.534001946449279785e-01
4.897030889987945557e-01
4.679673612117767334e-01
4.395834505558013916e-01
4.298785924911499023e-01
4.334814548492431641e-01
4.459972083568572998e-01
4.255529642105102539e-01
4.312603771686553955e-01
3.963028788566589355e-01
4.098983407020568848e-01
4.483544528484344482e-01
4.343786835670471191e-01
4.525697231292724609e-01
4.142094552516937256e-01
4.312728941440582275e-01
4.199044704437255859e-01
3.965713083744049072e-01
4.470415115356445312e-01
4.423755407333374023e-01
4.340905845165252686e-01
4.277559816837310791e-01
4.277203381061553955e-01
4.330631792545318604e-01
4.228555262088775635e-01
4.755494296550750732e-01
4.349359571933746338e-01
4.418969750404357910e-01
4.559341371059417725e-01
4.164472222328186035e-01
4.355179071426391602e-01
4.082069098949432373e-01
4.284400641918182373e-01
4.294611513614654541e-01
4.669801294803619385e-01
4.367689788341522217e-01
4.023309648036956787e-01
4.988859593868255615e-01
4.236880540847778320e-01
4.403998553752899170e-01
4.590358138084411621e-01
4.152340590953826904e-01
4.267600178718566895e-01
3.971747457981109619e-01
4.263552725315093994e-01
5.064297318458557129e-01
4.488035142421722412e-01
4.885872900485992432e-01
4.595443904399871826e-01
4.118962883949279785e-01
4.383459091186523438e-01
4.267632961273193359e-01
4.069359898567199707e-01
4.279182553291320801e-01
4.467979371547698975e-01
4.319451451301574707e-01
3.638233542442321777e-01
4.269633889198303223e-01
4.245075583457946777e-01
3.862967193126678467e-01
4.662071168422698975e-01
3.970027863979339600e-01
4.421641826629638672e-01
4.040446281433105469e-01
4.109200537204742432e-01
3.794500827789306641e-01
4.540951251983642578e-01
3.760180473327636719e-01
4.312848150730133057e-01
4.378868043422698975e-01
3.909962177276611328e-01
4.174035787582397461e-01
4.000265598297119141e-01
3.950343132019042969e-01
3.697755932807922363e-01
4.062438011169433594e-01
3.897549211978912354e-01
4.564606845378875732e-01
4.171833693981170654e-01
3.994951844215393066e-01
4.882067143917083740e-01
3.799950182437896729e-01
3.990278542041778564e-01
3.850333392620086670e-01
3.964365124702453613e-01
3.738889098167419434e-01
4.473522007465362549e-01
4.370249509811401367e-01
3.980609774589538574e-01
4.010936915874481201e-01
4.140826761722564697e-01
4.417339861392974854e-01
4.392679631710052490e-01
4.538334310054779053e-01
4.642545878887176514e-01
4.042097330093383789e-01
4.360846579074859619e-01
4.397453069686889648e-01
4.349226057529449463e-01
4.471292495727539062e-01
4.366112351417541504e-01
4.697059392929077148e-01
3.997277021408081055e-01
3.881165385246276855e-01
4.000458717346191406e-01
4.268892109394073486e-01
3.932514190673828125e-01
4.369897842407226562e-01
3.994464874267578125e-01
4.450278282165527344e-01
4.318797290325164795e-01
3.847138285636901855e-01
4.256408810615539551e-01
4.244293570518493652e-01
3.729709684848785400e-01
4.421249330043792725e-01
4.016043841838836670e-01
4.612105488777160645e-01
4.539774954319000244e-01
4.153148829936981201e-01
4.132317900657653809e-01
4.154570102691650391e-01
4.702754616737365723e-01
4.455881714820861816e-01
3.796250522136688232e-01
3.886035978794097900e-01
4.041244387626647949e-01
3.720279633998870850e-01
4.037004411220550537e-01
4.677419662475585938e-01
3.908879160881042480e-01
3.422987461090087891e-01
3.359636366367340088e-01
3.765749037265777588e-01
3.468688428401947021e-01
3.365380465984344482e-01
3.468688428401947021e-01
3.406330049037933350e-01
4.255845248699188232e-01
3.391174376010894775e-01
3.362214267253875732e-01
3.783648908138275146e-01
3.509680330753326416e-01
3.891847431659698486e-01
3.679856657981872559e-01
3.699777126312255859e-01
3.811388909816741943e-01
3.406330049037933350e-01
3.961624205112457275e-01
4.025357067584991455e-01
3.374465405941009521e-01
3.857153654098510742e-01
3.900541067123413086e-01
3.406330049037933350e-01
3.374465405941009521e-01
3.423112332820892334e-01
3.334151506423950195e-01
3.408511579036712646e-01
3.472497463226318359e-01
3.373986482620239258e-01
4.547355175018310547e-01
3.395971953868865967e-01
3.885224759578704834e-01
3.359636366367340088e-01
3.779407441616058350e-01
3.766309618949890137e-01
3.732619285583496094e-01
3.732619285583496094e-01
3.296188116073608398e-01
3.426937460899353027e-01
3.422987461090087891e-01
3.296188116073608398e-01
3.699777126312255859e-01
3.725437819957733154e-01
3.374465405941009521e-01
3.362214267253875732e-01
3.662381768226623535e-01
3.392979800701141357e-01
4.012267291545867920e-01
3.983986079692840576e-01
3.423112332820892334e-01
4.380021393299102783e-01
3.798968195915222168e-01
3.468688428401947021e-01
3.779407441616058350e-01
3.779407441616058350e-01
3.424414694309234619e-01
3.640733957290649414e-01
3.362214267253875732e-01
3.364890217781066895e-01
3.960066437721252441e-01
3.419030606746673584e-01
3.442440330982208252e-01
3.880115151405334473e-01
3.564739525318145752e-01
3.334151506423950195e-01
3.469306826591491699e-01
3.467853963375091553e-01
3.365380465984344482e-01
3.419969975948333740e-01
3.790014088153839111e-01
3.527274429798126221e-01
3.366065919399261475e-01
3.913576900959014893e-01
3.436821103096008301e-01
3.916322290897369385e-01
3.716580271720886230e-01
3.989105522632598877e-01
3.547259569168090820e-01
3.705861568450927734e-01
3.752173185348510742e-01
3.795892894268035889e-01
3.931694626808166504e-01
3.701132833957672119e-01
3.866169750690460205e-01
3.620558083057403564e-01
3.676792979240417480e-01
3.656654953956604004e-01
3.551987707614898682e-01
3.826055824756622314e-01
3.942525386810302734e-01
4.391521513462066650e-01
3.735858500003814697e-01
3.621683418750762939e-01
3.900265991687774658e-01
3.686709105968475342e-01
3.306305706501007080e-01
3.913613259792327881e-01
3.452726602554321289e-01
3.975628614425659180e-01
3.787531256675720215e-01
3.564014732837677002e-01
3.932349085807800293e-01
3.689501285552978516e-01
3.903580904006958008e-01
3.870644569396972656e-01
3.647228479385375977e-01
3.891930878162384033e-01
3.797679245471954346e-01
4.101212918758392334e-01
3.692091703414916992e-01
3.612959384918212891e-01
3.579556643962860107e-01
3.743201792240142822e-01
4.129462242126464844e-01
3.530918061733245850e-01
3.750597834587097168e-01
3.568169474601745605e-01
3.742926418781280518e-01
3.202867805957794189e-01
3.598344624042510986e-01
3.800755143165588379e-01
3.621427416801452637e-01
3.394771814346313477e-01
3.627583980560302734e-01
3.918254375457763672e-01
3.670256137847900391e-01
3.290610015392303467e-01
3.525186181068420410e-01
3.476175963878631592e-01
3.688090741634368896e-01
3.793374001979827881e-01
3.543033003807067871e-01
3.794417083263397217e-01
4.089576900005340576e-01
3.353342711925506592e-01
3.299708962440490723e-01
3.900898694992065430e-01
3.780767917633056641e-01
3.404055833816528320e-01
3.594546020030975342e-01
3.561725914478302002e-01
3.695826530456542969e-01
3.815717101097106934e-01
3.587389588356018066e-01
3.522786200046539307e-01
4.314700067043304443e-01
3.569405078887939453e-01
3.528110086917877197e-01
3.670635819435119629e-01
4.097993075847625732e-01
3.668400645256042480e-01
4.068336188793182373e-01
3.876065313816070557e-01
4.240647554397583008e-01
4.084470272064208984e-01
3.921186625957489014e-01
3.647458255290985107e-01
3.678623437881469727e-01
3.840799033641815186e-01
3.496382236480712891e-01
3.839354813098907471e-01
3.862657845020294189e-01
3.901413083076477051e-01
3.525412678718566895e-01
4.081943929195404053e-01
3.433502316474914551e-01
4.022784531116485596e-01
3.997457921504974365e-01
4.111501574516296387e-01
4.010126590728759766e-01
4.130637943744659424e-01
4.085389971733093262e-01
3.961420655250549316e-01
4.048929214477539062e-01
4.079539179801940918e-01
3.984762728214263916e-01
4.044951498508453369e-01
4.036835134029388428e-01
4.001925587654113770e-01
3.657338917255401611e-01
4.075787961483001709e-01
4.054869711399078369e-01
4.091096818447113037e-01
4.066591560840606689e-01
4.073888063430786133e-01
4.080621898174285889e-01
4.078470170497894287e-01
4.007877707481384277e-01
4.060708582401275635e-01
4.059093594551086426e-01
4.047335088253021240e-01
4.053134918212890625e-01
4.111288785934448242e-01
3.941831290721893311e-01
3.957574963569641113e-01
3.787962496280670166e-01
3.968951702117919922e-01
4.126153588294982910e-01
3.980845808982849121e-01
4.029586613178253174e-01
4.103254973888397217e-01
4.043203294277191162e-01
4.072511494159698486e-01
4.055785238742828369e-01
3.978539109230041504e-01
3.970463573932647705e-01
4.035125076770782471e-01
4.034417569637298584e-01
4.068363606929779053e-01
4.043970108032226562e-01
4.118597507476806641e-01
4.103848338127136230e-01
4.078276753425598145e-01
4.035730361938476562e-01
4.059040546417236328e-01
4.053324759006500244e-01
4.107212126255035400e-01
4.067977964878082275e-01
4.025729000568389893e-01
4.052020907402038574e-01
4.009586870670318604e-01
4.025283157825469971e-01
4.095424413681030273e-01
4.045134484767913818e-01
4.067718982696533203e-01
4.178773164749145508e-01
4.080064892768859863e-01
3.972227573394775391e-01
4.039044678211212158e-01
4.079662263393402100e-01
4.071585237979888916e-01
4.058303833007812500e-01
3.977597057819366455e-01
4.086030721664428711e-01
4.029863476753234863e-01
3.999348580837249756e-01
4.059211909770965576e-01
4.059646427631378174e-01
4.012312293052673340e-01
3.959431350231170654e-01
4.003021121025085449e-01
3.773931860923767090e-01
4.176958799362182617e-01
4.064961671829223633e-01
4.327447414398193359e-01
4.239535629749298096e-01
3.818738758563995361e-01
4.405391514301300049e-01
4.373681843280792236e-01
4.242698848247528076e-01
4.130136072635650635e-01
4.326175451278686523e-01
4.131845831871032715e-01
4.529568254947662354e-01
4.384656846523284912e-01
4.168418943881988525e-01
4.260751307010650635e-01
4.283275306224822998e-01
4.457249641418457031e-01
3.797815144062042236e-01
4.420836567878723145e-01
4.467159807682037354e-01
3.831423819065093994e-01
3.833170235157012939e-01
4.607365429401397705e-01
4.424240291118621826e-01
4.329454004764556885e-01
4.240743815898895264e-01
3.748961389064788818e-01
4.248647987842559814e-01
4.236903488636016846e-01
4.275772571563720703e-01
4.226611852645874023e-01
3.985373973846435547e-01
3.677414655685424805e-01
4.519722163677215576e-01
4.575746953487396240e-01
4.114775955677032471e-01
3.877620995044708252e-01
3.939646780490875244e-01
4.369016587734222412e-01
4.301207959651947021e-01
4.270564317703247070e-01
4.115734100341796875e-01
4.005726277828216553e-01
4.656101763248443604e-01
4.382418394088745117e-01
4.131935834884643555e-01
4.448217749595642090e-01
4.243114292621612549e-01
4.636084437370300293e-01
4.364175200462341309e-01
4.544495642185211182e-01
4.292558431625366211e-01
4.310914278030395508e-01
4.461299479007720947e-01
4.115354120731353760e-01
4.501612484455108643e-01
4.972169697284698486e-01
4.482582807540893555e-01
4.645432233810424805e-01
4.078802168369293213e-01
4.546614885330200195e-01
4.522952139377593994e-01
4.189685285091400146e-01
4.506824314594268799e-01
4.642768502235412598e-01
4.418606758117675781e-01
4.754858016967773438e-01
4.484628438949584961e-01
4.435890018939971924e-01
3.766955137252807617e-01
4.311758875846862793e-01
4.055683910846710205e-01
4.349273443222045898e-01
4.345081746578216553e-01
4.759330153465270996e-01
4.238328337669372559e-01
4.176123738288879395e-01
3.955774307250976562e-01
4.365259706974029541e-01
4.615806937217712402e-01
4.713491797447204590e-01
4.524345099925994873e-01
4.466201961040496826e-01
4.409371614456176758e-01
4.437204599380493164e-01
4.619659483432769775e-01
4.475033581256866455e-01
4.701570570468902588e-01
4.173464179039001465e-01
4.569783806800842285e-01
4.235287308692932129e-01
4.284735023975372314e-01
4.324510395526885986e-01
4.229650199413299561e-01
4.093014299869537354e-01
4.560326337814331055e-01
5.026406645774841309e-01
4.702073335647583008e-01
4.999890327453613281e-01
4.996057152748107910e-01
4.670785367488861084e-01
4.659466445446014404e-01
3.880104124546051025e-01
4.780107140541076660e-01
4.694347679615020752e-01
4.391364753246307373e-01
4.339212775230407715e-01
3.896339237689971924e-01
3.860997855663299561e-01
4.208545684814453125e-01
3.814181983470916748e-01
3.991490006446838379e-01
3.828652501106262207e-01
3.867839872837066650e-01
3.897050321102142334e-01
4.395426511764526367e-01
4.430380761623382568e-01
3.889995515346527100e-01
3.889987766742706299e-01
3.712155222892761230e-01
4.013550281524658203e-01
4.503648877143859863e-01
3.756139874458312988e-01
3.788597583770751953e-01
3.973204791545867920e-01
3.996362090110778809e-01
3.893639147281646729e-01
4.278689026832580566e-01
4.475282728672027588e-01
4.694685041904449463e-01
4.496794342994689941e-01
4.154910445213317871e-01
4.081763923168182373e-01
4.046948254108428955e-01
3.776999115943908691e-01
3.674640655517578125e-01
4.209565222263336182e-01
3.628102540969848633e-01
4.576010107994079590e-01
4.076794087886810303e-01
3.902537822723388672e-01
3.938508927822113037e-01
3.781253695487976074e-01
4.572804272174835205e-01
3.899385631084442139e-01
3.854615986347198486e-01
4.307180047035217285e-01
4.047301411628723145e-01
3.823651671409606934e-01
3.899742364883422852e-01
3.917141258716583252e-01
3.900645971298217773e-01
3.829801380634307861e-01
4.122620224952697754e-01
4.308713376522064209e-01
3.846581876277923584e-01
3.683876991271972656e-01
4.097934067249298096e-01
3.996695280075073242e-01
4.391151070594787598e-01
3.892420828342437744e-01
4.107079505920410156e-01
3.898395597934722900e-01
3.829421401023864746e-01
4.039517045021057129e-01
4.026626944541931152e-01
4.289183318614959717e-01
4.259380400180816650e-01
3.733619451522827148e-01
3.976301550865173340e-01
3.682399094104766846e-01
3.744744956493377686e-01
4.343495368957519531e-01
3.961837589740753174e-01
4.626321494579315186e-01
4.510198831558227539e-01
3.754627704620361328e-01
4.211865067481994629e-01
3.774650096893310547e-01
3.884449899196624756e-01
3.963758945465087891e-01
4.021646380424499512e-01
