9.376232624053955078e-01
8.786886930465698242e-01
9.149126410484313965e-01
9.426807761192321777e-01
9.504613876342773438e-01
9.433515071868896484e-01
9.317859411239624023e-01
9.554525613784790039e-01
9.356671571731567383e-01
9.598096609115600586e-01
7.941854596138000488e-01
9.132473468780517578e-01
9.377351403236389160e-01
9.576382040977478027e-01
9.255709648132324219e-01
9.330885410308837891e-01
9.390248060226440430e-01
9.004601836204528809e-01
8.779563903808593750e-01
9.448559880256652832e-01
9.542574286460876465e-01
9.059571623802185059e-01
9.329307079315185547e-01
9.540983438491821289e-01
8.976724147796630859e-01
9.395728707313537598e-01
8.869324326515197754e-01
9.160835146903991699e-01
9.266349077224731445e-01
9.328640103340148926e-01
8.903326988220214844e-01
9.260288476943969727e-01
8.861538767814636230e-01
9.299455285072326660e-01
9.183328747749328613e-01
9.076168537139892578e-01
9.098652005195617676e-01
9.417074918746948242e-01
9.168016910552978516e-01
8.859524726867675781e-01
9.370864033699035645e-01
9.126771092414855957e-01
9.321509599685668945e-01
9.024990797042846680e-01
9.519405961036682129e-01
9.349332451820373535e-01
9.405199885368347168e-01
9.150398969650268555e-01
8.573746085166931152e-01
9.326977729797363281e-01
9.520387649536132812e-01
9.176090955734252930e-01
9.024030566215515137e-01
9.206734299659729004e-01
9.512609243392944336e-01
8.791812062263488770e-01
9.409237504005432129e-01
9.601787924766540527e-01
9.487540125846862793e-01
9.297850131988525391e-01
8.932517766952514648e-01
9.318093657493591309e-01
9.364933967590332031e-01
9.552927613258361816e-01
9.593169689178466797e-01
8.592387437820434570e-01
9.371387362480163574e-01
9.165500402450561523e-01
8.972497582435607910e-01
9.239009022712707520e-01
9.013324379920959473e-01
9.379516243934631348e-01
9.422921538352966309e-01
9.546666145324707031e-01
9.449850916862487793e-01
9.807008504867553711e-01
9.731556177139282227e-01
9.811233878135681152e-01
9.614670872688293457e-01
9.631743431091308594e-01
9.652684926986694336e-01
9.736289381980895996e-01
9.833906888961791992e-01
9.889262914657592773e-01
9.782815575599670410e-01
9.637177586555480957e-01
9.733952283859252930e-01
9.591149091720581055e-01
9.850542545318603516e-01
9.781119823455810547e-01
9.676836729049682617e-01
9.802696108818054199e-01
9.809045195579528809e-01
9.822251200675964355e-01
9.508497118949890137e-01
9.749079346656799316e-01
9.795671105384826660e-01
9.556873440742492676e-01
9.827227592468261719e-01
9.607418775558471680e-01
9.769681692123413086e-01
9.685395359992980957e-01
9.779503941535949707e-01
9.636324048042297363e-01
9.697332978248596191e-01
9.848811626434326172e-01
9.824005365371704102e-01
9.832713007926940918e-01
9.743802547454833984e-01
9.749650359153747559e-01
9.582918286323547363e-01
9.393846392631530762e-01
9.782136082649230957e-01
9.743822813034057617e-01
9.837203025817871094e-01
9.544199705123901367e-01
9.786281585693359375e-01
9.776887893676757812e-01
9.759728908538818359e-01
9.278096556663513184e-01
9.813468456268310547e-01
9.709414839744567871e-01
9.604125022888183594e-01
9.580376148223876953e-01
9.748334884643554688e-01
9.711171388626098633e-01
9.318382143974304199e-01
9.750328063964843750e-01
9.809702038764953613e-01
9.618886709213256836e-01
9.834317564964294434e-01
9.730754494667053223e-01
9.781256318092346191e-01
9.587125182151794434e-01
9.835704565048217773e-01
9.860040545463562012e-01
9.538890123367309570e-01
9.686683416366577148e-01
9.834653139114379883e-01
9.553005695343017578e-01
9.442805647850036621e-01
9.694008827209472656e-01
9.449023604393005371e-01
9.731838107109069824e-01
9.688039422035217285e-01
9.835753440856933594e-01
9.787432551383972168e-01
9.463961124420166016e-01
9.750941395759582520e-01
9.832270145416259766e-01
9.582726955413818359e-01
8.762283325195312500e-01
9.710067510604858398e-01
9.515000581741333008e-01
9.857264757156372070e-01
9.764857292175292969e-01
9.509087800979614258e-01
9.470983147621154785e-01
9.745191335678100586e-01
9.646950364112854004e-01
9.760219454765319824e-01
9.891057610511779785e-01
9.245454668998718262e-01
9.798652529716491699e-01
9.478202462196350098e-01
9.658813476562500000e-01
9.637951850891113281e-01
9.757593274116516113e-01
9.671150445938110352e-01
9.680088758468627930e-01
9.884888529777526855e-01
9.816449880599975586e-01
9.916149377822875977e-01
9.876058101654052734e-01
9.868660569190979004e-01
9.849379062652587891e-01
9.879643917083740234e-01
9.864457249641418457e-01
9.891419410705566406e-01
9.904610514640808105e-01
9.891663193702697754e-01
9.859188795089721680e-01
9.866192936897277832e-01
9.890213608741760254e-01
9.898030757904052734e-01
9.833990335464477539e-01
9.861299395561218262e-01
9.861576557159423828e-01
9.694539904594421387e-01
9.714546203613281250e-01
9.633766412734985352e-01
9.874606728553771973e-01
9.871774911880493164e-01
9.838813543319702148e-01
9.893469810485839844e-01
9.900447726249694824e-01
9.850050210952758789e-01
9.846147894859313965e-01
9.856978654861450195e-01
9.864602088928222656e-01
9.898551702499389648e-01
9.845486879348754883e-01
9.876937866210937500e-01
9.863210320472717285e-01
9.897116422653198242e-01
9.867264032363891602e-01
9.889608025550842285e-01
9.903376102447509766e-01
9.824747443199157715e-01
9.869365096092224121e-01
9.868265390396118164e-01
9.875103235244750977e-01
9.888490438461303711e-01
9.869552254676818848e-01
9.872697591781616211e-01
9.904217720031738281e-01
9.871453046798706055e-01
9.865126609802246094e-01
9.864207506179809570e-01
9.885334372520446777e-01
9.798995256423950195e-01
9.786962270736694336e-01
9.875729084014892578e-01
9.860957264900207520e-01
9.824960231781005859e-01
9.794050455093383789e-01
9.863835573196411133e-01
9.856798648834228516e-01
9.881287217140197754e-01
9.901803731918334961e-01
9.884141683578491211e-01
9.841935038566589355e-01
9.884220957756042480e-01
9.727569818496704102e-01
9.870072007179260254e-01
9.884181618690490723e-01
9.880270957946777344e-01
9.891809821128845215e-01
9.767305254936218262e-01
9.847566485404968262e-01
9.925507307052612305e-01
9.849454164505004883e-01
9.888583421707153320e-01
9.915753006935119629e-01
9.362943768501281738e-01
9.824688434600830078e-01
9.818535447120666504e-01
9.879177212715148926e-01
9.867315888404846191e-01
9.853667020797729492e-01
9.862398505210876465e-01
9.835162758827209473e-01
9.867994189262390137e-01
9.749012589454650879e-01
9.630517959594726562e-01
9.855574965476989746e-01
9.821345806121826172e-01
9.061393737792968750e-01
9.848573207855224609e-01
9.888077378273010254e-01
9.879570603370666504e-01
9.802303910255432129e-01
9.815869927406311035e-01
9.771385192871093750e-01
9.768248200416564941e-01
9.763293266296386719e-01
9.872719645500183105e-01
9.797241687774658203e-01
9.833347797393798828e-01
9.853707551956176758e-01
9.831929206848144531e-01
9.839607477188110352e-01
9.849234819412231445e-01
9.802638888359069824e-01
9.870994687080383301e-01
9.828774929046630859e-01
9.867969751358032227e-01
9.828019738197326660e-01
9.853971600532531738e-01
9.841219186782836914e-01
9.879248142242431641e-01
9.831905364990234375e-01
9.550919532775878906e-01
9.856047034263610840e-01
9.779324531555175781e-01
9.799817204475402832e-01
9.863704442977905273e-01
9.821260571479797363e-01
9.784386157989501953e-01
9.869940876960754395e-01
9.826494455337524414e-01
9.871202111244201660e-01
9.804619550704956055e-01
9.745327234268188477e-01
9.912217855453491211e-01
9.860018491744995117e-01
9.868748784065246582e-01
9.802157282829284668e-01
9.861984252929687500e-01
9.853836894035339355e-01
9.822574257850646973e-01
9.868742823600769043e-01
9.844612479209899902e-01
9.804352521896362305e-01
9.697993397712707520e-01
9.864973425865173340e-01
9.832672476768493652e-01
9.805697798728942871e-01
9.834207892417907715e-01
9.848424196243286133e-01
9.883584380149841309e-01
9.879896640777587891e-01
9.602450728416442871e-01
9.877365231513977051e-01
9.859920144081115723e-01
9.832611680030822754e-01
9.834907054901123047e-01
9.891290068626403809e-01
9.873262047767639160e-01
8.159329891204833984e-01
8.619747161865234375e-01
9.519061446189880371e-01
9.001904129981994629e-01
9.659830927848815918e-01
8.269199132919311523e-01
9.584425091743469238e-01
9.556999802589416504e-01
5.739938020706176758e-01
9.402858614921569824e-01
9.705063104629516602e-01
6.633402705192565918e-01
8.823010921478271484e-01
8.303133845329284668e-01
8.864207267761230469e-01
9.340483546257019043e-01
9.674728512763977051e-01
9.267774224281311035e-01
8.300278782844543457e-01
9.637877345085144043e-01
9.755801558494567871e-01
9.183824062347412109e-01
8.640739321708679199e-01
8.714247345924377441e-01
9.097012281417846680e-01
7.820673584938049316e-01
9.070022702217102051e-01
9.165362119674682617e-01
9.321860671043395996e-01
9.519061446189880371e-01
9.381303787231445312e-01
8.850806951522827148e-01
8.095255494117736816e-01
9.595210552215576172e-01
8.965302705764770508e-01
8.523799777030944824e-01
8.737053871154785156e-01
9.156321883201599121e-01
9.169627428054809570e-01
9.653474688529968262e-01
7.707245945930480957e-01
9.104053974151611328e-01
9.433083534240722656e-01
6.670376062393188477e-01
8.618535995483398438e-01
8.454430103302001953e-01
9.271281361579895020e-01
9.869604110717773438e-01
9.824656248092651367e-01
9.920772314071655273e-01
8.139432072639465332e-01
9.838084578514099121e-01
9.930283427238464355e-01
9.959455132484436035e-01
9.916943907737731934e-01
9.897775053977966309e-01
9.866248369216918945e-01
9.896265268325805664e-01
9.880365133285522461e-01
9.878075718879699707e-01
9.901924133300781250e-01
9.949101805686950684e-01
9.469598531723022461e-01
9.916653037071228027e-01
9.560099840164184570e-01
9.877336025238037109e-01
9.876652956008911133e-01
9.889608025550842285e-01
9.892562627792358398e-01
9.403786063194274902e-01
9.854378700256347656e-01
9.897977113723754883e-01
9.909900426864624023e-01
9.918238520622253418e-01
9.760274887084960938e-01
9.929156303405761719e-01
9.849079847335815430e-01
9.918530583381652832e-01
9.878958463668823242e-01
9.807642698287963867e-01
9.632945656776428223e-01
9.840424656867980957e-01
9.757431149482727051e-01
9.797303676605224609e-01
9.915661811828613281e-01
9.947612881660461426e-01
9.913051724433898926e-01
9.866655468940734863e-01
9.913289546966552734e-01
9.925194978713989258e-01
9.939269423484802246e-01
9.923220276832580566e-01
9.918977022171020508e-01
9.803158640861511230e-01
9.621877670288085938e-01
9.838284254074096680e-01
9.709331393241882324e-01
9.896796941757202148e-01
9.810077548027038574e-01
9.873746037483215332e-01
9.520213007926940918e-01
9.886136054992675781e-01
9.858219027519226074e-01
9.852443933486938477e-01
9.879125952720642090e-01
9.676294326782226562e-01
9.286857843399047852e-01
9.448227882385253906e-01
9.737715125083923340e-01
9.188425540924072266e-01
8.195220232009887695e-01
9.039341807365417480e-01
8.839666247367858887e-01
9.335120320320129395e-01
9.630143642425537109e-01
8.790640234947204590e-01
9.228102564811706543e-01
9.468350410461425781e-01
9.709959626197814941e-01
9.637300372123718262e-01
9.503255486488342285e-01
9.537104368209838867e-01
9.686498045921325684e-01
9.092016220092773438e-01
9.464846253395080566e-01
9.233083128929138184e-01
9.616816043853759766e-01
9.537029266357421875e-01
9.179524779319763184e-01
9.038755893707275391e-01
9.547205567359924316e-01
9.284864068031311035e-01
9.672849774360656738e-01
9.707732796669006348e-01
7.776231765747070312e-01
9.752785563468933105e-01
9.117560386657714844e-01
9.453385472297668457e-01
9.796874523162841797e-01
9.476705193519592285e-01
9.405907988548278809e-01
9.668078422546386719e-01
9.628165960311889648e-01
9.710084199905395508e-01
8.588949441909790039e-01
9.490208625793457031e-01
9.315297603607177734e-01
7.554105520248413086e-01
9.120299816131591797e-01
9.665668010711669922e-01
9.606875181198120117e-01
8.879336118698120117e-01
9.587633609771728516e-01
9.737938642501831055e-01
9.554193615913391113e-01
9.410144090652465820e-01
9.402720332145690918e-01
7.758405208587646484e-01
9.147661924362182617e-01
9.689635634422302246e-01
6.078938245773315430e-01
9.142004251480102539e-01
9.563575387001037598e-01
9.161588549613952637e-01
9.481394886970520020e-01
9.531311392784118652e-01
9.206227660179138184e-01
9.123900532722473145e-01
9.679176211357116699e-01
9.553345441818237305e-01
9.323109984397888184e-01
9.501690268516540527e-01
9.542197585105895996e-01
9.288169145584106445e-01
8.941562175750732422e-01
9.686017036437988281e-01
9.127046465873718262e-01
7.227640151977539062e-01
9.319073557853698730e-01
9.518705010414123535e-01
9.705698490142822266e-01
8.853358626365661621e-01
7.995335385203361511e-03
8.970477618277072906e-03
1.771673792973160744e-03
4.072001948952674866e-02
2.250459278002381325e-03
2.165192365646362305e-02
1.143736485391855240e-02
7.261086106300354004e-01
1.004514936357736588e-02
5.079712718725204468e-04
9.455925319343805313e-04
2.002134546637535095e-02
2.942616702057421207e-04
1.890103891491889954e-02
2.058973768725991249e-05
2.064921660348773003e-03
1.617479021660983562e-03
4.227042518323287368e-05
3.931888937950134277e-02
1.870742440223693848e-02
4.144599733990617096e-05
7.718694396317005157e-03
8.859146386384963989e-02
2.175801433622837067e-03
1.943585649132728577e-02
1.444825995713472366e-02
8.791024088859558105e-01
2.505679731257259846e-04
8.060328364372253418e-01
7.053514719009399414e-01
4.678096622228622437e-02
3.291455563157796860e-03
1.872995781013742089e-04
6.875466555356979370e-03
8.663924932479858398e-01
1.093543972820043564e-02
4.103756975382566452e-03
1.905221305787563324e-02
6.359560787677764893e-02
1.769437105394899845e-03
6.353265792131423950e-02
1.138091087341308594e-02
5.760852713137865067e-03
8.589282631874084473e-01
1.951347105205059052e-02
8.989188820123672485e-02
1.489492598921060562e-02
8.046137094497680664e-01
9.121472947299480438e-03
7.006552070379257202e-03
6.656406912952661514e-05
1.742248982191085815e-02
3.653076291084289551e-02
4.980345722287893295e-03
7.335104942321777344e-01
1.632790546864271164e-03
2.871690376196056604e-04
8.646401166915893555e-01
1.907138270325958729e-03
8.011035621166229248e-03
1.190336700528860092e-02
4.614195972681045532e-02
7.027117535471916199e-03
9.088441729545593262e-03
4.082852508872747421e-03
1.587847829796373844e-03
6.212071515619754791e-03
1.693411357700824738e-02
1.111456286162137985e-02
1.002560835331678391e-02
1.232856698334217072e-02
3.113636048510670662e-04
1.378475502133369446e-02
7.021164055913686752e-03
5.201938911341130733e-04
1.890348270535469055e-02
1.046016812324523926e-02
2.010357007384300232e-02
1.612190622836351395e-03
7.575653726235032082e-04
6.008304189890623093e-03
7.791432552039623260e-03
8.726864121854305267e-03
3.084347583353519440e-02
1.229806989431381226e-02
3.365516662597656250e-03
3.508101217448711395e-04
1.116098836064338684e-03
6.011502444744110107e-02
7.130996789783239365e-03
1.866593770682811737e-02
5.926599842496216297e-04
2.551145385950803757e-03
1.373716443777084351e-02
6.527514779008924961e-04
5.229268223047256470e-03
6.492199376225471497e-03
4.821346327662467957e-02
7.998436689376831055e-02
1.089842524379491806e-02
1.123054604977369308e-02
5.858169868588447571e-03
1.235600793734192848e-03
8.247612044215202332e-03
2.786206314340233803e-03
7.844449952244758606e-03
9.040469885803759098e-04
1.624098978936672211e-02
1.399961113929748535e-02
1.245883200317621231e-02
2.075970359146595001e-02
9.275197051465511322e-03
2.425774000585079193e-02
1.009687129408121109e-02
5.845353472977876663e-03
8.975210948847234249e-04
1.582323201000690460e-02
2.653020992875099182e-02
8.524056524038314819e-03
5.602114833891391754e-03
1.202952861785888672e-02
9.537311270833015442e-03
5.406638979911804199e-02
1.169219985604286194e-02
2.110593207180500031e-02
6.638637278228998184e-04
2.004294510697945952e-04
1.208533532917499542e-02
2.914450888056308031e-04
1.856852509081363678e-02
1.420984190190210938e-04
1.318120193900540471e-04
1.183720864355564117e-02
6.919141858816146851e-03
4.516052082180976868e-03
1.741255819797515869e-02
5.464959740638732910e-01
1.570224948227405548e-02
4.255510400980710983e-03
1.904049713630229235e-04
3.091590246185660362e-03
1.175437355414032936e-03
6.879273802042007446e-03
5.145509839057922363e-01
2.303349319845438004e-03
3.677063854411244392e-03
2.237946726381778717e-03
1.617068483028560877e-04
1.613585161976516247e-03
3.151530399918556213e-03
1.301503391005098820e-03
5.384582877159118652e-01
1.811083988286554813e-03
5.752277560532093048e-03
2.572878962382674217e-03
5.293052792549133301e-01
2.090019872412085533e-03
7.316621951758861542e-03
1.116432133130729198e-03
3.812287701293826103e-03
8.891814504750072956e-04
8.022323017939925194e-04
1.534874783828854561e-03
1.797067583538591862e-03
2.894200850278139114e-03
1.611032057553529739e-03
9.906900115311145782e-03
5.748017225414514542e-03
2.445408608764410019e-04
5.677988529205322266e-01
6.290358025580644608e-03
1.441699266433715820e-02
4.869087934494018555e-01
5.378547310829162598e-01
2.952632494270801544e-04
1.833386905491352081e-02
1.416876912117004395e-03
3.212258452549576759e-03
1.293472293764352798e-02
1.073714811354875565e-02
1.081059314310550690e-02
4.114115145057439804e-04
3.154007950797677040e-03
1.502415689174085855e-04
1.646318659186363220e-02
6.484402418136596680e-01
3.057675668969750404e-03
1.143173128366470337e-01
3.098198678344488144e-03
9.160914458334445953e-03
9.506154456175863743e-04
7.922342978417873383e-03
6.003205664455890656e-03
3.121331799775362015e-03
9.374646469950675964e-04
5.810770392417907715e-01
1.409660209901630878e-03
4.708363674581050873e-03
5.043156743049621582e-01
5.908909370191395283e-04
3.778145881369709969e-03
9.789162315428256989e-03
4.173519089818000793e-03
1.183868269436061382e-03
3.777805017307400703e-03
6.638099905103445053e-03
1.141564268618822098e-02
8.891188190318644047e-04
2.667763736099004745e-03
6.948679685592651367e-03
4.024188499897718430e-03
2.777392510324716568e-03
1.442111097276210785e-03
1.533406204544007778e-03
4.161785356700420380e-03
3.880957607179880142e-03
1.492314273491501808e-03
1.803849590942263603e-03
1.133595011197030544e-03
6.791059859097003937e-04
2.059694146737456322e-03
2.599651692435145378e-03
8.025398477911949158e-03
6.319542881101369858e-03
4.616591613739728928e-03
1.225643325597047806e-03
1.981367124244570732e-03
3.092232393100857735e-03
2.856077859178185463e-03
8.426074055023491383e-04
4.207241348922252655e-03
2.641616389155387878e-03
1.030680723488330841e-02
6.836693268269300461e-03
2.341953339055180550e-03
1.814558869227766991e-03
1.377215725369751453e-03
2.769895829260349274e-03
1.229133107699453831e-03
2.123130718246102333e-03
5.886373575776815414e-03
4.270018078386783600e-03
1.964206108823418617e-03
7.032064022496342659e-04
9.848028421401977539e-04
2.161152428016066551e-03
1.311032101511955261e-03
1.102104433812201023e-03
1.326212892308831215e-03
2.405517734587192535e-03
6.400539539754390717e-03
7.182655390352010727e-04
1.323421252891421318e-03
1.316388486884534359e-03
7.653131615370512009e-03
9.930425323545932770e-03
1.240173238329589367e-03
5.980531219393014908e-03
2.018703613430261612e-03
1.216397271491587162e-03
1.352574443444609642e-03
1.972482074052095413e-03
1.380304107442498207e-03
2.729870844632387161e-03
2.711956854909658432e-03
1.928703393787145615e-03
5.095955915749073029e-03
4.765871854033321142e-04
3.094416111707687378e-03
2.954299328848719597e-03
8.856348576955497265e-04
1.291890442371368408e-02
7.618578150868415833e-03
1.162736397236585617e-02
8.449929300695657730e-04
2.983119571581482887e-03
4.718921845778822899e-04
1.014671009033918381e-02
5.671077873557806015e-03
2.377405762672424316e-02
5.669402889907360077e-04
7.830078247934579849e-04
1.645271666347980499e-03
3.667266340926289558e-03
1.475927140563726425e-02
3.305346006527543068e-03
4.183737037237733603e-04
9.868192719295620918e-04
8.631503209471702576e-03
1.164630707353353500e-02
5.202130414545536041e-03
3.462766110897064209e-02
2.960595302283763885e-03
1.729432493448257446e-03
7.080098148435354233e-03
3.885524580255150795e-03
3.269970649853348732e-03
8.198711439035832882e-04
8.660435676574707031e-03
3.411480225622653961e-03
4.153450019657611847e-03
2.664820756763219833e-03
3.953795880079269409e-03
4.560479894280433655e-03
6.825152668170630932e-04
9.930088184773921967e-03
2.364571206271648407e-02
2.705560438334941864e-02
3.355579916387796402e-03
3.350921673700213432e-03
1.478967349976301193e-02
5.327995866537094116e-03
1.039221137762069702e-02
1.638583838939666748e-02
5.327720195055007935e-03
9.615517919883131981e-04
3.415762679651379585e-03
2.186170080676674843e-03
2.969987224787473679e-03
1.026318175718188286e-03
4.110265872441232204e-04
1.524028833955526352e-02
8.203437551856040955e-03
2.194070955738425255e-03
1.479844213463366032e-03
3.944915719330310822e-03
3.819070698227733374e-04
1.049225404858589172e-02
3.550554858520627022e-03
7.721390109509229660e-03
9.394853375852108002e-03
1.976274419575929642e-03
1.390613801777362823e-02
3.547464031726121902e-03
2.023662067949771881e-02
6.812275969423353672e-04
2.446126565337181091e-02
7.888670079410076141e-03
9.755634702742099762e-03
4.621384199708700180e-03
2.298100478947162628e-02
6.929851602762937546e-03
3.670044476166367531e-03
1.172717544250190258e-03
2.185271587222814560e-03
5.150096025317907333e-03
1.590795000083744526e-03
7.583454251289367676e-03
2.088608406484127045e-02
9.784356690943241119e-03
2.414711285382509232e-03
5.159554537385702133e-03
2.360092941671609879e-03
1.625003525987267494e-03
1.606144709512591362e-03
6.217096000909805298e-03
3.876313334330916405e-03
6.508890539407730103e-03
1.060977801680564880e-01
8.335565216839313507e-03
3.511233022436499596e-03
1.852371916174888611e-02
5.175336264073848724e-03
4.014603793621063232e-03
1.913266605697572231e-03
7.225826382637023926e-03
3.405393101274967194e-03
3.151067765429615974e-03
5.174758844077587128e-03
6.911197677254676819e-03
2.729198662564158440e-03
9.742441587150096893e-03
5.725478287786245346e-03
8.870939724147319794e-03
7.122376118786633015e-04
4.996611922979354858e-02
7.333111017942428589e-03
1.559632364660501480e-02
5.737744271755218506e-03
6.306500639766454697e-03
6.766997277736663818e-03
1.797997625544667244e-03
1.587579492479562759e-03
1.830983557738363743e-03
5.734279751777648926e-03
1.278762333095073700e-02
1.402794150635600090e-03
1.191566884517669678e-01
7.975859940052032471e-02
1.180405542254447937e-02
1.304259337484836578e-02
3.067015297710895538e-02
5.063667520880699158e-02
1.379674579948186874e-02
1.797417737543582916e-02
2.892163954675197601e-02
8.098674006760120392e-03
2.730607800185680389e-02
2.677509002387523651e-02
3.291997686028480530e-02
2.965977182611823082e-03
5.378327146172523499e-02
5.097673833370208740e-02
8.835303597152233124e-03
1.314408052712678909e-02
1.868000067770481110e-02
1.533458847552537918e-02
2.710536122322082520e-02
2.111865021288394928e-02
3.832742944359779358e-02
7.612447440624237061e-02
5.254413001239299774e-03
4.883545637130737305e-02
2.703354135155677795e-02
3.316253423690795898e-02
5.832074582576751709e-02
4.511587694287300110e-02
6.528165657073259354e-03
5.640042200684547424e-02
1.644974946975708008e-02
7.473256438970565796e-02
7.482352852821350098e-02
2.921320870518684387e-02
1.640922278165817261e-01
2.898854948580265045e-02
4.855865240097045898e-02
3.418428823351860046e-03
4.512323997914791107e-03
1.461589708924293518e-02
3.705210518091917038e-03
3.224050104618072510e-01
8.567413687705993652e-02
3.473327308893203735e-02
6.953768432140350342e-02
6.347885727882385254e-02
2.475050091743469238e-01
1.990348659455776215e-02
1.033769547939300537e-01
3.653637133538722992e-03
2.279036678373813629e-02
6.845556665211915970e-03
3.333389759063720703e-02
5.764085426926612854e-02
9.140914678573608398e-02
2.679214812815189362e-02
6.892114281654357910e-01
5.990917561575770378e-04
3.851082324981689453e-01
6.737871468067169189e-02
1.107737272977828979e-01
8.683124929666519165e-02
8.463420718908309937e-02
1.628401316702365875e-02
3.203175961971282959e-03
2.034514397382736206e-01
2.420940399169921875e-01
4.762600292451679707e-04
8.620027452707290649e-02
3.132896265015006065e-03
2.450114488601684570e-02
3.151389360427856445e-01
1.982030831277370453e-02
1.859907619655132294e-02
3.372940421104431152e-02
3.155150450766086578e-03
7.399994879961013794e-02
1.312057822942733765e-01
6.024090200662612915e-02
2.171578258275985718e-02
1.008476130664348602e-03
3.083871491253376007e-02
5.646329838782548904e-03
6.083012092858552933e-03
1.133943791501224041e-03
9.224095344543457031e-01
4.541094601154327393e-02
2.086887834593653679e-04
1.657876558601856232e-02
5.611728876829147339e-02
1.275333855301141739e-02
2.549640648066997528e-02
1.305754203349351883e-02
5.701064132153987885e-03
2.828400209546089172e-02
1.330009545199573040e-04
9.072319865226745605e-01
3.611291944980621338e-02
2.063174732029438019e-02
3.125714883208274841e-02
6.571367848664522171e-03
2.158311195671558380e-03
8.698014616966247559e-01
1.557571161538362503e-02
1.398813631385564804e-02
7.992805913090705872e-03
2.509015053510665894e-02
6.444694474339485168e-03
8.324809074401855469e-01
2.942248433828353882e-02
2.793029416352510452e-03
4.578704014420509338e-03
5.046436786651611328e-01
7.425753865391016006e-03
2.668977156281471252e-02
2.425952814519405365e-02
1.112101227045059204e-01
5.002091452479362488e-02
6.136477924883365631e-03
7.625362370163202286e-03
7.087588310241699219e-01
7.725853323936462402e-01
1.254798620939254761e-01
8.439766243100166321e-04
1.966038253158330917e-03
5.043676588684320450e-03
2.741413773037493229e-04
1.206968910992145538e-02
4.385463253129273653e-04
3.630243707448244095e-03
1.160204131156206131e-02
2.760713105089962482e-04
6.504209013655781746e-04
9.154103398323059082e-01
8.642041087150573730e-01
2.644214034080505371e-02
1.436205115169286728e-02
7.829911191947758198e-05
1.988204419612884521e-01
3.109106421470642090e-02
6.358914077281951904e-03
6.667234934866428375e-03
