5.635525584220886230e-01
4.661634266376495361e-01
5.273602604866027832e-01
7.045845389366149902e-01
6.231574416160583496e-01
6.601574420928955078e-01
7.179279923439025879e-01
7.084196209907531738e-01
6.337917447090148926e-01
6.804245114326477051e-01
4.504603743553161621e-01
6.002362370491027832e-01
6.278600096702575684e-01
6.026764512062072754e-01
6.970360875129699707e-01
6.235952973365783691e-01
5.998033881187438965e-01
6.401034593582153320e-01
6.489121913909912109e-01
6.689220666885375977e-01
6.924461126327514648e-01
4.811396896839141846e-01
6.575240492820739746e-01
7.121815085411071777e-01
6.983621120452880859e-01
6.521298289299011230e-01
6.305382847785949707e-01
5.930188298225402832e-01
6.141571402549743652e-01
6.275544762611389160e-01
6.194261312484741211e-01
6.733378171920776367e-01
6.597340106964111328e-01
7.274196743965148926e-01
5.776998400688171387e-01
6.683515906333923340e-01
6.030423045158386230e-01
6.244669556617736816e-01
6.450930833816528320e-01
6.642606258392333984e-01
6.520934104919433594e-01
6.936874389648437500e-01
7.149898409843444824e-01
6.306239962577819824e-01
6.650211811065673828e-01
6.183016300201416016e-01
7.165340781211853027e-01
6.455144286155700684e-01
5.676155686378479004e-01
6.248820424079895020e-01
6.952857971191406250e-01
6.130691766738891602e-01
5.975148677825927734e-01
5.677736401557922363e-01
7.183932662010192871e-01
4.816139340400695801e-01
5.832363367080688477e-01
7.086715698242187500e-01
5.928728580474853516e-01
5.823886394500732422e-01
7.230867147445678711e-01
6.427909135818481445e-01
5.603935718536376953e-01
7.145964503288269043e-01
7.223486900329589844e-01
6.513697504997253418e-01
6.658533811569213867e-01
6.724621653556823730e-01
6.465318799018859863e-01
5.975260734558105469e-01
6.516313552856445312e-01
5.781297087669372559e-01
6.229861378669738770e-01
6.119653582572937012e-01
6.670473814010620117e-01
8.141638040542602539e-01
7.916286587715148926e-01
7.982457280158996582e-01
8.004661798477172852e-01
7.929886579513549805e-01
7.872790694236755371e-01
7.789890766143798828e-01
8.056964874267578125e-01
7.730128765106201172e-01
8.130474090576171875e-01
7.809032797813415527e-01
8.059129118919372559e-01
7.897292375564575195e-01
8.042879104614257812e-01
8.098674416542053223e-01
8.040034770965576172e-01
7.974858880043029785e-01
8.046813011169433594e-01
8.132251501083374023e-01
7.900686264038085938e-01
7.770936489105224609e-01
8.034738898277282715e-01
7.917816042900085449e-01
8.033707141876220703e-01
7.870956659317016602e-01
7.819871306419372559e-01
7.863110899925231934e-01
8.107490539550781250e-01
7.805461287498474121e-01
8.006851077079772949e-01
7.886258363723754883e-01
7.238143086433410645e-01
7.870939373970031738e-01
7.988638281822204590e-01
7.835305929183959961e-01
7.854076623916625977e-01
7.686005830764770508e-01
7.939410209655761719e-01
7.992371916770935059e-01
7.741817831993103027e-01
7.631254792213439941e-01
7.645969986915588379e-01
8.045220375061035156e-01
8.082455396652221680e-01
7.787895202636718750e-01
8.124802708625793457e-01
8.023114800453186035e-01
8.012896180152893066e-01
7.914034128189086914e-01
8.024529218673706055e-01
7.888446450233459473e-01
7.056386470794677734e-01
8.012511730194091797e-01
7.950639128684997559e-01
7.968482375144958496e-01
7.958840131759643555e-01
7.826173305511474609e-01
7.945884466171264648e-01
7.953426241874694824e-01
8.124973773956298828e-01
8.177446722984313965e-01
7.486079335212707520e-01
7.864432334899902344e-01
8.107411861419677734e-01
7.791667580604553223e-01
7.222295403480529785e-01
7.938870191574096680e-01
7.871821522712707520e-01
7.903248071670532227e-01
7.895286083221435547e-01
8.001527190208435059e-01
8.037303686141967773e-01
7.002379298210144043e-01
7.809714674949645996e-01
8.003632426261901855e-01
8.364160656929016113e-01
7.262033224105834961e-01
8.153628706932067871e-01
7.963042855262756348e-01
7.613767981529235840e-01
7.725644111633300781e-01
7.864272594451904297e-01
7.755436301231384277e-01
8.038901090621948242e-01
7.899995446205139160e-01
7.992424368858337402e-01
7.957674264907836914e-01
7.692365050315856934e-01
8.080765008926391602e-01
7.599841952323913574e-01
8.096818327903747559e-01
8.032269477844238281e-01
8.128061890602111816e-01
8.132985830307006836e-01
8.076187968254089355e-01
8.002926111221313477e-01
8.230381608009338379e-01
8.352109193801879883e-01
8.580901026725769043e-01
8.525792360305786133e-01
8.454255461692810059e-01
8.433109521865844727e-01
7.984298467636108398e-01
8.523816466331481934e-01
8.539580106735229492e-01
8.354182243347167969e-01
8.377972245216369629e-01
8.370271921157836914e-01
8.617045283317565918e-01
8.667775988578796387e-01
8.460824489593505859e-01
8.271561861038208008e-01
8.424177169799804688e-01
8.163445591926574707e-01
8.241187930107116699e-01
8.074954152107238770e-01
8.542760610580444336e-01
8.426588177680969238e-01
8.519275188446044922e-01
8.448783755302429199e-01
8.565030694007873535e-01
8.250882625579833984e-01
8.385484218597412109e-01
8.139737844467163086e-01
8.546630740165710449e-01
8.481760025024414062e-01
8.356794714927673340e-01
8.440509438514709473e-01
8.472480177879333496e-01
8.644742965698242188e-01
8.513649702072143555e-01
8.510930538177490234e-01
8.559861779212951660e-01
8.406057357788085938e-01
8.414147496223449707e-01
8.157151937484741211e-01
8.570010066032409668e-01
8.630828857421875000e-01
8.395240306854248047e-01
8.300951719284057617e-01
8.496190905570983887e-01
8.499062061309814453e-01
8.519185781478881836e-01
8.307706713676452637e-01
8.729931712150573730e-01
8.034500479698181152e-01
8.027587532997131348e-01
8.396341204643249512e-01
8.444731831550598145e-01
8.378815054893493652e-01
8.159034848213195801e-01
8.473724722862243652e-01
8.328287005424499512e-01
8.105623126029968262e-01
8.611810803413391113e-01
8.598278760910034180e-01
8.505675196647644043e-01
8.472986817359924316e-01
8.233447670936584473e-01
8.476295471191406250e-01
8.264566063880920410e-01
8.376684784889221191e-01
8.064624071121215820e-01
8.135681152343750000e-01
8.275563716888427734e-01
8.366599082946777344e-01
8.522936105728149414e-01
8.578870892524719238e-01
8.123955726623535156e-01
7.395390272140502930e-01
8.234136700630187988e-01
8.181033730506896973e-01
8.138884902000427246e-01
8.200755715370178223e-01
8.008493185043334961e-01
7.992215156555175781e-01
8.082313537597656250e-01
8.104527592658996582e-01
8.071093559265136719e-01
8.109029531478881836e-01
8.089787960052490234e-01
8.214036822319030762e-01
8.178636431694030762e-01
8.082510232925415039e-01
8.187420368194580078e-01
8.234864473342895508e-01
8.208841085433959961e-01
8.125202655792236328e-01
8.157170414924621582e-01
7.735518813133239746e-01
7.894876599311828613e-01
8.304157257080078125e-01
8.013176321983337402e-01
8.184562921524047852e-01
8.041841387748718262e-01
8.159264922142028809e-01
7.797614336013793945e-01
7.974186539649963379e-01
7.691317796707153320e-01
8.056668639183044434e-01
8.090170621871948242e-01
8.226318359375000000e-01
8.069831728935241699e-01
8.120635747909545898e-01
8.066391944885253906e-01
8.177928924560546875e-01
8.223664164543151855e-01
7.315058708190917969e-01
7.666128873825073242e-01
8.069708943367004395e-01
8.172243833541870117e-01
8.216730952262878418e-01
7.653214931488037109e-01
8.069106936454772949e-01
8.203395605087280273e-01
8.073714375495910645e-01
7.895008921623229980e-01
7.776128053665161133e-01
7.770515680313110352e-01
7.954367995262145996e-01
8.142404556274414062e-01
8.264655470848083496e-01
8.177424669265747070e-01
8.214736580848693848e-01
8.075986504554748535e-01
8.004427552223205566e-01
8.180531263351440430e-01
8.015171289443969727e-01
8.122036457061767578e-01
7.853035926818847656e-01
8.098590970039367676e-01
8.076412677764892578e-01
8.065272569656372070e-01
8.009983301162719727e-01
8.045193552970886230e-01
7.989515066146850586e-01
8.045208454132080078e-01
8.045928478240966797e-01
8.121253252029418945e-01
8.155363798141479492e-01
8.096063137054443359e-01
8.184742331504821777e-01
8.072551488876342773e-01
8.146056532859802246e-01
7.559608221054077148e-01
7.568739652633666992e-01
7.675631046295166016e-01
7.799742817878723145e-01
7.991380691528320312e-01
7.815785408020019531e-01
7.861617803573608398e-01
7.813336849212646484e-01
7.139664292335510254e-01
8.106605410575866699e-01
7.974814176559448242e-01
7.489110231399536133e-01
7.688815593719482422e-01
7.432731986045837402e-01
7.623930573463439941e-01
7.901902794837951660e-01
7.873438000679016113e-01
7.767502665519714355e-01
7.797715663909912109e-01
7.452363967895507812e-01
7.918255925178527832e-01
7.127554416656494141e-01
7.554553747177124023e-01
7.929961085319519043e-01
7.246966958045959473e-01
7.360869050025939941e-01
7.839083671569824219e-01
7.315924763679504395e-01
7.491853833198547363e-01
7.675631046295166016e-01
7.939957380294799805e-01
7.128971815109252930e-01
7.811529636383056641e-01
7.794853448867797852e-01
8.056632280349731445e-01
7.779140472412109375e-01
7.604866027832031250e-01
7.985101938247680664e-01
7.806698083877563477e-01
7.845064997673034668e-01
7.741636633872985840e-01
7.887641787528991699e-01
8.021013140678405762e-01
7.580151557922363281e-01
7.720909714698791504e-01
6.623352169990539551e-01
7.682333588600158691e-01
8.177998661994934082e-01
8.012849688529968262e-01
8.097970485687255859e-01
7.061596512794494629e-01
8.252098560333251953e-01
8.138371109962463379e-01
8.728907704353332520e-01
8.499346971511840820e-01
8.027278780937194824e-01
8.151373863220214844e-01
8.336683511734008789e-01
7.997282743453979492e-01
8.104940056800842285e-01
8.106950521469116211e-01
8.273623585700988770e-01
7.556297779083251953e-01
8.132644295692443848e-01
7.686269283294677734e-01
7.974803447723388672e-01
7.968255281448364258e-01
8.130961656570434570e-01
7.994279861450195312e-01
7.397749423980712891e-01
8.075528144836425781e-01
8.122511506080627441e-01
8.237949013710021973e-01
8.171311616897583008e-01
7.943996787071228027e-01
8.440580964088439941e-01
8.125437498092651367e-01
8.605473041534423828e-01
8.148664832115173340e-01
8.011254072189331055e-01
8.201370835304260254e-01
8.167590498924255371e-01
7.832176685333251953e-01
7.823759317398071289e-01
8.383134007453918457e-01
8.042689561843872070e-01
8.351154923439025879e-01
7.943477630615234375e-01
8.023564815521240234e-01
8.392126560211181641e-01
8.314391970634460449e-01
7.797850370407104492e-01
8.292052745819091797e-01
7.732982635498046875e-01
7.949822545051574707e-01
8.146598339080810547e-01
8.166912794113159180e-01
8.375504612922668457e-01
7.809835672378540039e-01
7.913621664047241211e-01
7.991187572479248047e-01
8.411067128181457520e-01
7.766858339309692383e-01
8.143237829208374023e-01
7.769569754600524902e-01
7.879014015197753906e-01
6.615344285964965820e-01
6.669226884841918945e-01
7.082884907722473145e-01
5.171619057655334473e-01
6.218842864036560059e-01
6.528773307800292969e-01
5.264174342155456543e-01
5.837913751602172852e-01
6.605802178382873535e-01
6.228343248367309570e-01
6.054674983024597168e-01
6.764014959335327148e-01
6.976450085639953613e-01
7.115013599395751953e-01
6.177709698677062988e-01
6.851612925529479980e-01
7.055899500846862793e-01
6.454533934593200684e-01
6.659753918647766113e-01
7.182162404060363770e-01
7.264845371246337891e-01
6.855326294898986816e-01
6.213221549987792969e-01
6.278464198112487793e-01
6.284973621368408203e-01
6.943442821502685547e-01
7.188535332679748535e-01
7.123180627822875977e-01
6.419067382812500000e-01
7.006930708885192871e-01
5.201701521873474121e-01
6.616892814636230469e-01
7.626801133155822754e-01
6.972166299819946289e-01
6.607312560081481934e-01
7.192476391792297363e-01
6.054508090019226074e-01
7.439327239990234375e-01
5.943104624748229980e-01
6.131345629692077637e-01
6.546739339828491211e-01
5.091872215270996094e-01
6.320127844810485840e-01
7.160528898239135742e-01
6.333219408988952637e-01
7.096394896507263184e-01
6.582425832748413086e-01
7.376813292503356934e-01
6.593229174613952637e-01
6.373478770256042480e-01
5.806084275245666504e-01
4.729738831520080566e-01
5.785031318664550781e-01
7.002179026603698730e-01
6.948144435882568359e-01
6.462202072143554688e-01
6.044918894767761230e-01
6.324388384819030762e-01
6.143304705619812012e-01
6.776037216186523438e-01
6.911645531654357910e-01
6.036142110824584961e-01
6.894719600677490234e-01
6.573014259338378906e-01
6.482443809509277344e-01
7.217770218849182129e-01
6.804480552673339844e-01
5.893000960350036621e-01
6.368390321731567383e-01
6.504775881767272949e-01
6.483936905860900879e-01
5.017722249031066895e-01
6.210830211639404297e-01
6.108536720275878906e-01
7.279567122459411621e-01
4.882811605930328369e-01
3.383366167545318604e-01
4.442889094352722168e-01
3.490460813045501709e-01
4.637258052825927734e-01
3.611308038234710693e-01
4.961341321468353271e-01
3.911582529544830322e-01
4.653964042663574219e-01
4.164960980415344238e-01
2.811234593391418457e-01
3.827891945838928223e-01
4.335561692714691162e-01
2.512546181678771973e-01
4.702836871147155762e-01
1.973501890897750854e-01
3.822454810142517090e-01
3.245950937271118164e-01
1.981326937675476074e-01
5.638604760169982910e-01
4.374459087848663330e-01
2.115448564291000366e-01
4.198936223983764648e-01
4.938179552555084229e-01
3.571662604808807373e-01
4.031646549701690674e-01
4.621715545654296875e-01
5.646466016769409180e-01
2.427875846624374390e-01
5.595851540565490723e-01
5.332522988319396973e-01
4.640378355979919434e-01
4.133059382438659668e-01
2.674787938594818115e-01
4.505793452262878418e-01
5.605567693710327148e-01
4.405309557914733887e-01
3.207437396049499512e-01
4.517804980278015137e-01
5.815727114677429199e-01
3.203943967819213867e-01
4.678809344768524170e-01
4.692667722702026367e-01
4.262836873531341553e-01
5.129191279411315918e-01
4.613442718982696533e-01
4.379256963729858398e-01
5.191470384597778320e-01
5.550119876861572266e-01
4.100085198879241943e-01
4.240588247776031494e-01
2.133879959583282471e-01
4.231650531291961670e-01
4.399274885654449463e-01
3.910045027732849121e-01
5.005943775177001953e-01
3.196657896041870117e-01
2.454170435667037964e-01
5.810361504554748535e-01
3.483110964298248291e-01
3.910193145275115967e-01
5.651450157165527344e-01
6.404945254325866699e-01
3.131192326545715332e-01
3.656464815139770508e-01
4.537256062030792236e-01
3.502656221389770508e-01
4.498594403266906738e-01
4.607301652431488037e-01
4.843400120735168457e-01
4.960944652557373047e-01
3.513345420360565186e-01
3.390809595584869385e-01
3.438396155834197998e-01
4.953159689903259277e-01
3.431444168090820312e-01
5.348379015922546387e-01
5.013971924781799316e-01
5.590658187866210938e-01
3.542645275592803955e-01
3.675665855407714844e-01
3.298013806343078613e-01
4.695419967174530029e-01
3.386720120906829834e-01
4.524548053741455078e-01
5.176860094070434570e-01
4.497529566287994385e-01
3.284943699836730957e-01
3.596985042095184326e-01
6.418251395225524902e-01
4.429632127285003662e-01
3.530088961124420166e-01
3.375818431377410889e-01
4.426348209381103516e-01
3.875990808010101318e-01
3.456230461597442627e-01
4.931713640689849854e-01
5.091843605041503906e-01
6.283943057060241699e-01
3.852042257785797119e-01
4.944344758987426758e-01
3.335753381252288818e-01
4.865379035472869873e-01
3.637842237949371338e-01
3.246859014034271240e-01
4.363878965377807617e-01
3.304874002933502197e-01
3.450443148612976074e-01
5.211181044578552246e-01
3.662946522235870361e-01
3.430000543594360352e-01
5.348872542381286621e-01
3.579511940479278564e-01
4.213351607322692871e-01
3.424399793148040771e-01
5.154677629470825195e-01
3.324475586414337158e-01
3.665826618671417236e-01
4.588976204395294189e-01
4.914382398128509521e-01
2.822393476963043213e-01
3.488838076591491699e-01
3.027481734752655029e-01
4.870098233222961426e-01
3.333846032619476318e-01
3.582187891006469727e-01
1.493710279464721680e-01
1.262964010238647461e-01
3.706976473331451416e-01
1.293207556009292603e-01
3.833489418029785156e-01
1.247690543532371521e-01
1.134054437279701233e-01
3.483578562736511230e-01
2.775225639343261719e-01
2.617836594581604004e-01
4.054965972900390625e-01
3.094978928565979004e-01
3.931631743907928467e-01
3.040733337402343750e-01
2.558125555515289307e-01
3.201323449611663818e-01
3.737794458866119385e-01
3.477986752986907959e-01
2.972764372825622559e-01
3.760922253131866455e-01
2.935607731342315674e-01
3.383239209651947021e-01
2.307199984788894653e-01
3.124267756938934326e-01
3.344694674015045166e-01
2.821922600269317627e-01
3.470232188701629639e-01
3.616829514503479004e-01
3.330652415752410889e-01
3.947991132736206055e-01
3.281502127647399902e-01
3.066171705722808838e-01
4.489134252071380615e-01
2.394292354583740234e-01
3.197532892227172852e-01
3.704036474227905273e-01
2.497037351131439209e-01
3.617481291294097900e-01
3.679772317409515381e-01
4.045503437519073486e-01
3.685744404792785645e-01
4.058956205844879150e-01
3.613075613975524902e-01
2.512366473674774170e-01
3.747448623180389404e-01
4.251231253147125244e-01
4.589969515800476074e-01
3.378321826457977295e-01
3.225968480110168457e-01
2.251326888799667358e-01
4.232067465782165527e-01
3.296505510807037354e-01
3.197892308235168457e-01
3.599551022052764893e-01
3.956094384193420410e-01
3.447621166706085205e-01
2.439339607954025269e-01
3.791140019893646240e-01
2.211930900812149048e-01
3.533573746681213379e-01
3.988862335681915283e-01
3.808488249778747559e-01
4.225497543811798096e-01
2.689001262187957764e-01
3.719674348831176758e-01
2.335902750492095947e-01
4.238451421260833740e-01
3.538148105144500732e-01
3.209657967090606689e-01
2.345878779888153076e-01
3.305675685405731201e-01
3.549692630767822266e-01
3.328303992748260498e-01
3.590060770511627197e-01
2.326309233903884888e-01
2.960521578788757324e-01
3.703410029411315918e-01
3.924080729484558105e-01
2.215408682823181152e-01
3.854582309722900391e-01
4.020586609840393066e-01
4.132811129093170166e-01
3.744183480739593506e-01
2.408610135316848755e-01
4.082371890544891357e-01
3.661893010139465332e-01
3.944241404533386230e-01
2.266164422035217285e-01
3.992209434509277344e-01
3.732024729251861572e-01
3.758776783943176270e-01
3.663943707942962646e-01
4.021176397800445557e-01
2.600958049297332764e-01
3.580347895622253418e-01
3.985922336578369141e-01
3.579758405685424805e-01
4.160757958889007568e-01
4.003827273845672607e-01
3.778335750102996826e-01
2.078235000371932983e-01
3.976485729217529297e-01
4.128429591655731201e-01
3.949733972549438477e-01
3.818493187427520752e-01
3.683309555053710938e-01
2.439770400524139404e-01
4.277601838111877441e-01
4.218643009662628174e-01
2.466628849506378174e-01
3.940716087818145752e-01
3.835710287094116211e-01
2.438327968120574951e-01
2.124788314104080200e-01
2.986261844635009766e-01
4.498302042484283447e-01
3.780459463596343994e-01
2.396107614040374756e-01
2.883886396884918213e-01
2.377765625715255737e-01
2.357526421546936035e-01
2.245639264583587646e-01
3.661754429340362549e-01
2.902196645736694336e-01
3.800627291202545166e-01
4.079893231391906738e-01
3.470200896263122559e-01
2.118945568799972534e-01
2.223455905914306641e-01
3.895966410636901855e-01
4.093936681747436523e-01
2.901470661163330078e-01
3.811122775077819824e-01
2.469099611043930054e-01
2.136504054069519043e-01
2.945151329040527344e-01
3.068066835403442383e-01
2.977640926837921143e-01
3.054862916469573975e-01
4.158647358417510986e-01
2.362735718488693237e-01
2.566719353199005127e-01
3.066140115261077881e-01
3.862143456935882568e-01
4.076219201087951660e-01
3.265281319618225098e-01
4.401238858699798584e-01
4.335452318191528320e-01
3.566615879535675049e-01
2.298441231250762939e-01
3.316856920719146729e-01
2.929156720638275146e-01
4.647923111915588379e-01
3.665967881679534912e-01
5.071176886558532715e-01
2.086745053529739380e-01
2.222628444433212280e-01
2.708339393138885498e-01
2.419390678405761719e-01
3.962234258651733398e-01
3.883361816406250000e-01
3.053553700447082520e-01
3.339094817638397217e-01
3.818195462226867676e-01
4.593056738376617432e-01
3.799923658370971680e-01
4.384379982948303223e-01
4.113606512546539307e-01
2.465962320566177368e-01
4.515741169452667236e-01
3.906204104423522949e-01
4.063765704631805420e-01
2.183431535959243774e-01
4.827720224857330322e-01
3.918973505496978760e-01
3.701217472553253174e-01
2.384326010942459106e-01
3.963581025600433350e-01
4.369970560073852539e-01
3.254696428775787354e-01
3.029343187808990479e-01
4.622775018215179443e-01
3.929751515388488770e-01
3.117031753063201904e-01
3.646550476551055908e-01
3.700008094310760498e-01
4.305131435394287109e-01
3.123540878295898438e-01
2.998933196067810059e-01
4.265447854995727539e-01
2.263201773166656494e-01
3.331865966320037842e-01
4.409101307392120361e-01
3.653436899185180664e-01
3.375243842601776123e-01
2.702421844005584717e-01
3.846678137779235840e-01
4.402259588241577148e-01
3.569894731044769287e-01
3.465768396854400635e-01
2.850229740142822266e-01
2.999497056007385254e-01
3.428344130516052246e-01
3.809421360492706299e-01
3.517645597457885742e-01
2.444485276937484741e-01
2.509124875068664551e-01
2.409484535455703735e-01
3.043881654739379883e-01
4.062625765800476074e-01
3.245728313922882080e-01
4.191019535064697266e-01
2.490610778331756592e-01
2.617238759994506836e-01
3.801585137844085693e-01
2.732189893722534180e-01
4.012047052383422852e-01
3.849020004272460938e-01
2.607736289501190186e-01
3.671664595603942871e-01
2.388229668140411377e-01
3.483423590660095215e-01
4.423740506172180176e-01
3.888938426971435547e-01
3.940421044826507568e-01
2.155543565750122070e-01
2.331325411796569824e-01
2.868728041648864746e-01
3.367320895195007324e-01
2.678395509719848633e-01
2.437522262334823608e-01
3.807589113712310791e-01
2.361467033624649048e-01
3.867636322975158691e-01
4.029675126075744629e-01
3.653042614459991455e-01
3.868727385997772217e-01
4.133707880973815918e-01
3.143362998962402344e-01
2.704822421073913574e-01
3.650264739990234375e-01
2.031184583902359009e-01
2.086261361837387085e-01
3.076544702053070068e-01
2.458209395408630371e-01
3.105948567390441895e-01
4.233126044273376465e-01
2.257180958986282349e-01
4.069706201553344727e-01
3.293472528457641602e-01
4.633754491806030273e-01
3.950259983539581299e-01
3.771176636219024658e-01
3.573573529720306396e-01
2.291673868894577026e-01
2.384158968925476074e-01
2.795112133026123047e-01
3.502583503723144531e-01
3.459793031215667725e-01
3.162217736244201660e-01
2.545071840286254883e-01
3.351814150810241699e-01
5.673995614051818848e-01
5.419210195541381836e-01
5.559331178665161133e-01
2.528044283390045166e-01
5.993328094482421875e-01
4.544631540775299072e-01
3.095355331897735596e-01
3.267580866813659668e-01
5.187709331512451172e-01
4.783064723014831543e-01
5.112344622611999512e-01
5.173492431640625000e-01
3.934470713138580322e-01
3.979108631610870361e-01
4.376840889453887939e-01
5.746103525161743164e-01
4.573512077331542969e-01
5.322186946868896484e-01
3.396844267845153809e-01
3.315368592739105225e-01
3.173030316829681396e-01
3.209244012832641602e-01
3.284876048564910889e-01
3.415491580963134766e-01
3.569462597370147705e-01
3.203034102916717529e-01
6.371945738792419434e-01
5.259528160095214844e-01
5.018811821937561035e-01
4.985298216342926025e-01
2.960385978221893311e-01
4.489890038967132568e-01
3.866767287254333496e-01
4.724019765853881836e-01
3.571153581142425537e-01
2.979599535465240479e-01
5.111514925956726074e-01
2.715886831283569336e-01
4.716445803642272949e-01
3.205099999904632568e-01
2.051773369312286377e-01
4.029089212417602539e-01
3.378333747386932373e-01
5.034242868423461914e-01
5.299563407897949219e-01
4.281530380249023438e-01
4.439960718154907227e-01
4.100902974605560303e-01
4.687777459621429443e-01
4.016156196594238281e-01
4.325895607471466064e-01
2.768226861953735352e-01
3.830028474330902100e-01
2.359655648469924927e-01
4.753848016262054443e-01
4.365780949592590332e-01
5.827612280845642090e-01
3.057230114936828613e-01
6.397131085395812988e-01
2.562172114849090576e-01
5.853006243705749512e-01
5.631920099258422852e-01
4.341534972190856934e-01
4.402064681053161621e-01
5.864421725273132324e-01
2.516397535800933838e-01
3.212764561176300049e-01
4.797696769237518311e-01
5.515616536140441895e-01
1.660710871219635010e-01
4.147771298885345459e-01
3.251282870769500732e-01
2.847381234169006348e-01
5.353879928588867188e-01
4.381915628910064697e-01
4.328916072845458984e-01
3.828186690807342529e-01
2.100706845521926880e-01
4.867055714130401611e-01
6.180620789527893066e-01
4.639668464660644531e-01
4.365233480930328369e-01
2.912353277206420898e-01
3.901133835315704346e-01
3.971298038959503174e-01
4.864364862442016602e-01
3.171523213386535645e-01
5.610487461090087891e-01
4.684153199195861816e-01
2.603352367877960205e-01
4.544783532619476318e-01
4.953327178955078125e-01
4.219323694705963135e-01
4.328377246856689453e-01
3.970873355865478516e-01
3.833011388778686523e-01
4.486539363861083984e-01
2.301247864961624146e-01
6.214376091957092285e-01
4.510071277618408203e-01
4.781749546527862549e-01
4.716317355632781982e-01
4.154694080352783203e-01
3.118539154529571533e-01
4.510160088539123535e-01
4.043288826942443848e-01
4.771176874637603760e-01
4.311694204807281494e-01
4.640107452869415283e-01
3.829840421676635742e-01
4.420180618762969971e-01
4.586657285690307617e-01
3.597621321678161621e-01
4.014334678649902344e-01
5.699232816696166992e-01
4.069694876670837402e-01
4.510795474052429199e-01
4.342958331108093262e-01
4.931643307209014893e-01
5.614556670188903809e-01
3.700757622718811035e-01
3.617288768291473389e-01
3.831687569618225098e-01
4.226980209350585938e-01
5.350279211997985840e-01
2.875747084617614746e-01
2.685663700103759766e-01
3.208259642124176025e-01
2.567216753959655762e-01
4.555185735225677490e-01
2.383386790752410889e-01
3.570688962936401367e-01
4.061624109745025635e-01
2.226258516311645508e-01
2.770133912563323975e-01
6.201124191284179688e-01
5.245053768157958984e-01
4.731020331382751465e-01
3.640939891338348389e-01
2.200085222721099854e-01
4.365040957927703857e-01
4.603677690029144287e-01
3.414771556854248047e-01
3.984179794788360596e-01
