9.360412359237670898e-01
9.689723849296569824e-01
9.006466865539550781e-01
6.897267103195190430e-01
3.916536867618560791e-01
9.536254405975341797e-01
5.122798681259155273e-01
6.938133835792541504e-01
7.268251776695251465e-01
9.889854192733764648e-01
9.751186370849609375e-01
5.320944786071777344e-01
9.931631088256835938e-01
6.161261200904846191e-01
7.064009904861450195e-01
6.796547770500183105e-01
9.724752902984619141e-01
9.217944741249084473e-01
5.165672898292541504e-01
9.412292838096618652e-01
7.136887907981872559e-01
9.123627543449401855e-01
7.403160333633422852e-01
9.711988568305969238e-01
6.173344850540161133e-01
9.458335041999816895e-01
5.448482632637023926e-01
8.965288400650024414e-01
9.860856533050537109e-01
6.561040878295898438e-01
9.522655010223388672e-01
6.634830236434936523e-01
4.243513345718383789e-01
9.415351152420043945e-01
9.625756144523620605e-01
8.964652419090270996e-01
9.573050141334533691e-01
9.463982582092285156e-01
5.667304992675781250e-01
5.427124500274658203e-01
5.632053017616271973e-01
5.124058723449707031e-01
9.193974137306213379e-01
5.294512510299682617e-01
7.339432239532470703e-01
6.288716197013854980e-01
5.706325173377990723e-01
6.339365243911743164e-01
9.515228271484375000e-01
4.912386834621429443e-01
9.734337329864501953e-01
5.021345019340515137e-01
6.263790130615234375e-01
9.426043927669525146e-02
6.228246092796325684e-01
5.686899423599243164e-01
4.477914869785308838e-01
6.913496255874633789e-01
5.739356875419616699e-01
9.769897460937500000e-01
9.822381138801574707e-01
9.759846925735473633e-01
9.545409679412841797e-01
5.990284085273742676e-01
9.113116264343261719e-01
1.629510223865509033e-01
6.434730291366577148e-01
9.724211096763610840e-01
6.348117589950561523e-01
7.010087370872497559e-01
9.603032469749450684e-01
9.945033788681030273e-01
7.188116312026977539e-01
5.537639856338500977e-01
9.509413242340087891e-01
3.744609653949737549e-01
4.875238239765167236e-01
5.761786103248596191e-01
9.264856576919555664e-01
5.186331868171691895e-01
4.928804934024810791e-01
5.593885183334350586e-01
5.547331571578979492e-01
4.243968129158020020e-01
5.316498279571533203e-01
5.136083364486694336e-01
9.272199273109436035e-01
4.953012466430664062e-01
5.920945405960083008e-01
3.454009592533111572e-01
9.318789243698120117e-01
7.616091966629028320e-01
5.256937742233276367e-01
9.178106188774108887e-01
8.759918808937072754e-01
8.179795742034912109e-01
9.267411828041076660e-01
9.964362382888793945e-01
5.137424468994140625e-01
4.388751983642578125e-01
5.210750102996826172e-01
8.226062059402465820e-01
5.325368642807006836e-01
4.952585399150848389e-01
9.015970826148986816e-01
5.048323273658752441e-01
9.919962286949157715e-01
4.522050917148590088e-01
5.287765860557556152e-01
5.044181942939758301e-01
8.902977705001831055e-01
3.476234376430511475e-01
5.409188866615295410e-01
4.554089903831481934e-01
9.252236485481262207e-01
4.950299859046936035e-01
4.377065300941467285e-01
9.570521712303161621e-01
9.052383899688720703e-01
9.839809536933898926e-01
5.563147068023681641e-01
9.584270715713500977e-01
8.263534307479858398e-01
4.977399110794067383e-01
9.844983220100402832e-01
5.006535649299621582e-01
9.847682118415832520e-01
3.447307646274566650e-01
8.598600625991821289e-01
9.827250838279724121e-01
8.756862282752990723e-01
8.274117112159729004e-01
9.567301273345947266e-01
5.053659081459045410e-01
5.348116755485534668e-01
3.326185345649719238e-01
5.770293474197387695e-01
8.590582013130187988e-01
9.761342406272888184e-01
7.271394729614257812e-01
5.246348381042480469e-01
9.784184098243713379e-01
8.942246437072753906e-01
5.122352838516235352e-01
9.567756652832031250e-01
3.319045901298522949e-01
5.005438923835754395e-01
4.687719345092773438e-01
5.906741023063659668e-01
8.053606748580932617e-01
9.583496451377868652e-01
4.844459593296051025e-01
9.880809783935546875e-01
5.610451698303222656e-01
9.302338361740112305e-01
9.580295085906982422e-01
9.310078620910644531e-01
9.188175201416015625e-01
6.964313983917236328e-01
5.601003766059875488e-01
4.858075380325317383e-01
6.155376434326171875e-01
4.953234791755676270e-01
4.677596092224121094e-01
8.193809986114501953e-01
9.317998290061950684e-01
5.571421980857849121e-01
5.336031317710876465e-01
9.655228257179260254e-01
5.648082494735717773e-01
5.559410452842712402e-01
9.455218911170959473e-01
5.679056048393249512e-01
5.363194346427917480e-01
8.589774370193481445e-01
4.972356557846069336e-01
9.167243242263793945e-01
4.146626889705657959e-01
5.298625230789184570e-01
9.340550303459167480e-01
5.675585865974426270e-01
5.594788193702697754e-01
8.979257941246032715e-01
5.414185523986816406e-01
9.885023832321166992e-01
9.922075867652893066e-01
5.822200775146484375e-01
5.687741041183471680e-01
9.458211660385131836e-01
8.832062482833862305e-01
5.927188396453857422e-01
5.052745938301086426e-01
9.721239209175109863e-01
9.514843821525573730e-01
4.992715120315551758e-01
9.875693917274475098e-01
5.113394260406494141e-01
4.858435690402984619e-01
5.014485716819763184e-01
5.351337790489196777e-01
4.645042121410369873e-01
9.725603461265563965e-01
5.752426385879516602e-01
9.786139130592346191e-01
9.881254434585571289e-01
4.845536947250366211e-01
5.225526094436645508e-01
4.927643239498138428e-01
5.829159617424011230e-01
4.907681643962860107e-01
5.241485238075256348e-01
4.850754737854003906e-01
5.056666731834411621e-01
8.734891414642333984e-01
9.991251826286315918e-01
7.725412845611572266e-01
9.663985371589660645e-01
4.986698329448699951e-01
4.725206494331359863e-01
9.747330546379089355e-01
9.792354702949523926e-01
9.526063799858093262e-01
9.908978343009948730e-01
5.569068193435668945e-01
9.548729062080383301e-01
5.219384431838989258e-01
5.273194313049316406e-01
5.305338501930236816e-01
9.906052947044372559e-01
9.389082193374633789e-01
4.659567773342132568e-01
5.169627666473388672e-01
5.201081037521362305e-01
9.567758440971374512e-01
5.606474876403808594e-01
9.865204095840454102e-01
5.521149039268493652e-01
9.693093895912170410e-01
9.760679602622985840e-01
8.943421840667724609e-01
5.913749933242797852e-01
9.833540320396423340e-01
5.356064438819885254e-01
9.219453930854797363e-01
6.142923831939697266e-01
5.550621151924133301e-01
8.673775792121887207e-01
9.769749641418457031e-01
8.593803048133850098e-01
6.428958773612976074e-01
6.089329719543457031e-01
8.535873293876647949e-01
7.812408208847045898e-01
6.636481285095214844e-01
5.425468683242797852e-01
9.550489187240600586e-01
9.537141919136047363e-01
6.863108873367309570e-01
9.715894460678100586e-01
8.440788984298706055e-01
9.934710264205932617e-01
8.419912457466125488e-01
6.321446895599365234e-01
5.180839896202087402e-01
9.517406821250915527e-01
8.426875472068786621e-01
9.399433135986328125e-01
7.422920465469360352e-01
5.450480580329895020e-01
8.884879350662231445e-01
8.543868660926818848e-01
9.628835916519165039e-01
9.801439642906188965e-01
9.701077342033386230e-01
7.946953773498535156e-01
8.403746485710144043e-01
8.468431234359741211e-01
8.508157730102539062e-01
8.635424971580505371e-01
8.485395908355712891e-01
9.806827306747436523e-01
8.575635552406311035e-01
6.971418261528015137e-01
5.349910855293273926e-01
9.747807383537292480e-01
9.210504889488220215e-01
8.572226762771606445e-01
9.617788195610046387e-01
9.891858100891113281e-01
8.539583683013916016e-01
8.410477042198181152e-01
8.821736574172973633e-01
6.347832083702087402e-01
9.939076304435729980e-01
9.410252571105957031e-01
8.597244024276733398e-01
7.510957121849060059e-01
8.383541107177734375e-01
8.514369726181030273e-01
7.666371464729309082e-01
8.491629362106323242e-01
9.655918478965759277e-01
8.584920167922973633e-01
5.403797030448913574e-01
9.807826876640319824e-01
9.629004001617431641e-01
7.552428841590881348e-01
9.868330359458923340e-01
9.830920100212097168e-01
8.614847660064697266e-01
6.000899076461791992e-01
8.488412499427795410e-01
7.641559839248657227e-01
9.394142031669616699e-01
8.549417257308959961e-01
8.512839078903198242e-01
9.769405126571655273e-01
8.815851211547851562e-01
7.340458035469055176e-01
7.725734114646911621e-01
5.050700902938842773e-01
8.355094790458679199e-01
9.663546681404113770e-01
8.407176136970520020e-01
4.035150110721588135e-01
5.909922719001770020e-01
8.215973377227783203e-01
4.185554087162017822e-01
6.263630390167236328e-01
9.772850275039672852e-01
6.887339353561401367e-01
9.805189371109008789e-01
4.108635783195495605e-01
6.153302192687988281e-01
5.724758505821228027e-01
8.443150520324707031e-01
8.296496272087097168e-01
5.295106768608093262e-01
6.045486330986022949e-01
6.012066006660461426e-01
9.736500978469848633e-01
9.036908745765686035e-01
5.221116542816162109e-01
9.634690284729003906e-01
4.256633520126342773e-01
5.746866464614868164e-01
6.220970749855041504e-01
8.482499718666076660e-01
8.355094790458679199e-01
9.573549032211303711e-01
9.984952211380004883e-01
5.100926756858825684e-01
8.484460115432739258e-01
5.744995474815368652e-01
4.454318583011627197e-01
9.581279158592224121e-01
5.617219209671020508e-01
5.792163014411926270e-01
9.598177075386047363e-01
5.352261066436767578e-01
9.757767319679260254e-01
4.602500796318054199e-01
5.092867016792297363e-01
8.661400675773620605e-01
5.709363818168640137e-01
5.544857382774353027e-01
5.417556762695312500e-01
6.701806187629699707e-01
5.382381081581115723e-01
4.846929609775543213e-01
9.638021588325500488e-01
9.612525701522827148e-01
5.504629015922546387e-01
5.544967651367187500e-01
4.829284250736236572e-01
4.604280292987823486e-01
9.274498820304870605e-01
5.917267203330993652e-01
4.846894741058349609e-01
5.470071434974670410e-01
5.517715811729431152e-01
4.557302296161651611e-01
5.133758783340454102e-01
4.520847499370574951e-01
9.713629484176635742e-01
3.958185911178588867e-01
4.674599468708038330e-01
5.821416974067687988e-01
6.444195508956909180e-01
5.731834769248962402e-01
5.174372196197509766e-01
4.040703177452087402e-01
4.014195501804351807e-01
4.211698174476623535e-01
5.444959402084350586e-01
5.405557751655578613e-01
5.460119843482971191e-01
9.513103365898132324e-01
5.545724630355834961e-01
5.506196022033691406e-01
5.123203396797180176e-01
9.711365699768066406e-01
8.006220459938049316e-01
6.032227873802185059e-01
6.117871999740600586e-01
9.356995224952697754e-01
5.219255089759826660e-01
5.568807125091552734e-01
5.243299007415771484e-01
9.262093901634216309e-01
5.422634482383728027e-01
5.558242201805114746e-01
4.015560150146484375e-01
4.967893362045288086e-01
5.051264166831970215e-01
5.088816881179809570e-01
5.353739261627197266e-01
4.637030065059661865e-01
9.868394732475280762e-01
6.152539253234863281e-01
4.308540225028991699e-01
6.472259759902954102e-01
5.133160948753356934e-01
4.209386706352233887e-01
5.115913748741149902e-01
7.084254175424575806e-02
6.947135925292968750e-01
9.044225811958312988e-01
9.943641424179077148e-01
8.060917854309082031e-01
5.732443332672119141e-01
9.759581089019775391e-01
9.806321859359741211e-01
6.863108873367309570e-01
7.665888667106628418e-01
7.302207350730895996e-01
4.659437537193298340e-01
9.866351485252380371e-01
9.534836411476135254e-01
3.144208192825317383e-01
6.925948858261108398e-01
8.677614927291870117e-01
6.292261481285095215e-01
6.610787510871887207e-01
7.166054844856262207e-01
9.103533029556274414e-01
9.798208475112915039e-01
9.510307908058166504e-01
9.153349399566650391e-01
6.788616180419921875e-01
8.117138147354125977e-01
5.240434408187866211e-01
9.793182611465454102e-01
3.134198486804962158e-02
6.828662753105163574e-01
8.749318718910217285e-01
9.252197742462158203e-01
7.366443872451782227e-01
6.850721240043640137e-01
9.571583867073059082e-01
6.608923673629760742e-01
6.115883588790893555e-01
6.259650588035583496e-01
6.005769371986389160e-01
7.349903583526611328e-01
6.661943197250366211e-01
7.988675832748413086e-01
6.233966946601867676e-01
6.231729984283447266e-01
9.650880694389343262e-01
6.909087896347045898e-01
7.045189738273620605e-01
7.040275335311889648e-01
7.117751836776733398e-01
9.560896158218383789e-01
7.815201282501220703e-01
9.546728134155273438e-01
9.905037283897399902e-01
6.498634815216064453e-01
4.235047698020935059e-01
6.821601986885070801e-01
7.259137034416198730e-01
9.588016271591186523e-01
6.403141021728515625e-01
7.190942168235778809e-01
6.435805559158325195e-01
9.485967755317687988e-01
6.859102845191955566e-01
7.420296669006347656e-01
5.955085754394531250e-01
9.554949998855590820e-01
7.058496475219726562e-01
9.829041361808776855e-01
9.909123182296752930e-01
9.990424513816833496e-01
6.098492145538330078e-01
9.989923834800720215e-01
5.417954325675964355e-01
7.045829892158508301e-01
5.598374009132385254e-01
8.263176307082176208e-03
4.988512098789215088e-01
2.079936861991882324e-02
4.167203977704048157e-02
2.908797562122344971e-02
1.312863919883966446e-02
8.617847412824630737e-02
1.090481597930192947e-02
2.193529345095157623e-02
2.427177317440509796e-02
8.780758827924728394e-02
6.523547321557998657e-02
1.396767646074295044e-01
4.573763161897659302e-02
9.993699193000793457e-02
6.197130307555198669e-02
2.924621403217315674e-01
1.302939094603061676e-02
9.747562557458877563e-02
2.060549706220626831e-01
6.158502306789159775e-03
3.230484202504158020e-02
4.335985705256462097e-02
1.092226952314376831e-01
3.835953399538993835e-02
2.273161113262176514e-01
2.043311595916748047e-01
1.402962394058704376e-02
2.473837696015834808e-02
7.192123215645551682e-03
2.721033059060573578e-02
1.863554492592811584e-02
5.445001646876335144e-02
1.362830549478530884e-01
1.788605004549026489e-02
9.111561812460422516e-03
3.027098067104816437e-02
1.006260812282562256e-01
2.298247814178466797e-02
4.180613160133361816e-02
2.522202394902706146e-02
4.046451300382614136e-03
3.726871684193611145e-02
1.486015617847442627e-01
2.494185976684093475e-02
4.500560462474822998e-02
1.592783331871032715e-01
7.153269648551940918e-02
4.869395494461059570e-02
1.246345508843660355e-02
3.333523496985435486e-02
3.636799156665802002e-01
3.452762067317962646e-01
6.138276681303977966e-02
4.556810855865478516e-02
1.700490415096282959e-01
6.144379824399948120e-02
2.347329072654247284e-02
1.478752586990594864e-02
2.347704470157623291e-01
1.714576035737991333e-01
2.336105331778526306e-02
6.856807321310043335e-02
2.398818284273147583e-01
5.778878554701805115e-02
8.212120085954666138e-02
4.514791443943977356e-02
2.279848754405975342e-01
7.478240132331848145e-02
2.552345860749483109e-03
1.403778195381164551e-01
4.883233830332756042e-02
2.819913923740386963e-01
1.801894232630729675e-02
2.030058205127716064e-02
4.432541877031326294e-02
1.042386293411254883e-01
6.260402500629425049e-02
1.205660216510295868e-02
4.904682189226150513e-02
4.982431530952453613e-01
2.934718728065490723e-01
1.270803716033697128e-02
2.897892519831657410e-02
8.081242442131042480e-02
2.976543605327606201e-01
1.041406095027923584e-01
4.556831903755664825e-03
3.126014396548271179e-02
3.096591867506504059e-02
2.945819497108459473e-02
5.403054878115653992e-03
2.638335712254047394e-02
1.699819602072238922e-02
1.304053701460361481e-02
4.736715462058782578e-03
9.954997338354587555e-03
2.293909341096878052e-02
1.536608487367630005e-02
2.646791748702526093e-02
4.123713821172714233e-03
2.451332211494445801e-01
2.730525657534599304e-02
9.213247336447238922e-03
1.305236201733350754e-02
2.611353620886802673e-02
2.991499938070774078e-02
5.385820865631103516e-01
2.710513398051261902e-02
7.311049848794937134e-02
2.525456435978412628e-02
6.109610944986343384e-02
3.954887390136718750e-01
1.790534853935241699e-01
4.039765596389770508e-01
1.633296161890029907e-01
2.431190311908721924e-01
1.958770006895065308e-01
2.371075749397277832e-01
3.094432651996612549e-01
2.073114067316055298e-01
3.022560477256774902e-01
1.695030629634857178e-01
1.790534853935241699e-01
2.525879442691802979e-01
4.315661191940307617e-01
5.532287359237670898e-01
5.262516140937805176e-01
5.102145671844482422e-01
5.450938940048217773e-01
5.559173226356506348e-01
5.159273743629455566e-01
4.493976235389709473e-01
4.076775014400482178e-01
3.996701538562774658e-01
5.078219175338745117e-01
4.386536478996276855e-01
4.685473740100860596e-01
4.824628233909606934e-01
6.106380224227905273e-01
4.969797134399414062e-01
5.044355988502502441e-01
6.356545686721801758e-01
4.573040604591369629e-01
5.451104640960693359e-01
4.276220500469207764e-01
4.577218592166900635e-01
5.341787934303283691e-01
5.404703617095947266e-01
6.412576436996459961e-01
4.975262582302093506e-01
5.119617581367492676e-01
5.213051438331604004e-01
5.781281590461730957e-01
2.281932383775711060e-01
4.781701564788818359e-01
3.992683887481689453e-01
3.386036753654479980e-01
2.867797315120697021e-01
4.492405652999877930e-01
5.054128170013427734e-01
5.455855727195739746e-01
5.013245344161987305e-01
3.972316384315490723e-01
4.008812606334686279e-01
3.606289923191070557e-01
5.407316088676452637e-01
3.821568787097930908e-01
4.138621389865875244e-01
4.122368395328521729e-01
4.564533233642578125e-01
1.029112283140420914e-02
3.824369981884956360e-02
3.601947128772735596e-01
4.748721793293952942e-02
2.995863929390907288e-02
6.436122953891754150e-02
3.304858505725860596e-02
5.041241273283958435e-02
2.023663558065891266e-02
3.935819491744041443e-02
3.973438218235969543e-02
2.614003419876098633e-02
4.023073613643646240e-01
7.268251776695251465e-01
6.161261200904846191e-01
7.064009904861450195e-01
6.796547770500183105e-01
5.448482632637023926e-01
4.243513345718383789e-01
5.667304992675781250e-01
5.427124500274658203e-01
5.124058723449707031e-01
9.426043927669525146e-02
4.477914869785308838e-01
5.739356875419616699e-01
5.537639856338500977e-01
5.593885183334350586e-01
5.920945405960083008e-01
7.616091966629028320e-01
5.137424468994140625e-01
5.210750102996826172e-01
5.048323273658752441e-01
5.563147068023681641e-01
5.006535649299621582e-01
5.053659081459045410e-01
5.348116755485534668e-01
5.770293474197387695e-01
5.122352838516235352e-01
5.906741023063659668e-01
6.964313983917236328e-01
4.677596092224121094e-01
5.679056048393249512e-01
5.363194346427917480e-01
4.972356557846069336e-01
8.832062482833862305e-01
5.351337790489196777e-01
4.645042121410369873e-01
4.927643239498138428e-01
5.829159617424011230e-01
4.986698329448699951e-01
4.725206494331359863e-01
4.659567773342132568e-01
5.201081037521362305e-01
5.606474876403808594e-01
7.812408208847045898e-01
6.636481285095214844e-01
6.863108873367309570e-01
7.422920465469360352e-01
7.946953773498535156e-01
8.403746485710144043e-01
8.468431234359741211e-01
8.539583683013916016e-01
7.510957121849060059e-01
7.666371464729309082e-01
8.584920167922973633e-01
7.641559839248657227e-01
7.340458035469055176e-01
7.725734114646911621e-01
4.035150110721588135e-01
6.887339353561401367e-01
4.108635783195495605e-01
8.484460115432739258e-01
4.602500796318054199e-01
5.709363818168640137e-01
6.701806187629699707e-01
5.917267203330993652e-01
5.517715811729431152e-01
4.674599468708038330e-01
4.014195501804351807e-01
5.444959402084350586e-01
4.637030065059661865e-01
4.308540225028991699e-01
8.060917854309082031e-01
5.732443332672119141e-01
4.659437537193298340e-01
3.144208192825317383e-01
3.134198486804962158e-02
6.115883588790893555e-01
6.821601986885070801e-01
6.403141021728515625e-01
6.435805559158325195e-01
7.420296669006347656e-01
5.955085754394531250e-01
6.098492145538330078e-01
5.417954325675964355e-01
5.963625311851501465e-01
2.451332211494445801e-01
5.839011166244745255e-03
4.042165353894233704e-02
4.797425866127014160e-02
2.632120624184608459e-02
3.949175402522087097e-02
4.068605303764343262e-01
5.355990529060363770e-01
3.124507144093513489e-02
2.540960907936096191e-01
4.737338423728942871e-01
2.371972613036632538e-02
2.504361867904663086e-01
2.621091604232788086e-01
1.834595799446105957e-01
3.117206096649169922e-01
3.428863584995269775e-01
2.187677621841430664e-01
1.943114548921585083e-01
2.237014323472976685e-01
2.365482449531555176e-01
2.651308774948120117e-01
1.552110612392425537e-01
2.260666489601135254e-01
1.954108774662017822e-01
5.657595396041870117e-01
4.715659916400909424e-01
4.588961005210876465e-01
5.495797395706176758e-01
5.710512995719909668e-01
5.161927938461303711e-01
5.197323560714721680e-01
5.187136530876159668e-01
5.694023370742797852e-01
4.938966929912567139e-01
4.877507090568542480e-01
5.454573631286621094e-01
5.236686468124389648e-01
4.545588791370391846e-01
4.861931204795837402e-01
4.684423506259918213e-01
4.823934137821197510e-01
5.172646641731262207e-01
5.383690595626831055e-01
5.748698115348815918e-01
8.298078179359436035e-01
4.834834039211273193e-01
5.300373435020446777e-01
7.543517947196960449e-01
4.861145317554473877e-01
5.933644771575927734e-01
5.715796947479248047e-01
4.596863389015197754e-01
5.507547855377197266e-01
6.494617462158203125e-01
5.052374005317687988e-01
4.654779434204101562e-01
5.582093000411987305e-01
4.085927903652191162e-01
4.919477701187133789e-01
4.964516460895538330e-01
3.102616071701049805e-01
3.595678806304931641e-01
4.488750398159027100e-01
1.475825011730194092e-01
5.216187238693237305e-01
4.723882377147674561e-01
4.853093624114990234e-01
3.964123129844665527e-01
3.945072889328002930e-01
5.392680764198303223e-01
5.787027478218078613e-01
4.148831665515899658e-01
4.714762270450592041e-01
5.681613683700561523e-01
4.520346522331237793e-01
5.124930739402770996e-01
2.928770519793033600e-02
6.660731881856918335e-02
9.819664992392063141e-03
3.901961073279380798e-02
2.803665399551391602e-01
1.503611728549003601e-02
4.858657345175743103e-02
1.966519653797149658e-02
3.645924478769302368e-02
2.207621000707149506e-02
5.265862867236137390e-02
6.114345416426658630e-02
1.652856357395648956e-02
4.898896515369415283e-01
2.347472123801708221e-02
2.673614025115966797e-02
3.442719113081693649e-03
1.928801089525222778e-02
4.701795987784862518e-03
1.437156554311513901e-02
3.992547839879989624e-02
3.470845818519592285e-01
4.278841018676757812e-01
3.693863004446029663e-02
2.123686857521533966e-02
5.291576962918043137e-03
1.857292205095291138e-01
2.491938918828964233e-01
1.633296161890029907e-01
2.693110704421997070e-01
1.975405961275100708e-01
2.877539098262786865e-01
2.982605695724487305e-01
4.452716410160064697e-01
2.793293297290802002e-01
1.815494596958160400e-01
2.771232128143310547e-01
9.617736190557479858e-02
2.222524136304855347e-01
5.485082864761352539e-01
4.418112635612487793e-01
5.437378287315368652e-01
4.973388910293579102e-01
5.019074678421020508e-01
4.260788559913635254e-01
4.791956841945648193e-01
4.160933792591094971e-01
4.129353463649749756e-01
4.931040406227111816e-01
4.807454347610473633e-01
4.828253090381622314e-01
6.050906181335449219e-01
5.061401724815368652e-01
4.629616737365722656e-01
5.134817957878112793e-01
5.254850983619689941e-01
5.486923456192016602e-01
8.298078179359436035e-01
5.074839591979980469e-01
5.561754703521728516e-01
5.816797614097595215e-01
5.321665406227111816e-01
4.018053412437438965e-01
5.671570897102355957e-01
4.767618179321289062e-01
5.445863604545593262e-01
2.750441133975982666e-01
3.285329937934875488e-01
4.690477252006530762e-01
3.341016173362731934e-01
4.120428860187530518e-01
1.301952749490737915e-01
5.003624558448791504e-01
4.259528815746307373e-01
5.056694746017456055e-01
5.492026209831237793e-01
4.366214871406555176e-01
5.691190361976623535e-01
4.279412031173706055e-01
5.994543433189392090e-01
2.644157595932483673e-02
1.757953502237796783e-02
1.682334393262863159e-02
2.457123063504695892e-02
3.849668800830841064e-01
2.414500154554843903e-02
1.057242881506681442e-02
1.827040873467922211e-02
4.513776674866676331e-02
1.016465350985527039e-01
1.394090503454208374e-01
5.407041311264038086e-01
2.790301851928234100e-02
2.598073333501815796e-03
4.813719075173139572e-03
4.383343458175659180e-02
3.486665198579430580e-03
9.797002375125885010e-02
5.800686031579971313e-02
6.298405528068542480e-01
6.881143897771835327e-03
1.715626753866672516e-02
1.518014259636402130e-02
8.609477430582046509e-03
2.096157222986221313e-01
2.060662806034088135e-01
1.869657784700393677e-01
6.767948716878890991e-02
4.717402905225753784e-02
8.855139464139938354e-02
3.574894070625305176e-01
9.124991297721862793e-02
4.939959198236465454e-02
2.590653598308563232e-01
2.238726057112216949e-02
1.887213252484798431e-02
1.939222589135169983e-02
9.890019893646240234e-03
1.844022236764431000e-02
1.859164983034133911e-02
4.743281900882720947e-01
7.523706555366516113e-02
5.125466361641883850e-02
3.818494454026222229e-02
4.711208492517471313e-02
3.107245452702045441e-02
1.233747135847806931e-02
3.957802057266235352e-02
5.324798449873924255e-02
1.394358929246664047e-02
4.299611970782279968e-02
3.174661472439765930e-02
1.561630610376596451e-02
1.285602897405624390e-02
2.666997164487838745e-02
5.525876209139823914e-02
3.458742052316665649e-02
5.511247366666793823e-02
4.472211301326751709e-01
1.200493276119232178e-01
3.713386356830596924e-01
1.392847001552581787e-01
7.217602431774139404e-02
2.735723555088043213e-01
8.306345343589782715e-02
4.483822286128997803e-01
4.682133197784423828e-01
2.220948487520217896e-01
5.079188942909240723e-01
4.225710332393646240e-01
4.553639888763427734e-01
2.324912995100021362e-01
5.053118467330932617e-01
4.522152841091156006e-01
2.962962090969085693e-01
2.287370711565017700e-01
6.825685501098632812e-02
3.781573474407196045e-01
1.445726901292800903e-01
2.480752766132354736e-01
8.478796482086181641e-02
4.962901026010513306e-02
1.834197938442230225e-01
2.696709707379341125e-02
1.534287817776203156e-02
1.848715394735336304e-01
1.152039766311645508e-01
7.505772262811660767e-02
6.333215534687042236e-02
1.042344793677330017e-01
3.468044474720954895e-02
2.795298025012016296e-02
4.582536965608596802e-02
1.420199032872915268e-02
5.159977674484252930e-01
6.002608537673950195e-01
2.382094785571098328e-02
6.724594533443450928e-02
5.774267315864562988e-01
6.058521103113889694e-03
5.600938107818365097e-03
