9.964409470558166504e-01
9.262885451316833496e-01
9.641655087471008301e-01
3.779058754444122314e-01
3.779058754444122314e-01
9.944897890090942383e-01
3.779058754444122314e-01
3.779058754444122314e-01
3.779058754444122314e-01
9.741563200950622559e-01
8.941988348960876465e-01
3.779058754444122314e-01
9.984880685806274414e-01
5.084629058837890625e-01
3.779058754444122314e-01
3.779058754444122314e-01
9.888553023338317871e-01
9.928830862045288086e-01
3.779058754444122314e-01
9.995360374450683594e-01
3.779058754444122314e-01
9.916759729385375977e-01
3.779058754444122314e-01
9.841593503952026367e-01
3.779058754444122314e-01
9.931358098983764648e-01
5.114150047302246094e-01
9.903594255447387695e-01
9.952846169471740723e-01
3.779058754444122314e-01
9.895128607749938965e-01
3.779058754444122314e-01
9.891422986984252930e-01
9.868327379226684570e-01
9.995388984680175781e-01
9.877603650093078613e-01
9.617109298706054688e-01
9.680418372154235840e-01
3.779058754444122314e-01
5.056114196777343750e-01
3.779058754444122314e-01
3.779058754444122314e-01
9.849435687065124512e-01
3.779058754444122314e-01
3.779058754444122314e-01
3.779058754444122314e-01
3.779058754444122314e-01
3.779058754444122314e-01
9.894070029258728027e-01
3.779058754444122314e-01
9.847664833068847656e-01
3.779058754444122314e-01
3.779058754444122314e-01
5.331688523292541504e-01
3.779058754444122314e-01
3.779058754444122314e-01
5.049015879631042480e-01
3.779058754444122314e-01
3.779058754444122314e-01
9.214293360710144043e-01
9.986938834190368652e-01
9.887362122535705566e-01
9.981051683425903320e-01
3.779058754444122314e-01
9.915671944618225098e-01
3.779058754444122314e-01
3.779058754444122314e-01
9.933251738548278809e-01
3.779058754444122314e-01
3.779058754444122314e-01
9.802070260047912598e-01
9.941909909248352051e-01
3.779058754444122314e-01
3.779058754444122314e-01
9.990273714065551758e-01
3.779058754444122314e-01
3.779058754444122314e-01
3.779058754444122314e-01
9.899700284004211426e-01
3.779058754444122314e-01
3.779058754444122314e-01
5.739053487777709961e-01
3.779058754444122314e-01
3.779058754444122314e-01
3.779058754444122314e-01
3.779058754444122314e-01
9.994325041770935059e-01
3.779058754444122314e-01
4.415028989315032959e-01
3.779058754444122314e-01
9.706876873970031738e-01
9.695439934730529785e-01
3.779058754444122314e-01
9.789790511131286621e-01
9.977673292160034180e-01
9.957199692726135254e-01
9.934372305870056152e-01
9.994595646858215332e-01
3.779058754444122314e-01
3.779058754444122314e-01
3.779058754444122314e-01
9.927403330802917480e-01
3.779058754444122314e-01
3.779058754444122314e-01
9.966778755187988281e-01
5.062714815139770508e-01
9.956433773040771484e-01
3.779058754444122314e-01
3.779058754444122314e-01
3.779058754444122314e-01
9.987878203392028809e-01
3.779058754444122314e-01
3.779058754444122314e-01
3.779058754444122314e-01
9.979007244110107422e-01
3.779058754444122314e-01
3.779058754444122314e-01
9.960994720458984375e-01
9.917461872100830078e-01
9.997013211250305176e-01
8.584499359130859375e-01
9.757329225540161133e-01
9.972509741783142090e-01
3.779058754444122314e-01
9.989340901374816895e-01
3.779058754444122314e-01
9.995638728141784668e-01
3.779058754444122314e-01
9.875741600990295410e-01
9.995792508125305176e-01
9.981910586357116699e-01
9.829784035682678223e-01
9.914176464080810547e-01
3.779058754444122314e-01
5.783831477165222168e-01
3.779058754444122314e-01
6.964755654335021973e-01
9.984987974166870117e-01
9.969712495803833008e-01
9.948674440383911133e-01
3.779058754444122314e-01
9.998644590377807617e-01
9.516755342483520508e-01
3.779058754444122314e-01
9.998841285705566406e-01
3.779058754444122314e-01
3.779058754444122314e-01
3.779058754444122314e-01
5.021378397941589355e-01
9.537029266357421875e-01
9.482016563415527344e-01
3.779058754444122314e-01
8.442906737327575684e-01
3.779058754444122314e-01
9.750013947486877441e-01
9.683275222778320312e-01
9.952437281608581543e-01
9.857088327407836914e-01
5.166211724281311035e-01
3.779058754444122314e-01
3.779058754444122314e-01
3.779058754444122314e-01
3.779058754444122314e-01
5.164358019828796387e-01
9.834743142127990723e-01
9.933997392654418945e-01
3.779058754444122314e-01
3.779058754444122314e-01
8.364318013191223145e-01
3.779058754444122314e-01
3.779058754444122314e-01
9.864988327026367188e-01
3.779058754444122314e-01
5.127026438713073730e-01
9.645606279373168945e-01
3.779058754444122314e-01
9.952483773231506348e-01
3.779058754444122314e-01
3.779058754444122314e-01
9.811821579933166504e-01
3.779058754444122314e-01
3.779058754444122314e-01
9.794363379478454590e-01
3.779058754444122314e-01
9.968254566192626953e-01
9.997063279151916504e-01
3.779058754444122314e-01
3.779058754444122314e-01
9.829775094985961914e-01
5.221320390701293945e-01
3.779058754444122314e-01
3.779058754444122314e-01
9.961630105972290039e-01
9.992132186889648438e-01
3.779058754444122314e-01
9.986086487770080566e-01
3.779058754444122314e-01
3.779058754444122314e-01
3.779058754444122314e-01
6.795148253440856934e-01
3.779058754444122314e-01
9.580467939376831055e-01
3.779058754444122314e-01
9.957889914512634277e-01
9.917975664138793945e-01
3.779058754444122314e-01
3.779058754444122314e-01
3.779058754444122314e-01
5.149101614952087402e-01
3.779058754444122314e-01
3.779058754444122314e-01
3.779058754444122314e-01
3.779058754444122314e-01
9.788820743560791016e-01
9.982081651687622070e-01
9.868717193603515625e-01
9.963684082031250000e-01
3.779058754444122314e-01
5.189051628112792969e-01
9.958137869834899902e-01
9.965305924415588379e-01
9.783428311347961426e-01
9.728355407714843750e-01
3.779058754444122314e-01
9.967542290687561035e-01
3.779058754444122314e-01
3.779058754444122314e-01
3.779058754444122314e-01
9.951965212821960449e-01
9.912943243980407715e-01
3.779058754444122314e-01
3.779058754444122314e-01
3.779058754444122314e-01
9.953925609588623047e-01
5.064284801483154297e-01
9.954470992088317871e-01
3.779058754444122314e-01
9.976004958152770996e-01
9.859111309051513672e-01
9.904782772064208984e-01
3.779058754444122314e-01
9.883825182914733887e-01
3.779058754444122314e-01
9.942923784255981445e-01
3.779058754444122314e-01
3.779058754444122314e-01
3.779058754444122314e-01
9.982807636260986328e-01
3.779058754444122314e-01
3.779058754444122314e-01
3.779058754444122314e-01
3.779058754444122314e-01
3.779058754444122314e-01
5.158752799034118652e-01
3.779058754444122314e-01
9.994557499885559082e-01
9.804256558418273926e-01
6.722844243049621582e-01
9.961686730384826660e-01
3.779058754444122314e-01
9.993789196014404297e-01
3.779058754444122314e-01
3.779058754444122314e-01
3.779058754444122314e-01
9.883551597595214844e-01
3.779058754444122314e-01
9.987174272537231445e-01
5.036326050758361816e-01
3.779058754444122314e-01
9.577637314796447754e-01
3.779058754444122314e-01
9.914336204528808594e-01
9.899511933326721191e-01
9.977461695671081543e-01
5.061819553375244141e-01
3.779058754444122314e-01
3.779058754444122314e-01
3.779058754444122314e-01
3.779058754444122314e-01
3.779058754444122314e-01
9.896982312202453613e-01
3.779058754444122314e-01
3.779058754444122314e-01
3.779058754444122314e-01
9.982621073722839355e-01
9.952782392501831055e-01
3.779058754444122314e-01
9.914336204528808594e-01
9.950162768363952637e-01
3.779058754444122314e-01
3.779058754444122314e-01
3.779058754444122314e-01
3.779058754444122314e-01
9.975005984306335449e-01
9.262521266937255859e-01
3.779058754444122314e-01
5.050038099288940430e-01
3.779058754444122314e-01
3.779058754444122314e-01
5.075868368148803711e-01
3.779058754444122314e-01
9.995891451835632324e-01
3.779058754444122314e-01
3.779058754444122314e-01
9.974873065948486328e-01
9.904316067695617676e-01
3.779058754444122314e-01
9.980049729347229004e-01
9.996801614761352539e-01
3.779058754444122314e-01
3.779058754444122314e-01
3.779058754444122314e-01
5.089169144630432129e-01
9.935029149055480957e-01
3.779058754444122314e-01
3.779058754444122314e-01
9.914456605911254883e-01
3.779058754444122314e-01
4.966644048690795898e-01
5.061085224151611328e-01
3.779058754444122314e-01
3.779058754444122314e-01
9.992709755897521973e-01
3.779058754444122314e-01
3.779058754444122314e-01
3.779058754444122314e-01
3.779058754444122314e-01
3.779058754444122314e-01
3.779058754444122314e-01
9.962511658668518066e-01
5.102968811988830566e-01
9.968717694282531738e-01
3.779058754444122314e-01
3.779058754444122314e-01
3.779058754444122314e-01
3.779058754444122314e-01
3.779058754444122314e-01
3.779058754444122314e-01
3.779058754444122314e-01
3.779058754444122314e-01
9.813077449798583984e-01
9.970064759254455566e-01
3.779058754444122314e-01
9.862159490585327148e-01
3.779058754444122314e-01
3.779058754444122314e-01
3.779058754444122314e-01
3.779058754444122314e-01
3.779058754444122314e-01
9.192062020301818848e-01
9.986699819564819336e-01
3.779058754444122314e-01
3.779058754444122314e-01
3.779058754444122314e-01
3.779058754444122314e-01
9.986675977706909180e-01
3.779058754444122314e-01
3.779058754444122314e-01
9.747274518013000488e-01
3.779058754444122314e-01
9.967600703239440918e-01
3.779058754444122314e-01
3.779058754444122314e-01
9.985842704772949219e-01
3.779058754444122314e-01
3.779058754444122314e-01
3.779058754444122314e-01
5.228937268257141113e-01
3.779058754444122314e-01
3.779058754444122314e-01
9.921864271163940430e-01
9.953741431236267090e-01
3.779058754444122314e-01
3.779058754444122314e-01
3.779058754444122314e-01
3.779058754444122314e-01
9.954833984375000000e-01
5.021257400512695312e-01
3.779058754444122314e-01
3.779058754444122314e-01
3.779058754444122314e-01
3.779058754444122314e-01
3.779058754444122314e-01
3.779058754444122314e-01
9.943301677703857422e-01
3.779058754444122314e-01
3.779058754444122314e-01
3.779058754444122314e-01
3.779058754444122314e-01
3.779058754444122314e-01
3.779058754444122314e-01
3.779058754444122314e-01
3.779058754444122314e-01
3.779058754444122314e-01
3.779058754444122314e-01
3.779058754444122314e-01
3.779058754444122314e-01
9.863524436950683594e-01
3.779058754444122314e-01
3.779058754444122314e-01
3.779058754444122314e-01
9.969838261604309082e-01
9.415873289108276367e-01
3.779058754444122314e-01
3.779058754444122314e-01
9.864567518234252930e-01
3.779058754444122314e-01
3.779058754444122314e-01
3.779058754444122314e-01
9.693989157676696777e-01
3.779058754444122314e-01
3.779058754444122314e-01
3.779058754444122314e-01
3.779058754444122314e-01
3.779058754444122314e-01
3.779058754444122314e-01
3.779058754444122314e-01
3.779058754444122314e-01
9.997684359550476074e-01
3.779058754444122314e-01
3.779058754444122314e-01
3.779058754444122314e-01
3.779058754444122314e-01
3.779058754444122314e-01
3.779058754444122314e-01
3.779058754444122314e-01
3.779058754444122314e-01
9.889141917228698730e-01
9.758039712905883789e-01
4.311441481113433838e-01
5.073346495628356934e-01
9.997052550315856934e-01
9.974014759063720703e-01
3.779058754444122314e-01
3.779058754444122314e-01
3.779058754444122314e-01
4.437718689441680908e-01
9.853547811508178711e-01
9.917606115341186523e-01
3.779058754444122314e-01
3.779058754444122314e-01
9.789772033691406250e-01
3.779058754444122314e-01
3.779058754444122314e-01
3.779058754444122314e-01
9.851199984550476074e-01
9.980381131172180176e-01
9.926590323448181152e-01
9.903284907341003418e-01
3.779058754444122314e-01
3.779058754444122314e-01
3.779058754444122314e-01
9.764192104339599609e-01
3.779058754444122314e-01
3.779058754444122314e-01
8.907082080841064453e-01
9.960944056510925293e-01
3.779058754444122314e-01
3.779058754444122314e-01
9.955918192863464355e-01
3.779058754444122314e-01
5.115405917167663574e-01
3.779058754444122314e-01
3.779058754444122314e-01
3.779058754444122314e-01
3.779058754444122314e-01
9.775526523590087891e-01
3.779058754444122314e-01
3.779058754444122314e-01
9.986625909805297852e-01
9.968749284744262695e-01
3.779058754444122314e-01
3.779058754444122314e-01
3.779058754444122314e-01
9.649007916450500488e-01
3.779058754444122314e-01
9.868748784065246582e-01
9.875661134719848633e-01
3.779058754444122314e-01
3.779058754444122314e-01
3.779058754444122314e-01
3.779058754444122314e-01
9.990319013595581055e-01
3.779058754444122314e-01
3.779058754444122314e-01
3.779058754444122314e-01
9.806915521621704102e-01
3.779058754444122314e-01
5.066691040992736816e-01
5.135209560394287109e-01
9.975963234901428223e-01
3.779058754444122314e-01
9.979048967361450195e-01
9.895898699760437012e-01
9.984686970710754395e-01
3.779058754444122314e-01
9.881836771965026855e-01
3.779058754444122314e-01
3.779058754444122314e-01
3.779058754444122314e-01
3.779058754444122314e-01
3.779058754444122314e-01
3.779058754444122314e-01
3.779058754444122314e-01
3.779058754444122314e-01
3.779058754444122314e-01
3.779058754444122314e-01
3.779058754444122314e-01
3.779058754444122314e-01
3.779058754444122314e-01
1.582242548465728760e-01
3.779058754444122314e-01
3.779058754444122314e-01
3.779058754444122314e-01
3.597222566604614258e-01
3.779058754444122314e-01
3.779058754444122314e-01
3.779058754444122314e-01
3.779058754444122314e-01
3.779058754444122314e-01
3.779058754444122314e-01
3.779058754444122314e-01
3.779058754444122314e-01
3.779058754444122314e-01
3.779058754444122314e-01
3.779058754444122314e-01
3.779058754444122314e-01
3.779058754444122314e-01
3.779058754444122314e-01
3.779058754444122314e-01
3.779058754444122314e-01
3.779058754444122314e-01
3.779058754444122314e-01
3.779058754444122314e-01
3.779058754444122314e-01
3.779058754444122314e-01
3.779058754444122314e-01
3.779058754444122314e-01
3.779058754444122314e-01
3.779058754444122314e-01
3.779058754444122314e-01
3.779058754444122314e-01
3.779058754444122314e-01
3.779058754444122314e-01
3.779058754444122314e-01
3.779058754444122314e-01
3.779058754444122314e-01
3.779058754444122314e-01
3.779058754444122314e-01
3.779058754444122314e-01
3.779058754444122314e-01
3.779058754444122314e-01
3.779058754444122314e-01
3.779058754444122314e-01
2.308283299207687378e-01
3.779058754444122314e-01
3.779058754444122314e-01
3.779058754444122314e-01
3.779058754444122314e-01
3.779058754444122314e-01
7.356217503547668457e-01
3.334658443927764893e-01
3.779058754444122314e-01
3.779058754444122314e-01
3.779058754444122314e-01
3.779058754444122314e-01
3.779058754444122314e-01
3.779058754444122314e-01
3.779058754444122314e-01
3.779058754444122314e-01
3.779058754444122314e-01
3.779058754444122314e-01
3.779058754444122314e-01
3.779058754444122314e-01
3.779058754444122314e-01
3.779058754444122314e-01
3.779058754444122314e-01
3.779058754444122314e-01
3.779058754444122314e-01
3.779058754444122314e-01
3.779058754444122314e-01
3.779058754444122314e-01
3.779058754444122314e-01
3.779058754444122314e-01
3.779058754444122314e-01
3.779058754444122314e-01
3.779058754444122314e-01
3.779058754444122314e-01
3.779058754444122314e-01
2.581678628921508789e-01
3.779058754444122314e-01
3.779058754444122314e-01
3.779058754444122314e-01
3.779058754444122314e-01
3.779058754444122314e-01
3.779058754444122314e-01
3.779058754444122314e-01
3.779058754444122314e-01
1.652522832155227661e-01
3.779058754444122314e-01
3.779058754444122314e-01
3.779058754444122314e-01
3.779058754444122314e-01
3.779058754444122314e-01
3.779058754444122314e-01
3.779058754444122314e-01
3.779058754444122314e-01
3.779058754444122314e-01
3.779058754444122314e-01
3.779058754444122314e-01
3.779058754444122314e-01
3.779058754444122314e-01
3.779058754444122314e-01
3.779058754444122314e-01
3.779058754444122314e-01
3.779058754444122314e-01
3.779058754444122314e-01
3.779058754444122314e-01
3.779058754444122314e-01
3.779058754444122314e-01
3.779058754444122314e-01
3.779058754444122314e-01
3.779058754444122314e-01
3.779058754444122314e-01
3.779058754444122314e-01
3.779058754444122314e-01
3.779058754444122314e-01
3.779058754444122314e-01
3.779058754444122314e-01
3.779058754444122314e-01
3.779058754444122314e-01
3.779058754444122314e-01
3.779058754444122314e-01
3.779058754444122314e-01
3.779058754444122314e-01
3.779058754444122314e-01
3.779058754444122314e-01
3.779058754444122314e-01
3.779058754444122314e-01
3.779058754444122314e-01
3.779058754444122314e-01
3.779058754444122314e-01
3.779058754444122314e-01
3.779058754444122314e-01
3.779058754444122314e-01
3.779058754444122314e-01
3.779058754444122314e-01
3.779058754444122314e-01
3.779058754444122314e-01
2.705055773258209229e-01
3.779058754444122314e-01
3.779058754444122314e-01
3.779058754444122314e-01
3.779058754444122314e-01
3.779058754444122314e-01
3.779058754444122314e-01
3.779058754444122314e-01
3.779058754444122314e-01
3.779058754444122314e-01
3.779058754444122314e-01
3.779058754444122314e-01
3.779058754444122314e-01
3.779058754444122314e-01
3.779058754444122314e-01
3.779058754444122314e-01
3.779058754444122314e-01
3.779058754444122314e-01
3.779058754444122314e-01
3.779058754444122314e-01
3.779058754444122314e-01
3.779058754444122314e-01
3.779058754444122314e-01
3.779058754444122314e-01
3.779058754444122314e-01
3.779058754444122314e-01
3.779058754444122314e-01
3.779058754444122314e-01
3.779058754444122314e-01
3.779058754444122314e-01
3.779058754444122314e-01
3.779058754444122314e-01
3.779058754444122314e-01
3.779058754444122314e-01
2.299730181694030762e-01
3.779058754444122314e-01
5.084629058837890625e-01
3.779058754444122314e-01
3.779058754444122314e-01
5.114150047302246094e-01
9.891422986984252930e-01
3.779058754444122314e-01
5.056114196777343750e-01
3.779058754444122314e-01
5.331688523292541504e-01
5.049015879631042480e-01
3.779058754444122314e-01
3.779058754444122314e-01
5.739053487777709961e-01
4.415028989315032959e-01
9.695439934730529785e-01
3.779058754444122314e-01
3.779058754444122314e-01
5.062714815139770508e-01
8.584499359130859375e-01
3.779058754444122314e-01
3.779058754444122314e-01
5.783831477165222168e-01
6.964755654335021973e-01
3.779058754444122314e-01
5.021378397941589355e-01
5.166211724281311035e-01
5.164358019828796387e-01
3.779058754444122314e-01
5.127026438713073730e-01
3.779058754444122314e-01
5.221320390701293945e-01
6.795148253440856934e-01
3.779058754444122314e-01
3.779058754444122314e-01
5.149101614952087402e-01
3.779058754444122314e-01
5.189051628112792969e-01
3.779058754444122314e-01
3.779058754444122314e-01
5.064284801483154297e-01
3.779058754444122314e-01
5.158752799034118652e-01
6.722844243049621582e-01
5.036326050758361816e-01
5.061819553375244141e-01
3.779058754444122314e-01
3.779058754444122314e-01
3.779058754444122314e-01
5.050038099288940430e-01
5.075868368148803711e-01
3.779058754444122314e-01
5.089169144630432129e-01
4.966644048690795898e-01
5.061085224151611328e-01
3.779058754444122314e-01
5.102968811988830566e-01
3.779058754444122314e-01
3.779058754444122314e-01
3.779058754444122314e-01
3.779058754444122314e-01
5.228937268257141113e-01
5.021257400512695312e-01
3.779058754444122314e-01
3.779058754444122314e-01
3.779058754444122314e-01
3.779058754444122314e-01
3.779058754444122314e-01
3.779058754444122314e-01
4.311441481113433838e-01
5.073346495628356934e-01
4.437718689441680908e-01
3.779058754444122314e-01
3.779058754444122314e-01
5.115405917167663574e-01
3.779058754444122314e-01
3.779058754444122314e-01
3.779058754444122314e-01
5.066691040992736816e-01
5.135209560394287109e-01
3.779058754444122314e-01
3.779058754444122314e-01
3.779058754444122314e-01
3.779058754444122314e-01
3.779058754444122314e-01
3.779058754444122314e-01
3.779058754444122314e-01
3.779058754444122314e-01
3.779058754444122314e-01
2.695098519325256348e-01
3.779058754444122314e-01
3.779058754444122314e-01
3.779058754444122314e-01
3.779058754444122314e-01
3.779058754444122314e-01
3.779058754444122314e-01
3.779058754444122314e-01
3.779058754444122314e-01
3.779058754444122314e-01
3.779058754444122314e-01
3.779058754444122314e-01
3.779058754444122314e-01
3.779058754444122314e-01
3.779058754444122314e-01
3.779058754444122314e-01
3.779058754444122314e-01
3.779058754444122314e-01
3.779058754444122314e-01
3.779058754444122314e-01
3.779058754444122314e-01
3.779058754444122314e-01
3.779058754444122314e-01
3.779058754444122314e-01
3.779058754444122314e-01
3.779058754444122314e-01
3.779058754444122314e-01
3.779058754444122314e-01
3.779058754444122314e-01
3.779058754444122314e-01
3.779058754444122314e-01
3.779058754444122314e-01
3.779058754444122314e-01
3.779058754444122314e-01
3.779058754444122314e-01
3.779058754444122314e-01
3.779058754444122314e-01
3.779058754444122314e-01
3.779058754444122314e-01
3.779058754444122314e-01
3.779058754444122314e-01
3.779058754444122314e-01
3.779058754444122314e-01
3.779058754444122314e-01
3.779058754444122314e-01
3.779058754444122314e-01
3.779058754444122314e-01
3.779058754444122314e-01
3.779058754444122314e-01
3.779058754444122314e-01
3.779058754444122314e-01
3.779058754444122314e-01
3.779058754444122314e-01
3.779058754444122314e-01
3.779058754444122314e-01
3.779058754444122314e-01
3.779058754444122314e-01
3.779058754444122314e-01
3.779058754444122314e-01
3.779058754444122314e-01
3.779058754444122314e-01
3.779058754444122314e-01
3.779058754444122314e-01
3.779058754444122314e-01
3.779058754444122314e-01
3.779058754444122314e-01
3.779058754444122314e-01
3.779058754444122314e-01
3.779058754444122314e-01
3.779058754444122314e-01
3.779058754444122314e-01
3.779058754444122314e-01
3.779058754444122314e-01
3.779058754444122314e-01
3.779058754444122314e-01
3.779058754444122314e-01
3.779058754444122314e-01
3.779058754444122314e-01
3.779058754444122314e-01
3.779058754444122314e-01
3.779058754444122314e-01
3.779058754444122314e-01
3.779058754444122314e-01
3.779058754444122314e-01
3.779058754444122314e-01
3.779058754444122314e-01
3.779058754444122314e-01
3.779058754444122314e-01
3.779058754444122314e-01
3.779058754444122314e-01
3.779058754444122314e-01
3.779058754444122314e-01
3.779058754444122314e-01
3.779058754444122314e-01
3.779058754444122314e-01
3.779058754444122314e-01
3.779058754444122314e-01
3.779058754444122314e-01
3.779058754444122314e-01
3.779058754444122314e-01
3.779058754444122314e-01
3.779058754444122314e-01
3.779058754444122314e-01
3.779058754444122314e-01
3.779058754444122314e-01
3.779058754444122314e-01
3.779058754444122314e-01
3.779058754444122314e-01
3.779058754444122314e-01
3.779058754444122314e-01
3.779058754444122314e-01
3.779058754444122314e-01
3.779058754444122314e-01
3.779058754444122314e-01
3.779058754444122314e-01
3.779058754444122314e-01
3.779058754444122314e-01
3.779058754444122314e-01
1.609006226062774658e-01
3.779058754444122314e-01
3.779058754444122314e-01
3.779058754444122314e-01
1.865729838609695435e-01
3.779058754444122314e-01
3.779058754444122314e-01
3.779058754444122314e-01
3.779058754444122314e-01
3.779058754444122314e-01
3.779058754444122314e-01
3.779058754444122314e-01
3.779058754444122314e-01
3.779058754444122314e-01
3.779058754444122314e-01
3.779058754444122314e-01
2.619254291057586670e-01
3.779058754444122314e-01
3.779058754444122314e-01
3.779058754444122314e-01
3.779058754444122314e-01
3.779058754444122314e-01
3.779058754444122314e-01
3.779058754444122314e-01
3.779058754444122314e-01
3.779058754444122314e-01
3.779058754444122314e-01
3.779058754444122314e-01
3.779058754444122314e-01
3.779058754444122314e-01
3.779058754444122314e-01
3.779058754444122314e-01
3.779058754444122314e-01
3.779058754444122314e-01
3.779058754444122314e-01
3.779058754444122314e-01
3.779058754444122314e-01
3.779058754444122314e-01
3.779058754444122314e-01
3.779058754444122314e-01
3.779058754444122314e-01
3.779058754444122314e-01
3.779058754444122314e-01
3.779058754444122314e-01
3.779058754444122314e-01
3.779058754444122314e-01
3.779058754444122314e-01
3.779058754444122314e-01
3.779058754444122314e-01
3.779058754444122314e-01
3.779058754444122314e-01
3.779058754444122314e-01
3.779058754444122314e-01
3.779058754444122314e-01
3.779058754444122314e-01
3.779058754444122314e-01
3.779058754444122314e-01
3.779058754444122314e-01
3.779058754444122314e-01
3.779058754444122314e-01
3.779058754444122314e-01
3.779058754444122314e-01
3.779058754444122314e-01
3.779058754444122314e-01
3.779058754444122314e-01
3.779058754444122314e-01
3.779058754444122314e-01
3.779058754444122314e-01
3.779058754444122314e-01
3.779058754444122314e-01
3.779058754444122314e-01
3.779058754444122314e-01
3.779058754444122314e-01
3.779058754444122314e-01
3.779058754444122314e-01
3.779058754444122314e-01
3.779058754444122314e-01
3.779058754444122314e-01
3.779058754444122314e-01
3.779058754444122314e-01
3.779058754444122314e-01
3.779058754444122314e-01
3.779058754444122314e-01
3.779058754444122314e-01
3.779058754444122314e-01
3.779058754444122314e-01
3.779058754444122314e-01
3.779058754444122314e-01
3.779058754444122314e-01
3.779058754444122314e-01
3.779058754444122314e-01
3.779058754444122314e-01
3.779058754444122314e-01
3.779058754444122314e-01
3.779058754444122314e-01
3.779058754444122314e-01
3.779058754444122314e-01
3.779058754444122314e-01
3.779058754444122314e-01
3.779058754444122314e-01
3.779058754444122314e-01
3.779058754444122314e-01
3.779058754444122314e-01
3.779058754444122314e-01
3.779058754444122314e-01
3.779058754444122314e-01
3.779058754444122314e-01
3.779058754444122314e-01
3.779058754444122314e-01
3.779058754444122314e-01
3.779058754444122314e-01
3.779058754444122314e-01
3.779058754444122314e-01
3.779058754444122314e-01
3.779058754444122314e-01
3.779058754444122314e-01
3.779058754444122314e-01
3.779058754444122314e-01
3.779058754444122314e-01
3.779058754444122314e-01
3.779058754444122314e-01
3.779058754444122314e-01
3.779058754444122314e-01
3.779058754444122314e-01
3.779058754444122314e-01
3.779058754444122314e-01
3.779058754444122314e-01
3.779058754444122314e-01
3.779058754444122314e-01
3.779058754444122314e-01
3.779058754444122314e-01
3.779058754444122314e-01
3.779058754444122314e-01
3.779058754444122314e-01
