9.048129916191101074e-01
9.933946728706359863e-01
9.976024031639099121e-01
8.375398516654968262e-01
7.441897392272949219e-01
8.358953595161437988e-01
5.845049023628234863e-01
7.647466063499450684e-01
9.202746152877807617e-01
9.863298535346984863e-01
9.832630157470703125e-01
8.437481522560119629e-01
7.575526833534240723e-01
9.860984086990356445e-01
7.819178104400634766e-01
9.234034419059753418e-01
7.587307691574096680e-01
6.461499929428100586e-01
5.877329111099243164e-01
9.006622433662414551e-01
8.732249140739440918e-01
9.973731040954589844e-01
9.349061250686645508e-01
8.174833655357360840e-01
6.594451665878295898e-01
6.312769055366516113e-01
6.048942208290100098e-01
9.427002668380737305e-01
7.108802795410156250e-01
9.369292855262756348e-01
9.946326017379760742e-01
8.603234887123107910e-01
6.062271595001220703e-01
3.983785510063171387e-01
9.886216521263122559e-01
6.571795940399169922e-01
6.329633593559265137e-01
6.302208304405212402e-01
6.474926471710205078e-01
6.129233837127685547e-01
9.497520327568054199e-01
6.142824292182922363e-01
6.575069427490234375e-01
6.430589556694030762e-01
9.303348660469055176e-01
7.212479114532470703e-01
7.003931403160095215e-01
7.909756898880004883e-01
8.736827373504638672e-01
6.546581983566284180e-01
9.754559397697448730e-01
5.563911199569702148e-01
9.750339388847351074e-01
7.780661582946777344e-01
6.975112557411193848e-01
9.918236136436462402e-01
8.476817607879638672e-01
9.505366683006286621e-01
9.868560433387756348e-01
9.930371642112731934e-01
5.910579562187194824e-01
8.934689760208129883e-01
9.808345437049865723e-01
8.029441237449645996e-01
6.827993988990783691e-01
8.932432532310485840e-01
8.854182958602905273e-01
5.985668301582336426e-01
8.553181290626525879e-01
9.762586355209350586e-01
8.025942444801330566e-01
9.539000988006591797e-01
8.875107765197753906e-01
9.804125428199768066e-01
7.893813252449035645e-01
8.686063885688781738e-01
9.597457647323608398e-01
9.932249188423156738e-01
6.725595593452453613e-01
9.838926792144775391e-01
9.808809757232666016e-01
9.764125347137451172e-01
9.877997636795043945e-01
8.832703232765197754e-01
9.648936390876770020e-01
9.483479261398315430e-01
8.409829139709472656e-01
9.804877638816833496e-01
8.841218352317810059e-01
9.325190186500549316e-01
6.694229245185852051e-01
8.189929127693176270e-01
9.761736989021301270e-01
4.515407383441925049e-01
9.847819209098815918e-01
9.910783171653747559e-01
8.545308709144592285e-01
9.508138298988342285e-01
9.604306817054748535e-01
8.600183725357055664e-01
9.797577857971191406e-01
9.859973192214965820e-01
9.790197014808654785e-01
9.862899184226989746e-01
9.759441614151000977e-01
7.634369134902954102e-01
9.157803058624267578e-01
9.123637676239013672e-01
9.914092421531677246e-01
9.605425000190734863e-01
9.820933341979980469e-01
8.834946751594543457e-01
9.825021028518676758e-01
9.677587151527404785e-01
9.606065154075622559e-01
9.807866215705871582e-01
9.674122929573059082e-01
8.553497195243835449e-01
8.953756690025329590e-01
8.259631991386413574e-01
9.787558317184448242e-01
8.395595550537109375e-01
9.817599654197692871e-01
9.846338629722595215e-01
9.014583230018615723e-01
9.900647997856140137e-01
8.157443404197692871e-01
8.908141255378723145e-01
9.915075302124023438e-01
9.818896055221557617e-01
9.939506053924560547e-01
9.778249859809875488e-01
8.950213193893432617e-01
9.854704141616821289e-01
5.040134191513061523e-01
8.776955604553222656e-01
9.622310400009155273e-01
9.852919578552246094e-01
8.874701857566833496e-01
9.652692675590515137e-01
9.772612452507019043e-01
8.472263813018798828e-01
9.173867106437683105e-01
9.859080910682678223e-01
9.129033088684082031e-01
9.320382475852966309e-01
9.807109236717224121e-01
8.613098263740539551e-01
9.878660440444946289e-01
9.624618887901306152e-01
5.400999784469604492e-01
7.573502659797668457e-01
4.908295571804046631e-01
7.016173601150512695e-01
6.503466963768005371e-01
6.825832128524780273e-01
6.877280473709106445e-01
3.699360191822052002e-01
4.473473429679870605e-01
6.443502902984619141e-01
6.013333797454833984e-01
7.698280215263366699e-01
9.438410401344299316e-01
4.944714903831481934e-01
7.644807696342468262e-01
4.128588438034057617e-01
5.030865669250488281e-01
5.186893939971923828e-01
5.632895827293395996e-01
7.066025733947753906e-01
8.267430663108825684e-01
6.757180094718933105e-01
4.917501807212829590e-01
5.930936336517333984e-01
4.491537809371948242e-01
5.039843320846557617e-01
4.430757462978363037e-01
7.490392923355102539e-01
4.858578145503997803e-01
3.624526858329772949e-01
4.780634343624114990e-01
7.310701608657836914e-01
5.903119444847106934e-01
5.689085721969604492e-01
3.762354254722595215e-01
5.120873451232910156e-01
5.204256772994995117e-01
7.274601459503173828e-01
7.775885462760925293e-01
5.752085447311401367e-01
9.459292292594909668e-01
5.417411923408508301e-01
4.351012706756591797e-01
4.494990408420562744e-01
4.041450321674346924e-01
5.653572678565979004e-01
3.880600035190582275e-01
5.162857174873352051e-01
6.598193645477294922e-01
6.385995745658874512e-01
4.546305239200592041e-01
5.784475207328796387e-01
4.563000798225402832e-01
4.415993392467498779e-01
2.922554314136505127e-01
5.465772747993469238e-01
6.491757631301879883e-01
4.040816724300384521e-01
7.640925645828247070e-01
6.509154438972473145e-01
7.795873880386352539e-01
5.834521055221557617e-01
5.978143811225891113e-01
4.116605222225189209e-01
7.789504528045654297e-01
7.077653408050537109e-01
3.811802566051483154e-01
5.103025436401367188e-01
4.182281494140625000e-01
4.883355796337127686e-01
7.706874608993530273e-01
8.053018450736999512e-01
6.285547018051147461e-01
5.067046284675598145e-01
5.695769786834716797e-01
4.418106675148010254e-01
4.588727056980133057e-01
4.619960486888885498e-01
7.177635431289672852e-01
5.375159382820129395e-01
4.632574319839477539e-01
5.423256158828735352e-01
7.194830179214477539e-01
7.051983475685119629e-01
5.989384651184082031e-01
7.407274246215820312e-01
6.205204725265502930e-01
7.796505689620971680e-01
4.354413151741027832e-01
4.730251431465148926e-01
8.009880185127258301e-01
5.000984072685241699e-01
5.960976481437683105e-01
7.628749608993530273e-01
7.534471750259399414e-01
1.705969125032424927e-01
9.326105713844299316e-01
8.979798555374145508e-01
9.274526834487915039e-01
6.821785569190979004e-01
3.707957863807678223e-01
9.051687717437744141e-01
8.674111366271972656e-01
8.801532983779907227e-01
3.374672532081604004e-01
9.531852602958679199e-01
9.340624809265136719e-01
9.742414951324462891e-01
8.813257813453674316e-01
9.373443722724914551e-01
9.058787822723388672e-01
8.389030694961547852e-01
5.029453635215759277e-01
1.768164187669754028e-01
6.024693250656127930e-01
8.290852308273315430e-01
9.461100101470947266e-01
9.239733219146728516e-01
2.654268443584442139e-01
9.511580467224121094e-01
8.891310095787048340e-01
9.875284433364868164e-01
5.300952196121215820e-01
9.575231075286865234e-01
9.834204316139221191e-01
8.077402114868164062e-01
9.200270771980285645e-01
9.083750844001770020e-01
9.424630403518676758e-01
9.497293829917907715e-01
9.569947123527526855e-01
9.407410025596618652e-01
9.112799167633056641e-01
8.787668347358703613e-01
5.975286364555358887e-01
9.438797831535339355e-01
9.738765358924865723e-01
9.875817298889160156e-01
9.198654294013977051e-01
9.172639250755310059e-01
8.785910606384277344e-01
9.901098608970642090e-01
5.289115905761718750e-01
5.111252665519714355e-01
9.692012071609497070e-01
9.418025612831115723e-01
9.658463001251220703e-01
8.928639888763427734e-01
8.953810930252075195e-01
9.055432081222534180e-01
8.913837075233459473e-01
8.365247249603271484e-01
8.782512545585632324e-01
2.023468464612960815e-01
4.458266496658325195e-01
9.782659411430358887e-01
6.852470636367797852e-01
4.179249405860900879e-01
9.268512129783630371e-01
9.056456685066223145e-01
8.601511716842651367e-01
9.347567558288574219e-01
2.029647082090377808e-01
9.818061590194702148e-01
9.621711373329162598e-01
8.688001632690429688e-01
4.747186005115509033e-01
9.870486855506896973e-01
9.580388069152832031e-01
6.182691454887390137e-01
4.723447263240814209e-01
9.522076845169067383e-01
6.890603303909301758e-01
9.905693531036376953e-01
5.883767008781433105e-01
9.283097386360168457e-01
9.641413092613220215e-01
4.273761808872222900e-01
9.251185059547424316e-01
9.380333423614501953e-01
9.831504225730895996e-01
8.920454382896423340e-01
4.074025452136993408e-01
9.420836567878723145e-01
9.600117802619934082e-01
9.421398639678955078e-01
9.864491820335388184e-01
4.990059137344360352e-01
8.329949975013732910e-01
8.984329104423522949e-01
9.168617129325866699e-01
4.971649050712585449e-01
8.949322700500488281e-01
9.476784467697143555e-01
7.610456943511962891e-01
8.844695091247558594e-01
9.098553657531738281e-01
9.735086560249328613e-01
9.522076845169067383e-01
8.676002025604248047e-01
9.900518059730529785e-01
8.328942656517028809e-01
9.930709004402160645e-01
9.653236865997314453e-01
4.089218378067016602e-01
4.860346317291259766e-01
6.215143799781799316e-01
7.457267045974731445e-01
9.455847144126892090e-01
8.013511300086975098e-01
8.068156242370605469e-01
4.255217909812927246e-01
5.852898955345153809e-01
3.342462182044982910e-01
8.577274680137634277e-01
8.548698425292968750e-01
5.624168515205383301e-01
5.094854235649108887e-01
8.222460746765136719e-01
6.061586737632751465e-01
7.121750712394714355e-01
6.886458992958068848e-01
9.342252016067504883e-01
8.807485103607177734e-01
6.883535385131835938e-01
4.971396923065185547e-01
6.409779191017150879e-01
9.124081134796142578e-01
4.678278863430023193e-01
7.626143097877502441e-01
8.976858854293823242e-01
4.377149939537048340e-01
7.504907846450805664e-01
9.214232563972473145e-01
1.804638504981994629e-01
7.498266100883483887e-01
4.054723381996154785e-01
7.862554192543029785e-01
8.718545436859130859e-01
8.738799691200256348e-01
7.580600380897521973e-01
6.659477353096008301e-01
4.948011934757232666e-01
1.405400037765502930e-01
6.955726742744445801e-01
8.635287284851074219e-01
8.699010610580444336e-01
7.637056708335876465e-01
5.686486959457397461e-01
8.000332117080688477e-01
3.178961575031280518e-01
4.020512402057647705e-01
6.934053897857666016e-01
9.166034460067749023e-01
6.960650086402893066e-01
6.882655620574951172e-01
6.397542953491210938e-01
7.942732572555541992e-01
5.864256024360656738e-01
7.703234553337097168e-01
5.004914999008178711e-01
8.166424632072448730e-01
4.757308661937713623e-01
8.913161158561706543e-01
6.127743721008300781e-01
9.203676581382751465e-01
5.584769248962402344e-01
4.668812155723571777e-01
5.380023121833801270e-01
9.316111803054809570e-01
3.781042098999023438e-01
9.047084450721740723e-01
2.310027033090591431e-01
6.465712785720825195e-01
3.705652058124542236e-01
3.807116746902465820e-01
9.031907320022583008e-01
9.148386120796203613e-01
9.968845248222351074e-01
6.872144341468811035e-01
7.287656068801879883e-01
8.363697528839111328e-01
9.662676453590393066e-01
9.593901634216308594e-01
8.631908893585205078e-01
9.593304395675659180e-01
9.906790852546691895e-01
9.195877313613891602e-01
9.221699237823486328e-01
7.556819319725036621e-01
8.663244247436523438e-01
6.327874064445495605e-01
9.293302893638610840e-01
9.367322921752929688e-01
9.964470267295837402e-01
8.749086260795593262e-01
6.883741617202758789e-01
5.949226617813110352e-01
9.468687772750854492e-01
9.706455469131469727e-01
9.945253133773803711e-01
6.415560245513916016e-01
9.261129498481750488e-01
8.753105998039245605e-02
9.739116430282592773e-01
9.949318766593933105e-01
8.179199099540710449e-01
8.915429711341857910e-01
8.371391296386718750e-01
9.379986524581909180e-01
8.395220637321472168e-01
9.297151565551757812e-01
9.517229795455932617e-01
6.058519482612609863e-01
9.750755429267883301e-01
7.202895283699035645e-01
7.054087519645690918e-01
9.122779965400695801e-01
7.581077814102172852e-01
9.900542497634887695e-01
5.451918840408325195e-01
9.928049445152282715e-01
9.027336239814758301e-01
8.160089850425720215e-01
9.283243417739868164e-01
9.962170720100402832e-01
9.816845059394836426e-01
9.843442440032958984e-01
9.074301123619079590e-01
9.796424508094787598e-01
7.617508172988891602e-01
9.421234726905822754e-01
9.583424329757690430e-01
9.919908642768859863e-01
9.241991043090820312e-01
9.301893115043640137e-01
9.968487620353698730e-01
9.051384925842285156e-01
9.823038578033447266e-01
9.898446798324584961e-01
7.790178060531616211e-01
8.914579749107360840e-01
7.675257921218872070e-01
6.468383669853210449e-01
8.837842345237731934e-01
7.285438179969787598e-01
8.382121920585632324e-01
9.009122252464294434e-01
9.582970142364501953e-01
7.209396362304687500e-01
3.730362653732299805e-02
7.386535871773958206e-03
3.178025037050247192e-02
5.698376893997192383e-01
4.762632399797439575e-02
1.250920537859201431e-02
6.230487227439880371e-01
1.966921426355838776e-02
2.128127403557300568e-02
1.615204811096191406e-01
5.988276680000126362e-04
7.176932692527770996e-02
6.368710398674011230e-01
2.714010886847972870e-02
2.067690901458263397e-02
4.360428825020790100e-02
8.412874490022659302e-02
4.077024459838867188e-01
5.805877447128295898e-01
2.446356974542140961e-02
3.625517943874001503e-03
4.243639856576919556e-02
1.167378854006528854e-02
1.072244439274072647e-02
6.029094103723764420e-03
4.570087790489196777e-01
1.174299512058496475e-02
1.411146391183137894e-02
6.765834055840969086e-03
8.640063926577568054e-03
4.164954423904418945e-01
4.670264665037393570e-03
3.713120706379413605e-03
2.144843339920043945e-02
5.682405084371566772e-02
5.959821343421936035e-01
7.462278008460998535e-01
7.318395376205444336e-01
5.793287158012390137e-01
1.147095393389463425e-02
5.687958002090454102e-01
3.127117641270160675e-03
5.405471846461296082e-02
4.036120772361755371e-01
4.145804345607757568e-01
6.906248163431882858e-03
2.596413902938365936e-02
4.665510728955268860e-02
1.935292407870292664e-02
7.187718152999877930e-02
1.085917279124259949e-02
5.320240259170532227e-01
5.384645462036132812e-01
7.936214096844196320e-03
5.029470100998878479e-02
4.984703287482261658e-02
6.860460638999938965e-01
2.663139719516038895e-03
2.467773482203483582e-02
2.269490510225296021e-01
3.121373355388641357e-01
1.009733788669109344e-02
2.873997762799263000e-02
1.802376471459865570e-02
5.716688632965087891e-01
9.653157554566860199e-03
2.312823198735713959e-03
7.346687316894531250e-01
8.170589059591293335e-02
1.241262406110763550e-01
6.199036240577697754e-01
7.787106931209564209e-02
1.047675497829914093e-02
3.175669535994529724e-02
4.016956984996795654e-01
4.943339526653289795e-02
1.108538825064897537e-02
1.490798126906156540e-02
1.231488510966300964e-01
8.676149882376194000e-03
2.603171626105904579e-03
4.695295915007591248e-02
1.170109584927558899e-02
6.866068392992019653e-02
3.594961464405059814e-01
6.471155676990747452e-03
8.134024143218994141e-01
1.441965531557798386e-02
1.521817892789840698e-01
2.032873593270778656e-02
1.303067207336425781e-01
3.740762770175933838e-01
8.756030350923538208e-03
5.133049488067626953e-01
1.335494779050350189e-02
2.526237256824970245e-02
3.321946412324905396e-02
9.547029435634613037e-02
8.365266956388950348e-03
2.329311706125736237e-02
1.607184298336505890e-03
1.345326751470565796e-02
3.087766468524932861e-02
1.379234157502651215e-02
7.863396778702735901e-03
1.153290122747421265e-01
1.526502966880798340e-01
9.017083048820495605e-02
1.524850632995367050e-02
2.769553568214178085e-03
1.836682297289371490e-02
1.175083592534065247e-01
1.324525102972984314e-02
1.926696114242076874e-02
3.803849518299102783e-01
4.364120308309793472e-03
5.455207452178001404e-02
9.689991362392902374e-03
1.568627916276454926e-02
3.180096670985221863e-02
1.591871120035648346e-02
1.809215545654296875e-02
1.219663769006729126e-02
2.794420532882213593e-02
2.234495989978313446e-02
6.080002989619970322e-03
1.341901570558547974e-01
8.088267445564270020e-01
1.694950275123119354e-02
1.016221102327108383e-02
3.583355806767940521e-03
3.592284917831420898e-01
1.282539218664169312e-01
4.144486039876937866e-02
3.606151938438415527e-01
4.063318669795989990e-02
1.676109619438648224e-02
6.469476036727428436e-03
3.150017186999320984e-02
2.974394708871841431e-03
1.381322834640741348e-02
3.217771649360656738e-02
1.336699724197387695e-02
1.452698279172182083e-02
3.129862993955612183e-02
5.819144099950790405e-02
3.729538759216666222e-03
9.129273891448974609e-02
5.127443745732307434e-02
2.340646833181381226e-02
1.148729622364044189e-01
5.586929321289062500e-01
4.108301699161529541e-01
6.225931048393249512e-01
4.445199966430664062e-01
1.551125049591064453e-01
9.649170190095901489e-02
3.402726352214813232e-01
7.339636236429214478e-02
3.895609080791473389e-01
3.023290038108825684e-01
5.770339369773864746e-01
1.339828968048095703e-01
1.184467226266860962e-01
3.721922039985656738e-01
2.125323861837387085e-01
2.298124879598617554e-01
2.572989463806152344e-01
2.884342670440673828e-01
4.579727053642272949e-01
2.336027175188064575e-01
4.986749887466430664e-01
5.846887826919555664e-01
1.252648085355758667e-01
4.626111090183258057e-01
4.085973501205444336e-01
2.421561628580093384e-01
5.591737031936645508e-01
4.478600025177001953e-01
1.425328850746154785e-01
3.716954290866851807e-01
1.934147626161575317e-01
3.607132732868194580e-01
2.954058945178985596e-01
1.900691688060760498e-01
3.347732126712799072e-01
5.287928581237792969e-01
1.632210165262222290e-01
4.609911441802978516e-01
4.813764095306396484e-01
2.239098250865936279e-01
2.787532210350036621e-01
4.621782302856445312e-01
1.084287017583847046e-01
4.654188156127929688e-01
2.748266756534576416e-01
1.267183125019073486e-01
2.390674501657485962e-01
4.934776127338409424e-01
5.202279090881347656e-01
4.611164331436157227e-01
3.113702237606048584e-01
3.623014688491821289e-01
4.502748548984527588e-01
5.414177775382995605e-01
2.222032845020294189e-01
4.665184319019317627e-01
2.646338939666748047e-01
3.314567208290100098e-01
4.463126659393310547e-01
4.720246195793151855e-01
2.732772231101989746e-01
1.538606286048889160e-01
5.534550547599792480e-01
3.230636119842529297e-01
3.845027387142181396e-01
3.724182844161987305e-01
2.085420489311218262e-01
4.715703725814819336e-01
1.636282503604888916e-01
2.476751506328582764e-01
9.507896006107330322e-02
1.458888053894042969e-01
3.242073953151702881e-01
8.650364726781845093e-02
4.257254004478454590e-01
1.046518236398696899e-01
4.364922642707824707e-01
4.664856493473052979e-01
3.462025821208953857e-01
5.054833889007568359e-01
5.218616127967834473e-01
4.380179643630981445e-01
5.118917822837829590e-01
2.460832595825195312e-01
5.006192326545715332e-01
2.890276312828063965e-01
2.315890192985534668e-01
3.802798986434936523e-01
4.092871546745300293e-01
4.503044486045837402e-01
1.364942789077758789e-01
4.664941132068634033e-01
1.535672321915626526e-02
5.188136175274848938e-02
1.841783076524734497e-01
5.396815389394760132e-02
5.862733349204063416e-02
8.533538132905960083e-02
3.543476387858390808e-02
7.376507669687271118e-02
8.393309265375137329e-02
4.927039146423339844e-02
1.496714949607849121e-01
6.621930748224258423e-02
1.265223324298858643e-01
6.266593933105468750e-01
8.083282411098480225e-02
9.205584973096847534e-02
1.092427223920822144e-01
8.207355141639709473e-01
1.014729961752891541e-01
1.442960798740386963e-01
1.748173981904983521e-01
1.134808510541915894e-01
1.465085297822952271e-01
6.617052853107452393e-02
1.138747259974479675e-01
5.584568902850151062e-02
1.669588387012481689e-01
2.670511230826377869e-02
1.108730882406234741e-01
9.271025657653808594e-02
8.409541100263595581e-02
5.205801725387573242e-01
7.344023883342742920e-02
6.712456792593002319e-02
2.565271034836769104e-02
5.328839644789695740e-02
6.736006587743759155e-02
1.395492851734161377e-01
2.720294706523418427e-02
2.828426063060760498e-01
2.025206387042999268e-01
1.140806525945663452e-01
4.058603942394256592e-02
1.272506918758153915e-02
2.201457321643829346e-01
7.137779891490936279e-02
4.888355359435081482e-02
6.880398094654083252e-02
1.636836528778076172e-01
1.649475097656250000e-01
1.286116801202297211e-02
6.436342746019363403e-02
1.142249107360839844e-01
7.181327790021896362e-02
1.551114916801452637e-01
8.450622111558914185e-02
2.324342280626296997e-01
4.219675064086914062e-02
7.924024015665054321e-02
2.070143222808837891e-01
3.875701129436492920e-01
1.079612672328948975e-01
4.488417506217956543e-02
2.216101735830307007e-01
2.388857007026672363e-01
4.857634752988815308e-02
3.234955370426177979e-01
9.238642454147338867e-02
8.884283155202865601e-02
8.669053018093109131e-02
6.016161292791366577e-02
5.828240513801574707e-02
1.046420559287071228e-01
9.092095494270324707e-02
7.683563232421875000e-02
5.805227905511856079e-02
3.180508688092231750e-02
5.925500020384788513e-02
1.964790374040603638e-01
1.018357053399085999e-01
2.012865692377090454e-01
1.338664591312408447e-01
1.446867287158966064e-01
4.027509316802024841e-02
1.918992400169372559e-01
1.108240783214569092e-01
7.738538831472396851e-02
1.668097674846649170e-01
7.343493402004241943e-02
1.767558157444000244e-01
2.138745784759521484e-02
9.488067775964736938e-02
1.452500671148300171e-01
3.010669909417629242e-02
1.139063760638237000e-01
2.794223651289939880e-02
3.117714226245880127e-01
1.701191067695617676e-01
2.243771776556968689e-02
7.260438799858093262e-01
2.881131321191787720e-02
5.386028811335563660e-02
1.152299791574478149e-01
1.848188601434230804e-02
8.461606502532958984e-02
4.301772713661193848e-01
3.434336185455322266e-02
6.124271824955940247e-02
1.362777948379516602e-01
1.959440857172012329e-02
3.257034346461296082e-02
5.589742958545684814e-02
2.524393238127231598e-02
1.049721166491508484e-01
1.897299736738204956e-01
7.636246830224990845e-02
1.333233863115310669e-01
1.143339648842811584e-01
8.293149620294570923e-02
3.552897274494171143e-01
3.283971920609474182e-02
6.429907679557800293e-02
5.158618688583374023e-01
1.217077150940895081e-01
1.313122063875198364e-01
2.234388291835784912e-01
1.064796820282936096e-01
1.524778902530670166e-01
8.557763695716857910e-02
1.220455691218376160e-01
1.290806233882904053e-01
2.045433968305587769e-01
3.826869428157806396e-01
1.054625660181045532e-01
4.832251071929931641e-01
3.212649226188659668e-01
1.263135373592376709e-01
3.680870532989501953e-01
1.988073140382766724e-01
4.202292487025260925e-02
2.010203003883361816e-01
3.880414962768554688e-01
1.086315140128135681e-01
1.031224206089973450e-01
1.692779958248138428e-01
1.111005395650863647e-01
4.329318925738334656e-02
3.459474444389343262e-01
5.607636645436286926e-02
5.384150743484497070e-01
1.409150809049606323e-01
2.502359151840209961e-01
2.216314524412155151e-01
2.388523668050765991e-01
6.391583383083343506e-02
6.982480734586715698e-02
1.264807581901550293e-01
3.500371798872947693e-02
6.933079659938812256e-02
3.985437378287315369e-02
1.386345922946929932e-01
3.577736392617225647e-02
6.381099820137023926e-01
3.080432489514350891e-02
2.435904182493686676e-02
4.944164752960205078e-01
6.398754566907882690e-02
5.739486217498779297e-02
3.759702444076538086e-01
1.830243021249771118e-01
4.602354168891906738e-01
3.736346065998077393e-01
8.460816740989685059e-02
2.210795283317565918e-01
1.946515440940856934e-01
7.530596852302551270e-02
4.690887033939361572e-01
1.786435544490814209e-01
3.420127928256988525e-01
7.321809232234954834e-02
3.417221903800964355e-01
5.544834583997726440e-02
2.389105223119258881e-02
1.265428680926561356e-02
1.548265427118167281e-04
6.268227696418762207e-01
6.079880148172378540e-02
4.236723110079765320e-02
8.831696957349777222e-02
5.657953768968582153e-02
1.944542489945888519e-02
1.638854481279850006e-02
3.023679892066866159e-04
2.825338626280426979e-03
3.095749067142605782e-03
6.989050507545471191e-01
2.107062004506587982e-02
3.424826636910438538e-02
3.031697571277618408e-01
1.583785936236381531e-02
7.926554535515606403e-04
7.257443666458129883e-01
1.365368217229843140e-01
5.846216082572937012e-01
3.270505368709564209e-02
3.106037154793739319e-02
1.330478768795728683e-02
1.517079421319067478e-03
5.634317398071289062e-01
4.588018357753753662e-01
1.973010413348674774e-02
2.771897241473197937e-03
2.125387825071811676e-02
2.490774542093276978e-01
9.439204819500446320e-03
2.799563342705368996e-03
4.581479821354150772e-03
5.352180451154708862e-02
7.302020676434040070e-03
1.211701892316341400e-02
3.029149211943149567e-02
4.997421503067016602e-01
4.935256838798522949e-01
1.575001142919063568e-02
2.974217943847179413e-02
5.992863178253173828e-01
3.317645192146301270e-02
3.325018286705017090e-02
1.521396264433860779e-02
2.506085671484470367e-02
7.159154396504163742e-03
3.837803751230239868e-02
4.433504492044448853e-02
5.510895699262619019e-02
1.496961154043674469e-02
2.269529271870851517e-03
3.568971157073974609e-01
1.486984267830848694e-02
8.763380348682403564e-03
5.706439167261123657e-02
1.773969829082489014e-01
2.805392071604728699e-02
5.728684831410646439e-03
6.673657298088073730e-01
1.773594133555889130e-02
8.586346171796321869e-03
1.185864582657814026e-02
8.957483223639428616e-04
2.688944898545742035e-02
2.879010736942291260e-01
7.913799025118350983e-03
8.465693099424242973e-04
5.087607726454734802e-02
9.241549670696258545e-02
1.842196471989154816e-02
3.757775574922561646e-02
