5.164946317672729492e-01
4.912979006767272949e-01
4.620116055011749268e-01
5.360935926437377930e-01
5.221573114395141602e-01
4.922143220901489258e-01
5.065960288047790527e-01
5.321393609046936035e-01
5.500316619873046875e-01
4.893979132175445557e-01
5.252976417541503906e-01
5.379521250724792480e-01
5.092987418174743652e-01
5.244947075843811035e-01
5.332328081130981445e-01
5.160493850708007812e-01
5.075644254684448242e-01
5.238790512084960938e-01
5.220345258712768555e-01
4.738393723964691162e-01
5.171524882316589355e-01
4.917925596237182617e-01
5.187039971351623535e-01
5.203387737274169922e-01
5.125236511230468750e-01
5.374792814254760742e-01
5.443789362907409668e-01
5.324392318725585938e-01
5.278586149215698242e-01
4.925482571125030518e-01
5.168761014938354492e-01
4.959162473678588867e-01
4.879229664802551270e-01
5.339720249176025391e-01
4.871808886528015137e-01
4.833109676837921143e-01
4.982112944126129150e-01
4.983246624469757080e-01
5.048575401306152344e-01
5.313997268676757812e-01
4.938005208969116211e-01
5.503796935081481934e-01
4.720910191535949707e-01
4.979330301284790039e-01
5.072261691093444824e-01
5.269412994384765625e-01
5.017762184143066406e-01
4.840814173221588135e-01
4.851274788379669189e-01
5.491903424263000488e-01
5.122506022453308105e-01
4.732407033443450928e-01
5.018545985221862793e-01
5.176756381988525391e-01
5.298611521720886230e-01
5.124716758728027344e-01
4.779382050037384033e-01
5.303927659988403320e-01
5.238502025604248047e-01
5.299107432365417480e-01
5.263840556144714355e-01
5.130611062049865723e-01
5.059916973114013672e-01
5.308293104171752930e-01
5.036370158195495605e-01
5.197343230247497559e-01
5.174131393432617188e-01
4.976329207420349121e-01
5.247625112533569336e-01
4.979331493377685547e-01
5.436370372772216797e-01
5.265820622444152832e-01
5.342631936073303223e-01
5.337284207344055176e-01
5.128455162048339844e-01
5.127997994422912598e-01
5.002874135971069336e-01
5.298109650611877441e-01
5.169349908828735352e-01
5.128549337387084961e-01
5.132085680961608887e-01
4.905778169631958008e-01
5.308917164802551270e-01
4.929090440273284912e-01
5.304088592529296875e-01
5.358765721321105957e-01
5.075166225433349609e-01
5.163158178329467773e-01
5.191873908042907715e-01
5.105830430984497070e-01
5.231041908264160156e-01
5.013915896415710449e-01
4.666650295257568359e-01
5.171788930892944336e-01
5.022322535514831543e-01
5.168578624725341797e-01
4.831173419952392578e-01
5.184985995292663574e-01
5.392464995384216309e-01
4.626358747482299805e-01
5.271103978157043457e-01
5.001821517944335938e-01
4.851540625095367432e-01
5.107415914535522461e-01
4.744369983673095703e-01
5.197639465332031250e-01
5.318880677223205566e-01
4.764648079872131348e-01
5.179248452186584473e-01
5.065078139305114746e-01
5.162342190742492676e-01
5.246486067771911621e-01
4.814586341381072998e-01
4.971852004528045654e-01
5.252044796943664551e-01
5.061683654785156250e-01
5.267342925071716309e-01
4.716218709945678711e-01
5.110692381858825684e-01
4.838829934597015381e-01
5.058790445327758789e-01
4.817206263542175293e-01
4.620811343193054199e-01
4.399320185184478760e-01
4.650164246559143066e-01
4.635640084743499756e-01
5.185508728027343750e-01
5.111178159713745117e-01
5.111667513847351074e-01
4.996657967567443848e-01
4.638418555259704590e-01
4.934102594852447510e-01
5.162091851234436035e-01
4.563526213169097900e-01
4.848166406154632568e-01
4.573620855808258057e-01
5.191470384597778320e-01
5.096156001091003418e-01
5.374214649200439453e-01
4.902877211570739746e-01
5.185568332672119141e-01
4.868111014366149902e-01
4.656305313110351562e-01
5.078840255737304688e-01
5.239458084106445312e-01
5.171684026718139648e-01
5.184795856475830078e-01
4.595039188861846924e-01
5.004234910011291504e-01
5.133060216903686523e-01
5.140282511711120605e-01
5.196526050567626953e-01
5.002016425132751465e-01
4.848270118236541748e-01
5.047401189804077148e-01
5.082038640975952148e-01
4.921925663948059082e-01
5.171630382537841797e-01
4.895147681236267090e-01
5.006282925605773926e-01
4.857120811939239502e-01
4.813349843025207520e-01
4.710681438446044922e-01
4.807456731796264648e-01
5.266229510307312012e-01
5.152445435523986816e-01
5.066933631896972656e-01
4.821626543998718262e-01
4.950073361396789551e-01
4.819127619266510010e-01
4.992866516113281250e-01
5.115739703178405762e-01
4.885670244693756104e-01
5.173840522766113281e-01
5.028409957885742188e-01
5.040186047554016113e-01
5.065585970878601074e-01
4.893516004085540771e-01
5.209385752677917480e-01
5.020859241485595703e-01
5.169553160667419434e-01
5.236871838569641113e-01
5.408118367195129395e-01
5.393033027648925781e-01
5.212861895561218262e-01
4.927975535392761230e-01
4.359225332736968994e-01
5.324187278747558594e-01
4.731588065624237061e-01
5.312628149986267090e-01
5.294271111488342285e-01
5.243239402770996094e-01
5.227360725402832031e-01
5.118988156318664551e-01
5.227993726730346680e-01
5.312016606330871582e-01
4.792202115058898926e-01
5.234535932540893555e-01
4.829363226890563965e-01
4.331606030464172363e-01
5.342980623245239258e-01
5.265708565711975098e-01
4.665468633174896240e-01
5.131041407585144043e-01
5.040653944015502930e-01
5.472231507301330566e-01
