5.147657990455627441e-01
5.243994593620300293e-01
4.611365497112274170e-01
5.188061594963073730e-01
4.613817036151885986e-01
5.230171084403991699e-01
5.003865957260131836e-01
5.281715989112854004e-01
5.359545350074768066e-01
5.500146150588989258e-01
4.818100631237030029e-01
4.499741494655609131e-01
4.577998518943786621e-01
4.841783642768859863e-01
5.051538944244384766e-01
5.289785265922546387e-01
4.976636171340942383e-01
5.075873136520385742e-01
4.762153625488281250e-01
4.965087175369262695e-01
4.980227649211883545e-01
4.543945193290710449e-01
5.289417505264282227e-01
5.012958645820617676e-01
4.889463484287261963e-01
4.905300736427307129e-01
4.835952818393707275e-01
5.020216703414916992e-01
4.704517424106597900e-01
4.843192100524902344e-01
4.687919318675994873e-01
5.391060113906860352e-01
4.750695526599884033e-01
5.399500727653503418e-01
4.653622210025787354e-01
5.050529837608337402e-01
5.365561246871948242e-01
5.018082261085510254e-01
4.670639038085937500e-01
4.616851210594177246e-01
4.946356415748596191e-01
5.004361271858215332e-01
5.335439443588256836e-01
5.339825749397277832e-01
5.390775203704833984e-01
5.394847393035888672e-01
5.327101349830627441e-01
5.304470658302307129e-01
4.602954685688018799e-01
5.284103155136108398e-01
5.245165228843688965e-01
4.588972032070159912e-01
4.906169474124908447e-01
5.131229758262634277e-01
5.173436999320983887e-01
4.191441237926483154e-01
4.420092105865478516e-01
5.205184817314147949e-01
4.665024578571319580e-01
5.500620603561401367e-01
5.290516614913940430e-01
5.070388913154602051e-01
4.770103096961975098e-01
4.946460723876953125e-01
5.240116119384765625e-01
4.907680451869964600e-01
5.220476388931274414e-01
5.008823871612548828e-01
5.162063241004943848e-01
4.455708861351013184e-01
4.580122530460357666e-01
4.687508642673492432e-01
5.148075819015502930e-01
4.527156949043273926e-01
4.979867041110992432e-01
5.052198767662048340e-01
5.644972324371337891e-01
6.061378121376037598e-01
4.938301742076873779e-01
5.460735559463500977e-01
5.487006306648254395e-01
5.497596263885498047e-01
5.548427104949951172e-01
4.674881994724273682e-01
5.598993301391601562e-01
5.357231497764587402e-01
4.721697866916656494e-01
5.519445538520812988e-01
4.881085455417633057e-01
4.860101342201232910e-01
5.202427506446838379e-01
4.904999732971191406e-01
5.775467753410339355e-01
5.270659923553466797e-01
5.530170798301696777e-01
6.079154014587402344e-01
5.062637925148010254e-01
5.406256914138793945e-01
5.553948879241943359e-01
5.516176819801330566e-01
5.530936717987060547e-01
5.912281274795532227e-01
5.826030373573303223e-01
5.678884387016296387e-01
5.688508749008178711e-01
5.021632313728332520e-01
5.471990704536437988e-01
5.341296792030334473e-01
5.324317812919616699e-01
5.703623890876770020e-01
5.379923582077026367e-01
5.423289537429809570e-01
5.927760601043701172e-01
5.504174232482910156e-01
5.501357316970825195e-01
5.589099526405334473e-01
5.785793066024780273e-01
4.763433337211608887e-01
4.895775616168975830e-01
5.312972068786621094e-01
5.625838041305541992e-01
4.573343694210052490e-01
5.473428964614868164e-01
5.734223127365112305e-01
4.669218659400939941e-01
5.472953915596008301e-01
4.462319016456604004e-01
4.935371875762939453e-01
5.780363082885742188e-01
5.495362281799316406e-01
5.624780654907226562e-01
5.391437411308288574e-01
5.028629899024963379e-01
5.868674516677856445e-01
5.415071249008178711e-01
4.876150190830230713e-01
5.832489728927612305e-01
5.533047318458557129e-01
4.760413169860839844e-01
5.562435388565063477e-01
5.455320477485656738e-01
4.837091565132141113e-01
5.281964540481567383e-01
5.786150097846984863e-01
4.560544490814208984e-01
4.730075299739837646e-01
5.484648346900939941e-01
5.310171246528625488e-01
5.652918219566345215e-01
5.948454737663269043e-01
6.229077577590942383e-01
5.868348479270935059e-01
6.217526197433471680e-01
5.804657936096191406e-01
5.397837758064270020e-01
5.666574835777282715e-01
6.091306209564208984e-01
5.930773615837097168e-01
6.042797565460205078e-01
5.680965185165405273e-01
5.953974127769470215e-01
6.046333312988281250e-01
4.662835896015167236e-01
5.765371918678283691e-01
5.963478684425354004e-01
6.171253323554992676e-01
6.058590412139892578e-01
6.153809428215026855e-01
6.104282140731811523e-01
6.009507775306701660e-01
5.878023505210876465e-01
5.505731105804443359e-01
5.328118801116943359e-01
5.577270388603210449e-01
5.205838084220886230e-01
5.144070982933044434e-01
5.342213511466979980e-01
5.338855385780334473e-01
5.830738544464111328e-01
5.606141686439514160e-01
5.753466486930847168e-01
5.799784660339355469e-01
5.632338523864746094e-01
5.598552823066711426e-01
5.730909705162048340e-01
5.249641537666320801e-01
6.021403074264526367e-01
5.948938131332397461e-01
5.842213630676269531e-01
5.073505043983459473e-01
5.514614582061767578e-01
5.540983080863952637e-01
5.670584440231323242e-01
5.025430321693420410e-01
5.749880075454711914e-01
5.580837130546569824e-01
5.495036244392395020e-01
5.236641168594360352e-01
5.185942053794860840e-01
5.306553244590759277e-01
5.260798931121826172e-01
5.562358498573303223e-01
5.803049206733703613e-01
5.542683005332946777e-01
5.395278930664062500e-01
5.344119071960449219e-01
5.419191122055053711e-01
5.563151240348815918e-01
5.422229766845703125e-01
5.312516689300537109e-01
5.491904020309448242e-01
5.526091456413269043e-01
5.524445176124572754e-01
5.708779692649841309e-01
5.779793858528137207e-01
5.585700869560241699e-01
5.379043817520141602e-01
5.743108987808227539e-01
5.169821977615356445e-01
5.558398365974426270e-01
5.448776483535766602e-01
5.624778270721435547e-01
5.570790171623229980e-01
5.823929309844970703e-01
5.641716122627258301e-01
5.593001246452331543e-01
5.807834863662719727e-01
5.587291717529296875e-01
5.327163934707641602e-01
5.747772455215454102e-01
5.530763268470764160e-01
5.470454096794128418e-01
5.533675551414489746e-01
5.766095519065856934e-01
5.100532174110412598e-01
5.671084523200988770e-01
6.034262776374816895e-01
5.528836250305175781e-01
4.711947143077850342e-01
5.642637014389038086e-01
5.655984878540039062e-01
5.340464115142822266e-01
5.752013921737670898e-01
5.426614880561828613e-01
5.584629774093627930e-01
5.489110946655273438e-01
5.205177664756774902e-01
5.662830471992492676e-01
5.514835715293884277e-01
5.602997541427612305e-01
5.712236762046813965e-01
5.384697318077087402e-01
5.622878074645996094e-01
5.131913423538208008e-01
5.492933988571166992e-01
5.712872147560119629e-01
4.869486689567565918e-01
4.004729688167572021e-01
5.565828084945678711e-01
5.735592842102050781e-01
5.599124431610107422e-01
5.421898961067199707e-01
5.852538943290710449e-01
5.518622994422912598e-01
5.664357542991638184e-01
5.128197073936462402e-01
5.559892058372497559e-01
5.493580102920532227e-01
5.499437451362609863e-01
5.691801905632019043e-01
5.516877770423889160e-01
5.583778619766235352e-01
5.517400503158569336e-01
5.294638276100158691e-01
5.436724424362182617e-01
5.391647815704345703e-01
5.452383160591125488e-01
5.392625331878662109e-01
5.184832811355590820e-01
5.149877667427062988e-01
5.630428791046142578e-01
4.853579401969909668e-01
5.513667464256286621e-01
5.277640819549560547e-01
5.656471252441406250e-01
5.465505123138427734e-01
5.484447479248046875e-01
5.461053252220153809e-01
5.012666583061218262e-01
5.448965430259704590e-01
5.246685743331909180e-01
5.507671833038330078e-01
5.612808465957641602e-01
5.787572860717773438e-01
5.658518671989440918e-01
5.698671340942382812e-01
5.309914946556091309e-01
5.338140726089477539e-01
5.282378792762756348e-01
5.695520639419555664e-01
5.273228883743286133e-01
5.603391528129577637e-01
5.596927404403686523e-01
5.767814517021179199e-01
5.530828237533569336e-01
5.501883029937744141e-01
5.480601191520690918e-01
5.697134137153625488e-01
5.777071118354797363e-01
5.654551982879638672e-01
5.223964452743530273e-01
5.788006186485290527e-01
5.170618295669555664e-01
5.456919670104980469e-01
5.338071584701538086e-01
5.635386705398559570e-01
5.405108332633972168e-01
5.765912532806396484e-01
5.012426972389221191e-01
4.509891867637634277e-01
4.642147719860076904e-01
5.204635262489318848e-01
4.791892170906066895e-01
5.265192985534667969e-01
4.437961280345916748e-01
5.736017227172851562e-01
4.860406816005706787e-01
4.759276807308197021e-01
5.499057173728942871e-01
5.010089278221130371e-01
3.622253537178039551e-01
4.887855947017669678e-01
4.400653243064880371e-01
4.190316200256347656e-01
5.157240629196166992e-01
4.810257554054260254e-01
4.956166446208953857e-01
4.859219789505004883e-01
6.207540035247802734e-01
5.933975577354431152e-01
4.161399900913238525e-01
5.035026073455810547e-01
4.464650154113769531e-01
3.774013817310333252e-01
4.934899210929870605e-01
5.285940170288085938e-01
6.029875874519348145e-01
4.694507420063018799e-01
5.204635262489318848e-01
5.366749167442321777e-01
3.547242879867553711e-01
4.352097213268280029e-01
4.794531464576721191e-01
4.554783701896667480e-01
4.534701406955718994e-01
4.874879121780395508e-01
5.165028572082519531e-01
4.663013815879821777e-01
4.685301184654235840e-01
4.505853056907653809e-01
4.846613705158233643e-01
4.972106516361236572e-01
4.103154540061950684e-01
4.748107194900512695e-01
5.120291709899902344e-01
4.575098156929016113e-01
6.001452207565307617e-01
5.362716317176818848e-01
4.565391242504119873e-01
5.199095606803894043e-01
5.899956822395324707e-01
5.830356478691101074e-01
4.910970926284790039e-01
5.010164976119995117e-01
5.604726672172546387e-01
5.620874166488647461e-01
6.293017268180847168e-01
5.249775648117065430e-01
5.793986916542053223e-01
5.051985383033752441e-01
4.465933740139007568e-01
5.561469197273254395e-01
5.605200529098510742e-01
5.505702495574951172e-01
5.373382568359375000e-01
5.675058364868164062e-01
5.902671813964843750e-01
5.681179761886596680e-01
5.771561264991760254e-01
6.155855059623718262e-01
5.231841206550598145e-01
5.188459157943725586e-01
5.633718371391296387e-01
4.812969863414764404e-01
5.310412645339965820e-01
5.102828741073608398e-01
5.334069728851318359e-01
5.273089408874511719e-01
6.195769906044006348e-01
4.359803795814514160e-01
5.401182770729064941e-01
5.105881094932556152e-01
5.380271673202514648e-01
4.717121422290802002e-01
5.149737000465393066e-01
5.839394330978393555e-01
5.048922896385192871e-01
5.777112245559692383e-01
5.375810265541076660e-01
5.518450140953063965e-01
4.802036881446838379e-01
4.689860045909881592e-01
5.420302152633666992e-01
5.372676253318786621e-01
6.070945262908935547e-01
5.996908545494079590e-01
6.131554841995239258e-01
5.253840684890747070e-01
5.572561025619506836e-01
6.478353738784790039e-01
5.602747797966003418e-01
5.870627164840698242e-01
5.503318905830383301e-01
5.563301444053649902e-01
5.577856302261352539e-01
4.276390969753265381e-01
5.048155784606933594e-01
5.190099477767944336e-01
5.123903751373291016e-01
4.940357208251953125e-01
4.724999368190765381e-01
4.516183137893676758e-01
4.976271390914916992e-01
4.041722118854522705e-01
6.249313950538635254e-01
3.835689425468444824e-01
5.526614785194396973e-01
5.399075150489807129e-01
5.066260099411010742e-01
4.653388857841491699e-01
4.886502027511596680e-01
5.402435660362243652e-01
4.974990487098693848e-01
4.938248693943023682e-01
5.272362828254699707e-01
4.980418086051940918e-01
5.346907377243041992e-01
5.061629414558410645e-01
4.343096613883972168e-01
3.519390523433685303e-01
5.409556031227111816e-01
5.392909646034240723e-01
5.483051538467407227e-01
4.930433630943298340e-01
4.163044989109039307e-01
4.911372661590576172e-01
5.366907119750976562e-01
5.299427509307861328e-01
5.110200643539428711e-01
4.743649959564208984e-01
5.123381018638610840e-01
4.366624653339385986e-01
4.790989756584167480e-01
5.033540129661560059e-01
3.916584253311157227e-01
5.016067028045654297e-01
5.109813213348388672e-01
5.338162183761596680e-01
5.175207257270812988e-01
4.896121919155120850e-01
5.072931647300720215e-01
4.929742813110351562e-01
5.167447328567504883e-01
5.399932861328125000e-01
5.012781620025634766e-01
4.418301880359649658e-01
4.583165347576141357e-01
4.792306125164031982e-01
4.941750764846801758e-01
5.395160913467407227e-01
5.213259458541870117e-01
4.129377305507659912e-01
4.912515878677368164e-01
3.972366452217102051e-01
5.092918276786804199e-01
5.355528593063354492e-01
5.385125279426574707e-01
4.023730158805847168e-01
5.214632153511047363e-01
5.199234485626220703e-01
5.239405632019042969e-01
4.993855059146881104e-01
5.447832345962524414e-01
5.062467455863952637e-01
5.224050879478454590e-01
5.120996832847595215e-01
4.998733103275299072e-01
4.801144003868103027e-01
3.842105269432067871e-01
4.994873404502868652e-01
1.726720631122589111e-01
5.217275023460388184e-01
4.413243234157562256e-01
4.345650374889373779e-01
2.112749516963958740e-01
2.078464478254318237e-01
2.315144091844558716e-01
3.160416185855865479e-01
1.554176509380340576e-01
5.020757317543029785e-01
2.801166474819183350e-01
2.440290749073028564e-01
3.518790602684020996e-01
4.857439696788787842e-01
1.969047337770462036e-01
2.605285346508026123e-01
4.049956202507019043e-01
1.277637928724288940e-01
4.681316316127777100e-01
4.549103081226348877e-01
5.196666717529296875e-01
4.817943871021270752e-01
3.703817129135131836e-01
4.418170154094696045e-01
4.922583997249603271e-01
3.968474864959716797e-01
4.854722917079925537e-01
4.142387807369232178e-01
1.812407374382019043e-01
1.403743028640747070e-01
2.005822807550430298e-01
2.217139601707458496e-01
3.041515052318572998e-01
3.220030665397644043e-01
1.449154764413833618e-01
1.314177811145782471e-01
3.867505788803100586e-01
3.819294273853302002e-01
4.530760943889617920e-01
2.368251085281372070e-01
1.684712320566177368e-01
1.076511815190315247e-01
1.972822695970535278e-01
5.316603779792785645e-01
5.254382491111755371e-01
3.379923105239868164e-01
4.586975872516632080e-01
4.697467684745788574e-01
2.260038852691650391e-01
4.462689757347106934e-01
1.552364379167556763e-01
5.574635863304138184e-01
5.489785075187683105e-01
2.676934897899627686e-01
3.161504566669464111e-01
5.379102826118469238e-01
5.147748589515686035e-01
4.847083091735839844e-01
1.677814871072769165e-01
4.835201203823089600e-01
5.390796065330505371e-01
2.949113547801971436e-01
2.529691755771636963e-01
4.183901846408843994e-01
2.718174755573272705e-01
2.948443889617919922e-01
2.205928564071655273e-01
2.826602160930633545e-01
5.265156030654907227e-01
1.295650005340576172e-01
4.141853153705596924e-01
2.373870462179183960e-01
5.066006779670715332e-01
1.079410016536712646e-01
4.711255431175231934e-01
5.178635120391845703e-01
5.068122148513793945e-01
2.837989330291748047e-01
2.278917580842971802e-01
1.092246100306510925e-01
3.592426776885986328e-01
5.521091222763061523e-01
4.933744966983795166e-01
1.669576317071914673e-01
1.809334903955459595e-01
5.187305808067321777e-01
5.748579502105712891e-01
1.840543448925018311e-01
2.339534312486648560e-01
2.281482368707656860e-01
2.263508737087249756e-01
1.211543083190917969e-01
4.222970306873321533e-01
2.464306503534317017e-01
1.177211552858352661e-01
2.419016659259796143e-01
9.551551192998886108e-02
4.149024188518524170e-01
4.894010424613952637e-01
5.342324972152709961e-01
4.350194036960601807e-01
4.918593466281890869e-01
4.953163266181945801e-01
4.345320463180541992e-01
4.778826236724853516e-01
5.216958522796630859e-01
5.474848747253417969e-01
4.759134650230407715e-01
4.776639938354492188e-01
5.305772423744201660e-01
5.087308883666992188e-01
5.002762079238891602e-01
5.337076187133789062e-01
4.949280619621276855e-01
5.214486718177795410e-01
4.959862828254699707e-01
4.973692595958709717e-01
5.018330812454223633e-01
4.951977431774139404e-01
4.989894926548004150e-01
5.171768665313720703e-01
5.073254108428955078e-01
4.969469606876373291e-01
4.949280619621276855e-01
5.077984929084777832e-01
5.860235691070556641e-01
4.898694157600402832e-01
6.195780038833618164e-01
5.537201762199401855e-01
5.976706743240356445e-01
5.922978520393371582e-01
5.625108480453491211e-01
5.189942717552185059e-01
4.940397441387176514e-01
4.996606111526489258e-01
5.701239109039306641e-01
5.599577426910400391e-01
5.544486045837402344e-01
5.587517619132995605e-01
5.553404688835144043e-01
5.529096126556396484e-01
5.280831456184387207e-01
5.617145895957946777e-01
5.265495181083679199e-01
5.772599577903747559e-01
5.286689996719360352e-01
5.363913774490356445e-01
5.513123273849487305e-01
5.415539145469665527e-01
5.692216157913208008e-01
5.384159684181213379e-01
5.443650484085083008e-01
5.443937778472900391e-01
5.783196687698364258e-01
4.477978944778442383e-01
4.849218130111694336e-01
4.649233222007751465e-01
4.897984862327575684e-01
4.906605780124664307e-01
4.377887248992919922e-01
4.440649449825286865e-01
4.692128896713256836e-01
5.610395073890686035e-01
4.528842866420745850e-01
5.468294024467468262e-01
5.538620948791503906e-01
5.793129801750183105e-01
5.200712680816650391e-01
5.214762687683105469e-01
5.123406052589416504e-01
5.041903853416442871e-01
4.262955188751220703e-01
4.242767989635467529e-01
4.354472756385803223e-01
4.747261106967926025e-01
4.223352074623107910e-01
5.335177779197692871e-01
4.915505349636077881e-01
4.986506402492523193e-01
4.416111111640930176e-01
4.721690416336059570e-01
4.782297015190124512e-01
5.166336297988891602e-01
5.123231410980224609e-01
5.359545350074768066e-01
4.841783642768859863e-01
5.051538944244384766e-01
5.289785265922546387e-01
4.835952818393707275e-01
4.750695526599884033e-01
4.670639038085937500e-01
4.616851210594177246e-01
5.004361271858215332e-01
5.131229758262634277e-01
4.420092105865478516e-01
4.665024578571319580e-01
4.527156949043273926e-01
5.497596263885498047e-01
4.881085455417633057e-01
4.904999732971191406e-01
5.553948879241943359e-01
5.530936717987060547e-01
5.021632313728332520e-01
5.625838041305541992e-01
5.472953915596008301e-01
5.868674516677856445e-01
5.415071249008178711e-01
5.832489728927612305e-01
5.786150097846984863e-01
5.652918219566345215e-01
6.042797565460205078e-01
5.765371918678283691e-01
5.328118801116943359e-01
5.577270388603210449e-01
5.144070982933044434e-01
5.073505043983459473e-01
5.306553244590759277e-01
5.260798931121826172e-01
5.563151240348815918e-01
5.422229766845703125e-01
5.743108987808227539e-01
5.169821977615356445e-01
5.530763268470764160e-01
5.533675551414489746e-01
5.100532174110412598e-01
5.622878074645996094e-01
5.131913423538208008e-01
4.004729688167572021e-01
5.493580102920532227e-01
5.436724424362182617e-01
5.391647815704345703e-01
5.452383160591125488e-01
5.448965430259704590e-01
5.309914946556091309e-01
5.695520639419555664e-01
5.596927404403686523e-01
5.170618295669555664e-01
5.012426972389221191e-01
4.509891867637634277e-01
4.437961280345916748e-01
3.622253537178039551e-01
4.400653243064880371e-01
4.794531464576721191e-01
4.972106516361236572e-01
5.120291709899902344e-01
5.362716317176818848e-01
5.249775648117065430e-01
4.465933740139007568e-01
5.902671813964843750e-01
5.633718371391296387e-01
5.310412645339965820e-01
5.253840684890747070e-01
5.602747797966003418e-01
4.940357208251953125e-01
4.724999368190765381e-01
5.526614785194396973e-01
4.653388857841491699e-01
4.930433630943298340e-01
4.366624653339385986e-01
5.213259458541870117e-01
3.972366452217102051e-01
5.355528593063354492e-01
5.214632153511047363e-01
5.199234485626220703e-01
5.120996832847595215e-01
4.801144003868103027e-01
5.426191091537475586e-01
4.918593466281890869e-01
4.687552750110626221e-01
5.272676348686218262e-01
5.011301636695861816e-01
5.348427891731262207e-01
4.330116510391235352e-01
5.078827142715454102e-01
5.140665769577026367e-01
5.026755332946777344e-01
4.618291854858398438e-01
5.108145475387573242e-01
5.057143568992614746e-01
5.222742557525634766e-01
5.453029274940490723e-01
5.117121338844299316e-01
5.401838421821594238e-01
5.799153447151184082e-01
5.200319886207580566e-01
5.206292867660522461e-01
5.531163811683654785e-01
5.050985217094421387e-01
5.148022174835205078e-01
5.065967440605163574e-01
5.160979628562927246e-01
4.923228323459625244e-01
5.944716334342956543e-01
5.659370422363281250e-01
5.925235152244567871e-01
5.659126639366149902e-01
5.967674851417541504e-01
5.850457549095153809e-01
5.555701255798339844e-01
5.695757269859313965e-01
5.549580454826354980e-01
5.239357948303222656e-01
5.201450586318969727e-01
5.919005870819091797e-01
5.761235356330871582e-01
4.926276803016662598e-01
5.707736015319824219e-01
5.385230779647827148e-01
5.639748573303222656e-01
5.785655379295349121e-01
5.481513142585754395e-01
5.088844299316406250e-01
5.241986513137817383e-01
5.362879037857055664e-01
5.589383840560913086e-01
5.379842519760131836e-01
5.310115814208984375e-01
5.657016634941101074e-01
5.594683289527893066e-01
5.817826986312866211e-01
5.208755135536193848e-01
5.201069116592407227e-01
5.581815242767333984e-01
4.855837523937225342e-01
4.760647714138031006e-01
4.784177839756011963e-01
4.799616336822509766e-01
4.818207323551177979e-01
5.141122937202453613e-01
4.592510461807250977e-01
4.726309776306152344e-01
4.589599668979644775e-01
5.175841450691223145e-01
4.675758481025695801e-01
5.204221010208129883e-01
4.858961403369903564e-01
5.327945947647094727e-01
5.287258028984069824e-01
4.101615548133850098e-01
5.304976105690002441e-01
4.413991570472717285e-01
5.812041759490966797e-01
5.778426527976989746e-01
6.004065275192260742e-01
4.302545785903930664e-01
5.304266810417175293e-01
4.775895774364471436e-01
5.016314983367919922e-01
5.038493871688842773e-01
4.995318353176116943e-01
4.443448185920715332e-01
4.576960206031799316e-01
4.757073819637298584e-01
4.211570620536804199e-01
5.375174880027770996e-01
4.661917686462402344e-01
5.078827738761901855e-01
4.921782910823822021e-01
4.717721045017242432e-01
4.681003987789154053e-01
4.751375317573547363e-01
4.631540477275848389e-01
4.718947708606719971e-01
4.890953302383422852e-01
4.796240925788879395e-01
5.155638456344604492e-01
4.275015890598297119e-01
4.762579798698425293e-01
5.073031187057495117e-01
4.636772572994232178e-01
4.905481040477752686e-01
5.168411731719970703e-01
4.959862828254699707e-01
4.772185087203979492e-01
5.101533532142639160e-01
5.316040515899658203e-01
5.390732884407043457e-01
5.201211571693420410e-01
5.748366713523864746e-01
5.053492188453674316e-01
4.892944991588592529e-01
4.852868318557739258e-01
5.041598677635192871e-01
6.187520027160644531e-01
5.274916291236877441e-01
5.629242062568664551e-01
5.694427490234375000e-01
5.748302936553955078e-01
5.179987549781799316e-01
5.758372545242309570e-01
5.337904691696166992e-01
5.675908327102661133e-01
5.883719325065612793e-01
5.336898565292358398e-01
5.261284112930297852e-01
5.667172670364379883e-01
5.546292066574096680e-01
5.609504580497741699e-01
5.562135577201843262e-01
5.767060518264770508e-01
5.900881290435791016e-01
5.241986513137817383e-01
5.742282867431640625e-01
5.230006575584411621e-01
4.815103113651275635e-01
5.604736804962158203e-01
5.457887649536132812e-01
5.217272043228149414e-01
4.662442505359649658e-01
5.407966375350952148e-01
4.762626290321350098e-01
4.523047208786010742e-01
5.094524025917053223e-01
5.356693267822265625e-01
4.927165806293487549e-01
4.734214544296264648e-01
5.332754850387573242e-01
5.676022768020629883e-01
5.765681266784667969e-01
5.031576156616210938e-01
4.846121966838836670e-01
5.933037400245666504e-01
5.680962204933166504e-01
4.564810991287231445e-01
3.893228173255920410e-01
4.804037213325500488e-01
5.304430127143859863e-01
5.421216487884521484e-01
4.929524958133697510e-01
5.022500157356262207e-01
4.765122830867767334e-01
5.085986852645874023e-01
4.160752594470977783e-01
4.588288962841033936e-01
4.790632426738739014e-01
4.935090839862823486e-01
4.970893263816833496e-01
1.298108398914337158e-01
1.381997913122177124e-01
2.721892595291137695e-01
1.264198422431945801e-01
2.842986285686492920e-01
2.770788371562957764e-01
4.669223725795745850e-01
2.880703210830688477e-01
1.975809186697006226e-01
1.838750988245010376e-01
2.365902960300445557e-01
4.487116634845733643e-01
4.652616977691650391e-01
4.659303426742553711e-01
5.522590279579162598e-01
3.005452156066894531e-01
5.660477280616760254e-01
4.683775007724761963e-01
5.140589475631713867e-01
3.051952123641967773e-01
4.685851633548736572e-01
5.409774780273437500e-01
1.771740466356277466e-01
2.010147571563720703e-01
1.973473131656646729e-01
1.662046760320663452e-01
2.566464543342590332e-01
3.836131095886230469e-01
3.175142705440521240e-01
2.482137531042098999e-01
2.781587839126586914e-01
3.477196693420410156e-01
2.150354385375976562e-01
2.307502478361129761e-01
2.015414088964462280e-01
1.462247669696807861e-01
1.259654760360717773e-01
1.569765657186508179e-01
1.750921607017517090e-01
1.197132989764213562e-01
2.588342130184173584e-01
1.556171923875808716e-01
1.363886743783950806e-01
1.635010093450546265e-01
3.129642605781555176e-01
5.142323970794677734e-01
4.839976131916046143e-01
4.819158911705017090e-01
5.150067210197448730e-01
5.088334083557128906e-01
4.900253713130950928e-01
4.855635762214660645e-01
5.247752070426940918e-01
5.308031439781188965e-01
3.734430670738220215e-01
5.592605471611022949e-01
4.917489588260650635e-01
5.763827562332153320e-01
3.991845250129699707e-01
5.611735582351684570e-01
5.410608649253845215e-01
3.820750713348388672e-01
3.960227668285369873e-01
2.503047287464141846e-01
4.326775670051574707e-01
5.213382840156555176e-01
4.333765804767608643e-01
5.481735467910766602e-01
5.196492671966552734e-01
5.262921452522277832e-01
5.853725075721740723e-01
5.613244175910949707e-01
3.874400556087493896e-01
4.976080060005187988e-01
5.826808810234069824e-01
5.231114625930786133e-01
6.122888922691345215e-01
2.859783768653869629e-01
3.028443157672882080e-01
2.037743180990219116e-01
2.465094178915023804e-01
4.804340004920959473e-01
4.229574799537658691e-01
5.063880085945129395e-01
3.127396404743194580e-01
4.561342597007751465e-01
1.436157971620559692e-01
1.573649197816848755e-01
