5.006924867630004883e-01
4.944583177566528320e-01
5.331976413726806641e-01
5.084145069122314453e-01
4.976424276828765869e-01
5.255098342895507812e-01
5.379479527473449707e-01
5.004833340644836426e-01
5.125111937522888184e-01
5.606275796890258789e-01
5.287625193595886230e-01
4.546007812023162842e-01
4.956909716129302979e-01
4.798608124256134033e-01
5.407838225364685059e-01
4.932088255882263184e-01
5.034242868423461914e-01
5.110002756118774414e-01
5.237697362899780273e-01
5.220557451248168945e-01
4.986471831798553467e-01
5.354690551757812500e-01
4.911572337150573730e-01
5.243450999259948730e-01
5.205583572387695312e-01
4.921928346157073975e-01
5.093379020690917969e-01
5.330368876457214355e-01
5.078446269035339355e-01
5.041273236274719238e-01
4.638554155826568604e-01
5.046281814575195312e-01
5.206645727157592773e-01
5.311182141304016113e-01
5.026138424873352051e-01
5.085289478302001953e-01
5.045695900917053223e-01
4.878611266613006592e-01
5.109781622886657715e-01
5.074614882469177246e-01
5.235100388526916504e-01
5.370816588401794434e-01
5.295535326004028320e-01
5.172280669212341309e-01
4.994546175003051758e-01
5.039022564888000488e-01
5.262771844863891602e-01
4.987940192222595215e-01
4.998827278614044189e-01
4.797202944755554199e-01
5.011427402496337891e-01
5.174330472946166992e-01
5.211465358734130859e-01
4.898217022418975830e-01
5.156273245811462402e-01
5.012472271919250488e-01
4.890733063220977783e-01
4.806496798992156982e-01
4.873640835285186768e-01
5.609435439109802246e-01
5.496572256088256836e-01
5.301595926284790039e-01
5.183277726173400879e-01
5.076470971107482910e-01
5.189304351806640625e-01
4.899923205375671387e-01
5.124455094337463379e-01
5.143672227859497070e-01
5.349140167236328125e-01
4.549341797828674316e-01
5.213615894317626953e-01
4.918903708457946777e-01
5.038037896156311035e-01
4.952300190925598145e-01
5.186242461204528809e-01
4.716658890247344971e-01
5.542132258415222168e-01
5.737244486808776855e-01
4.769699573516845703e-01
5.560586452484130859e-01
5.425015687942504883e-01
5.193359255790710449e-01
5.628802776336669922e-01
4.899653196334838867e-01
5.533657073974609375e-01
5.450081229209899902e-01
4.647997915744781494e-01
5.656791925430297852e-01
4.433031678199768066e-01
4.597445726394653320e-01
4.958713352680206299e-01
4.791777431964874268e-01
5.394285321235656738e-01
5.028223395347595215e-01
5.542493462562561035e-01
5.695437788963317871e-01
4.661378264427185059e-01
5.723074078559875488e-01
5.583447813987731934e-01
5.615156292915344238e-01
5.894289612770080566e-01
6.031603217124938965e-01
5.535826683044433594e-01
5.739504098892211914e-01
5.409156680107116699e-01
5.117478370666503906e-01
4.377475082874298096e-01
4.626597464084625244e-01
5.494318604469299316e-01
5.387091040611267090e-01
5.308665037155151367e-01
4.849905371665954590e-01
5.569993257522583008e-01
5.242410898208618164e-01
4.915915131568908691e-01
5.504878759384155273e-01
4.956732094287872314e-01
4.447284340858459473e-01
4.532427489757537842e-01
5.383906960487365723e-01
5.783154368400573730e-01
4.537011682987213135e-01
5.615428090095520020e-01
5.537026524543762207e-01
4.656011760234832764e-01
5.651535987854003906e-01
4.824103713035583496e-01
4.693513512611389160e-01
5.599259734153747559e-01
5.594461560249328613e-01
5.880995392799377441e-01
5.517953634262084961e-01
4.574441313743591309e-01
5.869216918945312500e-01
4.997045397758483887e-01
4.602096080780029297e-01
5.790809988975524902e-01
5.792675614356994629e-01
4.608014225959777832e-01
5.522289872169494629e-01
5.432591438293457031e-01
4.610998630523681641e-01
5.674802660942077637e-01
5.786411762237548828e-01
4.653988778591156006e-01
4.389310181140899658e-01
5.638699531555175781e-01
4.540522098541259766e-01
5.481370091438293457e-01
5.940553545951843262e-01
4.876035153865814209e-01
5.114566683769226074e-01
5.097560286521911621e-01
4.951543509960174561e-01
4.950185418128967285e-01
5.056565999984741211e-01
5.062854290008544922e-01
4.990686178207397461e-01
5.060266256332397461e-01
5.056058168411254883e-01
4.857245683670043945e-01
5.400691032409667969e-01
4.693529307842254639e-01
5.089666247367858887e-01
4.956963658332824707e-01
5.056050419807434082e-01
5.082374811172485352e-01
5.013194084167480469e-01
5.043503642082214355e-01
5.094093680381774902e-01
4.772275686264038086e-01
5.114517807960510254e-01
5.451390147209167480e-01
5.215289592742919922e-01
5.195304751396179199e-01
5.105840563774108887e-01
5.191287994384765625e-01
3.980588614940643311e-01
5.321749448776245117e-01
5.245534777641296387e-01
4.771295785903930664e-01
4.823784828186035156e-01
5.118435025215148926e-01
5.019835829734802246e-01
5.065258741378784180e-01
4.767696261405944824e-01
5.260086059570312500e-01
5.154274106025695801e-01
5.065683126449584961e-01
5.059086084365844727e-01
4.789882898330688477e-01
5.086818337440490723e-01
4.835122525691986084e-01
5.435039401054382324e-01
5.066654682159423828e-01
5.202621221542358398e-01
5.074041485786437988e-01
4.881721735000610352e-01
4.920247197151184082e-01
5.216999053955078125e-01
4.395767152309417725e-01
5.217705965042114258e-01
4.952670931816101074e-01
5.230558514595031738e-01
4.907286763191223145e-01
5.074623227119445801e-01
5.118643641471862793e-01
5.006237030029296875e-01
5.092940926551818848e-01
5.066349506378173828e-01
4.934713244438171387e-01
5.500248670578002930e-01
5.227807164192199707e-01
5.259329676628112793e-01
5.191532969474792480e-01
5.350768566131591797e-01
5.118111968040466309e-01
5.375845432281494141e-01
5.154575109481811523e-01
5.340895652770996094e-01
4.994649589061737061e-01
5.347423553466796875e-01
5.022400021553039551e-01
5.268638134002685547e-01
5.191038250923156738e-01
5.300076603889465332e-01
5.100780725479125977e-01
4.926457405090332031e-01
4.554592370986938477e-01
5.441392660140991211e-01
5.044974088668823242e-01
5.228652954101562500e-01
4.858242571353912354e-01
5.276108980178833008e-01
5.242129564285278320e-01
5.181343555450439453e-01
5.461556315422058105e-01
4.799959957599639893e-01
3.948969841003417969e-01
5.275748372077941895e-01
5.019836425781250000e-01
5.548743605613708496e-01
5.333418846130371094e-01
4.489579200744628906e-01
5.386759638786315918e-01
5.277457833290100098e-01
5.357517004013061523e-01
5.318232178688049316e-01
5.394505262374877930e-01
5.267311930656433105e-01
5.230529904365539551e-01
5.382009744644165039e-01
5.404291152954101562e-01
5.390060544013977051e-01
5.313730239868164062e-01
5.322551131248474121e-01
5.313408374786376953e-01
5.094261765480041504e-01
5.384418368339538574e-01
5.255772471427917480e-01
5.354354381561279297e-01
5.304021835327148438e-01
5.168955922126770020e-01
5.432096123695373535e-01
5.133158564567565918e-01
5.257467627525329590e-01
5.370185375213623047e-01
5.566114187240600586e-01
5.361530780792236328e-01
5.300592780113220215e-01
5.292311906814575195e-01
5.519771575927734375e-01
5.271794199943542480e-01
5.315485000610351562e-01
5.488014221191406250e-01
5.265548229217529297e-01
5.236026644706726074e-01
5.321818590164184570e-01
5.349659323692321777e-01
5.305486917495727539e-01
5.267081856727600098e-01
5.380255579948425293e-01
4.847027063369750977e-01
5.385740995407104492e-01
5.387669801712036133e-01
5.579363703727722168e-01
5.388185381889343262e-01
5.522568225860595703e-01
5.335875749588012695e-01
5.331648588180541992e-01
5.247726440429687500e-01
5.172882676124572754e-01
5.743647813796997070e-01
5.080673098564147949e-01
5.237047672271728516e-01
5.334810614585876465e-01
5.391839742660522461e-01
5.324328541755676270e-01
5.389636158943176270e-01
5.287912487983703613e-01
5.409333705902099609e-01
5.323923230171203613e-01
5.270034670829772949e-01
5.350509881973266602e-01
5.220555067062377930e-01
5.483348965644836426e-01
5.246598124504089355e-01
5.440213680267333984e-01
5.359146595001220703e-01
5.203557014465332031e-01
5.186114907264709473e-01
5.227388739585876465e-01
5.218409299850463867e-01
5.502863526344299316e-01
5.349826216697692871e-01
5.286735892295837402e-01
5.245735645294189453e-01
5.551303029060363770e-01
5.318844914436340332e-01
4.993419945240020752e-01
5.082939267158508301e-01
5.133072733879089355e-01
5.180204510688781738e-01
5.050464868545532227e-01
5.027490258216857910e-01
5.144224166870117188e-01
4.865095615386962891e-01
5.523342490196228027e-01
5.990539193153381348e-01
5.039564967155456543e-01
5.181698203086853027e-01
5.440118312835693359e-01
4.958474934101104736e-01
5.114830732345581055e-01
5.116851925849914551e-01
5.055833458900451660e-01
4.919615685939788818e-01
5.185565948486328125e-01
5.797793865203857422e-01
5.395576953887939453e-01
4.880961477756500244e-01
5.542384982109069824e-01
5.031108260154724121e-01
5.105509161949157715e-01
5.056368708610534668e-01
5.135825872421264648e-01
5.460504889488220215e-01
5.090929269790649414e-01
5.133072733879089355e-01
5.244587063789367676e-01
5.089121460914611816e-01
5.419120788574218750e-01
5.127381086349487305e-01
5.332581400871276855e-01
5.294882655143737793e-01
4.958627223968505859e-01
5.221621394157409668e-01
5.365436673164367676e-01
4.955081343650817871e-01
4.968038797378540039e-01
4.918096363544464111e-01
4.798623025417327881e-01
5.081838369369506836e-01
5.097305178642272949e-01
5.010954141616821289e-01
5.319292545318603516e-01
5.151509642601013184e-01
5.094698667526245117e-01
4.977682828903198242e-01
5.522890686988830566e-01
5.118622779846191406e-01
5.139620900154113770e-01
5.231112837791442871e-01
5.535467863082885742e-01
5.120155811309814453e-01
5.152547359466552734e-01
5.313707590103149414e-01
5.156451463699340820e-01
5.165505409240722656e-01
5.131150484085083008e-01
5.548956990242004395e-01
5.241073966026306152e-01
5.144918560981750488e-01
5.040754675865173340e-01
5.001091361045837402e-01
5.043750405311584473e-01
5.153177380561828613e-01
5.171411633491516113e-01
5.526410937309265137e-01
5.381117463111877441e-01
5.152872204780578613e-01
4.997171461582183838e-01
5.031589865684509277e-01
5.028144717216491699e-01
5.198931694030761719e-01
4.966975748538970947e-01
5.207699537277221680e-01
4.925956428050994873e-01
4.703538715839385986e-01
5.511769056320190430e-01
5.027946829795837402e-01
5.037294626235961914e-01
4.699168503284454346e-01
5.380032658576965332e-01
5.354564785957336426e-01
5.274100303649902344e-01
5.131473541259765625e-01
5.238112807273864746e-01
4.976648092269897461e-01
5.061511397361755371e-01
5.397490262985229492e-01
5.110125541687011719e-01
4.984296560287475586e-01
5.096337199211120605e-01
5.139439702033996582e-01
5.108704566955566406e-01
5.123506784439086914e-01
5.054066181182861328e-01
5.141070485115051270e-01
4.845470190048217773e-01
5.041502118110656738e-01
5.590865015983581543e-01
5.070679783821105957e-01
5.085164904594421387e-01
5.381370782852172852e-01
4.702483415603637695e-01
5.024679899215698242e-01
5.029067397117614746e-01
5.254321098327636719e-01
4.950477480888366699e-01
5.228356122970581055e-01
4.929741024971008301e-01
5.017510056495666504e-01
4.663925766944885254e-01
5.284578800201416016e-01
4.879167377948760986e-01
5.522421598434448242e-01
5.039653182029724121e-01
5.109208226203918457e-01
5.137182474136352539e-01
5.084880590438842773e-01
5.004080533981323242e-01
5.331262946128845215e-01
5.091790556907653809e-01
5.310609340667724609e-01
5.091139078140258789e-01
5.161811709403991699e-01
5.367996096611022949e-01
4.880521893501281738e-01
4.763575494289398193e-01
4.795945286750793457e-01
4.937305152416229248e-01
5.097272992134094238e-01
5.120994448661804199e-01
4.716141223907470703e-01
5.072447061538696289e-01
5.157765150070190430e-01
4.931662380695343018e-01
5.248410701751708984e-01
4.999357461929321289e-01
5.124633312225341797e-01
4.627879261970520020e-01
5.176396369934082031e-01
5.364645123481750488e-01
4.643079042434692383e-01
5.054782629013061523e-01
5.034498572349548340e-01
5.223997235298156738e-01
4.920648336410522461e-01
5.005487799644470215e-01
5.179225206375122070e-01
5.031221508979797363e-01
5.082373023033142090e-01
5.254894495010375977e-01
5.115483403205871582e-01
4.738544821739196777e-01
5.032959580421447754e-01
4.999601244926452637e-01
4.975529313087463379e-01
5.190646052360534668e-01
5.160712003707885742e-01
4.703881144523620605e-01
5.353975892066955566e-01
4.696604013442993164e-01
5.129101872444152832e-01
5.570132732391357422e-01
5.597254037857055664e-01
4.593929052352905273e-01
5.140852332115173340e-01
5.617034435272216797e-01
5.329306721687316895e-01
5.071882009506225586e-01
5.034263730049133301e-01
5.354151725769042969e-01
5.333920717239379883e-01
5.423089265823364258e-01
5.390634536743164062e-01
5.061494112014770508e-01
4.835435450077056885e-01
5.105316638946533203e-01
5.005522370338439941e-01
4.544476866722106934e-01
5.290362834930419922e-01
5.211101174354553223e-01
4.834170937538146973e-01
5.055846571922302246e-01
4.915840327739715576e-01
5.220572352409362793e-01
5.003273487091064453e-01
4.747806191444396973e-01
5.091034173965454102e-01
4.904302954673767090e-01
4.659649133682250977e-01
4.972554445266723633e-01
5.126292705535888672e-01
4.946163296699523926e-01
5.095844864845275879e-01
4.976373910903930664e-01
4.578491151332855225e-01
4.746806621551513672e-01
4.962662160396575928e-01
4.889827072620391846e-01
5.423601269721984863e-01
5.055186748504638672e-01
4.778713881969451904e-01
5.099472999572753906e-01
4.712983369827270508e-01
4.715676903724670410e-01
4.835976064205169678e-01
4.760805666446685791e-01
4.505871534347534180e-01
5.209581851959228516e-01
5.326239466667175293e-01
5.103965997695922852e-01
4.540911316871643066e-01
5.163748860359191895e-01
5.312869548797607422e-01
5.195464491844177246e-01
5.026801228523254395e-01
5.068286061286926270e-01
4.790776669979095459e-01
4.956636726856231689e-01
4.918306767940521240e-01
4.942347109317779541e-01
5.141013860702514648e-01
5.042548775672912598e-01
5.019168257713317871e-01
4.978405237197875977e-01
4.893614649772644043e-01
4.897213876247406006e-01
4.982874393463134766e-01
5.036951303482055664e-01
5.348346233367919922e-01
4.370954036712646484e-01
4.747809171676635742e-01
4.701584279537200928e-01
4.798458814620971680e-01
5.090698599815368652e-01
5.054038166999816895e-01
4.565160274505615234e-01
5.068283677101135254e-01
4.999232888221740723e-01
5.152392983436584473e-01
5.154895186424255371e-01
5.026715993881225586e-01
4.640710651874542236e-01
5.148023962974548340e-01
5.087681412696838379e-01
4.989515542984008789e-01
4.697495996952056885e-01
4.723672270774841309e-01
5.008531212806701660e-01
4.360876381397247314e-01
5.144996047019958496e-01
5.028147697448730469e-01
5.340543389320373535e-01
3.881896138191223145e-01
3.698041141033172607e-01
5.404045581817626953e-01
4.110222458839416504e-01
3.800777792930603027e-01
4.110222458839416504e-01
3.712733685970306396e-01
5.428025126457214355e-01
3.956080973148345947e-01
3.783640563488006592e-01
5.222118496894836426e-01
3.994645178318023682e-01
5.285453796386718750e-01
5.219076275825500488e-01
5.231446027755737305e-01
5.224828720092773438e-01
3.712733685970306396e-01
5.404274463653564453e-01
4.965595006942749023e-01
3.670322000980377197e-01
5.282176733016967773e-01
4.913965463638305664e-01
3.712733685970306396e-01
3.670322000980377197e-01
3.896580636501312256e-01
3.782897591590881348e-01
3.942066133022308350e-01
3.985269069671630859e-01
3.955428600311279297e-01
5.817471146583557129e-01
4.311907887458801270e-01
5.408644080162048340e-01
3.698041141033172607e-01
4.618538916110992432e-01
4.648247063159942627e-01
4.667441248893737793e-01
4.667441248893737793e-01
3.625962138175964355e-01
3.892990052700042725e-01
3.881896138191223145e-01
3.625962138175964355e-01
5.231446027755737305e-01
5.205232501029968262e-01
3.670322000980377197e-01
3.783640563488006592e-01
5.079131722450256348e-01
3.960417211055755615e-01
4.729821979999542236e-01
5.476803183555603027e-01
3.896580636501312256e-01
5.616789460182189941e-01
5.271271467208862305e-01
4.110222458839416504e-01
4.618538916110992432e-01
4.618538916110992432e-01
3.930537700653076172e-01
5.292049646377563477e-01
3.783640563488006592e-01
4.438852965831756592e-01
5.349163413047790527e-01
3.849149644374847412e-01
4.154580533504486084e-01
5.323882102966308594e-01
4.490247070789337158e-01
3.782897591590881348e-01
4.584243297576904297e-01
3.990891575813293457e-01
3.800777792930603027e-01
4.536622166633605957e-01
5.407117009162902832e-01
4.497772753238677979e-01
4.385596215724945068e-01
4.511532485485076904e-01
3.734771013259887695e-01
5.224862694740295410e-01
4.991763234138488770e-01
5.278382301330566406e-01
4.945285022258758545e-01
4.784105718135833740e-01
4.810430705547332764e-01
5.059059858322143555e-01
4.863915443420410156e-01
4.867212772369384766e-01
4.935254454612731934e-01
4.896492362022399902e-01
4.854464530944824219e-01
4.806571900844573975e-01
5.100780725479125977e-01
4.877343773841857910e-01
5.157647728919982910e-01
5.318383574485778809e-01
4.771587848663330078e-01
4.785228967666625977e-01
5.021283626556396484e-01
5.266426801681518555e-01
4.806158840656280518e-01
5.163808465003967285e-01
4.445213079452514648e-01
5.115359425544738770e-01
4.706592559814453125e-01
5.376890301704406738e-01
5.168163180351257324e-01
4.884338974952697754e-01
4.610645174980163574e-01
5.095409750938415527e-01
4.793614745140075684e-01
5.236560106277465820e-01
5.082882046699523926e-01
5.054343342781066895e-01
4.918287098407745361e-01
5.166922211647033691e-01
5.283701419830322266e-01
5.418273806571960449e-01
5.280572772026062012e-01
4.445594847202301025e-01
5.140791535377502441e-01
5.139586925506591797e-01
4.697075188159942627e-01
3.927239775657653809e-01
5.110464692115783691e-01
5.107508301734924316e-01
5.127472281455993652e-01
4.843262434005737305e-01
4.561825692653656006e-01
5.511442422866821289e-01
5.027765035629272461e-01
4.430627822875976562e-01
4.755170047283172607e-01
4.803364872932434082e-01
4.881846606731414795e-01
4.865482747554779053e-01
5.055480599403381348e-01
5.169771313667297363e-01
5.226376056671142578e-01
3.855628669261932373e-01
4.899209141731262207e-01
4.780874848365783691e-01
5.016723275184631348e-01
4.742400348186492920e-01
4.497283399105072021e-01
5.129324197769165039e-01
5.230260491371154785e-01
5.570049881935119629e-01
4.908163547515869141e-01
4.764375984668731689e-01
5.183634757995605469e-01
5.057976245880126953e-01
5.151432156562805176e-01
4.580777287483215332e-01
5.101630687713623047e-01
5.238997936248779297e-01
5.163887143135070801e-01
5.158981680870056152e-01
5.309939384460449219e-01
5.363078713417053223e-01
5.159426331520080566e-01
5.188965797424316406e-01
5.067574381828308105e-01
4.793665707111358643e-01
4.430039823055267334e-01
5.285152196884155273e-01
5.446664690971374512e-01
5.026545524597167969e-01
5.021700263023376465e-01
5.208476781845092773e-01
5.175898671150207520e-01
5.220056176185607910e-01
5.180988311767578125e-01
5.380593538284301758e-01
5.398582816123962402e-01
5.523409247398376465e-01
5.210883021354675293e-01
5.027520656585693359e-01
5.191574692726135254e-01
5.139278769493103027e-01
5.228963494300842285e-01
5.154222249984741211e-01
5.393236279487609863e-01
5.218586325645446777e-01
5.080990195274353027e-01
5.412914752960205078e-01
5.299248099327087402e-01
5.272570252418518066e-01
5.359039902687072754e-01
5.282158851623535156e-01
5.298934578895568848e-01
5.121833086013793945e-01
5.197902917861938477e-01
5.351765751838684082e-01
5.331212878227233887e-01
5.212315917015075684e-01
5.355232357978820801e-01
5.342137813568115234e-01
5.251447558403015137e-01
5.060799121856689453e-01
5.191127657890319824e-01
5.322924256324768066e-01
5.361303687095642090e-01
5.211549997329711914e-01
5.178702473640441895e-01
5.345834493637084961e-01
5.212169289588928223e-01
5.367654561996459961e-01
5.401346683502197266e-01
4.917278587818145752e-01
5.254462361335754395e-01
5.174769759178161621e-01
5.218490958213806152e-01
5.400817990303039551e-01
5.468066334724426270e-01
5.320488810539245605e-01
5.389499068260192871e-01
5.410666465759277344e-01
5.394864678382873535e-01
5.373719930648803711e-01
5.182489156723022461e-01
5.274474620819091797e-01
5.041321516036987305e-01
5.217556357383728027e-01
5.144938230514526367e-01
5.293356776237487793e-01
5.121729373931884766e-01
5.371533632278442383e-01
5.338975787162780762e-01
5.197318196296691895e-01
5.375988483428955078e-01
5.276091098785400391e-01
5.301979780197143555e-01
5.395228266716003418e-01
5.276584625244140625e-01
5.292975902557373047e-01
5.347773432731628418e-01
5.194734930992126465e-01
5.425522327423095703e-01
5.008816123008728027e-01
5.327751040458679199e-01
5.344509482383728027e-01
5.303345918655395508e-01
5.338169336318969727e-01
5.403565168380737305e-01
5.198738574981689453e-01
4.672269225120544434e-01
4.689396321773529053e-01
4.993886649608612061e-01
4.754009842872619629e-01
4.819878935813903809e-01
4.337157905101776123e-01
5.229256153106689453e-01
5.050911307334899902e-01
5.061209201812744141e-01
5.156242847442626953e-01
4.976521730422973633e-01
4.754695296287536621e-01
5.005169510841369629e-01
5.127525925636291504e-01
4.803595840930938721e-01
4.886707961559295654e-01
5.066667199134826660e-01
5.169850587844848633e-01
4.420803785324096680e-01
4.732795953750610352e-01
4.838454127311706543e-01
4.584754109382629395e-01
4.644479453563690186e-01
4.928489923477172852e-01
4.658507406711578369e-01
5.491824150085449219e-01
4.903776645660400391e-01
4.227331578731536865e-01
5.019528269767761230e-01
4.927060306072235107e-01
5.001447796821594238e-01
4.936263859272003174e-01
5.124828219413757324e-01
4.057375788688659668e-01
5.301309823989868164e-01
5.069911479949951172e-01
5.104468464851379395e-01
4.801689982414245605e-01
4.597321748733520508e-01
4.915152490139007568e-01
5.046868324279785156e-01
5.074534416198730469e-01
4.960097372531890869e-01
4.735642969608306885e-01
5.454183220863342285e-01
5.025644302368164062e-01
4.875587821006774902e-01
5.300663709640502930e-01
4.943649470806121826e-01
5.067766904830932617e-01
4.999019205570220947e-01
4.957492053508758545e-01
5.044835805892944336e-01
4.702185094356536865e-01
5.144993662834167480e-01
5.020981431007385254e-01
4.851272106170654297e-01
5.185407996177673340e-01
4.943614602088928223e-01
4.795623421669006348e-01
4.911133050918579102e-01
5.002906918525695801e-01
5.017247200012207031e-01
4.917520284652709961e-01
5.035887956619262695e-01
5.261403322219848633e-01
5.099635124206542969e-01
5.140026211738586426e-01
5.019534826278686523e-01
5.005644559860229492e-01
4.889417886734008789e-01
5.011734366416931152e-01
4.742724299430847168e-01
5.045374631881713867e-01
4.947264790534973145e-01
5.085056424140930176e-01
5.012170672416687012e-01
4.674191176891326904e-01
4.823729395866394043e-01
4.953137040138244629e-01
5.403912663459777832e-01
5.096442103385925293e-01
5.259104371070861816e-01
4.947385191917419434e-01
5.063849091529846191e-01
4.848453402519226074e-01
5.313978791236877441e-01
5.054331421852111816e-01
5.250236392021179199e-01
4.953442811965942383e-01
5.275030136108398438e-01
4.972614645957946777e-01
4.978733360767364502e-01
5.035499334335327148e-01
4.929191172122955322e-01
4.634245336055755615e-01
5.047720074653625488e-01
5.413535833358764648e-01
5.142247080802917480e-01
5.254491567611694336e-01
5.353612899780273438e-01
5.094846487045288086e-01
5.090412497520446777e-01
4.627645015716552734e-01
5.168285965919494629e-01
4.975003302097320557e-01
4.814292490482330322e-01
5.016980767250061035e-01
4.602372348308563232e-01
4.449723064899444580e-01
5.096441507339477539e-01
4.815780520439147949e-01
4.811405241489410400e-01
5.113989114761352539e-01
4.862127900123596191e-01
4.717034995555877686e-01
5.071898698806762695e-01
5.354108810424804688e-01
4.997047781944274902e-01
5.539528131484985352e-01
4.807665050029754639e-01
4.755248427391052246e-01
5.069575905799865723e-01
4.934976994991302490e-01
4.526421129703521729e-01
4.534668028354644775e-01
5.023586750030517578e-01
4.254236817359924316e-01
5.048963427543640137e-01
5.115255117416381836e-01
5.082139372825622559e-01
5.224292874336242676e-01
4.699633121490478516e-01
5.162275433540344238e-01
4.943538308143615723e-01
5.198638439178466797e-01
4.671474695205688477e-01
5.035262703895568848e-01
4.641159474849700928e-01
5.262096524238586426e-01
5.213690996170043945e-01
4.902694225311279297e-01
5.469365119934082031e-01
4.788945913314819336e-01
5.101284384727478027e-01
5.117507576942443848e-01
4.743375182151794434e-01
4.482271075248718262e-01
5.025247335433959961e-01
4.563799798488616943e-01
5.065404772758483887e-01
4.680357277393341064e-01
4.632667303085327148e-01
4.945999383926391602e-01
4.776499569416046143e-01
5.018882751464843750e-01
5.054582953453063965e-01
4.919902980327606201e-01
4.770972430706024170e-01
5.174310207366943359e-01
5.155231952667236328e-01
4.324102401733398438e-01
4.531054198741912842e-01
4.756315052509307861e-01
4.637158215045928955e-01
4.843799471855163574e-01
5.330833196640014648e-01
5.090836286544799805e-01
5.052513480186462402e-01
5.188557505607604980e-01
4.833937287330627441e-01
4.722720086574554443e-01
4.525809586048126221e-01
4.982630312442779541e-01
4.756443798542022705e-01
5.151849389076232910e-01
5.124443769454956055e-01
4.639534056186676025e-01
5.272533297538757324e-01
4.688155353069305420e-01
4.644054174423217773e-01
4.693283438682556152e-01
5.035990476608276367e-01
