5.136679410934448242e-01
4.551145136356353760e-01
5.050926208496093750e-01
4.793368577957153320e-01
5.021257400512695312e-01
5.072106122970581055e-01
5.569500327110290527e-01
4.521642923355102539e-01
4.807899296283721924e-01
5.112420320510864258e-01
5.018301606178283691e-01
4.668568074703216553e-01
5.007826685905456543e-01
5.140697956085205078e-01
5.374470949172973633e-01
4.265032708644866943e-01
5.071864724159240723e-01
4.921145439147949219e-01
5.201869606971740723e-01
4.936052560806274414e-01
4.779434800148010254e-01
5.205357074737548828e-01
4.837263226509094238e-01
5.259347558021545410e-01
4.976963400840759277e-01
5.181922912597656250e-01
4.948483109474182129e-01
4.809962213039398193e-01
5.081489086151123047e-01
4.792601764202117920e-01
4.336768090724945068e-01
4.781070351600646973e-01
5.196105837821960449e-01
5.406190752983093262e-01
4.909954965114593506e-01
4.809952974319458008e-01
4.809849262237548828e-01
5.076113343238830566e-01
5.293524861335754395e-01
5.087585449218750000e-01
4.896314144134521484e-01
5.285072326660156250e-01
5.060419440269470215e-01
4.691431522369384766e-01
4.569352865219116211e-01
4.506741464138031006e-01
5.396897196769714355e-01
4.879747629165649414e-01
4.764430522918701172e-01
4.968725740909576416e-01
4.742164313793182373e-01
5.132364034652709961e-01
4.833491146564483643e-01
4.626905918121337891e-01
5.024166107177734375e-01
4.916325509548187256e-01
4.887422621250152588e-01
4.793527424335479736e-01
4.978621006011962891e-01
5.125329494476318359e-01
5.479806661605834961e-01
5.477979183197021484e-01
4.919881820678710938e-01
4.734401702880859375e-01
5.300379991531372070e-01
4.628953337669372559e-01
4.828982949256896973e-01
5.194804668426513672e-01
5.304293036460876465e-01
4.443947970867156982e-01
5.099679231643676758e-01
4.992659091949462891e-01
4.571515619754791260e-01
5.065835118293762207e-01
5.345971584320068359e-01
4.796180427074432373e-01
5.351076722145080566e-01
5.361063480377197266e-01
4.682099223136901855e-01
5.427032709121704102e-01
5.518423318862915039e-01
5.158790349960327148e-01
5.504326820373535156e-01
4.784793555736541748e-01
5.354907512664794922e-01
5.405030846595764160e-01
4.778377413749694824e-01
5.392791032791137695e-01
4.534156620502471924e-01
4.593568742275238037e-01
4.941711127758026123e-01
4.842270016670227051e-01
5.287553071975708008e-01
4.863905310630798340e-01
5.373129248619079590e-01
5.345460176467895508e-01
4.626215398311614990e-01
5.249518752098083496e-01
5.326217412948608398e-01
5.102882385253906250e-01
5.826568007469177246e-01
5.461369156837463379e-01
5.033175945281982422e-01
5.572505593299865723e-01
5.221403241157531738e-01
4.991451799869537354e-01
4.185091853141784668e-01
4.658115804195404053e-01
5.418301224708557129e-01
5.447739958763122559e-01
5.201557874679565430e-01
4.702929556369781494e-01
5.300752520561218262e-01
5.148355364799499512e-01
4.854249954223632812e-01
5.483723878860473633e-01
5.011351108551025391e-01
4.345470666885375977e-01
4.534100294113159180e-01
4.968331754207611084e-01
5.437397360801696777e-01
4.407540857791900635e-01
5.465393662452697754e-01
5.327892303466796875e-01
4.607593119144439697e-01
5.665665268898010254e-01
4.783638715744018555e-01
4.817906916141510010e-01
5.274106264114379883e-01
5.362126827239990234e-01
5.724474787712097168e-01
5.467858910560607910e-01
4.542786180973052979e-01
5.437787771224975586e-01
4.927756190299987793e-01
4.715984165668487549e-01
5.317646265029907227e-01
5.714331865310668945e-01
4.581052064895629883e-01
5.592274665832519531e-01
5.327960252761840820e-01
4.648798406124114990e-01
5.173819661140441895e-01
5.484270453453063965e-01
4.696999490261077881e-01
4.549683332443237305e-01
5.529682040214538574e-01
4.352938532829284668e-01
5.405511856079101562e-01
5.229950547218322754e-01
5.085301995277404785e-01
5.096001625061035156e-01
5.082888007164001465e-01
5.007966160774230957e-01
5.168994069099426270e-01
4.939753413200378418e-01
4.633807241916656494e-01
5.042325854301452637e-01
5.179246068000793457e-01
4.827547371387481689e-01
4.789782762527465820e-01
5.290518999099731445e-01
4.716867804527282715e-01
5.098024010658264160e-01
4.681317508220672607e-01
5.106299519538879395e-01
5.103539228439331055e-01
5.165784955024719238e-01
5.066763758659362793e-01
5.128764510154724121e-01
4.857760965824127197e-01
5.052198767662048340e-01
5.066827535629272461e-01
5.182716846466064453e-01
4.690709710121154785e-01
4.862822592258453369e-01
4.825377464294433594e-01
4.580322504043579102e-01
5.052115917205810547e-01
5.119789838790893555e-01
5.028697252273559570e-01
5.123824477195739746e-01
5.049567818641662598e-01
5.174727439880371094e-01
5.099226832389831543e-01
5.065599083900451660e-01
5.240930318832397461e-01
5.231657624244689941e-01
5.181070566177368164e-01
5.165064930915832520e-01
4.967709779739379883e-01
5.135235786437988281e-01
5.068973898887634277e-01
5.127149820327758789e-01
5.076883435249328613e-01
4.998599588871002197e-01
5.011784434318542480e-01
4.780407845973968506e-01
5.090935230255126953e-01
4.890018701553344727e-01
4.358226358890533447e-01
5.315066576004028320e-01
4.980096518993377686e-01
5.125880241394042969e-01
4.818276166915893555e-01
4.865403771400451660e-01
5.423448085784912109e-01
5.091590881347656250e-01
5.160552859306335449e-01
4.955590069293975830e-01
5.037081837654113770e-01
5.068606138229370117e-01
5.136227011680603027e-01
5.224612951278686523e-01
5.231381654739379883e-01
5.301427841186523438e-01
5.077911019325256348e-01
5.205289125442504883e-01
5.079773068428039551e-01
5.138313174247741699e-01
5.110387802124023438e-01
5.088016390800476074e-01
5.131617188453674316e-01
5.121978521347045898e-01
5.005573630332946777e-01
5.057092905044555664e-01
5.103451609611511230e-01
4.950790703296661377e-01
4.949264824390411377e-01
5.136927366256713867e-01
4.949558079242706299e-01
5.138669013977050781e-01
5.200998187065124512e-01
5.257201194763183594e-01
5.199193358421325684e-01
5.243782997131347656e-01
5.183589458465576172e-01
5.029399394989013672e-01
4.241234064102172852e-01
5.118762850761413574e-01
4.903179705142974854e-01
4.919508397579193115e-01
5.221374630928039551e-01
4.846983850002288818e-01
4.862705171108245850e-01
4.635007977485656738e-01
5.167201161384582520e-01
5.017163753509521484e-01
5.082268118858337402e-01
4.987310767173767090e-01
4.802547693252563477e-01
4.969085752964019775e-01
5.049732327461242676e-01
5.288785696029663086e-01
5.262767076492309570e-01
4.951478540897369385e-01
5.044124722480773926e-01
4.931395649909973145e-01
5.012808442115783691e-01
5.039648413658142090e-01
4.959536790847778320e-01
5.084602236747741699e-01
4.831485152244567871e-01
5.051016211509704590e-01
4.824951291084289551e-01
5.048233866691589355e-01
5.030971169471740723e-01
5.089176893234252930e-01
4.993478357791900635e-01
4.988306760787963867e-01
4.971694648265838623e-01
4.771748483180999756e-01
4.548261165618896484e-01
5.163733363151550293e-01
4.852356314659118652e-01
4.996075034141540527e-01
4.936791062355041504e-01
5.042424201965332031e-01
5.091869831085205078e-01
4.818751513957977295e-01
4.942787289619445801e-01
5.035853385925292969e-01
4.645970463752746582e-01
4.919428229331970215e-01
4.977706968784332275e-01
5.070996284484863281e-01
5.076895952224731445e-01
4.841970205307006836e-01
5.222889184951782227e-01
5.030803084373474121e-01
4.936107099056243896e-01
4.786227345466613770e-01
4.836898446083068848e-01
4.847298562526702881e-01
5.097216963768005371e-01
5.123400688171386719e-01
5.105060935020446777e-01
5.091973543167114258e-01
5.054506063461303711e-01
5.073449015617370605e-01
5.118229389190673828e-01
5.052757859230041504e-01
4.975119233131408691e-01
4.871928989887237549e-01
4.835945963859558105e-01
4.970605075359344482e-01
5.011324286460876465e-01
4.908277690410614014e-01
5.213662385940551758e-01
4.786600768566131592e-01
5.066576004028320312e-01
5.052156448364257812e-01
5.043703317642211914e-01
4.921065568923950195e-01
4.947302639484405518e-01
5.116825103759765625e-01
4.953089654445648193e-01
4.963769018650054932e-01
5.225766301155090332e-01
4.952942728996276855e-01
5.213119387626647949e-01
5.115559697151184082e-01
5.304468274116516113e-01
4.791777431964874268e-01
5.139352679252624512e-01
4.610711038112640381e-01
4.754008054733276367e-01
5.615628361701965332e-01
5.279954671859741211e-01
4.577879011631011963e-01
5.125973224639892578e-01
4.862141609191894531e-01
5.045369863510131836e-01
5.121015906333923340e-01
4.960357248783111572e-01
4.965579211711883545e-01
4.706484973430633545e-01
5.108578205108642578e-01
5.255470275878906250e-01
4.833059608936309814e-01
5.142517685890197754e-01
5.686455965042114258e-01
4.876349270343780518e-01
5.130714774131774902e-01
5.410491228103637695e-01
4.738711714744567871e-01
4.630869030952453613e-01
5.123711228370666504e-01
5.115559697151184082e-01
4.804908931255340576e-01
5.112750530242919922e-01
4.518848657608032227e-01
4.881862699985504150e-01
4.757178723812103271e-01
4.919948279857635498e-01
4.840491116046905518e-01
4.792336821556091309e-01
4.748900532722473145e-01
4.948326051235198975e-01
4.862546324729919434e-01
4.888480901718139648e-01
4.831199645996093750e-01
4.529518187046051025e-01
5.023864507675170898e-01
4.729825258255004883e-01
5.002000927925109863e-01
5.128839015960693359e-01
5.097011923789978027e-01
5.071318745613098145e-01
5.507141351699829102e-01
5.215089917182922363e-01
4.867570698261260986e-01
4.856482446193695068e-01
5.111176371574401855e-01
4.939843416213989258e-01
5.104399919509887695e-01
5.319889783859252930e-01
4.899906218051910400e-01
5.090913772583007812e-01
4.854003787040710449e-01
4.806388914585113525e-01
5.149676799774169922e-01
4.805609881877899170e-01
5.215391516685485840e-01
4.875222444534301758e-01
4.977663755416870117e-01
5.081265568733215332e-01
5.215768218040466309e-01
5.004796385765075684e-01
4.718914628028869629e-01
5.118502378463745117e-01
4.950417876243591309e-01
4.942047595977783203e-01
4.879460334777832031e-01
4.968139529228210449e-01
4.723570644855499268e-01
4.902536273002624512e-01
4.857774972915649414e-01
4.304173588752746582e-01
5.433532595634460449e-01
4.830851256847381592e-01
4.923563599586486816e-01
4.627185463905334473e-01
5.227210521697998047e-01
4.873774349689483643e-01
5.059092640876770020e-01
5.005325675010681152e-01
5.192360281944274902e-01
4.847697019577026367e-01
5.050728321075439453e-01
5.206727385520935059e-01
4.972788095474243164e-01
5.035157799720764160e-01
5.314847826957702637e-01
5.200583934783935547e-01
5.273773670196533203e-01
5.203559994697570801e-01
4.860529005527496338e-01
4.853456914424896240e-01
4.839104413986206055e-01
4.970810115337371826e-01
4.907852709293365479e-01
4.953276216983795166e-01
4.941839277744293213e-01
5.289261937141418457e-01
4.665600657463073730e-01
4.793420732021331787e-01
5.000249147415161133e-01
5.129293203353881836e-01
5.113615989685058594e-01
4.556768536567687988e-01
5.065964460372924805e-01
5.325532555580139160e-01
4.504537880420684814e-01
4.802978336811065674e-01
4.826726913452148438e-01
5.190581083297729492e-01
4.436724781990051270e-01
4.542483687400817871e-01
5.223627686500549316e-01
4.736361503601074219e-01
4.995698928833007812e-01
5.005220174789428711e-01
4.865992963314056396e-01
5.065757036209106445e-01
4.915696084499359131e-01
4.940791428089141846e-01
5.400049686431884766e-01
4.924180209636688232e-01
5.000555515289306641e-01
4.728579521179199219e-01
4.799272418022155762e-01
4.543335139751434326e-01
4.778711199760437012e-01
4.686924219131469727e-01
5.092741847038269043e-01
4.819850325584411621e-01
4.790226817131042480e-01
5.314753651618957520e-01
4.527225196361541748e-01
4.887735843658447266e-01
4.456677436828613281e-01
4.852019548416137695e-01
5.596706867218017578e-01
4.520759880542755127e-01
4.846485853195190430e-01
5.121870636940002441e-01
5.405253171920776367e-01
4.775879085063934326e-01
5.272128582000732422e-01
5.181555747985839844e-01
4.970262348651885986e-01
4.919440448284149170e-01
5.076430439949035645e-01
4.449776411056518555e-01
4.825886189937591553e-01
4.825399816036224365e-01
5.175682306289672852e-01
4.479612410068511963e-01
4.886206984519958496e-01
5.232269763946533203e-01
4.567200243473052979e-01
4.844780862331390381e-01
4.758572578430175781e-01
4.864718019962310791e-01
5.787398219108581543e-01
5.240067243576049805e-01
4.381742179393768311e-01
4.837223887443542480e-01
5.179694294929504395e-01
4.754225313663482666e-01
4.919424057006835938e-01
4.665438532829284668e-01
5.426313281059265137e-01
5.019177794456481934e-01
5.507022142410278320e-01
5.186617970466613770e-01
4.989942908287048340e-01
5.031876564025878906e-01
4.890220463275909424e-01
4.322197437286376953e-01
4.976958632469177246e-01
4.786978960037231445e-01
4.396994113922119141e-01
5.058877468109130859e-01
5.469095706939697266e-01
4.809499680995941162e-01
4.195994138717651367e-01
4.444538652896881104e-01
5.235149860382080078e-01
4.776659011840820312e-01
4.546115100383758545e-01
4.718428850173950195e-01
5.239021182060241699e-01
4.610332548618316650e-01
4.495366811752319336e-01
5.352391600608825684e-01
3.704721033573150635e-01
4.414230287075042725e-01
4.509437978267669678e-01
4.206055700778961182e-01
4.493149220943450928e-01
4.832825064659118652e-01
5.256860852241516113e-01
4.716192185878753662e-01
4.814221560955047607e-01
5.469444394111633301e-01
4.620401561260223389e-01
4.867669045925140381e-01
4.664492905139923096e-01
4.922393858432769775e-01
4.532346427440643311e-01
4.694108366966247559e-01
5.016782879829406738e-01
4.668945372104644775e-01
4.433354437351226807e-01
3.977016508579254150e-01
4.650540053844451904e-01
3.937927484512329102e-01
4.797067046165466309e-01
4.539193809032440186e-01
4.504940211772918701e-01
3.984070122241973877e-01
4.946305751800537109e-01
4.343889653682708740e-01
4.448624849319458008e-01
4.000613987445831299e-01
4.088550806045532227e-01
5.084642767906188965e-01
5.011504888534545898e-01
4.652052521705627441e-01
4.797067046165466309e-01
5.193176865577697754e-01
5.029996633529663086e-01
4.836038053035736084e-01
4.778781533241271973e-01
3.949172496795654297e-01
4.689244925975799561e-01
4.033796489238739014e-01
4.490032494068145752e-01
4.651822745800018311e-01
4.429977834224700928e-01
4.056723415851593018e-01
4.483903050422668457e-01
4.363222718238830566e-01
5.122815966606140137e-01
4.712354838848114014e-01
4.572749733924865723e-01
4.845981299877166748e-01
4.769235253334045410e-01
4.657740890979766846e-01
4.801352322101593018e-01
5.489138960838317871e-01
3.859579265117645264e-01
5.095847249031066895e-01
5.073277354240417480e-01
4.310991466045379639e-01
4.412154555320739746e-01
5.235887765884399414e-01
4.595020711421966553e-01
3.844992518424987793e-01
4.135633111000061035e-01
4.632445275783538818e-01
3.813962340354919434e-01
3.865358829498291016e-01
3.788612484931945801e-01
5.413803458213806152e-01
4.364464879035949707e-01
5.244374275207519531e-01
5.157923102378845215e-01
5.232046246528625488e-01
5.364722013473510742e-01
4.135633111000061035e-01
5.293734073638916016e-01
4.037074744701385498e-01
4.132338762283325195e-01
5.139640569686889648e-01
4.037074744701385498e-01
4.773630797863006592e-01
4.730472862720489502e-01
4.540135264396667480e-01
4.632445275783538818e-01
3.996200859546661377e-01
4.166090786457061768e-01
3.999496400356292725e-01
5.190400481224060059e-01
4.954387843608856201e-01
5.125159621238708496e-01
4.005779325962066650e-01
4.364464879035949707e-01
4.232212305068969727e-01
3.566794991493225098e-01
4.232212305068969727e-01
4.833471775054931641e-01
4.036715924739837646e-01
4.550031721591949463e-01
3.813962340354919434e-01
5.303581357002258301e-01
4.519633650779724121e-01
4.142081737518310547e-01
4.047138988971710205e-01
4.037074744701385498e-01
4.036715924739837646e-01
3.799435496330261230e-01
5.044026970863342285e-01
3.951468467712402344e-01
5.276982784271240234e-01
5.044026970863342285e-01
3.999496400356292725e-01
4.550031721591949463e-01
3.566794991493225098e-01
3.814367353916168213e-01
5.153273344039916992e-01
4.422221779823303223e-01
5.041073560714721680e-01
5.132498741149902344e-01
3.993913829326629639e-01
4.519633650779724121e-01
4.970977008342742920e-01
4.632445275783538818e-01
3.835031688213348389e-01
4.971164166927337646e-01
3.970050215721130371e-01
4.005779325962066650e-01
4.020990431308746338e-01
5.359757542610168457e-01
4.823487997055053711e-01
5.220352411270141602e-01
3.696551620960235596e-01
3.865358829498291016e-01
5.000740289688110352e-01
4.804265499114990234e-01
4.511040449142456055e-01
4.717884957790374756e-01
4.620505869388580322e-01
4.372548162937164307e-01
4.717884957790374756e-01
4.555789530277252197e-01
5.110121965408325195e-01
5.061374902725219727e-01
4.837246537208557129e-01
5.045148134231567383e-01
5.153673291206359863e-01
5.066184401512145996e-01
4.992219507694244385e-01
5.190431475639343262e-01
4.798468053340911865e-01
5.085215568542480469e-01
4.613327980041503906e-01
4.888212680816650391e-01
5.061985850334167480e-01
4.686214029788970947e-01
5.138695836067199707e-01
4.731824994087219238e-01
4.547649919986724854e-01
4.998444318771362305e-01
4.823261201381683350e-01
4.823012053966522217e-01
5.086787343025207520e-01
5.093992948532104492e-01
4.454681575298309326e-01
4.573861360549926758e-01
5.030167698860168457e-01
5.022799968719482422e-01
4.995847940444946289e-01
4.721166193485260010e-01
5.138014554977416992e-01
5.241143703460693359e-01
5.055336952209472656e-01
4.588958024978637695e-01
4.910606145858764648e-01
4.183466434478759766e-01
4.987848699092864990e-01
4.214257299900054932e-01
5.020228028297424316e-01
4.987982809543609619e-01
4.921177029609680176e-01
5.025578737258911133e-01
4.828826189041137695e-01
5.364019870758056641e-01
4.978455603122711182e-01
5.205978751182556152e-01
4.865002930164337158e-01
5.025297999382019043e-01
4.937061071395874023e-01
4.909142851829528809e-01
5.076696276664733887e-01
5.116096138954162598e-01
5.087383389472961426e-01
5.100775957107543945e-01
4.671592116355895996e-01
4.551182091236114502e-01
4.801903367042541504e-01
5.148848295211791992e-01
4.788330793380737305e-01
5.287471413612365723e-01
4.492875933647155762e-01
5.277725458145141602e-01
5.044655799865722656e-01
5.054197907447814941e-01
5.006856322288513184e-01
4.669406712055206299e-01
4.469907283782958984e-01
4.759924411773681641e-01
5.058929324150085449e-01
4.940446913242340088e-01
4.807972311973571777e-01
4.784217178821563721e-01
4.973753988742828369e-01
4.704189300537109375e-01
4.835340678691864014e-01
4.823400974273681641e-01
5.056781768798828125e-01
4.872934818267822266e-01
4.652822017669677734e-01
5.275391936302185059e-01
4.989762306213378906e-01
4.479505717754364014e-01
5.097587108612060547e-01
4.767586290836334229e-01
4.880383312702178955e-01
4.716793596744537354e-01
4.403041601181030273e-01
4.729480743408203125e-01
4.872550368309020996e-01
4.511523246765136719e-01
4.344320297241210938e-01
4.888474047183990479e-01
5.115277767181396484e-01
4.924258291721343994e-01
4.933248460292816162e-01
4.239184260368347168e-01
4.886779189109802246e-01
4.530099332332611084e-01
4.962043166160583496e-01
4.831856787204742432e-01
4.894763231277465820e-01
4.946132898330688477e-01
4.990848302841186523e-01
4.760052561759948730e-01
4.978190958499908447e-01
4.822245240211486816e-01
4.854955673217773438e-01
4.912331104278564453e-01
4.872951209545135498e-01
4.977376759052276611e-01
5.074975490570068359e-01
4.872357845306396484e-01
4.459802210330963135e-01
4.646263718605041504e-01
4.476898014545440674e-01
4.811615943908691406e-01
4.437642693519592285e-01
4.729834794998168945e-01
4.524730741977691650e-01
4.992850422859191895e-01
5.154276490211486816e-01
5.053439140319824219e-01
4.637821614742279053e-01
4.643233120441436768e-01
4.531969130039215088e-01
4.983385205268859863e-01
4.506651461124420166e-01
5.075998902320861816e-01
4.582077562808990479e-01
5.000184774398803711e-01
4.641170799732208252e-01
4.892679154872894287e-01
5.012537837028503418e-01
4.662909507751464844e-01
4.918248057365417480e-01
5.063492655754089355e-01
4.975213408470153809e-01
4.405153095722198486e-01
4.723232388496398926e-01
5.037271380424499512e-01
5.114051699638366699e-01
5.008108019828796387e-01
4.586063921451568604e-01
4.772436916828155518e-01
4.895694553852081299e-01
5.131759047508239746e-01
4.836035668849945068e-01
5.042811632156372070e-01
4.953809082508087158e-01
5.005441308021545410e-01
5.045881271362304688e-01
4.397387802600860596e-01
4.939059317111968994e-01
5.003902912139892578e-01
4.687118828296661377e-01
4.824254214763641357e-01
4.862354695796966553e-01
5.031856894493103027e-01
5.158446431159973145e-01
4.650132358074188232e-01
4.536335468292236328e-01
4.507632255554199219e-01
4.811319708824157715e-01
4.484797418117523193e-01
3.836155831813812256e-01
4.738456904888153076e-01
4.950707852840423584e-01
4.759302139282226562e-01
4.612121582031250000e-01
4.866602718830108643e-01
4.569857716560363770e-01
4.677841365337371826e-01
4.688623249530792236e-01
4.558897316455841064e-01
4.765905737876892090e-01
4.551820755004882812e-01
5.158742070198059082e-01
4.415170252323150635e-01
4.815869927406311035e-01
4.331135749816894531e-01
4.803102016448974609e-01
4.792827367782592773e-01
4.828310310840606689e-01
4.477120637893676758e-01
4.700711667537689209e-01
4.479272663593292236e-01
4.889799654483795166e-01
4.521786272525787354e-01
3.986998796463012695e-01
4.582132101058959961e-01
4.959532618522644043e-01
4.808684587478637695e-01
4.695155024528503418e-01
5.335500240325927734e-01
4.960929155349731445e-01
4.505077898502349854e-01
4.720561802387237549e-01
4.669052362442016602e-01
4.642782807350158691e-01
4.859572649002075195e-01
4.641451239585876465e-01
4.432412683963775635e-01
4.925104975700378418e-01
5.093073844909667969e-01
5.129288434982299805e-01
5.136657953262329102e-01
4.700093269348144531e-01
4.887705743312835693e-01
4.473811984062194824e-01
4.327440857887268066e-01
5.012862682342529297e-01
4.942359924316406250e-01
4.731971919536590576e-01
4.588573575019836426e-01
4.946806132793426514e-01
5.226307511329650879e-01
5.037114024162292480e-01
4.813252687454223633e-01
4.787480533123016357e-01
5.025085210800170898e-01
4.787214994430541992e-01
4.927650690078735352e-01
4.675438404083251953e-01
5.018466711044311523e-01
4.849065542221069336e-01
5.194876790046691895e-01
4.894544482231140137e-01
5.090827941894531250e-01
4.196081757545471191e-01
5.058016777038574219e-01
4.406794309616088867e-01
5.033450126647949219e-01
4.591977596282958984e-01
4.972101747989654541e-01
5.146619677543640137e-01
4.948260486125946045e-01
4.307622909545898438e-01
4.352993369102478027e-01
4.930126368999481201e-01
4.995304048061370850e-01
5.046870708465576172e-01
4.884718954563140869e-01
4.887943267822265625e-01
4.832403659820556641e-01
4.986414313316345215e-01
4.973346292972564697e-01
4.991892576217651367e-01
4.993917644023895264e-01
4.890415668487548828e-01
4.956014156341552734e-01
4.448844790458679199e-01
4.605002105236053467e-01
4.720733761787414551e-01
4.669702053070068359e-01
4.957092404365539551e-01
4.855980873107910156e-01
5.005748867988586426e-01
5.059657096862792969e-01
4.200079441070556641e-01
5.017192959785461426e-01
4.097340404987335205e-01
4.594507217407226562e-01
5.217173695564270020e-01
4.913100898265838623e-01
4.622945487499237061e-01
4.807939231395721436e-01
4.668380916118621826e-01
5.071818828582763672e-01
4.305380284786224365e-01
4.236898720264434814e-01
4.831654429435729980e-01
5.236136317253112793e-01
3.707816600799560547e-01
3.991476297378540039e-01
3.972991704940795898e-01
4.438033699989318848e-01
5.048128366470336914e-01
4.029546380043029785e-01
4.992719888687133789e-01
3.732525110244750977e-01
4.255065619945526123e-01
4.882885515689849854e-01
4.792532920837402344e-01
3.771994411945343018e-01
4.346336722373962402e-01
4.951398670673370361e-01
4.375303685665130615e-01
4.401901066303253174e-01
4.551083445549011230e-01
4.940748214721679688e-01
4.292718768119812012e-01
4.209983348846435547e-01
5.140447020530700684e-01
3.969586789608001709e-01
4.802431464195251465e-01
4.970470368862152100e-01
5.067133903503417969e-01
4.702601730823516846e-01
4.015978574752807617e-01
4.151596426963806152e-01
4.433086812496185303e-01
4.584769606590270996e-01
3.910377323627471924e-01
5.651024580001831055e-01
4.259462356567382812e-01
4.804911613464355469e-01
4.252059161663055420e-01
5.064322948455810547e-01
5.053820013999938965e-01
4.235109984874725342e-01
4.638940393924713135e-01
4.738158881664276123e-01
5.507096052169799805e-01
4.651498794555664062e-01
4.392621219158172607e-01
5.275716781616210938e-01
5.312355756759643555e-01
4.776505529880523682e-01
4.524479806423187256e-01
3.888501822948455811e-01
4.479216337203979492e-01
3.872673809528350830e-01
4.772374629974365234e-01
4.709297716617584229e-01
4.330385029315948486e-01
4.123868048191070557e-01
4.854210615158081055e-01
5.197950005531311035e-01
4.610264301300048828e-01
3.596692085266113281e-01
4.712495207786560059e-01
4.721028208732604980e-01
4.761773049831390381e-01
4.230926036834716797e-01
