9.972653388977050781e-01
9.989469647407531738e-01
9.936880469322204590e-01
9.530584812164306641e-01
9.612537026405334473e-01
9.957297444343566895e-01
9.708781838417053223e-01
9.671989083290100098e-01
9.758514165878295898e-01
9.960003495216369629e-01
9.957165122032165527e-01
9.706381559371948242e-01
9.938917160034179688e-01
9.979153275489807129e-01
9.743987917900085449e-01
9.513987302780151367e-01
9.937533736228942871e-01
9.875649809837341309e-01
9.438529014587402344e-01
9.869600534439086914e-01
9.628407955169677734e-01
9.920648932456970215e-01
9.769878387451171875e-01
9.848218560218811035e-01
9.808712601661682129e-01
9.974511265754699707e-01
9.922546148300170898e-01
9.955315589904785156e-01
9.900029897689819336e-01
8.866153359413146973e-01
9.993171691894531250e-01
9.536669254302978516e-01
9.886754751205444336e-01
9.902235865592956543e-01
9.957785606384277344e-01
9.958012700080871582e-01
9.923836588859558105e-01
9.942243695259094238e-01
9.696299433708190918e-01
9.874480366706848145e-01
9.719327688217163086e-01
9.719147682189941406e-01
9.970222115516662598e-01
9.146142601966857910e-01
9.810702800750732422e-01
9.574216604232788086e-01
9.761758446693420410e-01
9.794501066207885742e-01
9.485375285148620605e-01
9.876945018768310547e-01
9.929874539375305176e-01
9.356980919837951660e-01
9.793736934661865234e-01
9.585289359092712402e-01
9.721119999885559082e-01
9.801062941551208496e-01
9.951753616333007812e-01
9.664955139160156250e-01
9.870306849479675293e-01
9.945973157882690430e-01
9.932536482810974121e-01
9.928643703460693359e-01
9.937670230865478516e-01
8.939066529273986816e-01
9.930184483528137207e-01
7.115592360496520996e-01
9.337041378021240234e-01
9.897215962409973145e-01
9.456643462181091309e-01
9.696799516677856445e-01
9.902095794677734375e-01
9.940043091773986816e-01
9.643803834915161133e-01
9.809890389442443848e-01
9.875912666320800781e-01
9.348439574241638184e-01
9.820815920829772949e-01
9.901926517486572266e-01
9.826250076293945312e-01
9.761082530021667480e-01
9.716927409172058105e-01
9.968354105949401855e-01
9.865677356719970703e-01
9.470215439796447754e-01
9.761782288551330566e-01
9.731676578521728516e-01
9.758514165878295898e-01
9.681957960128784180e-01
9.908993244171142578e-01
9.712357521057128906e-01
9.879369139671325684e-01
9.786412119865417480e-01
9.841210842132568359e-01
9.889482259750366211e-01
9.852897524833679199e-01
9.976824522018432617e-01
9.864916205406188965e-01
9.961025714874267578e-01
9.708333611488342285e-01
9.663012623786926270e-01
9.801019430160522461e-01
9.948889613151550293e-01
9.814059734344482422e-01
9.855059385299682617e-01
9.919862747192382812e-01
9.908767342567443848e-01
9.912394881248474121e-01
9.831233620643615723e-01
9.796400666236877441e-01
9.817318320274353027e-01
9.883995056152343750e-01
9.662759900093078613e-01
9.839500188827514648e-01
9.828124642372131348e-01
9.843567013740539551e-01
9.683452248573303223e-01
9.758618474006652832e-01
9.810965657234191895e-01
9.774213433265686035e-01
9.929934144020080566e-01
9.870589971542358398e-01
9.657910466194152832e-01
9.905883073806762695e-01
9.832568764686584473e-01
9.966630339622497559e-01
9.826113581657409668e-01
9.702497720718383789e-01
9.449668526649475098e-01
9.961605072021484375e-01
9.881902933120727539e-01
9.936245679855346680e-01
9.913018941879272461e-01
9.886882901191711426e-01
9.892405867576599121e-01
9.933527708053588867e-01
9.378085136413574219e-01
9.937825798988342285e-01
9.920847415924072266e-01
9.730405807495117188e-01
9.906455278396606445e-01
9.856184124946594238e-01
9.825879931449890137e-01
9.858207702636718750e-01
9.857497215270996094e-01
9.864331483840942383e-01
9.377471804618835449e-01
9.425744414329528809e-01
9.587755203247070312e-01
9.949848651885986328e-01
9.954994320869445801e-01
9.963570237159729004e-01
9.859628081321716309e-01
9.934998750686645508e-01
9.840117692947387695e-01
9.947654008865356445e-01
9.930248260498046875e-01
9.937859773635864258e-01
9.937276840209960938e-01
9.948607087135314941e-01
9.891824126243591309e-01
9.903908967971801758e-01
9.880231618881225586e-01
9.744570851325988770e-01
9.981558918952941895e-01
9.939542412757873535e-01
9.960371851921081543e-01
9.829523563385009766e-01
9.919999837875366211e-01
9.971073269844055176e-01
9.889567494392395020e-01
9.342464208602905273e-01
9.840412139892578125e-01
9.788581728935241699e-01
9.931446313858032227e-01
9.818124771118164062e-01
9.517401456832885742e-01
9.886631369590759277e-01
9.445562958717346191e-01
9.745709896087646484e-01
9.936830997467041016e-01
9.527726769447326660e-01
9.641696810722351074e-01
9.934962987899780273e-01
9.576042890548706055e-01
9.948622584342956543e-01
9.736869335174560547e-01
9.817909002304077148e-01
9.779915213584899902e-01
9.572394490242004395e-01
9.883477091789245605e-01
8.679079413414001465e-01
9.579485654830932617e-01
9.928984642028808594e-01
9.927546381950378418e-01
9.249595403671264648e-01
9.960072636604309082e-01
9.421851634979248047e-01
9.333003163337707520e-01
9.608240723609924316e-01
9.933156371116638184e-01
9.802463650703430176e-01
9.942374229431152344e-01
9.736788868904113770e-01
9.914383888244628906e-01
9.940972328186035156e-01
9.731189012527465820e-01
9.164773821830749512e-01
9.781233668327331543e-01
9.940641522407531738e-01
9.619818925857543945e-01
9.396281242370605469e-01
9.761190414428710938e-01
9.714722037315368652e-01
9.846599102020263672e-01
9.981427192687988281e-01
9.909933209419250488e-01
9.899820685386657715e-01
9.751091003417968750e-01
9.902509450912475586e-01
9.920272231101989746e-01
9.797921180725097656e-01
9.894478321075439453e-01
9.816328287124633789e-01
9.834501147270202637e-01
9.953144788742065430e-01
9.599592685699462891e-01
9.785980582237243652e-01
9.587817788124084473e-01
9.972193241119384766e-01
9.951736330986022949e-01
9.592679142951965332e-01
9.587908387184143066e-01
8.904325366020202637e-01
9.743729829788208008e-01
9.874961376190185547e-01
9.923654198646545410e-01
9.853706359863281250e-01
9.909054040908813477e-01
9.799227118492126465e-01
9.951365590095520020e-01
9.738941192626953125e-01
9.895322322845458984e-01
9.794477820396423340e-01
9.761533737182617188e-01
9.412661194801330566e-01
9.188053011894226074e-01
9.987674951553344727e-01
9.987315535545349121e-01
9.986155033111572266e-01
8.227602839469909668e-01
9.139003157615661621e-01
9.990606904029846191e-01
9.988372921943664551e-01
9.996262788772583008e-01
8.523499369621276855e-01
9.994995594024658203e-01
9.985589385032653809e-01
9.990098476409912109e-01
9.994571805000305176e-01
9.993314743041992188e-01
9.996818304061889648e-01
9.990537762641906738e-01
9.817177057266235352e-01
9.323889017105102539e-01
9.783141016960144043e-01
9.974361062049865723e-01
9.997803568840026855e-01
9.991706609725952148e-01
9.541426897048950195e-01
9.995324611663818359e-01
9.981920123100280762e-01
9.995253086090087891e-01
9.902747869491577148e-01
9.992365837097167969e-01
9.997487664222717285e-01
9.990323781967163086e-01
9.989696741104125977e-01
9.996050000190734863e-01
9.981673955917358398e-01
9.989680051803588867e-01
9.997143149375915527e-01
9.980564117431640625e-01
9.881061315536499023e-01
9.681061506271362305e-01
9.851865172386169434e-01
9.996550083160400391e-01
9.996402263641357422e-01
9.993357062339782715e-01
9.983404874801635742e-01
9.989288449287414551e-01
9.994341731071472168e-01
9.982646107673645020e-01
9.574978351593017578e-01
9.871222376823425293e-01
9.990543723106384277e-01
9.997223019599914551e-01
9.995156526565551758e-01
9.986765980720520020e-01
9.987956285476684570e-01
9.992988109588623047e-01
9.991626739501953125e-01
9.995319843292236328e-01
9.993236064910888672e-01
9.750794172286987305e-01
9.820129275321960449e-01
9.996488094329833984e-01
9.974161386489868164e-01
9.864369034767150879e-01
9.997234940528869629e-01
9.985773563385009766e-01
9.494164586067199707e-01
9.987426400184631348e-01
9.669996500015258789e-01
9.995722174644470215e-01
9.995223283767700195e-01
9.994482398033142090e-01
9.788329005241394043e-01
9.997336268424987793e-01
9.980415105819702148e-01
9.900349974632263184e-01
9.809265136718750000e-01
9.994329810142517090e-01
9.899621009826660156e-01
9.995937943458557129e-01
9.623762965202331543e-01
9.740602970123291016e-01
9.997066855430603027e-01
9.747689366340637207e-01
9.815430045127868652e-01
9.998801946640014648e-01
9.795291423797607422e-01
9.876190423965454102e-01
9.598671197891235352e-01
9.203346967697143555e-01
9.476079940795898438e-01
9.996408224105834961e-01
9.992189407348632812e-01
9.812378287315368652e-01
9.787988066673278809e-01
9.765735864639282227e-01
9.997857213020324707e-01
9.929953217506408691e-01
9.818882346153259277e-01
9.993701577186584473e-01
9.386099576950073242e-01
9.673787951469421387e-01
9.817712306976318359e-01
9.995809197425842285e-01
9.994329810142517090e-01
9.927352666854858398e-01
9.966038465499877930e-01
9.617703557014465332e-01
9.996041655540466309e-01
9.784969091415405273e-01
9.554091691970825195e-01
9.796216487884521484e-01
9.694386720657348633e-01
9.620006084442138672e-01
9.997668862342834473e-01
9.826458692550659180e-01
9.892745614051818848e-01
9.749304652214050293e-01
9.595119357109069824e-01
9.840412139892578125e-01
9.315295219421386719e-01
9.723150134086608887e-01
9.882982969284057617e-01
9.930366873741149902e-01
9.491233229637145996e-01
9.845796823501586914e-01
9.942058920860290527e-01
9.901708960533142090e-01
9.844233393669128418e-01
9.810088872909545898e-01
9.725115895271301270e-01
9.851159453392028809e-01
9.957858920097351074e-01
9.909866452217102051e-01
9.791886210441589355e-01
9.738778471946716309e-01
9.795428514480590820e-01
9.883944988250732422e-01
9.764509201049804688e-01
9.746143221855163574e-01
9.901429414749145508e-01
9.102810621261596680e-01
9.851723909378051758e-01
9.710355401039123535e-01
9.853390455245971680e-01
9.826981425285339355e-01
9.826360940933227539e-01
9.841846227645874023e-01
9.852426052093505859e-01
9.513048529624938965e-01
9.787235260009765625e-01
9.622017741203308105e-01
9.789057970046997070e-01
9.940272569656372070e-01
9.563637375831604004e-01
9.866107702255249023e-01
9.040049314498901367e-01
9.834844470024108887e-01
9.780303239822387695e-01
9.796608686447143555e-01
9.723632335662841797e-01
9.916526675224304199e-01
9.874454736709594727e-01
9.780803918838500977e-01
9.593496322631835938e-01
9.947831034660339355e-01
9.576640129089355469e-01
9.325039386749267578e-01
9.694803357124328613e-01
9.838594198226928711e-01
9.838221669197082520e-01
9.726172685623168945e-01
9.856476783752441406e-01
9.641278982162475586e-01
9.838231205940246582e-01
9.620357155799865723e-01
9.775281548500061035e-01
9.821548461914062500e-01
9.819839596748352051e-01
9.215370416641235352e-01
9.902111887931823730e-01
2.688643932342529297e-01
9.518103003501892090e-01
9.935623407363891602e-01
9.987577199935913086e-01
9.894109368324279785e-01
9.913882613182067871e-01
9.896915555000305176e-01
9.959094524383544922e-01
9.920694828033447266e-01
9.909740090370178223e-01
9.872837066650390625e-01
9.991989731788635254e-01
9.927486777305603027e-01
9.875868558883666992e-01
9.749671816825866699e-01
9.457138776779174805e-01
9.843218326568603516e-01
9.907984733581542969e-01
9.521919488906860352e-01
9.949164390563964844e-01
9.846041798591613770e-01
9.909822344779968262e-01
9.829552769660949707e-01
9.931073784828186035e-01
9.829618334770202637e-01
9.925334453582763672e-01
9.620344042778015137e-01
9.978187084197998047e-01
7.479069381952285767e-02
9.942763447761535645e-01
9.974591135978698730e-01
9.955030083656311035e-01
9.825195074081420898e-01
9.838278293609619141e-01
9.832029342651367188e-01
9.444189667701721191e-01
9.961965084075927734e-01
9.707483053207397461e-01
9.860418438911437988e-01
9.880498051643371582e-01
9.374617338180541992e-01
9.940716624259948730e-01
9.606325030326843262e-01
9.606741666793823242e-01
9.993564486503601074e-01
9.980089068412780762e-01
9.966543912887573242e-01
9.765270948410034180e-01
9.633215665817260742e-01
9.862390160560607910e-01
9.961175918579101562e-01
9.971241354942321777e-01
9.989990592002868652e-01
9.256615638732910156e-01
8.027876019477844238e-01
9.666610360145568848e-01
9.904866814613342285e-01
9.976644515991210938e-01
9.921971559524536133e-01
9.783670306205749512e-01
9.732500910758972168e-01
9.978467226028442383e-01
9.848303794860839844e-01
9.953435063362121582e-01
9.951953291893005371e-01
9.876947402954101562e-01
9.583475589752197266e-01
9.951844811439514160e-01
9.920912981033325195e-01
9.943845272064208984e-01
9.575742483139038086e-01
9.252472519874572754e-01
9.808484315872192383e-01
9.864538311958312988e-01
8.995339274406433105e-01
7.719946503639221191e-01
2.334663830697536469e-02
3.497688740026205778e-04
3.404926974326372147e-03
4.957388737238943577e-04
8.936814032495021820e-03
2.414784627035260201e-03
1.741615240462124348e-03
5.370942410081624985e-03
6.716480851173400879e-01
4.820350091904401779e-03
6.843337323516607285e-04
4.163244273513555527e-03
1.887580938637256622e-02
4.208517726510763168e-03
1.369032659567892551e-03
3.479568054899573326e-03
7.076207548379898071e-03
2.881528809666633606e-02
2.872221870347857475e-03
1.934460015036165714e-03
9.788196533918380737e-03
2.486846642568707466e-03
2.320494968444108963e-03
4.841260239481925964e-02
5.351262167096138000e-03
1.348334597423672676e-03
1.999682001769542694e-02
2.650778042152523994e-03
1.196533720940351486e-02
2.310130372643470764e-02
1.211046203970909119e-01
1.113556325435638428e-03
2.445509433746337891e-01
1.478584576398134232e-02
6.029868964105844498e-03
9.937053255271166563e-05
2.041895687580108643e-02
1.852167333709076047e-04
1.813929178752005100e-03
1.558328978717327118e-03
1.315447594970464706e-02
2.901127154473215342e-04
1.901824143715202808e-03
4.479685158003121614e-04
1.461581885814666748e-01
5.616641044616699219e-02
2.638526074588298798e-02
7.577238720841705799e-04
8.272380218841135502e-04
3.572740359231829643e-03
6.378987431526184082e-02
1.904372940771281719e-03
9.467518888413906097e-03
2.917903708294034004e-03
1.028375700116157532e-02
1.162273692898452282e-03
6.440762896090745926e-03
5.594191607087850571e-03
5.924667930230498314e-04
1.806611428037285805e-03
3.826269879937171936e-03
1.937215711222961545e-04
1.214600400999188423e-03
5.478936713188886642e-03
7.243352532386779785e-01
3.049531392753124237e-02
6.741535617038607597e-04
4.378601443022489548e-03
8.272869163192808628e-04
1.584877609275281429e-03
2.224553003907203674e-02
1.042825519107282162e-03
1.009852066636085510e-02
7.575111091136932373e-02
8.209685236215591431e-02
8.220024756155908108e-04
2.191282255807891488e-04
1.653375774621963501e-01
1.013733353465795517e-02
5.539137404412031174e-03
5.508816987276077271e-02
2.699038479477167130e-03
2.211120538413524628e-02
1.297000888735055923e-02
6.398662924766540527e-03
1.394436811096966267e-03
7.359093055129051208e-03
6.902635097503662109e-03
2.719915658235549927e-02
2.854721806943416595e-02
3.822427242994308472e-02
9.894475340843200684e-03
5.220551509410142899e-03
1.358705107122659683e-02
3.966990709304809570e-01
9.295888245105743408e-03
2.131174318492412567e-03
6.544332019984722137e-03
2.179889241233468056e-03
9.887625463306903839e-03
2.910776063799858093e-03
1.137621793895959854e-02
1.092653401428833604e-04
3.371158987283706665e-02
1.032242944347672164e-04
8.760689524933695793e-04
1.533443108201026917e-02
2.714599296450614929e-02
1.050840597599744797e-02
2.333068521693348885e-03
2.448455896228551865e-03
1.292536966502666473e-02
1.039876136928796768e-02
5.928418599069118500e-03
2.744438312947750092e-02
6.012717858538962901e-05
4.319319967180490494e-03
2.687776926904916763e-03
2.322236821055412292e-02
1.624168269336223602e-02
2.704957500100135803e-02
3.920128569006919861e-03
2.294308692216873169e-02
1.223669678438454866e-04
1.319521814584732056e-01
2.074483409523963928e-02
4.071962833404541016e-02
1.189282257109880447e-02
1.556661259382963181e-02
1.953451195731759071e-03
7.501213252544403076e-02
2.908294321969151497e-03
1.519842594861984253e-01
7.173921039793640375e-05
4.513956606388092041e-02
1.207611616700887680e-02
1.635831035673618317e-02
2.341470308601856232e-02
3.200648352503776550e-03
1.228556036949157715e-03
1.091085094958543777e-02
2.143981982953846455e-04
1.300509925931692123e-02
2.699746983125805855e-03
1.647798717021942139e-02
5.401109810918569565e-04
3.149579465389251709e-02
1.206481829285621643e-02
2.430122494697570801e-01
3.779394924640655518e-02
2.914546057581901550e-02
1.080087269656360149e-03
7.394016720354557037e-04
1.827270491048693657e-03
3.267014399170875549e-02
2.196544259786605835e-01
4.744120873510837555e-03
4.173025488853454590e-03
1.563819823786616325e-03
3.420686116442084312e-03
9.111992549151182175e-04
5.383597221225500107e-03
1.261131558567285538e-02
1.389601267874240875e-02
4.186091199517250061e-02
1.691341400146484375e-02
2.595563651993870735e-03
2.114497823640704155e-03
7.867158390581607819e-03
5.698804743587970734e-03
4.909422714263200760e-03
3.144446760416030884e-03
3.548852866515517235e-03
1.362579613924026489e-01
1.567461877129971981e-04
2.340090423822402954e-01
1.315733534283936024e-03
1.782029983587563038e-03
1.002221088856458664e-02
3.691869089379906654e-03
4.217920359224081039e-03
3.898892551660537720e-03
9.206753456965088844e-04
3.870352171361446381e-03
2.222088538110256195e-02
5.760063882917165756e-03
5.374040920287370682e-03
1.354849315248429775e-03
7.955382466316223145e-01
1.359611167572438717e-03
2.300700172781944275e-03
4.559330642223358154e-03
4.138945601880550385e-03
8.642400614917278290e-03
1.580990385264158249e-03
1.776333525776863098e-02
8.693629875779151917e-03
1.487468485720455647e-03
1.344644185155630112e-02
1.870318315923213959e-02
2.671337686479091644e-03
1.317839138209819794e-02
3.300419484730809927e-04
6.149274995550513268e-04
5.418416857719421387e-01
6.698600482195615768e-03
7.029389962553977966e-03
1.598111819475889206e-03
4.683977458626031876e-04
1.973820663988590240e-02
1.180630060844123363e-03
7.826652377843856812e-03
2.636963501572608948e-03
2.305774978594854474e-04
6.426257081329822540e-03
1.200965326279401779e-02
9.265295811928808689e-04
7.103006355464458466e-03
5.457892082631587982e-03
1.049026008695363998e-02
3.865009546279907227e-02
1.603935658931732178e-02
1.390530727803707123e-02
4.278074484318494797e-03
1.160562634468078613e-01
3.338444046676158905e-03
1.179427257739007473e-03
6.328067742288112640e-03
5.064901197329163551e-04
7.407069951295852661e-02
3.834703238680958748e-04
1.330522540956735611e-02
2.818362787365913391e-03
1.791483518900349736e-04
9.814398363232612610e-03
2.184397727251052856e-02
2.758678048849105835e-03
1.929753422737121582e-01
8.082561544142663479e-04
2.239186316728591919e-03
1.740612438879907131e-03
4.188124462962150574e-02
5.777917336672544479e-03
1.015349943190813065e-02
9.479491971433162689e-03
5.991739220917224884e-03
2.769440179690718651e-03
1.411152258515357971e-02
2.339042839594185352e-05
1.802236773073673248e-02
5.991937592625617981e-03
5.043466109782457352e-03
4.730797186493873596e-02
6.139087025076150894e-03
1.607331633567810059e-02
3.385762870311737061e-02
4.517109133303165436e-03
1.442537456750869751e-02
5.583029706031084061e-03
2.846778137609362602e-03
4.787463322281837463e-02
1.648562261834740639e-03
1.075605675578117371e-02
4.905077628791332245e-03
2.092252019792795181e-03
8.339775726199150085e-03
1.276135444641113281e-03
5.174379330128431320e-04
1.265450194478034973e-02
1.772873289883136749e-02
1.271224115043878555e-03
1.753817894496023655e-03
8.014488033950328827e-03
1.712813228368759155e-01
1.908763870596885681e-02
4.933029878884553909e-03
8.464854327030479908e-04
4.693362396210432053e-03
6.730798631906509399e-02
6.900398293510079384e-04
6.240898743271827698e-03
8.701404556632041931e-03
2.222277037799358368e-02
2.312670461833477020e-03
2.313113771378993988e-03
2.835681661963462830e-03
1.589037477970123291e-02
1.792702078819274902e-02
1.574385911226272583e-03
4.390943795442581177e-03
9.536974132061004639e-03
1.716415584087371826e-02
3.691926831379532814e-03
9.598172269761562347e-03
2.774619264528155327e-03
1.675553768873214722e-01
5.945524573326110840e-02
8.632960729300975800e-03
4.900315403938293457e-01
1.340895146131515503e-02
7.513194344937801361e-03
1.261585205793380737e-02
2.245195209980010986e-02
3.006082959473133087e-03
1.052247127518057823e-03
2.552708610892295837e-03
2.274364419281482697e-02
3.611698281019926071e-03
9.247086010873317719e-03
5.346811376512050629e-04
1.001718826591968536e-02
9.725080803036689758e-03
2.764788456261157990e-02
6.783477874705567956e-05
2.340405993163585663e-02
2.576386905275285244e-04
4.249652381986379623e-03
3.308685496449470520e-02
1.854761093854904175e-01
2.495985710993409157e-03
6.551850587129592896e-03
1.946297101676464081e-02
3.557667834684252739e-03
1.858002543449401855e-01
9.179271874018013477e-04
1.271346351131796837e-03
8.455027826130390167e-03
2.223901636898517609e-02
3.542011976242065430e-02
1.740521285682916641e-03
1.137150917202234268e-02
2.222855400759726763e-04
2.361919032409787178e-03
8.555656298995018005e-03
7.878011092543601990e-03
2.152168750762939453e-02
2.097956370562314987e-03
1.582248136401176453e-02
1.784189417958259583e-02
7.412416161969304085e-04
5.465963389724493027e-03
6.508492399007081985e-03
3.727062605321407318e-03
1.246440131217241287e-02
4.359503462910652161e-02
1.187329925596714020e-02
1.876866258680820465e-02
1.802607439458370209e-04
7.220588158816099167e-03
4.930596332997083664e-03
1.998658757656812668e-03
4.102601204067468643e-03
1.040446478873491287e-02
1.349618583917617798e-01
7.825823500752449036e-03
2.916524559259414673e-02
2.310446696355938911e-03
1.897681131958961487e-02
1.697092503309249878e-01
1.920786336995661259e-03
1.977221574634313583e-03
4.343932494521141052e-02
1.172323990613222122e-02
7.650665473192930222e-03
2.429314190521836281e-03
4.909065319225192070e-04
1.750915497541427612e-02
5.413059517741203308e-02
3.524925559759140015e-02
1.773267798125743866e-02
3.997518494725227356e-02
6.333583965897560120e-03
6.564040482044219971e-02
1.980588957667350769e-02
1.849094964563846588e-02
2.932148345280438662e-04
3.147719055414199829e-02
6.865878123790025711e-03
1.318640308454632759e-03
1.561930403113365173e-02
2.045167144387960434e-03
4.444149509072303772e-02
2.022611536085605621e-02
6.617100443691015244e-03
4.407015629112720490e-03
3.792053554207086563e-03
7.495333906263113022e-03
1.598727330565452576e-02
2.781260758638381958e-03
4.539452958852052689e-03
2.364664571359753609e-03
5.992173682898283005e-04
5.524944514036178589e-02
7.073590997606515884e-03
1.368355564773082733e-02
1.300497911870479584e-03
8.807035628706216812e-04
1.275591459125280380e-02
9.815380908548831940e-03
7.248218636959791183e-03
7.855885662138462067e-03
3.080712631344795227e-04
1.590649597346782684e-03
3.702014684677124023e-01
7.887302199378609657e-04
4.722569137811660767e-04
5.785620305687189102e-03
4.291493594646453857e-01
3.788508474826812744e-03
3.120883833616971970e-03
1.434185635298490524e-02
5.354072432965040207e-03
7.118782028555870056e-03
5.836119409650564194e-03
5.753270816057920456e-03
3.711804980412125587e-03
1.042550429701805115e-02
2.868077717721462250e-02
3.028886765241622925e-02
7.990674930624663830e-05
6.075956625863909721e-04
2.663606777787208557e-03
2.385458908975124359e-03
1.762100378982722759e-03
9.207860827445983887e-01
2.840519417077302933e-03
3.601689357310533524e-03
6.973877898417413235e-04
1.320524327456951141e-02
3.214308060705661774e-03
6.535130552947521210e-03
4.789758939296007156e-03
5.813421681523323059e-03
1.115988707169890404e-03
1.400416716933250427e-02
5.852804053574800491e-03
6.137338466942310333e-03
1.283510867506265640e-02
3.003915771842002869e-03
1.117950887419283390e-03
4.759935836773365736e-04
3.296201303601264954e-02
4.729635082185268402e-03
1.087979879230260849e-02
4.862511996179819107e-03
7.891875691711902618e-03
6.688326597213745117e-02
6.289997603744268417e-03
1.652273535728454590e-02
1.215597335249185562e-02
1.195139848277904093e-04
1.799599081277847290e-02
5.541651509702205658e-03
7.732135243713855743e-03
3.857127623632550240e-03
1.132992189377546310e-02
1.194079755805432796e-03
3.297464456409215927e-03
1.256849034689366817e-03
1.640188507735729218e-03
6.315605714917182922e-04
4.770420491695404053e-03
1.694452948868274689e-02
1.128162536770105362e-02
1.995425671339035034e-03
1.254453603178262711e-02
7.456761598587036133e-01
2.954893861897289753e-04
7.606762461364269257e-03
6.980801224708557129e-01
1.055033970624208450e-02
3.522333572618663311e-04
1.229570060968399048e-02
3.433378040790557861e-02
1.033458858728408813e-02
1.164179369807243347e-01
9.302112448494881392e-05
1.773564290488138795e-04
4.969204775989055634e-03
6.329632829874753952e-03
7.763462662696838379e-01
7.333719134330749512e-01
7.352341711521148682e-02
1.100789010524749756e-02
1.947807031683623791e-03
4.708904772996902466e-03
4.692983813583850861e-03
9.913047775626182556e-03
2.688581007532775402e-04
2.513166964054107666e-01
9.756441228091716766e-03
2.449412364512681961e-03
4.747875966131687164e-03
1.155828032642602921e-02
2.757280133664608002e-03
2.006361493840813637e-03
8.469656109809875488e-03
1.249944232404232025e-02
1.202879194170236588e-02
7.353982655331492424e-04
1.134037156589329243e-03
5.658228415995836258e-03
1.068088691681623459e-02
4.551846359390765429e-04
6.462418008595705032e-03
6.485672784037888050e-04
1.290323119610548019e-02
1.612647026777267456e-01
6.110377609729766846e-03
2.181503223255276680e-04
6.463698744773864746e-01
8.880582754500210285e-04
3.282069810666143894e-04
3.166227834299206734e-04
1.059804856777191162e-02
1.418650965206325054e-03
2.036934047937393188e-01
2.711546840146183968e-03
6.038782885298132896e-04
1.148566137999296188e-03
1.098020374774932861e-02
2.471338957548141479e-04
8.442183025181293488e-04
2.794415224343538284e-03
2.774915890768170357e-03
8.949725888669490814e-03
1.354360952973365784e-03
2.066518180072307587e-03
3.370225429534912109e-03
1.061243237927556038e-04
2.374518476426601410e-02
1.591220614500343800e-03
2.765665762126445770e-03
8.817695197649300098e-05
7.641414180397987366e-03
3.432364435866475105e-03
2.449429826810956001e-03
5.386827979236841202e-03
7.132486207410693169e-04
5.681660026311874390e-03
9.691021405160427094e-03
1.268086209893226624e-02
1.364127546548843384e-02
9.374561486765742302e-04
3.233397006988525391e-02
2.774621534626930952e-04
3.412776568438857794e-04
5.993522703647613525e-03
4.009878262877464294e-03
8.374717086553573608e-03
3.639882663264870644e-03
5.692917853593826294e-03
8.968549082055687904e-05
6.235184846445918083e-04
2.302828943356871605e-03
1.051500439643859863e-01
5.941902752965688705e-03
1.639152690768241882e-02
1.784078485798090696e-04
2.922226907685399055e-03
