9.725416302680969238e-01
9.999697208404541016e-01
9.915000796318054199e-01
3.483065068721771240e-01
3.483065068721771240e-01
9.983074665069580078e-01
3.483065068721771240e-01
3.483065068721771240e-01
3.483065068721771240e-01
9.993599057197570801e-01
9.999403953552246094e-01
3.483065068721771240e-01
9.995797276496887207e-01
9.483939409255981445e-01
3.483065068721771240e-01
3.483065068721771240e-01
9.744978547096252441e-01
9.662683010101318359e-01
3.483065068721771240e-01
9.955268502235412598e-01
3.483065068721771240e-01
9.927980303764343262e-01
3.483065068721771240e-01
9.913825392723083496e-01
3.483065068721771240e-01
9.573244452476501465e-01
9.772446155548095703e-01
9.987947940826416016e-01
9.981891512870788574e-01
3.483065068721771240e-01
9.565817713737487793e-01
3.483065068721771240e-01
9.998014569282531738e-01
9.818359613418579102e-01
9.975734353065490723e-01
9.980537891387939453e-01
9.981209635734558105e-01
9.981586337089538574e-01
3.483065068721771240e-01
9.953008890151977539e-01
3.483065068721771240e-01
3.483065068721771240e-01
9.999699592590332031e-01
3.483065068721771240e-01
3.483065068721771240e-01
3.483065068721771240e-01
3.483065068721771240e-01
3.483065068721771240e-01
9.965658783912658691e-01
3.483065068721771240e-01
9.889214038848876953e-01
3.483065068721771240e-01
3.483065068721771240e-01
9.904564023017883301e-01
3.483065068721771240e-01
3.483065068721771240e-01
9.983620047569274902e-01
3.483065068721771240e-01
3.483065068721771240e-01
9.737994074821472168e-01
9.981619715690612793e-01
9.711890816688537598e-01
9.922350049018859863e-01
3.483065068721771240e-01
9.764490127563476562e-01
3.483065068721771240e-01
3.483065068721771240e-01
9.836529493331909180e-01
3.483065068721771240e-01
3.483065068721771240e-01
9.948557615280151367e-01
9.993932247161865234e-01
3.483065068721771240e-01
3.483065068721771240e-01
9.999978542327880859e-01
3.483065068721771240e-01
3.483065068721771240e-01
3.483065068721771240e-01
9.815836548805236816e-01
3.483065068721771240e-01
3.483065068721771240e-01
9.991887211799621582e-01
3.483065068721771240e-01
3.483065068721771240e-01
3.483065068721771240e-01
3.483065068721771240e-01
9.994392991065979004e-01
3.483065068721771240e-01
9.975398778915405273e-01
3.483065068721771240e-01
9.944303631782531738e-01
9.240791797637939453e-01
3.483065068721771240e-01
9.992115497589111328e-01
9.921012520790100098e-01
9.983181953430175781e-01
9.925991296768188477e-01
9.961573481559753418e-01
3.483065068721771240e-01
3.483065068721771240e-01
3.483065068721771240e-01
9.975798726081848145e-01
3.483065068721771240e-01
3.483065068721771240e-01
9.913659095764160156e-01
9.992238283157348633e-01
9.993277788162231445e-01
3.483065068721771240e-01
3.483065068721771240e-01
3.483065068721771240e-01
9.901916980743408203e-01
3.483065068721771240e-01
3.483065068721771240e-01
3.483065068721771240e-01
9.997168183326721191e-01
3.483065068721771240e-01
3.483065068721771240e-01
9.985181689262390137e-01
9.972592592239379883e-01
9.998149275779724121e-01
9.888723492622375488e-01
9.998074173927307129e-01
9.920138716697692871e-01
3.483065068721771240e-01
9.987329840660095215e-01
3.483065068721771240e-01
9.827883839607238770e-01
3.483065068721771240e-01
9.962762594223022461e-01
9.994707703590393066e-01
9.987359642982482910e-01
9.897471666336059570e-01
9.606664776802062988e-01
3.483065068721771240e-01
9.869650602340698242e-01
3.483065068721771240e-01
9.979640245437622070e-01
9.954102635383605957e-01
9.931244254112243652e-01
9.888743162155151367e-01
3.483065068721771240e-01
9.989342093467712402e-01
9.988126754760742188e-01
3.483065068721771240e-01
9.960124492645263672e-01
3.483065068721771240e-01
3.483065068721771240e-01
3.483065068721771240e-01
9.954918026924133301e-01
9.996684789657592773e-01
9.992873072624206543e-01
3.483065068721771240e-01
9.976156949996948242e-01
3.483065068721771240e-01
9.953189492225646973e-01
9.992577433586120605e-01
9.775191545486450195e-01
9.997029900550842285e-01
9.927331209182739258e-01
3.483065068721771240e-01
3.483065068721771240e-01
3.483065068721771240e-01
3.483065068721771240e-01
9.998532533645629883e-01
9.999753236770629883e-01
9.973795413970947266e-01
3.483065068721771240e-01
3.483065068721771240e-01
9.999727010726928711e-01
3.483065068721771240e-01
3.483065068721771240e-01
9.999762773513793945e-01
3.483065068721771240e-01
9.873225092887878418e-01
9.736158251762390137e-01
3.483065068721771240e-01
9.916126728057861328e-01
3.483065068721771240e-01
3.483065068721771240e-01
9.466677904129028320e-01
3.483065068721771240e-01
3.483065068721771240e-01
9.537727832794189453e-01
3.483065068721771240e-01
9.929944872856140137e-01
9.966920614242553711e-01
3.483065068721771240e-01
3.483065068721771240e-01
9.062228798866271973e-01
9.649699330329895020e-01
3.483065068721771240e-01
3.483065068721771240e-01
9.996566772460937500e-01
9.999679327011108398e-01
3.483065068721771240e-01
9.977394342422485352e-01
3.483065068721771240e-01
3.483065068721771240e-01
3.483065068721771240e-01
9.925782084465026855e-01
3.483065068721771240e-01
9.999918937683105469e-01
3.483065068721771240e-01
9.998563528060913086e-01
9.953124523162841797e-01
3.483065068721771240e-01
3.483065068721771240e-01
3.483065068721771240e-01
9.992503523826599121e-01
3.483065068721771240e-01
3.483065068721771240e-01
3.483065068721771240e-01
3.483065068721771240e-01
9.982695579528808594e-01
9.995282888412475586e-01
9.722170829772949219e-01
9.834768176078796387e-01
3.483065068721771240e-01
9.926589131355285645e-01
9.992778897285461426e-01
9.711435437202453613e-01
9.821102023124694824e-01
9.880102276802062988e-01
3.483065068721771240e-01
9.915846586227416992e-01
3.483065068721771240e-01
3.483065068721771240e-01
3.483065068721771240e-01
9.910530447959899902e-01
9.895401597023010254e-01
3.483065068721771240e-01
3.483065068721771240e-01
3.483065068721771240e-01
9.970118999481201172e-01
9.999204874038696289e-01
9.911158084869384766e-01
3.483065068721771240e-01
9.880730509757995605e-01
9.914603233337402344e-01
9.998378753662109375e-01
3.483065068721771240e-01
9.999613761901855469e-01
3.483065068721771240e-01
9.890393018722534180e-01
3.483065068721771240e-01
3.483065068721771240e-01
3.483065068721771240e-01
9.999128580093383789e-01
3.483065068721771240e-01
3.483065068721771240e-01
3.483065068721771240e-01
3.483065068721771240e-01
3.483065068721771240e-01
9.999960660934448242e-01
3.483065068721771240e-01
9.999804496765136719e-01
9.721196293830871582e-01
9.977401494979858398e-01
9.985759258270263672e-01
3.483065068721771240e-01
9.998156428337097168e-01
3.483065068721771240e-01
3.483065068721771240e-01
3.483065068721771240e-01
9.974429607391357422e-01
3.483065068721771240e-01
9.995276927947998047e-01
9.827221632003784180e-01
3.483065068721771240e-01
9.971082806587219238e-01
3.483065068721771240e-01
9.575634002685546875e-01
9.993983507156372070e-01
9.805685281753540039e-01
9.996348619461059570e-01
3.483065068721771240e-01
3.483065068721771240e-01
3.483065068721771240e-01
3.483065068721771240e-01
3.483065068721771240e-01
9.958086013793945312e-01
3.483065068721771240e-01
3.483065068721771240e-01
3.483065068721771240e-01
9.971729516983032227e-01
9.997010231018066406e-01
3.483065068721771240e-01
9.575634002685546875e-01
9.998790025711059570e-01
3.483065068721771240e-01
3.483065068721771240e-01
3.483065068721771240e-01
3.483065068721771240e-01
9.999954700469970703e-01
9.662889838218688965e-01
3.483065068721771240e-01
9.901118874549865723e-01
3.483065068721771240e-01
3.483065068721771240e-01
9.966310858726501465e-01
3.483065068721771240e-01
9.983063936233520508e-01
3.483065068721771240e-01
3.483065068721771240e-01
9.997063279151916504e-01
9.944710731506347656e-01
3.483065068721771240e-01
9.792562723159790039e-01
9.958555102348327637e-01
3.483065068721771240e-01
3.483065068721771240e-01
3.483065068721771240e-01
9.853810667991638184e-01
9.998879432678222656e-01
3.483065068721771240e-01
3.483065068721771240e-01
9.761842489242553711e-01
3.483065068721771240e-01
9.893830418586730957e-01
9.878601431846618652e-01
3.483065068721771240e-01
3.483065068721771240e-01
9.995034933090209961e-01
3.483065068721771240e-01
3.483065068721771240e-01
3.483065068721771240e-01
3.483065068721771240e-01
3.483065068721771240e-01
3.483065068721771240e-01
1.000000000000000000e+00
9.979799389839172363e-01
9.754984974861145020e-01
3.483065068721771240e-01
3.483065068721771240e-01
3.483065068721771240e-01
3.483065068721771240e-01
3.483065068721771240e-01
3.483065068721771240e-01
3.483065068721771240e-01
3.483065068721771240e-01
9.999810457229614258e-01
9.935650229454040527e-01
3.483065068721771240e-01
9.939641356468200684e-01
3.483065068721771240e-01
3.483065068721771240e-01
3.483065068721771240e-01
3.483065068721771240e-01
3.483065068721771240e-01
9.999812841415405273e-01
9.999928474426269531e-01
3.483065068721771240e-01
3.483065068721771240e-01
3.483065068721771240e-01
3.483065068721771240e-01
9.999998807907104492e-01
3.483065068721771240e-01
3.483065068721771240e-01
9.997685551643371582e-01
3.483065068721771240e-01
9.913561344146728516e-01
3.483065068721771240e-01
3.483065068721771240e-01
9.990010857582092285e-01
3.483065068721771240e-01
3.483065068721771240e-01
3.483065068721771240e-01
9.999716281890869141e-01
3.483065068721771240e-01
3.483065068721771240e-01
9.257896542549133301e-01
9.907451868057250977e-01
3.483065068721771240e-01
3.483065068721771240e-01
3.483065068721771240e-01
3.483065068721771240e-01
9.964021444320678711e-01
9.852720499038696289e-01
3.483065068721771240e-01
3.483065068721771240e-01
3.483065068721771240e-01
3.483065068721771240e-01
3.483065068721771240e-01
3.483065068721771240e-01
9.455385208129882812e-01
3.483065068721771240e-01
3.483065068721771240e-01
3.483065068721771240e-01
3.483065068721771240e-01
3.483065068721771240e-01
3.483065068721771240e-01
3.483065068721771240e-01
3.483065068721771240e-01
3.483065068721771240e-01
3.483065068721771240e-01
3.483065068721771240e-01
3.483065068721771240e-01
9.720021486282348633e-01
3.483065068721771240e-01
3.483065068721771240e-01
3.483065068721771240e-01
9.976142644882202148e-01
9.925365447998046875e-01
3.483065068721771240e-01
3.483065068721771240e-01
9.777529239654541016e-01
3.483065068721771240e-01
3.483065068721771240e-01
3.483065068721771240e-01
9.949783682823181152e-01
3.483065068721771240e-01
3.483065068721771240e-01
3.483065068721771240e-01
3.483065068721771240e-01
3.483065068721771240e-01
3.483065068721771240e-01
3.483065068721771240e-01
3.483065068721771240e-01
9.732275009155273438e-01
3.483065068721771240e-01
3.483065068721771240e-01
3.483065068721771240e-01
3.483065068721771240e-01
3.483065068721771240e-01
3.483065068721771240e-01
3.483065068721771240e-01
3.483065068721771240e-01
9.994969367980957031e-01
9.983445405960083008e-01
9.725103974342346191e-01
9.926792383193969727e-01
9.985890984535217285e-01
9.129188060760498047e-01
3.483065068721771240e-01
3.483065068721771240e-01
3.483065068721771240e-01
9.925680160522460938e-01
9.995582699775695801e-01
9.905107617378234863e-01
3.483065068721771240e-01
3.483065068721771240e-01
9.965768456459045410e-01
3.483065068721771240e-01
3.483065068721771240e-01
3.483065068721771240e-01
9.577426314353942871e-01
9.562170505523681641e-01
8.744594454765319824e-01
9.826912283897399902e-01
3.483065068721771240e-01
3.483065068721771240e-01
3.483065068721771240e-01
9.999986886978149414e-01
3.483065068721771240e-01
3.483065068721771240e-01
9.360740780830383301e-01
9.771340489387512207e-01
3.483065068721771240e-01
3.483065068721771240e-01
9.978431463241577148e-01
3.483065068721771240e-01
9.956371188163757324e-01
3.483065068721771240e-01
3.483065068721771240e-01
3.483065068721771240e-01
3.483065068721771240e-01
9.859674572944641113e-01
3.483065068721771240e-01
3.483065068721771240e-01
9.725092649459838867e-01
9.984753727912902832e-01
3.483065068721771240e-01
3.483065068721771240e-01
3.483065068721771240e-01
9.997214674949645996e-01
3.483065068721771240e-01
9.960644841194152832e-01
9.983624815940856934e-01
3.483065068721771240e-01
3.483065068721771240e-01
3.483065068721771240e-01
3.483065068721771240e-01
9.849597811698913574e-01
3.483065068721771240e-01
3.483065068721771240e-01
3.483065068721771240e-01
9.760982394218444824e-01
3.483065068721771240e-01
9.767873883247375488e-01
9.919536709785461426e-01
9.999556541442871094e-01
3.483065068721771240e-01
9.868393540382385254e-01
9.697367548942565918e-01
9.999482631683349609e-01
3.483065068721771240e-01
3.579739332199096680e-01
3.483065068721771240e-01
3.483065068721771240e-01
3.483065068721771240e-01
3.483065068721771240e-01
3.483065068721771240e-01
3.483065068721771240e-01
3.483065068721771240e-01
3.483065068721771240e-01
3.483065068721771240e-01
3.483065068721771240e-01
3.483065068721771240e-01
3.483065068721771240e-01
3.483065068721771240e-01
3.483065068721771240e-01
3.483065068721771240e-01
4.345803521573543549e-03
3.483065068721771240e-01
3.483065068721771240e-01
3.483065068721771240e-01
3.483065068721771240e-01
3.483065068721771240e-01
3.483065068721771240e-01
3.483065068721771240e-01
3.483065068721771240e-01
3.483065068721771240e-01
3.483065068721771240e-01
3.483065068721771240e-01
3.483065068721771240e-01
3.483065068721771240e-01
3.483065068721771240e-01
3.483065068721771240e-01
3.483065068721771240e-01
3.483065068721771240e-01
3.483065068721771240e-01
7.589122978970408440e-04
3.483065068721771240e-01
3.483065068721771240e-01
3.483065068721771240e-01
3.483065068721771240e-01
3.483065068721771240e-01
3.579739332199096680e-01
3.483065068721771240e-01
3.483065068721771240e-01
3.483065068721771240e-01
3.483065068721771240e-01
3.483065068721771240e-01
3.483065068721771240e-01
3.483065068721771240e-01
3.483065068721771240e-01
1.224630419164896011e-02
3.483065068721771240e-01
3.483065068721771240e-01
3.483065068721771240e-01
3.483065068721771240e-01
3.483065068721771240e-01
3.483065068721771240e-01
3.483065068721771240e-01
3.483065068721771240e-01
3.483065068721771240e-01
3.483065068721771240e-01
3.483065068721771240e-01
3.483065068721771240e-01
3.483065068721771240e-01
3.483065068721771240e-01
3.483065068721771240e-01
3.483065068721771240e-01
3.483065068721771240e-01
3.483065068721771240e-01
3.483065068721771240e-01
3.483065068721771240e-01
3.483065068721771240e-01
3.483065068721771240e-01
3.483065068721771240e-01
3.483065068721771240e-01
3.483065068721771240e-01
3.483065068721771240e-01
3.483065068721771240e-01
3.483065068721771240e-01
3.483065068721771240e-01
3.198144957423210144e-02
3.483065068721771240e-01
3.483065068721771240e-01
3.483065068721771240e-01
3.483065068721771240e-01
3.483065068721771240e-01
3.483065068721771240e-01
3.483065068721771240e-01
3.483065068721771240e-01
3.483065068721771240e-01
3.483065068721771240e-01
3.483065068721771240e-01
3.483065068721771240e-01
3.483065068721771240e-01
3.483065068721771240e-01
3.483065068721771240e-01
3.483065068721771240e-01
1.624740958213806152e-01
3.483065068721771240e-01
3.483065068721771240e-01
3.483065068721771240e-01
3.483065068721771240e-01
3.483065068721771240e-01
3.483065068721771240e-01
3.483065068721771240e-01
3.483065068721771240e-01
2.387754023075103760e-01
3.483065068721771240e-01
3.483065068721771240e-01
3.483065068721771240e-01
3.483065068721771240e-01
3.483065068721771240e-01
3.483065068721771240e-01
3.483065068721771240e-01
3.483065068721771240e-01
3.483065068721771240e-01
3.483065068721771240e-01
3.483065068721771240e-01
3.483065068721771240e-01
3.483065068721771240e-01
3.483065068721771240e-01
3.483065068721771240e-01
3.483065068721771240e-01
3.483065068721771240e-01
3.483065068721771240e-01
3.483065068721771240e-01
3.483065068721771240e-01
3.483065068721771240e-01
3.483065068721771240e-01
3.483065068721771240e-01
3.483065068721771240e-01
3.483065068721771240e-01
3.483065068721771240e-01
3.483065068721771240e-01
3.483065068721771240e-01
3.483065068721771240e-01
3.483065068721771240e-01
3.483065068721771240e-01
3.483065068721771240e-01
3.483065068721771240e-01
3.483065068721771240e-01
3.483065068721771240e-01
3.483065068721771240e-01
3.483065068721771240e-01
3.483065068721771240e-01
3.483065068721771240e-01
3.483065068721771240e-01
3.483065068721771240e-01
3.483065068721771240e-01
3.483065068721771240e-01
3.483065068721771240e-01
3.483065068721771240e-01
3.483065068721771240e-01
3.483065068721771240e-01
3.483065068721771240e-01
3.483065068721771240e-01
3.483065068721771240e-01
3.483065068721771240e-01
3.483065068721771240e-01
2.002650946378707886e-01
3.483065068721771240e-01
3.483065068721771240e-01
3.483065068721771240e-01
3.483065068721771240e-01
3.483065068721771240e-01
3.483065068721771240e-01
3.483065068721771240e-01
3.483065068721771240e-01
3.483065068721771240e-01
3.483065068721771240e-01
3.483065068721771240e-01
3.483065068721771240e-01
3.483065068721771240e-01
3.483065068721771240e-01
3.483065068721771240e-01
5.647047236561775208e-02
3.483065068721771240e-01
3.483065068721771240e-01
3.483065068721771240e-01
3.483065068721771240e-01
3.483065068721771240e-01
3.483065068721771240e-01
3.483065068721771240e-01
3.483065068721771240e-01
3.483065068721771240e-01
3.483065068721771240e-01
3.483065068721771240e-01
3.483065068721771240e-01
3.483065068721771240e-01
3.483065068721771240e-01
3.483065068721771240e-01
3.483065068721771240e-01
3.483065068721771240e-01
3.483065068721771240e-01
3.483065068721771240e-01
3.483065068721771240e-01
3.483065068721771240e-01
3.483065068721771240e-01
3.483065068721771240e-01
3.483065068721771240e-01
3.483065068721771240e-01
3.483065068721771240e-01
3.483065068721771240e-01
3.483065068721771240e-01
3.483065068721771240e-01
3.483065068721771240e-01
3.483065068721771240e-01
3.483065068721771240e-01
3.483065068721771240e-01
3.483065068721771240e-01
3.483065068721771240e-01
3.483065068721771240e-01
3.483065068721771240e-01
3.483065068721771240e-01
3.483065068721771240e-01
8.067496865987777710e-02
3.483065068721771240e-01
3.483065068721771240e-01
3.483065068721771240e-01
3.483065068721771240e-01
3.483065068721771240e-01
3.483065068721771240e-01
3.483065068721771240e-01
3.483065068721771240e-01
3.483065068721771240e-01
3.483065068721771240e-01
3.483065068721771240e-01
3.483065068721771240e-01
3.483065068721771240e-01
3.483065068721771240e-01
3.483065068721771240e-01
3.483065068721771240e-01
3.483065068721771240e-01
3.483065068721771240e-01
3.483065068721771240e-01
3.483065068721771240e-01
3.483065068721771240e-01
3.483065068721771240e-01
3.483065068721771240e-01
3.483065068721771240e-01
3.483065068721771240e-01
3.483065068721771240e-01
3.483065068721771240e-01
3.483065068721771240e-01
3.483065068721771240e-01
3.483065068721771240e-01
3.483065068721771240e-01
3.483065068721771240e-01
3.483065068721771240e-01
3.483065068721771240e-01
3.483065068721771240e-01
3.483065068721771240e-01
3.483065068721771240e-01
3.483065068721771240e-01
3.483065068721771240e-01
3.483065068721771240e-01
3.483065068721771240e-01
3.483065068721771240e-01
3.483065068721771240e-01
3.483065068721771240e-01
3.483065068721771240e-01
3.483065068721771240e-01
3.483065068721771240e-01
3.483065068721771240e-01
3.483065068721771240e-01
3.483065068721771240e-01
3.483065068721771240e-01
3.483065068721771240e-01
3.483065068721771240e-01
3.483065068721771240e-01
3.483065068721771240e-01
3.483065068721771240e-01
3.483065068721771240e-01
3.483065068721771240e-01
3.483065068721771240e-01
3.483065068721771240e-01
3.483065068721771240e-01
3.483065068721771240e-01
3.483065068721771240e-01
3.483065068721771240e-01
3.483065068721771240e-01
3.483065068721771240e-01
3.483065068721771240e-01
3.483065068721771240e-01
3.483065068721771240e-01
3.483065068721771240e-01
3.483065068721771240e-01
3.483065068721771240e-01
3.483065068721771240e-01
3.483065068721771240e-01
3.483065068721771240e-01
3.483065068721771240e-01
3.483065068721771240e-01
3.483065068721771240e-01
3.483065068721771240e-01
3.483065068721771240e-01
3.483065068721771240e-01
3.483065068721771240e-01
1.973237246274948120e-01
3.483065068721771240e-01
3.483065068721771240e-01
3.483065068721771240e-01
3.483065068721771240e-01
3.483065068721771240e-01
3.483065068721771240e-01
3.483065068721771240e-01
3.483065068721771240e-01
3.483065068721771240e-01
3.483065068721771240e-01
3.483065068721771240e-01
3.483065068721771240e-01
3.483065068721771240e-01
3.483065068721771240e-01
3.483065068721771240e-01
3.483065068721771240e-01
3.483065068721771240e-01
3.483065068721771240e-01
3.483065068721771240e-01
3.483065068721771240e-01
3.483065068721771240e-01
3.483065068721771240e-01
3.483065068721771240e-01
3.483065068721771240e-01
3.483065068721771240e-01
3.483065068721771240e-01
3.483065068721771240e-01
3.483065068721771240e-01
1.460022032260894775e-01
3.483065068721771240e-01
3.483065068721771240e-01
3.483065068721771240e-01
3.483065068721771240e-01
3.483065068721771240e-01
2.655941247940063477e-01
3.483065068721771240e-01
3.483065068721771240e-01
3.483065068721771240e-01
2.360116392374038696e-01
3.483065068721771240e-01
3.483065068721771240e-01
3.483065068721771240e-01
3.483065068721771240e-01
3.483065068721771240e-01
3.483065068721771240e-01
3.483065068721771240e-01
3.483065068721771240e-01
3.483065068721771240e-01
7.894790172576904297e-02
3.483065068721771240e-01
3.483065068721771240e-01
3.483065068721771240e-01
3.483065068721771240e-01
3.483065068721771240e-01
3.483065068721771240e-01
3.483065068721771240e-01
3.483065068721771240e-01
3.483065068721771240e-01
3.483065068721771240e-01
3.483065068721771240e-01
3.483065068721771240e-01
3.483065068721771240e-01
3.483065068721771240e-01
3.483065068721771240e-01
3.483065068721771240e-01
3.483065068721771240e-01
3.483065068721771240e-01
3.483065068721771240e-01
3.483065068721771240e-01
3.483065068721771240e-01
3.483065068721771240e-01
3.483065068721771240e-01
3.483065068721771240e-01
3.483065068721771240e-01
3.483065068721771240e-01
3.483065068721771240e-01
3.483065068721771240e-01
3.483065068721771240e-01
3.483065068721771240e-01
3.483065068721771240e-01
2.966058850288391113e-01
3.483065068721771240e-01
3.483065068721771240e-01
3.483065068721771240e-01
3.483065068721771240e-01
3.483065068721771240e-01
3.483065068721771240e-01
3.483065068721771240e-01
3.483065068721771240e-01
3.483065068721771240e-01
3.483065068721771240e-01
3.483065068721771240e-01
3.483065068721771240e-01
3.483065068721771240e-01
2.205110192298889160e-01
3.483065068721771240e-01
3.483065068721771240e-01
3.483065068721771240e-01
3.483065068721771240e-01
3.483065068721771240e-01
3.483065068721771240e-01
3.483065068721771240e-01
3.483065068721771240e-01
3.483065068721771240e-01
3.483065068721771240e-01
3.483065068721771240e-01
3.483065068721771240e-01
3.483065068721771240e-01
3.483065068721771240e-01
1.411881018429994583e-02
6.204412505030632019e-02
3.483065068721771240e-01
3.483065068721771240e-01
3.483065068721771240e-01
3.483065068721771240e-01
3.085574321448802948e-02
3.483065068721771240e-01
3.483065068721771240e-01
3.483065068721771240e-01
3.483065068721771240e-01
3.483065068721771240e-01
3.483065068721771240e-01
3.483065068721771240e-01
3.483065068721771240e-01
3.483065068721771240e-01
3.483065068721771240e-01
3.483065068721771240e-01
3.483065068721771240e-01
3.483065068721771240e-01
3.483065068721771240e-01
3.483065068721771240e-01
3.483065068721771240e-01
3.483065068721771240e-01
3.483065068721771240e-01
3.483065068721771240e-01
3.483065068721771240e-01
3.483065068721771240e-01
3.483065068721771240e-01
3.483065068721771240e-01
3.483065068721771240e-01
3.483065068721771240e-01
3.483065068721771240e-01
3.483065068721771240e-01
3.483065068721771240e-01
3.483065068721771240e-01
3.483065068721771240e-01
3.483065068721771240e-01
3.483065068721771240e-01
3.483065068721771240e-01
3.483065068721771240e-01
3.483065068721771240e-01
3.483065068721771240e-01
3.483065068721771240e-01
3.483065068721771240e-01
3.483065068721771240e-01
3.483065068721771240e-01
3.483065068721771240e-01
3.483065068721771240e-01
3.483065068721771240e-01
3.483065068721771240e-01
3.483065068721771240e-01
3.483065068721771240e-01
3.483065068721771240e-01
3.483065068721771240e-01
3.483065068721771240e-01
3.483065068721771240e-01
3.483065068721771240e-01
3.483065068721771240e-01
3.483065068721771240e-01
3.483065068721771240e-01
4.410325288772583008e-01
3.483065068721771240e-01
3.483065068721771240e-01
3.483065068721771240e-01
3.483065068721771240e-01
3.483065068721771240e-01
3.483065068721771240e-01
3.483065068721771240e-01
3.483065068721771240e-01
3.483065068721771240e-01
3.483065068721771240e-01
3.483065068721771240e-01
3.483065068721771240e-01
3.483065068721771240e-01
3.483065068721771240e-01
3.483065068721771240e-01
3.483065068721771240e-01
3.483065068721771240e-01
3.483065068721771240e-01
3.483065068721771240e-01
3.483065068721771240e-01
3.483065068721771240e-01
7.265990227460861206e-02
3.483065068721771240e-01
3.483065068721771240e-01
3.483065068721771240e-01
3.483065068721771240e-01
3.483065068721771240e-01
3.483065068721771240e-01
3.483065068721771240e-01
3.483065068721771240e-01
3.483065068721771240e-01
3.483065068721771240e-01
3.483065068721771240e-01
3.483065068721771240e-01
3.483065068721771240e-01
3.483065068721771240e-01
3.483065068721771240e-01
3.483065068721771240e-01
3.483065068721771240e-01
4.393842816352844238e-02
3.483065068721771240e-01
3.483065068721771240e-01
8.705740422010421753e-02
3.483065068721771240e-01
3.483065068721771240e-01
3.483065068721771240e-01
1.485133469104766846e-01
3.483065068721771240e-01
3.483065068721771240e-01
3.483065068721771240e-01
3.483065068721771240e-01
3.483065068721771240e-01
3.483065068721771240e-01
3.483065068721771240e-01
3.617633283138275146e-01
3.483065068721771240e-01
3.483065068721771240e-01
3.483065068721771240e-01
7.807438820600509644e-02
3.483065068721771240e-01
3.483065068721771240e-01
3.483065068721771240e-01
3.483065068721771240e-01
3.483065068721771240e-01
3.483065068721771240e-01
3.483065068721771240e-01
3.483065068721771240e-01
3.483065068721771240e-01
3.483065068721771240e-01
3.483065068721771240e-01
3.483065068721771240e-01
6.757937371730804443e-02
3.483065068721771240e-01
3.483065068721771240e-01
7.474019378423690796e-02
3.483065068721771240e-01
3.483065068721771240e-01
3.483065068721771240e-01
3.483065068721771240e-01
3.483065068721771240e-01
3.483065068721771240e-01
3.483065068721771240e-01
3.483065068721771240e-01
3.483065068721771240e-01
3.483065068721771240e-01
3.483065068721771240e-01
3.483065068721771240e-01
3.483065068721771240e-01
3.483065068721771240e-01
3.483065068721771240e-01
3.108987817540764809e-03
3.483065068721771240e-01
6.779780983924865723e-02
3.483065068721771240e-01
3.483065068721771240e-01
