7.422266006469726562e-01
7.268711924552917480e-01
7.041814327239990234e-01
7.574521899223327637e-01
6.772390604019165039e-01
7.741907835006713867e-01
7.507569193840026855e-01
7.804053425788879395e-01
7.607704401016235352e-01
7.653203010559082031e-01
6.959349513053894043e-01
7.570234537124633789e-01
6.538565158843994141e-01
7.674093842506408691e-01
7.168918251991271973e-01
6.939278841018676758e-01
7.380123138427734375e-01
7.366402745246887207e-01
7.246307134628295898e-01
7.738325595855712891e-01
7.839984893798828125e-01
5.948617458343505859e-01
7.769439816474914551e-01
7.514411211013793945e-01
7.204263210296630859e-01
7.269116044044494629e-01
7.069265246391296387e-01
7.156788706779479980e-01
7.171494960784912109e-01
7.855572700500488281e-01
6.921661496162414551e-01
7.638591527938842773e-01
7.026603221893310547e-01
7.651234865188598633e-01
7.046854496002197266e-01
7.379661202430725098e-01
7.656152844429016113e-01
7.283689975738525391e-01
7.365733981132507324e-01
7.334096431732177734e-01
7.366642355918884277e-01
7.151361703872680664e-01
7.179879546165466309e-01
6.755015850067138672e-01
7.789520025253295898e-01
7.729764580726623535e-01
7.555389404296875000e-01
6.276909708976745605e-01
6.741456985473632812e-01
7.480917572975158691e-01
7.750614881515502930e-01
7.551332116127014160e-01
7.231680750846862793e-01
7.537424564361572266e-01
7.423979043960571289e-01
6.676430106163024902e-01
7.067070007324218750e-01
7.888352274894714355e-01
7.510678172111511230e-01
7.314983606338500977e-01
6.169700026512145996e-01
7.499882578849792480e-01
7.672591805458068848e-01
7.869315743446350098e-01
7.485930323600769043e-01
7.084735035896301270e-01
7.545099258422851562e-01
7.217530012130737305e-01
6.635230183601379395e-01
7.465946078300476074e-01
7.388271093368530273e-01
7.094230055809020996e-01
7.808204889297485352e-01
7.427639961242675781e-01
7.418689727783203125e-01
8.247671127319335938e-01
8.192665576934814453e-01
8.328171372413635254e-01
8.149402141571044922e-01
8.160253167152404785e-01
8.207685947418212891e-01
8.219665884971618652e-01
8.363890051841735840e-01
7.679456472396850586e-01
8.351919651031494141e-01
8.042623996734619141e-01
7.831590771675109863e-01
8.167737722396850586e-01
8.110373616218566895e-01
8.225354552268981934e-01
7.793915867805480957e-01
8.114811182022094727e-01
8.374988436698913574e-01
8.273674845695495605e-01
8.119709491729736328e-01
8.275671005249023438e-01
8.238231539726257324e-01
8.033257722854614258e-01
8.358199000358581543e-01
8.128037452697753906e-01
8.182711601257324219e-01
8.330877423286437988e-01
8.411104083061218262e-01
8.264640569686889648e-01
8.302620053291320801e-01
8.162013292312622070e-01
7.053440809249877930e-01
7.861077785491943359e-01
8.106262683868408203e-01
8.008562326431274414e-01
8.096439242362976074e-01
7.958451509475708008e-01
8.447681665420532227e-01
8.183361887931823730e-01
8.295671343803405762e-01
8.058304786682128906e-01
8.259937167167663574e-01
8.177984952926635742e-01
8.309865593910217285e-01
8.026116490364074707e-01
8.293310999870300293e-01
7.945489883422851562e-01
8.230853080749511719e-01
8.295851349830627441e-01
8.081724047660827637e-01
8.195729851722717285e-01
7.139902114868164062e-01
8.237837553024291992e-01
8.481535315513610840e-01
8.250811100006103516e-01
8.355208635330200195e-01
8.223441243171691895e-01
8.196381330490112305e-01
8.281542658805847168e-01
8.249779939651489258e-01
8.333275914192199707e-01
8.000716567039489746e-01
8.157297372817993164e-01
8.075284361839294434e-01
8.175477981567382812e-01
7.658531069755554199e-01
8.107343316078186035e-01
7.994962930679321289e-01
8.400667905807495117e-01
8.025094270706176758e-01
8.061746954917907715e-01
8.358044028282165527e-01
6.464128494262695312e-01
8.183337450027465820e-01
8.387667536735534668e-01
7.305036187171936035e-01
6.859503984451293945e-01
7.837185263633728027e-01
7.989141345024108887e-01
7.406423687934875488e-01
7.463559508323669434e-01
6.782511472702026367e-01
7.416606545448303223e-01
7.985881567001342773e-01
7.752065658569335938e-01
7.555564641952514648e-01
7.483916282653808594e-01
7.209415435791015625e-01
7.817329764366149902e-01
7.251200079917907715e-01
7.755326032638549805e-01
7.529251575469970703e-01
7.652432322502136230e-01
7.791419625282287598e-01
7.804260253906250000e-01
8.883292078971862793e-01
8.763311505317687988e-01
8.741625547409057617e-01
8.913275599479675293e-01
8.698807358741760254e-01
8.533210754394531250e-01
8.634545803070068359e-01
8.744277954101562500e-01
8.880227208137512207e-01
8.848654031753540039e-01
8.928717970848083496e-01
8.866145014762878418e-01
8.832131028175354004e-01
8.805204033851623535e-01
8.923344612121582031e-01
8.734951615333557129e-01
8.728251457214355469e-01
8.982104063034057617e-01
8.444590568542480469e-01
8.581670522689819336e-01
8.436107635498046875e-01
8.889263868331909180e-01
8.918331265449523926e-01
8.381921052932739258e-01
8.754871487617492676e-01
8.868259191513061523e-01
8.644769191741943359e-01
8.698109984397888184e-01
8.674457669258117676e-01
8.802019357681274414e-01
8.849481940269470215e-01
8.769109249114990234e-01
8.826689720153808594e-01
8.847789764404296875e-01
8.846000432968139648e-01
8.783393502235412598e-01
8.866597414016723633e-01
8.744822144508361816e-01
8.801761865615844727e-01
8.841895461082458496e-01
8.907162547111511230e-01
8.751242756843566895e-01
8.867129683494567871e-01
8.867892622947692871e-01
8.795120120048522949e-01
8.865527510643005371e-01
8.913883566856384277e-01
8.878558874130249023e-01
8.629029989242553711e-01
8.865616917610168457e-01
8.803719878196716309e-01
8.889661431312561035e-01
8.914043903350830078e-01
8.834339976310729980e-01
8.934174180030822754e-01
8.790855407714843750e-01
8.828048706054687500e-01
8.733277320861816406e-01
8.737908601760864258e-01
8.860214352607727051e-01
8.820235729217529297e-01
8.802738785743713379e-01
8.831285834312438965e-01
8.432023525238037109e-01
8.594281077384948730e-01
8.922821879386901855e-01
8.646332621574401855e-01
8.923781514167785645e-01
8.578113913536071777e-01
8.894661068916320801e-01
9.018169045448303223e-01
8.712972998619079590e-01
8.967397212982177734e-01
8.854200839996337891e-01
8.692796826362609863e-01
8.961132764816284180e-01
8.762869238853454590e-01
8.856860399246215820e-01
8.813876509666442871e-01
8.949154615402221680e-01
9.041022658348083496e-01
8.668431043624877930e-01
8.879532217979431152e-01
8.612442016601562500e-01
8.803701400756835938e-01
8.811304569244384766e-01
8.497247099876403809e-01
7.486407160758972168e-01
8.816580772399902344e-01
8.800626993179321289e-01
8.779795169830322266e-01
8.593235015869140625e-01
8.918685913085937500e-01
8.825163245201110840e-01
8.658899664878845215e-01
8.498327136039733887e-01
8.726899027824401855e-01
8.788403272628784180e-01
8.831061720848083496e-01
8.808289766311645508e-01
8.730964660644531250e-01
8.684377074241638184e-01
8.875840306282043457e-01
8.733932971954345703e-01
8.679280281066894531e-01
8.734961748123168945e-01
8.690714836120605469e-01
8.776268959045410156e-01
8.662810921669006348e-01
8.445409536361694336e-01
8.742626905441284180e-01
8.483583331108093262e-01
8.426964282989501953e-01
8.073892593383789062e-01
8.773621916770935059e-01
8.700944185256958008e-01
8.693892359733581543e-01
8.464309573173522949e-01
8.609831333160400391e-01
8.722710609436035156e-01
8.484632968902587891e-01
8.856033682823181152e-01
8.763045668601989746e-01
8.814634084701538086e-01
8.986226916313171387e-01
8.901367783546447754e-01
8.796955347061157227e-01
8.547152280807495117e-01
8.663138747215270996e-01
8.859441280364990234e-01
8.553829789161682129e-01
8.863061666488647461e-01
8.840912580490112305e-01
8.676512241363525391e-01
8.621811866760253906e-01
8.760337233543395996e-01
8.823170065879821777e-01
8.743917942047119141e-01
8.897513747215270996e-01
8.836854100227355957e-01
8.878479003906250000e-01
8.887627124786376953e-01
8.563430309295654297e-01
8.768140673637390137e-01
8.582711219787597656e-01
8.812589645385742188e-01
8.648404479026794434e-01
8.973321318626403809e-01
8.517282605171203613e-01
7.976232171058654785e-01
7.960181236267089844e-01
8.214618563652038574e-01
7.878088951110839844e-01
8.529078364372253418e-01
8.188031315803527832e-01
8.358008265495300293e-01
8.079031109809875488e-01
7.328216433525085449e-01
8.587766289710998535e-01
8.552504181861877441e-01
7.034592032432556152e-01
8.390010595321655273e-01
7.690212130546569824e-01
8.318185210227966309e-01
8.596410751342773438e-01
8.274174332618713379e-01
7.843512892723083496e-01
8.197662830352783203e-01
7.925626039505004883e-01
8.363242149353027344e-01
7.671735286712646484e-01
8.060485124588012695e-01
8.280107975006103516e-01
7.653436660766601562e-01
7.896863818168640137e-01
8.549048900604248047e-01
7.867987155914306641e-01
8.029842376708984375e-01
8.214618563652038574e-01
8.582263588905334473e-01
7.384217381477355957e-01
7.924189567565917969e-01
8.294702172279357910e-01
8.136027455329895020e-01
7.927969098091125488e-01
8.251152634620666504e-01
8.551403880119323730e-01
8.213840723037719727e-01
8.080724477767944336e-01
8.176364302635192871e-01
8.202093243598937988e-01
8.336759805679321289e-01
7.729573845863342285e-01
8.080049753189086914e-01
7.512512207031250000e-01
8.327026367187500000e-01
8.181559443473815918e-01
8.019511699676513672e-01
7.968971729278564453e-01
6.863516569137573242e-01
8.049794435501098633e-01
8.467925190925598145e-01
8.557280302047729492e-01
8.544563651084899902e-01
8.394920825958251953e-01
8.114370107650756836e-01
8.224523663520812988e-01
8.286865353584289551e-01
8.287151455879211426e-01
7.998551726341247559e-01
8.503802418708801270e-01
7.507676482200622559e-01
8.240859508514404297e-01
7.096598744392395020e-01
8.126768469810485840e-01
8.116130828857421875e-01
8.250958919525146484e-01
8.457763791084289551e-01
7.810893058776855469e-01
8.348672389984130859e-01
8.403045535087585449e-01
8.153023123741149902e-01
8.172742128372192383e-01
7.688292264938354492e-01
8.477993011474609375e-01
8.241452574729919434e-01
8.381366729736328125e-01
8.210928440093994141e-01
8.415646553039550781e-01
6.685466766357421875e-01
8.271772265434265137e-01
7.932527065277099609e-01
8.189006447792053223e-01
8.304334878921508789e-01
8.152229785919189453e-01
8.428416848182678223e-01
8.351675271987915039e-01
8.528393507003784180e-01
8.183512091636657715e-01
8.179141283035278320e-01
8.373032212257385254e-01
7.931029796600341797e-01
7.927330732345581055e-01
6.520919799804687500e-01
8.143822550773620605e-01
6.949923634529113770e-01
8.258537054061889648e-01
8.067722916603088379e-01
8.460992574691772461e-01
7.498574256896972656e-01
8.232921957969665527e-01
8.265650868415832520e-01
8.311090469360351562e-01
8.440556526184082031e-01
8.080466389656066895e-01
7.602492570877075195e-01
7.902653813362121582e-01
7.869889140129089355e-01
6.527258753776550293e-01
7.321291565895080566e-01
7.268297076225280762e-01
6.213904023170471191e-01
7.059603929519653320e-01
7.495361566543579102e-01
6.664716601371765137e-01
7.091111540794372559e-01
7.525195479393005371e-01
7.779026627540588379e-01
7.865394353866577148e-01
6.581010222434997559e-01
7.746373414993286133e-01
7.867857813835144043e-01
6.566601395606994629e-01
7.710109949111938477e-01
7.068974375724792480e-01
7.569894790649414062e-01
7.824188470840454102e-01
7.539143562316894531e-01
7.029113173484802246e-01
6.757502555847167969e-01
7.499135136604309082e-01
7.916585803031921387e-01
7.802128195762634277e-01
7.735762000083923340e-01
7.534809112548828125e-01
6.573569178581237793e-01
7.883590459823608398e-01
7.861247062683105469e-01
7.466160655021667480e-01
7.773920297622680664e-01
7.906693220138549805e-01
7.344862818717956543e-01
8.040254116058349609e-01
7.350496053695678711e-01
7.561990618705749512e-01
7.908801436424255371e-01
6.676520109176635742e-01
7.263021469116210938e-01
7.707810401916503906e-01
7.480352520942687988e-01
7.569500207901000977e-01
7.540290355682373047e-01
7.997854948043823242e-01
7.776224017143249512e-01
8.012231588363647461e-01
7.098790407180786133e-01
6.064805984497070312e-01
6.960028409957885742e-01
7.962901592254638672e-01
7.178332805633544922e-01
7.491359114646911621e-01
7.391107082366943359e-01
6.821328997611999512e-01
7.344703078269958496e-01
7.755983471870422363e-01
7.277518510818481445e-01
7.328615784645080566e-01
7.666045427322387695e-01
7.428282499313354492e-01
6.983381509780883789e-01
7.976763844490051270e-01
7.885193824768066406e-01
7.817177176475524902e-01
6.463610529899597168e-01
7.633899450302124023e-01
7.307800054550170898e-01
6.468037962913513184e-01
6.990143060684204102e-01
7.037050127983093262e-01
7.927901148796081543e-01
6.844111680984497070e-01
2.049340109806507826e-04
1.847426465246826410e-04
1.225789310410618782e-04
3.945850208401679993e-02
1.042158575728535652e-03
3.860648488625884056e-03
1.251177955418825150e-02
6.277992725372314453e-01
9.665457182563841343e-04
1.936368107635644265e-06
3.713114419952034950e-04
1.073421072214841843e-02
1.654176912779803388e-06
1.816676929593086243e-02
5.290079343467368744e-07
8.227304206229746342e-04
1.291004355152836069e-05
5.076369689049897715e-07
2.642157487571239471e-02
2.557118423283100128e-03
1.681874437053920701e-06
4.297906707506626844e-04
1.966329663991928101e-02
1.076236600056290627e-03
1.978284213691949844e-03
1.653222367167472839e-02
7.793713808059692383e-01
6.908378509251633659e-07
7.408680915832519531e-01
6.935124993324279785e-01
4.183663986623287201e-03
6.038584397174417973e-04
1.043149404722498730e-05
1.105040661059319973e-03
7.826882600784301758e-01
1.060366444289684296e-02
2.788724032143363729e-06
8.975617238320410252e-04
1.043133530765771866e-02
9.727973956614732742e-04
5.002407822757959366e-03
3.335500368848443031e-03
8.420455560553818941e-05
6.252740621566772461e-01
3.062617615796625614e-04
1.823233254253864288e-02
3.798226593062281609e-03
6.927634477615356445e-01
7.019780459813773632e-04
1.886716636363416910e-04
3.324342685573355993e-07
1.820734119974076748e-03
9.762122295796871185e-03
7.179397507570683956e-04
5.969132781028747559e-01
6.283864877332234755e-06
3.105328687524888664e-07
7.788703441619873047e-01
1.740547158988192677e-04
1.813887036405503750e-03
4.249361529946327209e-02
5.387456417083740234e-01
3.468710184097290039e-02
6.829865276813507080e-02
5.426920484751462936e-03
1.362431095913052559e-03
9.099541231989860535e-03
4.255740437656641006e-03
1.744502186775207520e-01
2.383842766284942627e-01
3.601200506091117859e-02
2.949470072053372860e-04
7.372001558542251587e-02
2.122280448675155640e-01
4.650421324186027050e-04
8.504174649715423584e-02
2.281200587749481201e-01
4.578702151775360107e-01
1.767384819686412811e-03
1.390721416100859642e-03
6.559941172599792480e-02
2.199089527130126953e-01
5.424390360713005066e-02
1.126423254609107971e-01
1.266111433506011963e-01
3.581777680665254593e-03
3.427764168009161949e-04
1.933585619553923607e-03
5.138257145881652832e-01
5.999846383929252625e-03
7.848618179559707642e-02
1.189926988445222378e-03
6.896238308399915695e-03
4.850286990404129028e-02
6.185153033584356308e-04
3.390866890549659729e-02
3.321033716201782227e-02
3.693626523017883301e-01
1.515919715166091919e-01
1.459376513957977295e-01
9.034024924039840698e-02
3.248050808906555176e-02
8.566667675040662289e-04
7.029031962156295776e-02
6.189182400703430176e-03
3.740492090582847595e-02
8.418589713983237743e-04
1.107398569583892822e-01
7.780633121728897095e-02
6.415296345949172974e-02
1.995916515588760376e-01
5.900115892291069031e-02
7.172332704067230225e-02
5.546310916543006897e-02
2.072871476411819458e-02
1.221422106027603149e-03
1.104717850685119629e-01
1.381155103445053101e-01
2.226951122283935547e-01
2.783139608800411224e-02
2.523683607578277588e-01
5.783144384622573853e-02
2.859129011631011963e-01
1.141392439603805542e-01
1.958020478487014771e-01
1.115599181503057480e-03
1.659563044086098671e-03
2.987063229084014893e-01
7.470989949069917202e-04
1.354044526815414429e-01
1.608045306056737900e-03
5.922229029238224030e-04
3.085886836051940918e-01
2.673332095146179199e-01
5.141103640198707581e-02
4.215343296527862549e-01
2.564535140991210938e-01
2.588878269307315350e-04
2.466967998770996928e-05
4.106420092853113601e-08
7.287219632416963577e-04
3.179003033437766135e-05
4.103995452169328928e-04
2.132837772369384766e-01
3.107666270807385445e-04
6.642184598604217172e-05
2.131146402462036349e-06
1.749435085685036029e-07
1.479171478422358632e-04
2.303164656041190028e-04
1.799801054858107818e-07
2.650058567523956299e-01
2.976015966851264238e-04
9.232650627382099628e-04
5.515187876881100237e-05
2.591478228569030762e-01
6.816269888076931238e-05
1.080843852832913399e-03
2.271499077721728099e-08
1.224138832185417414e-04
1.675857129157520831e-05
1.412123037880519405e-05
3.109636963927187026e-05
3.181714419042691588e-05
7.536770863225683570e-05
2.106475767504889518e-05
5.137781845405697823e-04
2.083599392790347338e-04
5.106624101358647749e-08
1.559989601373672485e-01
7.677905377931892872e-04
2.858580322936177254e-03
1.818256527185440063e-01
1.749540120363235474e-01
1.119553605377632266e-08
4.341994412243366241e-03
5.780193023383617401e-04
4.160954558756202459e-04
2.972337882965803146e-03
7.554999319836497307e-04
2.038172096945345402e-04
3.088858591127063846e-08
2.350578142795711756e-04
7.775125965281404206e-08
5.746322567574679852e-04
2.438914179801940918e-01
9.445396426599472761e-05
1.518698129802942276e-02
3.846964318654499948e-05
2.073951764032244682e-03
1.287731077326270679e-08
2.340967621421441436e-04
6.265090778470039368e-04
2.370958100073039532e-05
8.463603080599568784e-07
2.639647722244262695e-01
8.354087913176044822e-05
2.995721297338604927e-05
1.370723396539688110e-01
4.042335149279097095e-06
7.166824070736765862e-05
3.395088715478777885e-04
1.163340348284691572e-04
1.374137209495529532e-04
5.758060724474489689e-04
5.061920965090394020e-04
3.649075049906969070e-03
5.477852027979679406e-05
3.143189824186265469e-04
6.438464042730629444e-04
6.150754634290933609e-04
2.129115046045626514e-06
1.327180652879178524e-04
7.059954077703878284e-05
2.071444760076701641e-04
3.928390215151011944e-04
3.736854341696016490e-05
6.754907371941953897e-05
4.782906617037951946e-04
7.606808503624051809e-05
3.344493961776606739e-07
2.541437861509621143e-04
2.064216969301924109e-04
3.682877286337316036e-04
2.289884578203782439e-04
1.116114581236615777e-04
7.115835956028604414e-07
6.384705102391308174e-07
1.163928536698222160e-04
3.141167326248250902e-05
5.829822621308267117e-04
3.156143939122557640e-04
3.908211947418749332e-04
9.381080162711441517e-04
5.482498090714216232e-04
1.543251128168776631e-04
1.295074034715071321e-04
6.166365346871316433e-04
9.508983930572867393e-05
3.919733862858265638e-04
7.485023161279968917e-06
1.649046607781201601e-04
2.832507307175546885e-04
2.902075939346104860e-04
1.827319501899182796e-04
2.162459131795912981e-04
1.679195993347093463e-04
4.272501610103063285e-05
1.697707193670794368e-04
8.124738815240561962e-05
6.017418345436453819e-04
4.673184957937337458e-05
1.805910433176904917e-04
1.477836340200155973e-04
8.817258058115839958e-04
1.976782514248043299e-04
2.001170651055872440e-04
1.487572677433490753e-03
2.747392572928220034e-04
2.915292861871421337e-04
2.313136064913123846e-04
3.141377237625420094e-04
2.357695630053058267e-04
4.416979791130870581e-04
2.464524186507333070e-06
1.792211260180920362e-04
5.104514304548501968e-03
4.518406465649604797e-03
6.312792538665235043e-04
1.178902224637567997e-03
1.253589801490306854e-02
3.980986308306455612e-03
4.158940631896257401e-03
1.063343957066535950e-01
1.964962575584650040e-03
3.508735820651054382e-02
7.578951772302389145e-03
2.285661175847053528e-03
2.386903464794158936e-01
3.735545277595520020e-01
1.073550782166421413e-03
2.595448866486549377e-03
5.853402893990278244e-03
1.318659167736768723e-03
2.377309352159500122e-01
8.467342704534530640e-04
3.344076452776789665e-03
1.088304724544286728e-02
1.940757632255554199e-01
9.797619655728340149e-03
4.142889380455017090e-02
3.266485333442687988e-01
2.456577727571129799e-03
3.013595240190625191e-03
4.545527044683694839e-03
5.582239851355552673e-02
8.079246035777032375e-04
2.314346609637141228e-03
4.713852424174547195e-03
1.464967732317745686e-03
5.701858550310134888e-03
3.096311353147029877e-03
2.305838046595454216e-03
4.762304946780204773e-03
3.833834780380129814e-03
7.120295893400907516e-03
6.846902891993522644e-03
2.356261014938354492e-01
1.101066395640373230e-01
4.363268241286277771e-02
1.424756795167922974e-01
4.732935689389705658e-03
5.913978442549705505e-03
6.829767953604459763e-03
4.154053516685962677e-03
1.888696220703423023e-03
1.337826251983642578e-01
5.264946818351745605e-02
5.604264140129089355e-02
5.555546376854181290e-03
4.603074397891759872e-03
1.676943451166152954e-01
6.679891142994165421e-03
2.853294648230075836e-02
2.682772465050220490e-02
4.468220751732587814e-03
4.117002710700035095e-03
1.196485385298728943e-01
1.264528036117553711e-01
1.815949752926826477e-02
8.994877338409423828e-03
6.370174232870340347e-03
1.982704363763332367e-02
8.166477084159851074e-03
3.399300277233123779e-01
1.289810985326766968e-03
2.247125655412673950e-02
8.307222276926040649e-03
9.302939288318157196e-03
7.298246771097183228e-02
3.576052933931350708e-02
1.585361734032630920e-02
3.285550745204091072e-03
3.628297010436654091e-03
3.930847160518169403e-03
7.380874361842870712e-03
2.155730966478586197e-03
1.720018126070499420e-02
2.025046795606613159e-01
2.305416762828826904e-02
5.250678397715091705e-03
5.003777332603931427e-03
8.469003252685070038e-03
3.379457164555788040e-03
5.071339197456836700e-03
7.481717504560947418e-03
3.295490890741348267e-02
7.041359320282936096e-03
8.839076757431030273e-02
1.831702515482902527e-02
9.793400019407272339e-02
8.956387639045715332e-02
9.443815797567367554e-03
6.658177822828292847e-03
3.488535992801189423e-03
1.062986925244331360e-01
4.211290739476680756e-03
4.888306371867656708e-03
8.709602057933807373e-03
1.057642418891191483e-02
7.242487277835607529e-03
8.549561351537704468e-02
5.315683316439390182e-03
1.619583964347839355e-01
3.111934754997491837e-03
3.753139078617095947e-01
1.170435547828674316e-02
1.492626368999481201e-01
1.635497957468032837e-01
5.930416751652956009e-03
9.452044963836669922e-03
4.781575873494148254e-03
3.137783147394657135e-03
4.210572689771652222e-03
7.586239837110042572e-03
2.099453844130039215e-02
1.607856946066021919e-03
4.200727045536041260e-01
9.087601304054260254e-02
1.859171316027641296e-02
8.992136269807815552e-02
3.495883345603942871e-01
3.589402139186859131e-01
1.088835224509239197e-01
8.682616800069808960e-02
1.248075664043426514e-01
3.292904235422611237e-03
1.049600616097450256e-01
8.757079392671585083e-02
3.180276602506637573e-02
2.539758803322911263e-03
4.231542348861694336e-02
4.098711311817169189e-01
1.299930037930607796e-03
8.714366704225540161e-03
1.490479111671447754e-01
7.501536607742309570e-02
1.565701812505722046e-01
1.191071793437004089e-01
1.761510074138641357e-01
2.295144200325012207e-01
2.999007888138294220e-02
1.032106354832649231e-01
2.711831927299499512e-01
8.419524133205413818e-02
3.864882886409759521e-01
2.195495218038558960e-01
7.669968903064727783e-02
2.215796113014221191e-01
1.790030151605606079e-01
2.597612738609313965e-01
6.436470896005630493e-02
1.951557993888854980e-01
1.036418601870536804e-01
7.487624883651733398e-02
5.319299548864364624e-02
1.905528828501701355e-02
1.116108521819114685e-01
1.724626868963241577e-01
1.046868134289979935e-02
2.349957376718521118e-01
2.096027135848999023e-02
1.288619041442871094e-01
4.246780276298522949e-01
1.910927295684814453e-01
1.915218979120254517e-01
1.638804823160171509e-01
4.814817905426025391e-01
3.735962882637977600e-02
1.458484679460525513e-01
7.348702847957611084e-02
1.727942004799842834e-02
2.406287193298339844e-01
6.646249443292617798e-02
6.659489870071411133e-02
7.245879173278808594e-01
1.603278703987598419e-02
6.303079128265380859e-01
1.080494895577430725e-01
1.937952637672424316e-01
1.404532641172409058e-01
1.205841079354286194e-01
6.085926294326782227e-02
1.547253597527742386e-02
1.028651744127273560e-01
6.533509492874145508e-01
1.472857315093278885e-02
1.582773327827453613e-01
2.338011190295219421e-02
7.244499027729034424e-02
6.786704659461975098e-01
2.675158977508544922e-01
1.365595012903213501e-01
1.132785677909851074e-01
8.669002354145050049e-02
7.505296915769577026e-02
6.157062202692031860e-02
2.400427870452404022e-02
9.275358170270919800e-03
1.536159106763079762e-05
7.540700491517782211e-03
5.216200952418148518e-04
2.171358559280633926e-03
9.741247777128592134e-05
7.389358878135681152e-01
1.235131453722715378e-02
6.138593107607448474e-06
3.126600291579961777e-03
1.456101052463054657e-02
1.227484550327062607e-03
1.916802953928709030e-03
9.073422406800091267e-04
9.942379983840510249e-05
7.911010645329952240e-03
1.230240968652651645e-06
7.311694025993347168e-01
4.093347582966089249e-03
1.781712751835584641e-03
2.722920384258031845e-03
4.053681623190641403e-04
5.120453351992182434e-06
6.219449043273925781e-01
3.460478736087679863e-03
9.977183071896433830e-04
2.122539735864847898e-04
3.211497142910957336e-02
1.465698936954140663e-03
6.708226799964904785e-01
2.832443453371524811e-02
2.520642965464503504e-06
8.573837694711983204e-04
7.248468995094299316e-01
3.420591820031404495e-03
4.202952550258487463e-04
6.036200094968080521e-03
3.251472860574722290e-02
1.671042293310165405e-02
3.190797753632068634e-03
8.881877874955534935e-04
6.147285699844360352e-01
6.013263463973999023e-01
6.872904300689697266e-01
1.145778060163138434e-05
7.837151060812175274e-04
1.682342940512171481e-06
1.333203613285149913e-06
6.428276188671588898e-03
2.079641490126959980e-06
5.436826086224755272e-06
1.819784753024578094e-02
4.816989189748710487e-07
3.091295184276532382e-06
7.644658684730529785e-01
7.407578825950622559e-01
2.369708754122257233e-02
4.627863876521587372e-03
3.028611672561964951e-06
6.285030245780944824e-01
4.617637023329734802e-03
1.108402898353233468e-06
2.859963569790124893e-04
