4.457032084465026855e-01
5.002452731132507324e-01
4.397780597209930420e-01
4.248618483543395996e-01
3.966380059719085693e-01
4.305085837841033936e-01
4.050576984882354736e-01
4.512879550457000732e-01
4.700897634029388428e-01
4.862228929996490479e-01
4.597862958908081055e-01
4.119207859039306641e-01
3.757535815238952637e-01
4.444020986557006836e-01
4.829189777374267578e-01
4.494993090629577637e-01
4.370447993278503418e-01
4.020794630050659180e-01
3.922630548477172852e-01
4.232951700687408447e-01
4.548048079013824463e-01
4.690019786357879639e-01
4.877118766307830811e-01
4.424119293689727783e-01
4.129797816276550293e-01
3.901117444038391113e-01
4.025535881519317627e-01
4.652051031589508057e-01
4.070015549659729004e-01
4.215787947177886963e-01
5.015556216239929199e-01
4.270800054073333740e-01
3.833165764808654785e-01
4.101304113864898682e-01
4.963745772838592529e-01
4.064092636108398438e-01
4.544695615768432617e-01
4.082501530647277832e-01
3.921074569225311279e-01
3.830066919326782227e-01
4.264865815639495850e-01
4.214206933975219727e-01
4.341087043285369873e-01
4.153700768947601318e-01
4.750896096229553223e-01
4.354716837406158447e-01
4.508681893348693848e-01
4.662141501903533936e-01
4.133998155593872070e-01
4.378998279571533203e-01
4.592835307121276855e-01
3.822996914386749268e-01
4.481863379478454590e-01
4.584965407848358154e-01
4.297294616699218750e-01
4.598000645637512207e-01
3.973921537399291992e-01
4.515099227428436279e-01
4.510501027107238770e-01
5.058225989341735840e-01
4.002554118633270264e-01
4.469743072986602783e-01
4.407712519168853760e-01
4.190044701099395752e-01
4.087161421775817871e-01
4.213090240955352783e-01
4.253143668174743652e-01
4.074010550975799561e-01
4.680272638797760010e-01
4.590404629707336426e-01
4.093473255634307861e-01
4.102548360824584961e-01
4.569706916809082031e-01
4.326010346412658691e-01
4.388646483421325684e-01
5.355923175811767578e-01
5.556220412254333496e-01
5.809830427169799805e-01
5.250205993652343750e-01
5.561474561691284180e-01
5.523425340652465820e-01
5.387261509895324707e-01
5.639863610267639160e-01
5.434464812278747559e-01
5.603383779525756836e-01
5.510293245315551758e-01
5.160840749740600586e-01
5.556406378746032715e-01
5.257585048675537109e-01
5.310915708541870117e-01
5.313414931297302246e-01
5.143270492553710938e-01
5.643301010131835938e-01
5.570288300514221191e-01
5.514323711395263672e-01
5.777150988578796387e-01
5.330450534820556641e-01
5.362668037414550781e-01
5.561184883117675781e-01
5.444546341896057129e-01
5.558058023452758789e-01
5.773139595985412598e-01
5.650159120559692383e-01
5.556885004043579102e-01
5.527400970458984375e-01
5.473902821540832520e-01
5.379605293273925781e-01
5.466047525405883789e-01
5.550938248634338379e-01
5.562080740928649902e-01
5.447515845298767090e-01
5.282524824142456055e-01
5.721060633659362793e-01
5.440195798873901367e-01
5.350881218910217285e-01
5.567098259925842285e-01
5.433279871940612793e-01
5.080482959747314453e-01
5.231830477714538574e-01
5.261724591255187988e-01
5.606431365013122559e-01
5.069775581359863281e-01
5.536367893218994141e-01
5.583609342575073242e-01
5.151103734970092773e-01
5.518325567245483398e-01
4.848621189594268799e-01
5.312135815620422363e-01
5.594095587730407715e-01
5.471952557563781738e-01
5.507101416587829590e-01
5.480266809463500977e-01
5.264023542404174805e-01
5.668562650680541992e-01
5.499339103698730469e-01
5.291477441787719727e-01
5.748678445816040039e-01
5.564678311347961426e-01
5.210378766059875488e-01
5.593162178993225098e-01
5.608865618705749512e-01
5.229259133338928223e-01
5.355249643325805664e-01
5.597437024116516113e-01
5.163667798042297363e-01
5.191336274147033691e-01
5.548979640007019043e-01
5.387000441551208496e-01
5.672994852066040039e-01
5.774054527282714844e-01
5.616191625595092773e-01
5.666782259941101074e-01
5.634646415710449219e-01
5.661005973815917969e-01
5.524087548255920410e-01
5.664264559745788574e-01
5.770403742790222168e-01
5.473137497901916504e-01
5.559024214744567871e-01
5.701373219490051270e-01
5.511391758918762207e-01
5.698873996734619141e-01
5.576855540275573730e-01
5.632107257843017578e-01
5.870206952095031738e-01
5.612393021583557129e-01
5.731666088104248047e-01
5.694519281387329102e-01
5.632700324058532715e-01
5.664189457893371582e-01
6.093650460243225098e-01
5.890676975250244141e-01
5.775604844093322754e-01
5.790625214576721191e-01
5.650680661201477051e-01
5.648539066314697266e-01
5.752738714218139648e-01
5.486618876457214355e-01
5.904153585433959961e-01
5.834284424781799316e-01
5.992211103439331055e-01
6.038079857826232910e-01
5.901824831962585449e-01
5.876629948616027832e-01
5.818148851394653320e-01
5.555647015571594238e-01
6.080703735351562500e-01
6.082704067230224609e-01
5.930269956588745117e-01
5.623998641967773438e-01
5.930861234664916992e-01
5.780735015869140625e-01
5.828475952148437500e-01
5.743812322616577148e-01
5.763328075408935547e-01
5.740705132484436035e-01
5.792670845985412598e-01
5.625927448272705078e-01
5.794344544410705566e-01
5.754215121269226074e-01
5.508092045783996582e-01
5.824601650238037109e-01
5.959543585777282715e-01
5.663237571716308594e-01
5.668918490409851074e-01
5.707044601440429688e-01
5.763823986053466797e-01
5.764121413230895996e-01
5.864394903182983398e-01
5.737990736961364746e-01
5.893132090568542480e-01
5.800023078918457031e-01
5.803136229515075684e-01
5.964515805244445801e-01
6.153287887573242188e-01
5.917013883590698242e-01
5.761427879333496094e-01
5.777613520622253418e-01
5.752128362655639648e-01
5.763436555862426758e-01
5.749598741531372070e-01
6.090044975280761719e-01
5.795696973800659180e-01
5.980083942413330078e-01
5.815057158470153809e-01
5.913844108581542969e-01
5.864203572273254395e-01
5.900834798812866211e-01
5.750996470451354980e-01
5.883291363716125488e-01
5.755922794342041016e-01
5.796340107917785645e-01
5.752133727073669434e-01
5.887762308120727539e-01
5.628885626792907715e-01
6.058989763259887695e-01
5.995236635208129883e-01
5.858313441276550293e-01
5.251920223236083984e-01
6.056076884269714355e-01
6.128057837486267090e-01
5.692920088768005371e-01
5.916794538497924805e-01
5.782073736190795898e-01
5.478348135948181152e-01
4.688630402088165283e-01
5.620588660240173340e-01
5.512586832046508789e-01
5.625467896461486816e-01
5.296719670295715332e-01
5.292820930480957031e-01
5.581442117691040039e-01
5.278577208518981934e-01
5.396600961685180664e-01
4.803237915039062500e-01
5.525933504104614258e-01
5.472446680068969727e-01
4.894517660140991211e-01
5.476293563842773438e-01
5.601034760475158691e-01
5.577921867370605469e-01
5.477396249771118164e-01
5.673573613166809082e-01
4.585688412189483643e-01
5.419643521308898926e-01
5.518303513526916504e-01
5.485989451408386230e-01
5.547503232955932617e-01
4.559514820575714111e-01
5.607606172561645508e-01
5.564997792243957520e-01
5.904057025909423828e-01
5.490667819976806641e-01
5.492526888847351074e-01
5.624344944953918457e-01
5.377186536788940430e-01
5.499314069747924805e-01
5.596472024917602539e-01
5.578752160072326660e-01
5.332441926002502441e-01
5.565667152404785156e-01
5.442654490470886230e-01
5.713040828704833984e-01
5.176415443420410156e-01
5.235242247581481934e-01
5.602715611457824707e-01
5.544242858886718750e-01
5.828492641448974609e-01
5.499216914176940918e-01
5.551030635833740234e-01
5.523308515548706055e-01
5.800307393074035645e-01
5.472092628479003906e-01
5.289928317070007324e-01
5.665985345840454102e-01
5.622558593750000000e-01
5.421701073646545410e-01
5.506017208099365234e-01
5.500621199607849121e-01
5.529235005378723145e-01
5.524423718452453613e-01
5.553959608078002930e-01
5.542920827865600586e-01
5.325462222099304199e-01
5.227508544921875000e-01
5.602829456329345703e-01
5.114641785621643066e-01
5.330638885498046875e-01
5.566205382347106934e-01
5.564302802085876465e-01
5.543658733367919922e-01
5.618712902069091797e-01
4.577793180942535400e-01
5.637167096138000488e-01
5.474136471748352051e-01
5.612351298332214355e-01
5.096983909606933594e-01
5.748271942138671875e-01
5.480085611343383789e-01
5.089917182922363281e-01
5.225108861923217773e-01
5.736705064773559570e-01
5.210372209548950195e-01
5.803055167198181152e-01
4.889871478080749512e-01
5.733456015586853027e-01
5.765314698219299316e-01
4.958457946777343750e-01
5.802217721939086914e-01
5.779005289077758789e-01
5.372655391693115234e-01
5.621068477630615234e-01
5.216135382652282715e-01
5.676516890525817871e-01
5.314627289772033691e-01
5.799081325531005859e-01
5.656366348266601562e-01
5.266217589378356934e-01
5.792028903961181641e-01
5.777262449264526367e-01
5.656794309616088867e-01
5.421990156173706055e-01
5.208443999290466309e-01
5.623862743377685547e-01
5.133768320083618164e-01
5.470238924026489258e-01
5.858500003814697266e-01
5.787866115570068359e-01
5.736705064773559570e-01
5.565059781074523926e-01
5.411716103553771973e-01
5.212349891662597656e-01
5.816570520401000977e-01
5.412148833274841309e-01
5.164338946342468262e-01
4.765319824218750000e-01
5.379448533058166504e-01
5.431905388832092285e-01
5.802218317985534668e-01
5.295652151107788086e-01
4.994128048419952393e-01
5.181132555007934570e-01
4.950192570686340332e-01
5.105643272399902344e-01
5.550439357757568359e-01
5.451911091804504395e-01
5.543512105941772461e-01
5.316902399063110352e-01
5.386229753494262695e-01
5.234484672546386719e-01
5.593669414520263672e-01
5.347939729690551758e-01
5.474817156791687012e-01
5.511940717697143555e-01
5.462972521781921387e-01
5.351297855377197266e-01
5.638807415962219238e-01
5.256950855255126953e-01
5.370498299598693848e-01
5.205994248390197754e-01
5.356279015541076660e-01
5.261359214782714844e-01
5.623943805694580078e-01
5.361512899398803711e-01
5.232983231544494629e-01
5.281359553337097168e-01
5.390344858169555664e-01
5.720021128654479980e-01
5.869343876838684082e-01
5.835278034210205078e-01
5.485322475433349609e-01
5.296777486801147461e-01
5.255576372146606445e-01
5.135953426361083984e-01
5.407806634902954102e-01
5.613191127777099609e-01
5.592097640037536621e-01
5.516905188560485840e-01
5.547429323196411133e-01
5.218781232833862305e-01
5.369228124618530273e-01
5.285462737083435059e-01
5.488364696502685547e-01
5.736836791038513184e-01
5.441214442253112793e-01
5.602777004241943359e-01
5.457646846771240234e-01
5.522825717926025391e-01
5.315119028091430664e-01
5.288419127464294434e-01
5.220633745193481445e-01
5.388171076774597168e-01
5.222151279449462891e-01
5.373505353927612305e-01
5.541238784790039062e-01
5.585501790046691895e-01
5.564079880714416504e-01
5.282858014106750488e-01
5.345054268836975098e-01
6.069622635841369629e-01
5.366644263267517090e-01
5.966535210609436035e-01
5.412431955337524414e-01
5.241336822509765625e-01
5.433169007301330566e-01
2.943117320537567139e-01
4.269671738147735596e-01
4.558509886264801025e-01
4.960768520832061768e-01
3.341922461986541748e-01
4.411462247371673584e-01
4.043410420417785645e-01
4.503840208053588867e-01
4.381082653999328613e-01
5.085218548774719238e-01
4.604859948158264160e-01
4.876895844936370850e-01
4.332890212535858154e-01
4.375867545604705811e-01
3.947424292564392090e-01
4.309755563735961914e-01
4.227491617202758789e-01
4.411062598228454590e-01
4.190664887428283691e-01
5.166785717010498047e-01
4.412083625793457031e-01
4.270509183406829834e-01
4.163248240947723389e-01
4.280902445316314697e-01
4.350043833255767822e-01
5.412424206733703613e-01
4.023777544498443604e-01
4.372216463088989258e-01
2.440058588981628418e-01
4.414576292037963867e-01
4.917012453079223633e-01
4.540933370590209961e-01
4.752390384674072266e-01
4.454516470432281494e-01
4.546606540679931641e-01
4.348146617412567139e-01
4.354106783866882324e-01
4.364134371280670166e-01
4.222156703472137451e-01
4.636931717395782471e-01
4.452352225780487061e-01
4.096781313419342041e-01
4.499744772911071777e-01
4.054448902606964111e-01
4.680529534816741943e-01
3.265171945095062256e-01
5.053812861442565918e-01
4.596061706542968750e-01
4.475048780441284180e-01
4.372948706150054932e-01
4.983923435211181641e-01
4.783580899238586426e-01
4.598112404346466064e-01
4.313100278377532959e-01
5.159215927124023438e-01
4.315139651298522949e-01
4.521088600158691406e-01
4.450811445713043213e-01
4.479466974735260010e-01
4.583330154418945312e-01
4.588406383991241455e-01
4.908668994903564453e-01
4.502367675304412842e-01
4.474168717861175537e-01
4.595621228218078613e-01
4.187672436237335205e-01
4.395754337310791016e-01
4.227978587150573730e-01
4.232208132743835449e-01
4.447767138481140137e-01
4.260560870170593262e-01
3.467608988285064697e-01
4.359318912029266357e-01
4.492761790752410889e-01
3.906598985195159912e-01
2.321989834308624268e-01
3.808620274066925049e-01
2.345901578664779663e-01
2.667341828346252441e-01
2.278346121311187744e-01
2.957527041435241699e-01
3.667639195919036865e-01
2.305743694305419922e-01
2.211537361145019531e-01
2.353490442037582397e-01
2.641755044460296631e-01
3.522045016288757324e-01
3.760508298873901367e-01
2.981820404529571533e-01
1.973559409379959106e-01
3.407105803489685059e-01
4.648110270500183105e-01
2.773880064487457275e-01
3.285420238971710205e-01
4.333708882331848145e-01
3.043018281459808350e-01
2.979657053947448730e-01
3.693934381008148193e-01
3.606707155704498291e-01
3.335036635398864746e-01
4.888953864574432373e-01
4.646095335483551025e-01
2.957861423492431641e-01
2.446269989013671875e-01
2.569995820522308350e-01
2.259273827075958252e-01
2.907358705997467041e-01
4.085234701633453369e-01
3.281352221965789795e-01
2.383202612400054932e-01
2.123775631189346313e-01
2.663336396217346191e-01
4.271385073661804199e-01
2.520300745964050293e-01
2.634269297122955322e-01
3.531973361968994141e-01
1.731521189212799072e-01
3.122903108596801758e-01
4.372481405735015869e-01
3.112398386001586914e-01
3.829113841056823730e-01
4.385866820812225342e-01
3.853184580802917480e-01
2.753178477287292480e-01
2.314907461404800415e-01
3.343656063079833984e-01
5.039023160934448242e-01
5.159206986427307129e-01
3.594496548175811768e-01
3.166817426681518555e-01
4.737110137939453125e-01
3.030882477760314941e-01
2.888473272323608398e-01
2.388982921838760376e-01
5.148251652717590332e-01
4.464095234870910645e-01
2.240332961082458496e-01
3.130850791931152344e-01
4.432318508625030518e-01
3.310086429119110107e-01
3.793416917324066162e-01
2.804561853408813477e-01
3.785372376441955566e-01
3.082159459590911865e-01
2.118328660726547241e-01
4.219578504562377930e-01
3.420594930648803711e-01
4.329150915145874023e-01
2.101961672306060791e-01
2.974585890769958496e-01
3.565412461757659912e-01
3.881810605525970459e-01
3.251737654209136963e-01
2.047886848449707031e-01
2.677096426486968994e-01
3.699987530708312988e-01
4.558677375316619873e-01
2.360598295927047729e-01
3.166969120502471924e-01
3.987166285514831543e-01
3.714556396007537842e-01
4.532018303871154785e-01
2.023022919893264771e-01
2.782857418060302734e-01
1.887983828783035278e-01
2.606793045997619629e-01
1.781612187623977661e-01
2.575205862522125244e-01
2.862565219402313232e-01
1.953830569982528687e-01
2.694526016712188721e-01
2.305660694837570190e-01
2.180181592702865601e-01
2.291009426116943359e-01
2.405789494514465332e-01
2.475324422121047974e-01
3.948511481285095215e-01
3.139642179012298584e-01
1.872686147689819336e-01
2.513899505138397217e-01
2.544331848621368408e-01
3.535139262676239014e-01
4.021279513835906982e-01
3.134936690330505371e-01
3.167492747306823730e-01
2.346568852663040161e-01
3.538395762443542480e-01
5.178865790367126465e-01
4.718427360057830811e-01
5.407235026359558105e-01
4.802124798297882080e-01
4.963068366050720215e-01
4.873596131801605225e-01
4.788982570171356201e-01
5.101394057273864746e-01
5.031241774559020996e-01
5.232527256011962891e-01
4.790171682834625244e-01
4.718427360057830811e-01
4.807755351066589355e-01
5.602641105651855469e-01
5.418793559074401855e-01
5.700986385345458984e-01
5.744584202766418457e-01
5.982893705368041992e-01
6.073366403579711914e-01
5.816546082496643066e-01
5.542071461677551270e-01
5.501472353935241699e-01
5.498062968254089355e-01
5.817095041275024414e-01
5.815615653991699219e-01
5.731619000434875488e-01
5.805166959762573242e-01
5.780822634696960449e-01
5.795158147811889648e-01
4.404008686542510986e-01
5.037299990653991699e-01
4.332049190998077393e-01
5.249630212783813477e-01
4.336418807506561279e-01
4.429608285427093506e-01
4.779788851737976074e-01
5.030921697616577148e-01
4.693484604358673096e-01
4.832126200199127197e-01
4.718760848045349121e-01
4.520833790302276611e-01
5.213249921798706055e-01
4.695411324501037598e-01
4.955322742462158203e-01
4.956758618354797363e-01
4.825040102005004883e-01
4.844988882541656494e-01
5.049695372581481934e-01
4.804119765758514404e-01
5.313447713851928711e-01
5.472820997238159180e-01
5.000113248825073242e-01
5.127098560333251953e-01
5.325828194618225098e-01
5.540325641632080078e-01
5.018091797828674316e-01
5.143678188323974609e-01
5.254824757575988770e-01
5.409197807312011719e-01
2.733566164970397949e-01
2.680682837963104248e-01
3.566116392612457275e-01
3.520028591156005859e-01
2.404661625623703003e-01
3.280830085277557373e-01
2.540070116519927979e-01
3.152456879615783691e-01
2.389787733554840088e-01
3.901835083961486816e-01
2.477331757545471191e-01
2.408874928951263428e-01
4.115855693817138672e-01
4.700897634029388428e-01
4.444020986557006836e-01
4.829189777374267578e-01
4.494993090629577637e-01
4.025535881519317627e-01
3.833165764808654785e-01
3.921074569225311279e-01
3.830066919326782227e-01
4.214206933975219727e-01
4.584965407848358154e-01
3.973921537399291992e-01
4.510501027107238770e-01
4.326010346412658691e-01
5.387261509895324707e-01
5.257585048675537109e-01
5.143270492553710938e-01
5.561184883117675781e-01
5.558058023452758789e-01
5.473902821540832520e-01
5.606431365013122559e-01
5.518325567245483398e-01
5.668562650680541992e-01
5.499339103698730469e-01
5.748678445816040039e-01
5.597437024116516113e-01
5.672994852066040039e-01
5.559024214744567871e-01
5.632107257843017578e-01
5.775604844093322754e-01
5.790625214576721191e-01
5.648539066314697266e-01
5.623998641967773438e-01
5.754215121269226074e-01
5.508092045783996582e-01
5.764121413230895996e-01
5.864394903182983398e-01
5.777613520622253418e-01
5.752128362655639648e-01
5.755922794342041016e-01
5.752133727073669434e-01
5.628885626792907715e-01
5.278577208518981934e-01
5.396600961685180664e-01
4.894517660140991211e-01
5.547503232955932617e-01
5.624344944953918457e-01
5.377186536788940430e-01
5.499314069747924805e-01
5.551030635833740234e-01
5.421701073646545410e-01
5.529235005378723145e-01
5.542920827865600586e-01
4.577793180942535400e-01
5.480085611343383789e-01
5.089917182922363281e-01
4.889871478080749512e-01
5.372655391693115234e-01
5.216135382652282715e-01
5.816570520401000977e-01
5.181132555007934570e-01
5.550439357757568359e-01
5.316902399063110352e-01
5.256950855255126953e-01
5.356279015541076660e-01
5.390344858169555664e-01
5.255576372146606445e-01
5.407806634902954102e-01
5.282858014106750488e-01
5.366644263267517090e-01
3.341922461986541748e-01
4.411462247371673584e-01
4.876895844936370850e-01
3.947424292564392090e-01
2.440058588981628418e-01
4.354106783866882324e-01
4.315139651298522949e-01
4.479466974735260010e-01
4.588406383991241455e-01
4.474168717861175537e-01
4.595621228218078613e-01
4.260560870170593262e-01
4.359318912029266357e-01
4.093438386917114258e-01
3.948511481285095215e-01
2.162414044141769409e-01
2.795745134353637695e-01
2.852786183357238770e-01
2.760266661643981934e-01
2.325387150049209595e-01
3.971297144889831543e-01
3.889941871166229248e-01
3.168859183788299561e-01
3.739078640937805176e-01
3.859625756740570068e-01
2.431980222463607788e-01
4.995820522308349609e-01
5.194251537322998047e-01
4.872985184192657471e-01
5.167491436004638672e-01
5.285883545875549316e-01
4.936545789241790771e-01
4.830609261989593506e-01
5.136492252349853516e-01
5.057222247123718262e-01
5.043682456016540527e-01
4.795871376991271973e-01
4.878139197826385498e-01
4.699985682964324951e-01
5.655724406242370605e-01
5.355846285820007324e-01
5.433835983276367188e-01
5.490558743476867676e-01
5.646392703056335449e-01
5.840423703193664551e-01
5.801610350608825684e-01
5.903025865554809570e-01
5.932289361953735352e-01
5.641562938690185547e-01
5.734401941299438477e-01
5.984817147254943848e-01
5.899358987808227539e-01
5.735606551170349121e-01
5.734794139862060547e-01
5.805501937866210938e-01
5.809197425842285156e-01
5.765748620033264160e-01
4.733906984329223633e-01
4.618904590606689453e-01
5.343332886695861816e-01
4.317984879016876221e-01
4.786454439163208008e-01
5.034512877464294434e-01
4.269621074199676514e-01
5.311372280120849609e-01
4.851807355880737305e-01
4.795421063899993896e-01
4.978691935539245605e-01
5.366012454032897949e-01
4.937012195587158203e-01
5.204114913940429688e-01
5.339711904525756836e-01
4.971105456352233887e-01
5.293201208114624023e-01
5.065139532089233398e-01
4.813224971294403076e-01
4.862551391124725342e-01
5.179979801177978516e-01
4.421293735504150391e-01
5.338745713233947754e-01
5.069198012351989746e-01
5.336297154426574707e-01
4.962643384933471680e-01
5.214932560920715332e-01
5.316216945648193359e-01
5.283225178718566895e-01
5.143413543701171875e-01
5.071194171905517578e-01
5.216746330261230469e-01
5.462388396263122559e-01
5.622065067291259766e-01
2.508066296577453613e-01
3.402642905712127686e-01
2.619967460632324219e-01
2.590002417564392090e-01
3.518262207508087158e-01
2.153737097978591919e-01
2.783242166042327881e-01
2.208093702793121338e-01
2.927940785884857178e-01
2.445117980241775513e-01
3.320122957229614258e-01
3.284704089164733887e-01
2.163647860288619995e-01
3.960368335247039795e-01
3.023473620414733887e-01
3.402011096477508545e-01
2.145578116178512573e-01
2.160129100084304810e-01
2.206624895334243774e-01
2.276761382818222046e-01
3.344401717185974121e-01
3.861781358718872070e-01
3.930677175521850586e-01
3.511351346969604492e-01
2.408253252506256104e-01
2.224557697772979736e-01
4.742487072944641113e-01
5.000121593475341797e-01
4.802124798297882080e-01
5.148183107376098633e-01
4.992318153381347656e-01
5.169167518615722656e-01
5.234408378601074219e-01
5.547292232513427734e-01
5.218144655227661133e-01
4.924180805683135986e-01
5.012523531913757324e-01
4.512231349945068359e-01
4.890795350074768066e-01
5.693983435630798340e-01
5.648275613784790039e-01
6.001617908477783203e-01
5.773876905441284180e-01
5.893828868865966797e-01
5.315557122230529785e-01
5.811185836791992188e-01
5.643736720085144043e-01
5.811150074005126953e-01
5.881279110908508301e-01
5.745815634727478027e-01
5.708560347557067871e-01
4.795699119567871094e-01
4.978693127632141113e-01
4.749264121055603027e-01
4.864340722560882568e-01
4.765157401561737061e-01
5.207699537277221680e-01
5.343332886695861816e-01
4.876826107501983643e-01
4.645532071590423584e-01
4.597540497779846191e-01
4.760430455207824707e-01
4.528710246086120605e-01
5.232013463973999023e-01
5.300506353378295898e-01
5.241435766220092773e-01
4.867200255393981934e-01
4.902767539024353027e-01
5.227437615394592285e-01
5.054158568382263184e-01
5.170581340789794922e-01
4.178695678710937500e-01
5.470366477966308594e-01
5.328447818756103516e-01
5.360704660415649414e-01
5.346887707710266113e-01
5.047091841697692871e-01
5.590949654579162598e-01
5.231671929359436035e-01
5.472409725189208984e-01
2.730697989463806152e-01
2.463114708662033081e-01
2.299252152442932129e-01
2.972499728202819824e-01
3.715794384479522705e-01
2.558275461196899414e-01
2.470106780529022217e-01
2.328247278928756714e-01
2.664912939071655273e-01
3.578565120697021484e-01
3.511632084846496582e-01
4.218558669090270996e-01
2.439824640750885010e-01
2.221077531576156616e-01
2.182033061981201172e-01
3.096969723701477051e-01
1.781932711601257324e-01
3.525752127170562744e-01
3.763533830642700195e-01
4.108166694641113281e-01
2.446566820144653320e-01
2.168628722429275513e-01
3.195270895957946777e-01
2.232683449983596802e-01
4.606404006481170654e-01
4.894053339958190918e-01
4.932359457015991211e-01
4.170385897159576416e-01
3.779587745666503906e-01
4.308238923549652100e-01
5.097246170043945312e-01
3.939532041549682617e-01
4.159045815467834473e-01
5.393427610397338867e-01
3.714786767959594727e-01
3.110190033912658691e-01
2.953343689441680908e-01
2.874476909637451172e-01
3.390442728996276855e-01
2.795772254467010498e-01
4.277000129222869873e-01
4.182801246643066406e-01
3.479115962982177734e-01
2.888710796833038330e-01
3.593997061252593994e-01
3.597011566162109375e-01
1.742789596319198608e-01
3.406629860401153564e-01
3.297878801822662354e-01
2.770901620388031006e-01
3.032550215721130371e-01
3.203206956386566162e-01
2.191423475742340088e-01
1.931064426898956299e-01
3.013711571693420410e-01
3.250632584095001221e-01
2.693071365356445312e-01
4.074346423149108887e-01
5.252953171730041504e-01
4.764747023582458496e-01
5.124391317367553711e-01
4.590089917182922363e-01
4.339661300182342529e-01
4.801044762134552002e-01
4.216608107089996338e-01
5.359432697296142578e-01
5.030304193496704102e-01
3.995265066623687744e-01
5.441004037857055664e-01
4.890197813510894775e-01
4.894530177116394043e-01
3.644998073577880859e-01
5.414624214172363281e-01
5.018468499183654785e-01
3.952551782131195068e-01
3.910877108573913574e-01
3.572469353675842285e-01
4.889690876007080078e-01
3.918063342571258545e-01
3.971180021762847900e-01
3.678324818611145020e-01
3.818523883819580078e-01
4.299832284450531006e-01
3.107404410839080811e-01
2.998701930046081543e-01
4.182666242122650146e-01
4.319882988929748535e-01
4.139467775821685791e-01
4.392116069793701172e-01
4.286379218101501465e-01
2.588191032409667969e-01
2.810136377811431885e-01
2.738556563854217529e-01
2.772636711597442627e-01
4.805545806884765625e-01
4.159814417362213135e-01
2.655533552169799805e-01
3.124895095825195312e-01
4.692600071430206299e-01
2.134577184915542603e-01
2.179449945688247681e-01
