9.991284012794494629e-01
9.669998884201049805e-01
9.848783612251281738e-01
3.694084286689758301e-01
3.694084286689758301e-01
9.990775585174560547e-01
3.694084286689758301e-01
3.694084286689758301e-01
3.694084286689758301e-01
9.824160337448120117e-01
9.993416666984558105e-01
3.694084286689758301e-01
9.990229606628417969e-01
9.993040561676025391e-01
3.694084286689758301e-01
3.694084286689758301e-01
9.994381070137023926e-01
9.914532899856567383e-01
3.694084286689758301e-01
9.893704652786254883e-01
3.694084286689758301e-01
9.971338510513305664e-01
3.694084286689758301e-01
9.998499155044555664e-01
3.694084286689758301e-01
8.469963669776916504e-01
9.238631129264831543e-01
9.883034229278564453e-01
9.987418055534362793e-01
3.694084286689758301e-01
8.942034244537353516e-01
3.694084286689758301e-01
9.712942242622375488e-01
9.656158685684204102e-01
9.994785189628601074e-01
9.734970927238464355e-01
9.935901165008544922e-01
9.992625117301940918e-01
3.694084286689758301e-01
9.707630276679992676e-01
3.694084286689758301e-01
3.694084286689758301e-01
9.296489953994750977e-01
3.694084286689758301e-01
3.694084286689758301e-01
3.694084286689758301e-01
3.694084286689758301e-01
3.694084286689758301e-01
9.577724933624267578e-01
3.694084286689758301e-01
9.935755133628845215e-01
3.694084286689758301e-01
3.694084286689758301e-01
9.986767172813415527e-01
3.694084286689758301e-01
3.694084286689758301e-01
8.330388665199279785e-01
3.694084286689758301e-01
3.694084286689758301e-01
9.999996423721313477e-01
9.938043355941772461e-01
9.997853636741638184e-01
9.694846272468566895e-01
3.694084286689758301e-01
9.950560331344604492e-01
3.694084286689758301e-01
3.694084286689758301e-01
9.981102943420410156e-01
3.694084286689758301e-01
3.694084286689758301e-01
9.680399298667907715e-01
9.873598217964172363e-01
3.694084286689758301e-01
3.694084286689758301e-01
8.460373878479003906e-01
3.694084286689758301e-01
3.694084286689758301e-01
3.694084286689758301e-01
9.935328960418701172e-01
3.694084286689758301e-01
3.694084286689758301e-01
9.920537471771240234e-01
3.694084286689758301e-01
3.694084286689758301e-01
3.694084286689758301e-01
3.694084286689758301e-01
9.956892132759094238e-01
3.694084286689758301e-01
9.904742836952209473e-01
3.694084286689758301e-01
9.936529397964477539e-01
9.991057515144348145e-01
3.694084286689758301e-01
9.824719429016113281e-01
9.931836724281311035e-01
9.992641806602478027e-01
9.802436828613281250e-01
9.724625945091247559e-01
3.694084286689758301e-01
3.694084286689758301e-01
3.694084286689758301e-01
9.895421266555786133e-01
3.694084286689758301e-01
3.694084286689758301e-01
9.401087164878845215e-01
9.983256459236145020e-01
9.918901920318603516e-01
3.694084286689758301e-01
3.694084286689758301e-01
3.694084286689758301e-01
9.713913202285766602e-01
3.694084286689758301e-01
3.694084286689758301e-01
3.694084286689758301e-01
9.986394047737121582e-01
3.694084286689758301e-01
3.694084286689758301e-01
9.990994930267333984e-01
9.679255485534667969e-01
9.874501228332519531e-01
9.580085277557373047e-01
9.987607002258300781e-01
9.011205434799194336e-01
3.694084286689758301e-01
9.928736686706542969e-01
3.694084286689758301e-01
9.997609257698059082e-01
3.694084286689758301e-01
9.791654348373413086e-01
9.702075123786926270e-01
9.988465309143066406e-01
9.517450928688049316e-01
9.855258464813232422e-01
3.694084286689758301e-01
9.981909394264221191e-01
3.694084286689758301e-01
9.996587038040161133e-01
9.835771918296813965e-01
9.865151643753051758e-01
9.913472533226013184e-01
3.694084286689758301e-01
9.987452030181884766e-01
9.844757914543151855e-01
3.694084286689758301e-01
9.997859597206115723e-01
3.694084286689758301e-01
3.694084286689758301e-01
3.694084286689758301e-01
9.794807434082031250e-01
9.929409027099609375e-01
9.999979734420776367e-01
3.694084286689758301e-01
9.969490170478820801e-01
3.694084286689758301e-01
9.982492923736572266e-01
9.999088048934936523e-01
9.954596161842346191e-01
9.997020363807678223e-01
9.055299758911132812e-01
3.694084286689758301e-01
3.694084286689758301e-01
3.694084286689758301e-01
3.694084286689758301e-01
9.990735054016113281e-01
9.823364615440368652e-01
9.375438690185546875e-01
3.694084286689758301e-01
3.694084286689758301e-01
9.807853698730468750e-01
3.694084286689758301e-01
3.694084286689758301e-01
9.801990389823913574e-01
3.694084286689758301e-01
9.873255491256713867e-01
9.329079985618591309e-01
3.694084286689758301e-01
8.434803485870361328e-01
3.694084286689758301e-01
3.694084286689758301e-01
9.467865228652954102e-01
3.694084286689758301e-01
3.694084286689758301e-01
9.851620793342590332e-01
3.694084286689758301e-01
9.503231644630432129e-01
9.952799081802368164e-01
3.694084286689758301e-01
3.694084286689758301e-01
8.409254550933837891e-01
9.965724945068359375e-01
3.694084286689758301e-01
3.694084286689758301e-01
9.638867378234863281e-01
9.862951636314392090e-01
3.694084286689758301e-01
9.415604472160339355e-01
3.694084286689758301e-01
3.694084286689758301e-01
3.694084286689758301e-01
9.668777585029602051e-01
3.694084286689758301e-01
9.994315505027770996e-01
3.694084286689758301e-01
9.989624023437500000e-01
9.966668486595153809e-01
3.694084286689758301e-01
3.694084286689758301e-01
3.694084286689758301e-01
9.990488886833190918e-01
3.694084286689758301e-01
3.694084286689758301e-01
3.694084286689758301e-01
3.694084286689758301e-01
9.495255351066589355e-01
9.896385669708251953e-01
9.073211550712585449e-01
9.843593239784240723e-01
3.694084286689758301e-01
5.658403635025024414e-01
9.973469972610473633e-01
8.952933549880981445e-01
9.403028488159179688e-01
9.988330006599426270e-01
3.694084286689758301e-01
9.845521450042724609e-01
3.694084286689758301e-01
3.694084286689758301e-01
3.694084286689758301e-01
9.929140806198120117e-01
9.938161373138427734e-01
3.694084286689758301e-01
3.694084286689758301e-01
3.694084286689758301e-01
9.894381761550903320e-01
9.631432890892028809e-01
9.838060140609741211e-01
3.694084286689758301e-01
9.945443868637084961e-01
9.921641349792480469e-01
9.994561076164245605e-01
3.694084286689758301e-01
9.973893761634826660e-01
3.694084286689758301e-01
9.927964806556701660e-01
3.694084286689758301e-01
3.694084286689758301e-01
3.694084286689758301e-01
9.999463558197021484e-01
3.694084286689758301e-01
3.694084286689758301e-01
3.694084286689758301e-01
3.694084286689758301e-01
3.694084286689758301e-01
9.988019466400146484e-01
3.694084286689758301e-01
9.992476701736450195e-01
9.955283999443054199e-01
9.772320985794067383e-01
9.906142950057983398e-01
3.694084286689758301e-01
9.995861649513244629e-01
3.694084286689758301e-01
3.694084286689758301e-01
3.694084286689758301e-01
9.956661462783813477e-01
3.694084286689758301e-01
9.646566510200500488e-01
9.966775178909301758e-01
3.694084286689758301e-01
9.989243149757385254e-01
3.694084286689758301e-01
9.820904135704040527e-01
9.997548460960388184e-01
9.990760087966918945e-01
9.988663196563720703e-01
3.694084286689758301e-01
3.694084286689758301e-01
3.694084286689758301e-01
3.694084286689758301e-01
3.694084286689758301e-01
9.999171495437622070e-01
3.694084286689758301e-01
3.694084286689758301e-01
3.694084286689758301e-01
9.148192405700683594e-01
9.869555830955505371e-01
3.694084286689758301e-01
9.820904135704040527e-01
9.949491024017333984e-01
3.694084286689758301e-01
3.694084286689758301e-01
3.694084286689758301e-01
3.694084286689758301e-01
9.997063279151916504e-01
9.925011992454528809e-01
3.694084286689758301e-01
9.636420607566833496e-01
3.694084286689758301e-01
3.694084286689758301e-01
9.880619049072265625e-01
3.694084286689758301e-01
9.907851219177246094e-01
3.694084286689758301e-01
3.694084286689758301e-01
9.939862489700317383e-01
9.991267323493957520e-01
3.694084286689758301e-01
9.180941581726074219e-01
9.801720976829528809e-01
3.694084286689758301e-01
3.694084286689758301e-01
3.694084286689758301e-01
9.863091707229614258e-01
9.972528815269470215e-01
3.694084286689758301e-01
3.694084286689758301e-01
9.997391104698181152e-01
3.694084286689758301e-01
9.935787916183471680e-01
9.997937083244323730e-01
3.694084286689758301e-01
3.694084286689758301e-01
9.960649609565734863e-01
3.694084286689758301e-01
3.694084286689758301e-01
3.694084286689758301e-01
3.694084286689758301e-01
3.694084286689758301e-01
3.694084286689758301e-01
9.915344119071960449e-01
9.997106194496154785e-01
9.983175992965698242e-01
3.694084286689758301e-01
3.694084286689758301e-01
3.694084286689758301e-01
3.694084286689758301e-01
3.694084286689758301e-01
3.694084286689758301e-01
3.694084286689758301e-01
3.694084286689758301e-01
9.951074123382568359e-01
9.933102130889892578e-01
3.694084286689758301e-01
9.771987199783325195e-01
3.694084286689758301e-01
3.694084286689758301e-01
3.694084286689758301e-01
3.694084286689758301e-01
3.694084286689758301e-01
9.955384135246276855e-01
9.906704425811767578e-01
3.694084286689758301e-01
3.694084286689758301e-01
3.694084286689758301e-01
3.694084286689758301e-01
9.987477064132690430e-01
3.694084286689758301e-01
3.694084286689758301e-01
9.977401494979858398e-01
3.694084286689758301e-01
1.000000000000000000e+00
3.694084286689758301e-01
3.694084286689758301e-01
9.999289512634277344e-01
3.694084286689758301e-01
3.694084286689758301e-01
3.694084286689758301e-01
9.997248053550720215e-01
3.694084286689758301e-01
3.694084286689758301e-01
9.980599284172058105e-01
9.981960654258728027e-01
3.694084286689758301e-01
3.694084286689758301e-01
3.694084286689758301e-01
3.694084286689758301e-01
9.965498447418212891e-01
9.968145489692687988e-01
3.694084286689758301e-01
3.694084286689758301e-01
3.694084286689758301e-01
3.694084286689758301e-01
3.694084286689758301e-01
3.694084286689758301e-01
9.951326251029968262e-01
3.694084286689758301e-01
3.694084286689758301e-01
3.694084286689758301e-01
3.694084286689758301e-01
3.694084286689758301e-01
3.694084286689758301e-01
3.694084286689758301e-01
3.694084286689758301e-01
3.694084286689758301e-01
3.694084286689758301e-01
3.694084286689758301e-01
3.694084286689758301e-01
9.527655243873596191e-01
3.694084286689758301e-01
3.694084286689758301e-01
3.694084286689758301e-01
9.989092350006103516e-01
7.573384642601013184e-01
3.694084286689758301e-01
3.694084286689758301e-01
9.978469610214233398e-01
3.694084286689758301e-01
3.694084286689758301e-01
3.694084286689758301e-01
9.856526851654052734e-01
3.694084286689758301e-01
3.694084286689758301e-01
3.694084286689758301e-01
3.694084286689758301e-01
3.694084286689758301e-01
3.694084286689758301e-01
3.694084286689758301e-01
3.694084286689758301e-01
9.967226386070251465e-01
3.694084286689758301e-01
3.694084286689758301e-01
3.694084286689758301e-01
3.694084286689758301e-01
3.694084286689758301e-01
3.694084286689758301e-01
3.694084286689758301e-01
3.694084286689758301e-01
9.958317875862121582e-01
6.096293926239013672e-01
9.994975328445434570e-01
9.982168078422546387e-01
9.963896870613098145e-01
9.999907016754150391e-01
3.694084286689758301e-01
3.694084286689758301e-01
3.694084286689758301e-01
9.782458543777465820e-01
9.831275939941406250e-01
9.975553154945373535e-01
3.694084286689758301e-01
3.694084286689758301e-01
8.337203860282897949e-01
3.694084286689758301e-01
3.694084286689758301e-01
3.694084286689758301e-01
9.858911633491516113e-01
9.976000189781188965e-01
9.478667974472045898e-01
9.995957016944885254e-01
3.694084286689758301e-01
3.694084286689758301e-01
3.694084286689758301e-01
9.994730353355407715e-01
3.694084286689758301e-01
3.694084286689758301e-01
9.368368983268737793e-01
9.710118174552917480e-01
3.694084286689758301e-01
3.694084286689758301e-01
9.999623298645019531e-01
3.694084286689758301e-01
9.958519935607910156e-01
3.694084286689758301e-01
3.694084286689758301e-01
3.694084286689758301e-01
3.694084286689758301e-01
9.980954527854919434e-01
3.694084286689758301e-01
3.694084286689758301e-01
9.995009899139404297e-01
9.996335506439208984e-01
3.694084286689758301e-01
3.694084286689758301e-01
3.694084286689758301e-01
9.955223798751831055e-01
3.694084286689758301e-01
9.577464461326599121e-01
9.971975088119506836e-01
3.694084286689758301e-01
3.694084286689758301e-01
3.694084286689758301e-01
3.694084286689758301e-01
9.656873345375061035e-01
3.694084286689758301e-01
3.694084286689758301e-01
3.694084286689758301e-01
9.483590722084045410e-01
3.694084286689758301e-01
9.497736692428588867e-01
9.949505329132080078e-01
9.993108510971069336e-01
3.694084286689758301e-01
9.931857585906982422e-01
9.783641695976257324e-01
9.972025156021118164e-01
3.694084286689758301e-01
9.966605901718139648e-01
3.694084286689758301e-01
3.694084286689758301e-01
3.694084286689758301e-01
3.694084286689758301e-01
3.694084286689758301e-01
3.694084286689758301e-01
3.694084286689758301e-01
3.694084286689758301e-01
2.152258604764938354e-01
3.694084286689758301e-01
3.694084286689758301e-01
3.694084286689758301e-01
3.346054628491401672e-02
3.694084286689758301e-01
1.323814690113067627e-01
3.694084286689758301e-01
3.694084286689758301e-01
3.694084286689758301e-01
3.694084286689758301e-01
3.694084286689758301e-01
3.694084286689758301e-01
3.694084286689758301e-01
3.694084286689758301e-01
3.694084286689758301e-01
3.694084286689758301e-01
3.694084286689758301e-01
3.694084286689758301e-01
3.694084286689758301e-01
2.478910982608795166e-02
3.694084286689758301e-01
3.694084286689758301e-01
3.694084286689758301e-01
3.694084286689758301e-01
3.694084286689758301e-01
3.694084286689758301e-01
3.694084286689758301e-01
3.694084286689758301e-01
3.694084286689758301e-01
3.694084286689758301e-01
3.694084286689758301e-01
3.694084286689758301e-01
3.694084286689758301e-01
1.849075853824615479e-01
3.694084286689758301e-01
3.694084286689758301e-01
3.694084286689758301e-01
3.694084286689758301e-01
3.694084286689758301e-01
1.617088913917541504e-01
1.346301585435867310e-01
3.694084286689758301e-01
3.694084286689758301e-01
3.694084286689758301e-01
3.694084286689758301e-01
3.694084286689758301e-01
3.694084286689758301e-01
3.694084286689758301e-01
3.694084286689758301e-01
3.694084286689758301e-01
3.694084286689758301e-01
3.694084286689758301e-01
3.694084286689758301e-01
3.694084286689758301e-01
1.297031790018081665e-01
3.694084286689758301e-01
3.694084286689758301e-01
3.694084286689758301e-01
3.694084286689758301e-01
3.694084286689758301e-01
3.694084286689758301e-01
3.694084286689758301e-01
3.694084286689758301e-01
3.694084286689758301e-01
3.694084286689758301e-01
3.694084286689758301e-01
3.694084286689758301e-01
3.694084286689758301e-01
6.457596272230148315e-02
3.694084286689758301e-01
3.694084286689758301e-01
3.694084286689758301e-01
3.694084286689758301e-01
3.694084286689758301e-01
3.694084286689758301e-01
3.694084286689758301e-01
3.694084286689758301e-01
3.694084286689758301e-01
3.694084286689758301e-01
3.694084286689758301e-01
3.694084286689758301e-01
3.694084286689758301e-01
3.694084286689758301e-01
3.694084286689758301e-01
3.694084286689758301e-01
3.694084286689758301e-01
3.694084286689758301e-01
3.694084286689758301e-01
3.694084286689758301e-01
3.694084286689758301e-01
3.694084286689758301e-01
3.694084286689758301e-01
3.694084286689758301e-01
3.694084286689758301e-01
3.694084286689758301e-01
3.694084286689758301e-01
3.694084286689758301e-01
3.694084286689758301e-01
3.694084286689758301e-01
3.694084286689758301e-01
3.694084286689758301e-01
3.694084286689758301e-01
3.694084286689758301e-01
3.694084286689758301e-01
3.694084286689758301e-01
3.694084286689758301e-01
3.694084286689758301e-01
3.694084286689758301e-01
3.694084286689758301e-01
3.694084286689758301e-01
3.694084286689758301e-01
3.694084286689758301e-01
3.694084286689758301e-01
3.694084286689758301e-01
3.694084286689758301e-01
3.694084286689758301e-01
3.694084286689758301e-01
3.694084286689758301e-01
3.694084286689758301e-01
3.694084286689758301e-01
2.810211479663848877e-01
3.694084286689758301e-01
3.694084286689758301e-01
3.694084286689758301e-01
3.694084286689758301e-01
3.694084286689758301e-01
3.694084286689758301e-01
3.694084286689758301e-01
3.694084286689758301e-01
3.694084286689758301e-01
3.694084286689758301e-01
3.694084286689758301e-01
3.694084286689758301e-01
3.694084286689758301e-01
3.694084286689758301e-01
3.694084286689758301e-01
3.694084286689758301e-01
3.694084286689758301e-01
3.694084286689758301e-01
3.694084286689758301e-01
3.694084286689758301e-01
3.694084286689758301e-01
3.694084286689758301e-01
3.694084286689758301e-01
3.694084286689758301e-01
3.694084286689758301e-01
3.694084286689758301e-01
3.694084286689758301e-01
3.694084286689758301e-01
3.694084286689758301e-01
3.694084286689758301e-01
2.224168032407760620e-01
3.694084286689758301e-01
3.694084286689758301e-01
3.694084286689758301e-01
3.694084286689758301e-01
3.694084286689758301e-01
3.694084286689758301e-01
3.694084286689758301e-01
3.694084286689758301e-01
3.694084286689758301e-01
3.694084286689758301e-01
3.694084286689758301e-01
3.694084286689758301e-01
3.694084286689758301e-01
3.694084286689758301e-01
3.694084286689758301e-01
3.694084286689758301e-01
3.694084286689758301e-01
2.979883849620819092e-01
3.694084286689758301e-01
3.694084286689758301e-01
3.694084286689758301e-01
3.694084286689758301e-01
3.694084286689758301e-01
3.694084286689758301e-01
3.694084286689758301e-01
3.694084286689758301e-01
3.694084286689758301e-01
3.694084286689758301e-01
3.694084286689758301e-01
3.694084286689758301e-01
3.694084286689758301e-01
3.694084286689758301e-01
3.694084286689758301e-01
3.694084286689758301e-01
3.694084286689758301e-01
3.694084286689758301e-01
3.694084286689758301e-01
3.694084286689758301e-01
3.694084286689758301e-01
3.694084286689758301e-01
3.694084286689758301e-01
3.694084286689758301e-01
3.694084286689758301e-01
3.694084286689758301e-01
3.694084286689758301e-01
3.694084286689758301e-01
3.694084286689758301e-01
3.694084286689758301e-01
3.694084286689758301e-01
3.694084286689758301e-01
3.694084286689758301e-01
3.694084286689758301e-01
3.694084286689758301e-01
3.694084286689758301e-01
3.694084286689758301e-01
3.694084286689758301e-01
3.694084286689758301e-01
3.694084286689758301e-01
3.694084286689758301e-01
3.694084286689758301e-01
3.694084286689758301e-01
3.694084286689758301e-01
3.694084286689758301e-01
3.694084286689758301e-01
3.694084286689758301e-01
3.694084286689758301e-01
3.694084286689758301e-01
3.694084286689758301e-01
3.694084286689758301e-01
3.694084286689758301e-01
3.694084286689758301e-01
3.694084286689758301e-01
3.694084286689758301e-01
3.694084286689758301e-01
3.694084286689758301e-01
3.694084286689758301e-01
3.694084286689758301e-01
3.694084286689758301e-01
3.694084286689758301e-01
3.694084286689758301e-01
3.694084286689758301e-01
3.694084286689758301e-01
3.694084286689758301e-01
3.694084286689758301e-01
3.694084286689758301e-01
3.694084286689758301e-01
3.694084286689758301e-01
3.694084286689758301e-01
3.694084286689758301e-01
3.694084286689758301e-01
3.694084286689758301e-01
3.694084286689758301e-01
3.694084286689758301e-01
3.694084286689758301e-01
3.694084286689758301e-01
3.694084286689758301e-01
3.694084286689758301e-01
3.694084286689758301e-01
3.694084286689758301e-01
3.694084286689758301e-01
3.694084286689758301e-01
3.694084286689758301e-01
3.694084286689758301e-01
3.694084286689758301e-01
3.694084286689758301e-01
3.694084286689758301e-01
3.694084286689758301e-01
3.694084286689758301e-01
3.694084286689758301e-01
3.694084286689758301e-01
3.694084286689758301e-01
3.694084286689758301e-01
3.694084286689758301e-01
3.694084286689758301e-01
3.694084286689758301e-01
3.694084286689758301e-01
3.694084286689758301e-01
3.694084286689758301e-01
3.694084286689758301e-01
3.694084286689758301e-01
5.876933038234710693e-02
3.694084286689758301e-01
3.694084286689758301e-01
3.694084286689758301e-01
3.694084286689758301e-01
3.694084286689758301e-01
3.694084286689758301e-01
3.694084286689758301e-01
3.694084286689758301e-01
3.694084286689758301e-01
3.694084286689758301e-01
3.694084286689758301e-01
3.694084286689758301e-01
3.694084286689758301e-01
3.340041041374206543e-01
3.694084286689758301e-01
3.694084286689758301e-01
3.694084286689758301e-01
3.694084286689758301e-01
3.694084286689758301e-01
3.694084286689758301e-01
3.694084286689758301e-01
3.694084286689758301e-01
4.441698640584945679e-02
3.694084286689758301e-01
3.694084286689758301e-01
3.694084286689758301e-01
3.694084286689758301e-01
3.694084286689758301e-01
3.694084286689758301e-01
3.694084286689758301e-01
3.694084286689758301e-01
3.694084286689758301e-01
3.694084286689758301e-01
3.694084286689758301e-01
3.694084286689758301e-01
3.694084286689758301e-01
3.694084286689758301e-01
3.694084286689758301e-01
3.694084286689758301e-01
3.694084286689758301e-01
3.694084286689758301e-01
3.694084286689758301e-01
3.694084286689758301e-01
3.694084286689758301e-01
3.694084286689758301e-01
3.694084286689758301e-01
3.694084286689758301e-01
3.694084286689758301e-01
3.694084286689758301e-01
3.694084286689758301e-01
3.694084286689758301e-01
3.694084286689758301e-01
3.694084286689758301e-01
3.694084286689758301e-01
3.694084286689758301e-01
3.694084286689758301e-01
3.694084286689758301e-01
3.694084286689758301e-01
3.694084286689758301e-01
3.694084286689758301e-01
3.694084286689758301e-01
3.694084286689758301e-01
3.694084286689758301e-01
3.694084286689758301e-01
3.694084286689758301e-01
3.694084286689758301e-01
3.694084286689758301e-01
3.694084286689758301e-01
3.694084286689758301e-01
3.694084286689758301e-01
3.694084286689758301e-01
3.694084286689758301e-01
3.694084286689758301e-01
3.694084286689758301e-01
3.694084286689758301e-01
3.694084286689758301e-01
3.694084286689758301e-01
3.694084286689758301e-01
3.694084286689758301e-01
3.694084286689758301e-01
3.694084286689758301e-01
3.694084286689758301e-01
3.694084286689758301e-01
3.694084286689758301e-01
3.694084286689758301e-01
3.694084286689758301e-01
3.694084286689758301e-01
3.694084286689758301e-01
3.694084286689758301e-01
3.694084286689758301e-01
3.694084286689758301e-01
3.694084286689758301e-01
3.694084286689758301e-01
3.694084286689758301e-01
3.694084286689758301e-01
3.694084286689758301e-01
3.694084286689758301e-01
7.250896841287612915e-02
3.694084286689758301e-01
3.694084286689758301e-01
3.694084286689758301e-01
3.694084286689758301e-01
3.694084286689758301e-01
3.694084286689758301e-01
3.694084286689758301e-01
3.694084286689758301e-01
3.694084286689758301e-01
3.694084286689758301e-01
3.694084286689758301e-01
3.694084286689758301e-01
3.694084286689758301e-01
3.694084286689758301e-01
3.694084286689758301e-01
3.694084286689758301e-01
3.694084286689758301e-01
3.694084286689758301e-01
3.694084286689758301e-01
3.694084286689758301e-01
3.694084286689758301e-01
3.694084286689758301e-01
3.694084286689758301e-01
3.694084286689758301e-01
3.694084286689758301e-01
3.694084286689758301e-01
3.694084286689758301e-01
3.694084286689758301e-01
3.694084286689758301e-01
3.694084286689758301e-01
3.694084286689758301e-01
3.694084286689758301e-01
3.694084286689758301e-01
3.694084286689758301e-01
3.694084286689758301e-01
3.694084286689758301e-01
3.694084286689758301e-01
3.694084286689758301e-01
3.694084286689758301e-01
3.694084286689758301e-01
3.694084286689758301e-01
3.694084286689758301e-01
3.694084286689758301e-01
3.694084286689758301e-01
3.694084286689758301e-01
3.694084286689758301e-01
3.694084286689758301e-01
3.694084286689758301e-01
3.694084286689758301e-01
3.694084286689758301e-01
3.694084286689758301e-01
3.694084286689758301e-01
3.694084286689758301e-01
3.694084286689758301e-01
3.694084286689758301e-01
3.694084286689758301e-01
3.694084286689758301e-01
3.694084286689758301e-01
3.694084286689758301e-01
3.694084286689758301e-01
3.694084286689758301e-01
3.694084286689758301e-01
3.694084286689758301e-01
3.694084286689758301e-01
3.694084286689758301e-01
3.694084286689758301e-01
3.694084286689758301e-01
3.694084286689758301e-01
3.694084286689758301e-01
3.694084286689758301e-01
3.694084286689758301e-01
3.694084286689758301e-01
3.694084286689758301e-01
3.694084286689758301e-01
3.694084286689758301e-01
3.694084286689758301e-01
3.694084286689758301e-01
3.694084286689758301e-01
3.694084286689758301e-01
3.694084286689758301e-01
3.694084286689758301e-01
3.694084286689758301e-01
3.694084286689758301e-01
3.694084286689758301e-01
1.780507266521453857e-01
3.694084286689758301e-01
3.694084286689758301e-01
3.694084286689758301e-01
3.694084286689758301e-01
3.694084286689758301e-01
3.694084286689758301e-01
3.694084286689758301e-01
3.694084286689758301e-01
3.694084286689758301e-01
3.694084286689758301e-01
3.694084286689758301e-01
3.694084286689758301e-01
3.694084286689758301e-01
3.694084286689758301e-01
3.694084286689758301e-01
3.694084286689758301e-01
3.694084286689758301e-01
3.694084286689758301e-01
3.694084286689758301e-01
3.694084286689758301e-01
3.694084286689758301e-01
3.694084286689758301e-01
3.694084286689758301e-01
3.694084286689758301e-01
3.694084286689758301e-01
3.694084286689758301e-01
3.694084286689758301e-01
2.003005146980285645e-01
3.694084286689758301e-01
3.694084286689758301e-01
1.702243685722351074e-01
2.348295152187347412e-01
3.694084286689758301e-01
3.694084286689758301e-01
1.008963584899902344e-01
3.694084286689758301e-01
3.694084286689758301e-01
3.694084286689758301e-01
