9.958959817886352539e-01
9.999967813491821289e-01
9.934827685356140137e-01
5.754849910736083984e-01
4.759607911109924316e-01
9.922637939453125000e-01
6.486624479293823242e-01
6.048395633697509766e-01
6.533174514770507812e-01
9.998737573623657227e-01
9.951092600822448730e-01
6.885178089141845703e-01
9.861127734184265137e-01
9.985690116882324219e-01
5.662906765937805176e-01
7.830827832221984863e-01
9.963142275810241699e-01
9.992989301681518555e-01
6.004372835159301758e-01
9.826882481575012207e-01
6.795400381088256836e-01
9.994522929191589355e-01
6.746801137924194336e-01
9.963131546974182129e-01
7.042316198348999023e-01
9.953171014785766602e-01
9.816309809684753418e-01
9.974958300590515137e-01
9.908733367919921875e-01
5.910689830780029297e-01
9.999008178710937500e-01
5.444415807723999023e-01
9.958958625793457031e-01
9.982512593269348145e-01
9.999997615814208984e-01
9.974532723426818848e-01
9.465900063514709473e-01
9.824898242950439453e-01
5.458667278289794922e-01
9.823320508003234863e-01
7.342511415481567383e-01
6.910312771797180176e-01
9.804331064224243164e-01
6.530645489692687988e-01
7.094994783401489258e-01
6.178209781646728516e-01
6.338959336280822754e-01
5.170175433158874512e-01
9.995895028114318848e-01
5.673705935478210449e-01
9.936727285385131836e-01
5.355508923530578613e-01
7.438210844993591309e-01
9.999662637710571289e-01
7.462963461875915527e-01
9.249302744865417480e-01
9.991377592086791992e-01
7.406180500984191895e-01
6.903907656669616699e-01
9.947468638420104980e-01
9.991763234138488770e-01
1.000000000000000000e+00
9.922961592674255371e-01
5.326666831970214844e-01
9.962289929389953613e-01
8.814470171928405762e-01
5.528399944305419922e-01
9.972558617591857910e-01
4.818523526191711426e-01
6.223422884941101074e-01
9.881451129913330078e-01
9.984661340713500977e-01
5.776511430740356445e-01
5.789143443107604980e-01
9.994028806686401367e-01
4.965812563896179199e-01
8.699384927749633789e-01
9.408728480339050293e-01
9.637008309364318848e-01
9.429666996002197266e-01
9.045798778533935547e-01
9.988980293273925781e-01
9.433523416519165039e-01
7.168794870376586914e-01
9.080466032028198242e-01
9.058166146278381348e-01
9.769011139869689941e-01
9.460500478744506836e-01
9.950957894325256348e-01
6.475299596786499023e-01
9.977458119392395020e-01
9.988667964935302734e-01
9.297234416007995605e-01
9.323063492774963379e-01
9.968211650848388672e-01
9.983021020889282227e-01
9.746078848838806152e-01
9.958225488662719727e-01
9.183838367462158203e-01
8.177603483200073242e-01
9.304411411285400391e-01
9.948199391365051270e-01
9.026024937629699707e-01
9.281813502311706543e-01
9.998108744621276855e-01
9.892628788948059082e-01
9.998718500137329102e-01
6.062401533126831055e-01
9.264780879020690918e-01
9.251420497894287109e-01
9.990616440773010254e-01
8.553753495216369629e-01
9.301096796989440918e-01
8.994387388229370117e-01
9.888549447059631348e-01
8.898293375968933105e-01
9.034841060638427734e-01
9.920060038566589355e-01
9.802829027175903320e-01
9.999811649322509766e-01
9.950266480445861816e-01
9.953067898750305176e-01
9.947969317436218262e-01
9.189597368240356445e-01
9.996782541275024414e-01
9.312956333160400391e-01
9.994667172431945801e-01
5.278706550598144531e-01
9.883868098258972168e-01
9.999974966049194336e-01
9.996260404586791992e-01
9.922260046005249023e-01
9.985571503639221191e-01
8.634886145591735840e-01
9.992560744285583496e-01
5.334258079528808594e-01
9.982075691223144531e-01
9.970222115516662598e-01
9.874066710472106934e-01
9.744607210159301758e-01
9.251580834388732910e-01
9.928250312805175781e-01
9.989333748817443848e-01
9.304797649383544922e-01
9.984703660011291504e-01
6.322141885757446289e-01
9.267111420631408691e-01
7.579938769340515137e-01
9.987478256225585938e-01
9.915914535522460938e-01
9.999839067459106445e-01
4.480552077293395996e-01
9.928245544433593750e-01
7.768993973731994629e-01
9.543941020965576172e-01
9.311354756355285645e-01
9.730075001716613770e-01
9.962626099586486816e-01
9.967740178108215332e-01
7.661671638488769531e-01
6.491639614105224609e-01
8.936239480972290039e-01
7.050666213035583496e-01
9.986332058906555176e-01
9.928842782974243164e-01
9.414064288139343262e-01
6.942230463027954102e-01
5.678602457046508789e-01
9.875577688217163086e-01
7.649644017219543457e-01
2.699545025825500488e-01
9.948796033859252930e-01
4.427482783794403076e-01
9.654369354248046875e-01
9.904447197914123535e-01
4.884916841983795166e-01
9.880159497261047363e-01
4.487364292144775391e-01
4.978826642036437988e-01
9.821428656578063965e-01
4.831911325454711914e-01
4.521524906158447266e-01
9.652104973793029785e-01
4.802290201187133789e-01
9.993495345115661621e-01
9.996840953826904297e-01
5.068259239196777344e-01
4.150037169456481934e-01
9.876629710197448730e-01
9.993951320648193359e-01
6.451903581619262695e-01
5.007421374320983887e-01
9.948174357414245605e-01
9.849352836608886719e-01
4.787880480289459229e-01
9.999952316284179688e-01
4.321433305740356445e-01
4.733375906944274902e-01
4.200720191001892090e-01
9.995092153549194336e-01
4.393538534641265869e-01
9.999969005584716797e-01
4.867181777954101562e-01
9.998744726181030273e-01
9.989582300186157227e-01
4.587668478488922119e-01
5.183221101760864258e-01
4.573716223239898682e-01
9.998047947883605957e-01
4.713627398014068604e-01
3.979979455471038818e-01
4.630725681781768799e-01
4.917350709438323975e-01
9.826996326446533203e-01
9.995873570442199707e-01
9.712364673614501953e-01
9.992559552192687988e-01
4.743531346321105957e-01
1.000000000000000000e+00
9.474335312843322754e-01
9.326679110527038574e-01
9.957842230796813965e-01
9.995729327201843262e-01
4.792225658893585205e-01
9.971985816955566406e-01
4.874875545501708984e-01
5.045726299285888672e-01
4.318244457244873047e-01
9.995904564857482910e-01
9.522284269332885742e-01
4.490558803081512451e-01
4.788028001785278320e-01
4.480797350406646729e-01
9.585548639297485352e-01
9.991656541824340820e-01
9.934137463569641113e-01
4.975676238536834717e-01
9.777230024337768555e-01
9.999976158142089844e-01
9.922717809677124023e-01
4.433535933494567871e-01
9.787225127220153809e-01
5.052821636199951172e-01
9.949830770492553711e-01
4.793438911437988281e-01
1.803766191005706787e-01
4.333010613918304443e-01
9.323880076408386230e-01
4.572381377220153809e-01
4.524796605110168457e-01
4.627954363822937012e-01
4.452650249004364014e-01
4.482349157333374023e-01
9.837820529937744141e-01
4.479073584079742432e-01
8.124248385429382324e-01
9.006254076957702637e-01
9.772542715072631836e-01
9.988107681274414062e-01
3.142265975475311279e-01
9.805949330329895020e-01
4.260984957218170166e-01
4.597862660884857178e-01
4.572438597679138184e-01
8.735197782516479492e-01
3.199074566364288330e-01
9.940716624259948730e-01
8.347542881965637207e-01
4.811341166496276855e-01
9.851322770118713379e-01
4.248596429824829102e-01
9.659735560417175293e-01
9.998070597648620605e-01
9.921491146087646484e-01
9.991367459297180176e-01
4.485845267772674561e-01
4.379738569259643555e-01
3.711061477661132812e-01
4.551707804203033447e-01
4.666200578212738037e-01
9.534361958503723145e-01
4.348732829093933105e-01
5.174679160118103027e-01
5.386932492256164551e-01
9.978094696998596191e-01
8.512013554573059082e-01
4.679518640041351318e-01
9.514730572700500488e-01
8.585442304611206055e-01
4.457733333110809326e-01
3.364135026931762695e-01
4.529145658016204834e-01
4.216018915176391602e-01
9.464584589004516602e-01
8.386684060096740723e-01
3.551802635192871094e-01
9.611912369728088379e-01
4.317698180675506592e-01
4.091153442859649658e-01
9.769938588142395020e-01
4.574969708919525146e-01
9.851635098457336426e-01
4.433608949184417725e-01
1.967931687831878662e-01
8.978801965713500977e-01
9.737266302108764648e-01
4.358065128326416016e-01
9.907295107841491699e-01
5.827845931053161621e-01
4.757966995239257812e-01
4.194581806659698486e-01
3.199407458305358887e-01
8.083536028861999512e-01
9.994652867317199707e-01
4.555519223213195801e-01
4.338281452655792236e-01
9.823369979858398438e-01
3.427951931953430176e-01
9.701699018478393555e-01
9.887374639511108398e-01
5.689681172370910645e-01
6.597222089767456055e-01
9.769719243049621582e-01
5.920326709747314453e-01
5.791134834289550781e-01
8.799365758895874023e-01
5.206257700920104980e-01
6.888841986656188965e-01
5.605769753456115723e-01
8.569231033325195312e-01
9.988580942153930664e-01
9.917404651641845703e-01
3.881370127201080322e-01
8.261236548423767090e-01
8.233079910278320312e-01
5.445026159286499023e-01
7.210411429405212402e-01
5.966650247573852539e-01
8.158136010169982910e-01
8.788138031959533691e-01
9.998232722282409668e-01
9.785288572311401367e-01
7.503169178962707520e-01
9.934638142585754395e-01
6.697751283645629883e-01
7.254153490066528320e-01
8.139017820358276367e-01
5.589060187339782715e-01
6.597222089767456055e-01
9.853339195251464844e-01
9.810397624969482422e-01
7.539927959442138672e-01
6.819251775741577148e-01
9.087501168251037598e-01
5.999996066093444824e-01
9.999877214431762695e-01
7.188428044319152832e-01
8.246766924858093262e-01
9.707930088043212891e-01
7.241083979606628418e-01
9.493350982666015625e-01
5.909112691879272461e-01
3.853442668914794922e-01
9.961822628974914551e-01
7.309576869010925293e-01
7.401508092880249023e-01
8.278275728225708008e-01
9.949339032173156738e-01
8.955752253532409668e-01
7.669138312339782715e-01
9.965254664421081543e-01
9.969925880432128906e-01
9.173862934112548828e-01
9.197567105293273926e-01
8.160514831542968750e-01
8.030083775520324707e-01
9.985153079032897949e-01
9.935652613639831543e-01
7.955824732780456543e-01
6.226403713226318359e-01
9.546542763710021973e-01
5.431417226791381836e-01
8.361587524414062500e-01
9.491682052612304688e-01
9.971975088119506836e-01
6.029536128044128418e-01
6.565239429473876953e-01
8.805064558982849121e-01
9.435487389564514160e-01
9.483025074005126953e-01
8.548508882522583008e-01
6.686262488365173340e-01
5.213766098022460938e-01
4.772608578205108643e-01
6.158739328384399414e-01
8.715013861656188965e-01
9.487931728363037109e-01
9.954676628112792969e-01
7.304074168205261230e-01
8.729066252708435059e-01
7.746845483779907227e-01
9.990266561508178711e-01
9.948187470436096191e-01
9.178276658058166504e-01
7.527698874473571777e-01
9.957057833671569824e-01
8.165389299392700195e-01
8.940922021865844727e-01
6.197317838668823242e-01
9.997285008430480957e-01
6.865047812461853027e-01
9.058579802513122559e-01
8.148376941680908203e-01
9.460678696632385254e-01
8.408758044242858887e-01
9.542739391326904297e-01
8.337096571922302246e-01
5.538925528526306152e-01
9.989180564880371094e-01
8.748959302902221680e-01
6.466151475906372070e-01
9.746671319007873535e-01
5.598760247230529785e-01
8.028144836425781250e-01
6.830786466598510742e-01
6.570367813110351562e-01
5.374516248703002930e-01
9.553906321525573730e-01
9.999812841415405273e-01
9.991508722305297852e-01
9.992563128471374512e-01
8.591436147689819336e-01
9.385746121406555176e-01
6.248879432678222656e-01
8.637595176696777344e-01
8.846285343170166016e-01
9.999965429306030273e-01
9.887830615043640137e-01
9.872963428497314453e-01
5.375893712043762207e-01
5.721365809440612793e-01
9.943010807037353516e-01
7.363762259483337402e-01
5.348119139671325684e-01
9.418209195137023926e-01
8.943110108375549316e-01
9.860951900482177734e-01
9.962051510810852051e-01
9.823535680770874023e-01
9.107189178466796875e-01
8.234774470329284668e-01
5.532512068748474121e-01
9.947388768196105957e-01
4.923616051673889160e-01
6.540414690971374512e-01
9.984052777290344238e-01
9.945970773696899414e-01
6.218533515930175781e-01
5.730674862861633301e-01
9.684355258941650391e-01
5.576351881027221680e-01
9.950926303863525391e-01
7.391232252120971680e-01
5.559175014495849609e-01
9.381597638130187988e-01
5.144714713096618652e-01
9.932223558425903320e-01
5.509653091430664062e-01
5.594203472137451172e-01
9.867420792579650879e-01
9.940108656883239746e-01
8.770962953567504883e-01
5.645660758018493652e-01
5.708729624748229980e-01
9.935871362686157227e-01
9.136424064636230469e-01
9.939693212509155273e-01
9.961882233619689941e-01
6.593511104583740234e-01
9.591133594512939453e-01
6.011037230491638184e-01
8.205638527870178223e-01
9.999458789825439453e-01
8.982364535331726074e-01
5.189010500907897949e-01
6.182202100753784180e-01
9.905096292495727539e-01
9.305983185768127441e-01
9.748497009277343750e-01
9.997848868370056152e-01
9.970778226852416992e-01
5.894178152084350586e-01
9.645627140998840332e-01
9.996660947799682617e-01
9.996855258941650391e-01
5.540862679481506348e-01
9.999969005584716797e-01
5.031784772872924805e-01
8.998709917068481445e-01
5.607669353485107422e-01
1.153345704078674316e-01
2.160636633634567261e-01
3.568212091922760010e-01
6.161264181137084961e-01
3.247709572315216064e-01
5.039042830467224121e-01
6.913230419158935547e-01
5.490456819534301758e-01
6.512279510498046875e-01
1.918150782585144043e-01
1.799431815743446350e-02
6.499789953231811523e-01
4.447904527187347412e-01
4.567191302776336670e-01
5.316497087478637695e-01
5.754374861717224121e-01
6.070080399513244629e-01
5.598211288452148438e-01
6.358447074890136719e-01
5.821142196655273438e-01
1.195066571235656738e-01
4.330653846263885498e-01
6.359869241714477539e-01
2.265761233866214752e-02
3.292010724544525146e-01
2.540457248687744141e-01
2.706105709075927734e-01
3.110924363136291504e-01
1.076826974749565125e-01
4.832430779933929443e-01
4.239982962608337402e-01
4.317814111709594727e-01
4.024807810783386230e-01
5.800709128379821777e-01
2.317480891942977905e-01
5.988652706146240234e-01
4.705382883548736572e-01
3.181761801242828369e-01
6.001256704330444336e-01
4.729024171829223633e-01
4.984358847141265869e-01
6.159125566482543945e-01
5.996109843254089355e-01
5.158300995826721191e-01
6.090203523635864258e-01
2.891345620155334473e-01
4.439168870449066162e-01
4.592475295066833496e-01
1.203026995062828064e-01
5.469956994056701660e-01
1.550945788621902466e-01
5.463759899139404297e-01
4.395523965358734131e-01
1.406372338533401489e-01
7.302525043487548828e-01
7.530594468116760254e-01
5.164710879325866699e-01
4.361114799976348877e-01
3.262037634849548340e-01
7.191656827926635742e-01
4.889990091323852539e-01
4.678328931331634521e-01
3.781826198101043701e-01
5.202082395553588867e-01
6.465042829513549805e-01
4.819090366363525391e-01
5.555772036314010620e-02
4.596365690231323242e-01
6.299347281455993652e-01
5.105721354484558105e-01
5.594019889831542969e-01
5.474269390106201172e-01
6.341855525970458984e-01
2.976481318473815918e-01
4.604120552539825439e-01
3.827056288719177246e-01
3.146009147167205811e-02
1.593988016247749329e-02
2.027134746313095093e-01
3.442787006497383118e-02
2.573078498244285583e-02
5.527005717158317566e-02
6.527489423751831055e-02
5.732592940330505371e-02
5.315786004066467285e-01
3.738170489668846130e-02
4.314805269241333008e-01
2.851553261280059814e-02
4.773998260498046875e-01
1.353114545345306396e-01
5.430809855461120605e-01
5.149203538894653320e-01
2.902212180197238922e-02
1.741012632846832275e-01
1.761484891176223755e-02
2.023158222436904907e-02
3.461630642414093018e-01
3.317646980285644531e-01
3.285004943609237671e-02
1.447425335645675659e-01
1.461755950003862381e-02
5.276977084577083588e-03
2.290803194046020508e-02
2.026548609137535095e-02
4.047678783535957336e-02
7.207914441823959351e-02
4.215933978557586670e-01
4.039215147495269775e-01
2.658268436789512634e-02
4.903269559144973755e-02
2.507243864238262177e-02
5.684514343738555908e-02
2.696146629750728607e-02
9.781637042760848999e-02
4.765934348106384277e-01
1.569646596908569336e-02
7.708919048309326172e-02
3.437345847487449646e-02
1.210901737213134766e-01
2.518197596073150635e-01
4.174219816923141479e-02
7.924154400825500488e-02
3.720217943191528320e-02
2.505794353783130646e-02
6.767784059047698975e-02
2.889128029346466064e-02
1.627891510725021362e-01
4.012147784233093262e-01
3.065876103937625885e-02
2.747459709644317627e-02
5.669319536536931992e-03
6.170322895050048828e-01
1.174020320177078247e-01
9.599315002560615540e-03
6.739981472492218018e-02
2.557612657546997070e-01
5.478791147470474243e-02
2.664632908999919891e-02
2.103206217288970947e-01
3.719924017786979675e-02
3.494699299335479736e-02
3.158960342407226562e-01
1.383039951324462891e-01
2.184527553617954254e-02
1.424576193094253540e-01
2.434519976377487183e-01
2.544198930263519287e-02
6.459675431251525879e-01
2.394419722259044647e-02
7.909501343965530396e-02
9.682217240333557129e-02
4.218920171260833740e-01
5.031368732452392578e-01
5.980980992317199707e-01
2.564793229103088379e-01
4.623311758041381836e-01
2.630253136157989502e-01
4.051765426993370056e-02
1.949447840452194214e-01
2.519210278987884521e-01
5.802674293518066406e-01
6.805341839790344238e-01
2.584368288516998291e-01
1.012779772281646729e-01
4.041442871093750000e-01
2.243749201297760010e-01
1.164975166320800781e-01
2.492277771234512329e-01
1.254444569349288940e-01
5.103286504745483398e-01
1.876145005226135254e-01
2.355814874172210693e-01
4.755189120769500732e-01
4.439482390880584717e-01
4.222563803195953369e-01
4.923948347568511963e-01
4.224019050598144531e-01
4.536850750446319580e-01
4.833819866180419922e-01
2.927604615688323975e-01
4.980057477951049805e-01
2.367424815893173218e-01
4.556775391101837158e-01
3.121885061264038086e-01
4.583496451377868652e-01
3.684997558593750000e-01
4.730453193187713623e-01
3.455293178558349609e-01
4.161465764045715332e-01
4.368105828762054443e-01
3.777233362197875977e-01
4.419616162776947021e-01
1.897533088922500610e-01
3.900623023509979248e-01
4.552609026432037354e-01
4.061081707477569580e-01
4.055907130241394043e-01
3.875327110290527344e-01
1.969471424818038940e-01
2.055691182613372803e-01
4.724248945713043213e-01
4.299187362194061279e-01
3.813225924968719482e-01
4.962229430675506592e-01
4.795494079589843750e-01
4.318300187587738037e-01
4.674085676670074463e-01
1.272040307521820068e-01
4.781219363212585449e-01
2.020914256572723389e-01
4.795855879783630371e-01
4.239126741886138916e-01
2.127798646688461304e-01
4.729370176792144775e-01
4.077196717262268066e-01
4.190509021282196045e-01
3.816073834896087646e-01
3.243374824523925781e-01
4.737606048583984375e-01
2.032040953636169434e-01
2.824700474739074707e-01
4.333689212799072266e-01
3.662183284759521484e-01
4.457970559597015381e-01
3.790200948715209961e-01
4.609566926956176758e-01
3.644821345806121826e-01
2.217917591333389282e-01
4.382490813732147217e-01
3.490093946456909180e-01
4.676463305950164795e-01
4.906258583068847656e-01
4.704736769199371338e-01
4.606755971908569336e-01
2.215150594711303711e-01
5.070279240608215332e-01
4.004917740821838379e-01
4.408436715602874756e-01
4.386203363537788391e-02
4.769430458545684814e-01
4.334636032581329346e-01
3.450205326080322266e-01
3.201552033424377441e-01
1.146601587533950806e-01
1.462096571922302246e-01
3.560723662376403809e-01
2.619076967239379883e-01
3.043118119239807129e-01
3.911963403224945068e-01
1.736564785242080688e-01
4.382649362087249756e-01
2.109147161245346069e-01
2.328883111476898193e-01
4.035953879356384277e-01
3.442426323890686035e-01
1.033331751823425293e-01
3.848405778408050537e-01
4.100234508514404297e-01
3.404932916164398193e-01
6.042168289422988892e-02
4.124185442924499512e-01
3.839511573314666748e-01
4.356079101562500000e-01
1.975619941949844360e-01
4.318707883358001709e-01
4.741013050079345703e-01
2.923901677131652832e-01
4.736446738243103027e-01
3.316642343997955322e-01
4.376374185085296631e-01
1.169248372316360474e-01
2.385742068290710449e-01
4.330087900161743164e-01
4.179407060146331787e-01
4.533980786800384521e-01
4.097484052181243896e-01
3.585873246192932129e-01
4.257982969284057617e-01
9.922873973846435547e-02
4.592669010162353516e-02
4.459257423877716064e-01
2.299410402774810791e-01
3.292451500892639160e-01
2.887334823608398438e-01
1.973887830972671509e-01
3.250267803668975830e-01
5.455517396330833435e-02
4.404559135437011719e-01
3.158430755138397217e-01
3.358852565288543701e-01
3.509569168090820312e-01
3.732154965400695801e-01
2.382479608058929443e-01
1.419979333877563477e-01
4.864691570401191711e-02
4.340070486068725586e-01
4.158247411251068115e-01
4.253343045711517334e-01
3.604217171669006348e-01
4.910830557346343994e-01
4.387475177645683289e-02
1.186563521623611450e-01
2.991819083690643311e-01
3.767706155776977539e-01
4.587017893791198730e-01
4.489164054393768311e-01
2.558883726596832275e-01
4.406445324420928955e-01
1.156358793377876282e-01
2.467280924320220947e-01
9.129157662391662598e-02
4.772723615169525146e-01
4.100227653980255127e-01
4.512115716934204102e-01
1.550619602203369141e-01
2.560928761959075928e-01
4.130597710609436035e-01
4.128777086734771729e-01
1.867073923349380493e-01
4.762083664536476135e-02
2.712431848049163818e-01
3.636561036109924316e-01
5.677816867828369141e-01
4.443687200546264648e-01
1.670446544885635376e-01
1.541195064783096313e-01
1.001012101769447327e-01
6.732851862907409668e-01
9.938853979110717773e-02
1.704197078943252563e-01
2.471183687448501587e-01
2.550165653228759766e-01
4.408005475997924805e-01
5.639217793941497803e-02
1.093361377716064453e-01
5.384527444839477539e-01
1.684696674346923828e-01
3.783892095088958740e-01
4.794730618596076965e-02
5.244695544242858887e-01
4.945389032363891602e-01
1.657363586127758026e-02
4.156530797481536865e-01
2.087248861789703369e-02
2.766522169113159180e-01
4.605907201766967773e-01
2.467727474868297577e-02
1.299644559621810913e-01
5.769707560539245605e-01
5.549455061554908752e-02
2.585829980671405792e-02
3.141335546970367432e-01
9.411564469337463379e-02
1.896541565656661987e-01
1.738420687615871429e-02
3.308997750282287598e-01
6.116200089454650879e-01
4.310407042503356934e-01
2.954267561435699463e-01
3.160941004753112793e-01
7.013836503028869629e-02
2.930735051631927490e-01
4.956685900688171387e-01
8.171420544385910034e-02
9.752572327852249146e-02
7.877981662750244141e-01
3.541522622108459473e-01
5.818390250205993652e-01
7.396261096000671387e-01
1.174344047904014587e-01
3.687748908996582031e-01
5.325969457626342773e-01
2.692133188247680664e-01
3.573615550994873047e-01
4.842845797538757324e-01
7.708340883255004883e-01
7.476335018873214722e-02
8.363010287284851074e-01
7.228716015815734863e-01
6.360321044921875000e-01
5.513309836387634277e-01
6.458783745765686035e-01
2.685908377170562744e-01
5.759155750274658203e-01
5.931192636489868164e-01
4.308652579784393311e-01
1.211383119225502014e-01
7.289131879806518555e-01
3.932124376296997070e-01
2.127708494663238525e-01
7.918848991394042969e-01
4.403739571571350098e-01
8.472346067428588867e-01
2.331833243370056152e-01
4.712207615375518799e-01
7.572779059410095215e-01
6.993072479963302612e-02
4.383335411548614502e-01
3.797146677970886230e-01
2.660006284713745117e-01
3.686899691820144653e-02
1.852149665355682373e-01
1.299878209829330444e-01
7.174741029739379883e-01
1.429639309644699097e-01
8.240954875946044922e-01
7.220681756734848022e-02
1.642318516969680786e-01
7.779490351676940918e-01
1.839669942855834961e-01
5.608791708946228027e-01
8.191896080970764160e-01
6.726570129394531250e-01
5.901222229003906250e-01
6.929152607917785645e-01
1.171479150652885437e-01
3.636384308338165283e-01
4.668890237808227539e-01
1.534270942211151123e-01
5.874593257904052734e-01
6.843348145484924316e-01
5.864133834838867188e-01
3.224963545799255371e-01
6.578969359397888184e-01
6.673975586891174316e-01
5.767619609832763672e-01
5.034046173095703125e-01
1.287907082587480545e-02
3.978164494037628174e-01
5.378907322883605957e-01
4.286469519138336182e-01
4.572206437587738037e-01
6.708256602287292480e-01
7.642778158187866211e-01
1.981938481330871582e-01
3.845353052020072937e-02
4.304442703723907471e-01
2.320687659084796906e-02
6.102718114852905273e-01
7.309730648994445801e-01
5.482432842254638672e-01
3.482545018196105957e-01
5.118498802185058594e-01
3.896422311663627625e-02
5.401480793952941895e-01
2.122597843408584595e-01
5.206348299980163574e-01
5.398101210594177246e-01
2.279084175825119019e-01
3.188639581203460693e-01
3.776256740093231201e-02
5.492691993713378906e-01
5.178046822547912598e-01
7.314875125885009766e-01
4.727262258529663086e-02
6.388697624206542969e-01
3.844068348407745361e-01
6.985080242156982422e-01
5.785445570945739746e-01
3.807760775089263916e-02
5.095999836921691895e-01
1.952227801084518433e-01
5.037244558334350586e-01
7.918081283569335938e-01
6.168476939201354980e-01
4.985229671001434326e-01
4.674343168735504150e-01
3.526697680354118347e-02
4.460158348083496094e-01
6.547752022743225098e-01
7.408810853958129883e-01
5.958973765373229980e-01
6.251100301742553711e-01
1.689068675041198730e-01
6.471141576766967773e-01
1.307981908321380615e-01
5.177751779556274414e-01
5.538162589073181152e-01
2.900348231196403503e-02
5.894073247909545898e-01
9.029945135116577148e-01
1.744294315576553345e-01
5.414851903915405273e-01
6.066784858703613281e-01
5.037942528724670410e-01
9.871319681406021118e-02
8.233206272125244141e-01
3.053257167339324951e-01
7.635444402694702148e-01
5.334228873252868652e-01
6.385769695043563843e-03
7.081571817398071289e-01
4.900809526443481445e-01
8.445207774639129639e-02
1.076534911990165710e-01
4.504566788673400879e-01
5.382072329521179199e-01
1.613076925277709961e-01
5.936805605888366699e-01
