9.770505428314208984e-01
9.925659894943237305e-01
9.534653425216674805e-01
8.822254538536071777e-01
6.981253623962402344e-01
9.751986265182495117e-01
9.011737108230590820e-01
8.678299784660339355e-01
8.929798603057861328e-01
9.541558623313903809e-01
9.595007300376892090e-01
8.661400675773620605e-01
9.582113027572631836e-01
9.768801927566528320e-01
8.269000053405761719e-01
8.467405438423156738e-01
9.677321314811706543e-01
9.526221752166748047e-01
6.803119182586669922e-01
9.722077250480651855e-01
8.989653587341308594e-01
9.621666669845581055e-01
9.259091019630432129e-01
9.691122174263000488e-01
8.867871165275573730e-01
9.693989753723144531e-01
9.880451560020446777e-01
9.714787006378173828e-01
9.878881573677062988e-01
7.806772589683532715e-01
9.974867105484008789e-01
8.114410638809204102e-01
9.432871341705322266e-01
9.395170807838439941e-01
9.616506099700927734e-01
9.802581071853637695e-01
9.604755640029907227e-01
9.640300869941711426e-01
8.887795209884643555e-01
9.429007768630981445e-01
8.295400738716125488e-01
7.307745218276977539e-01
9.950968623161315918e-01
6.913835406303405762e-01
9.178511500358581543e-01
8.472639918327331543e-01
8.170902729034423828e-01
7.927465438842773438e-01
8.397902250289916992e-01
8.217893838882446289e-01
9.878425598144531250e-01
8.312513828277587891e-01
8.047339916229248047e-01
9.949157238006591797e-01
8.591679930686950684e-01
8.263731598854064941e-01
9.675945043563842773e-01
8.889669775962829590e-01
8.681635856628417969e-01
9.538880586624145508e-01
9.843964576721191406e-01
9.759373664855957031e-01
9.640831351280212402e-01
7.995402216911315918e-01
9.354521036148071289e-01
4.175713658332824707e-01
8.130992650985717773e-01
9.203982353210449219e-01
6.953510046005249023e-01
8.588179945945739746e-01
9.653573632240295410e-01
9.727191925048828125e-01
8.534826636314392090e-01
8.974375128746032715e-01
9.703430533409118652e-01
9.590761065483093262e-01
9.479758739471435547e-01
9.882274270057678223e-01
9.839580059051513672e-01
9.659405350685119629e-01
8.867223262786865234e-01
9.863969683647155762e-01
9.820418357849121094e-01
9.253541231155395508e-01
9.759508371353149414e-01
9.492345452308654785e-01
9.803757667541503906e-01
9.754937291145324707e-01
9.788982868194580078e-01
9.779045581817626953e-01
9.757123589515686035e-01
9.559665322303771973e-01
9.760805368423461914e-01
9.820098280906677246e-01
9.737303256988525391e-01
9.965996146202087402e-01
9.841558933258056641e-01
9.845237731933593750e-01
9.673255085945129395e-01
9.628942012786865234e-01
9.685470461845397949e-01
9.893878698348999023e-01
9.810489416122436523e-01
9.734064936637878418e-01
9.905531406402587891e-01
9.901031255722045898e-01
9.930692911148071289e-01
9.724972844123840332e-01
9.657822847366333008e-01
9.577006101608276367e-01
9.648053050041198730e-01
9.709314703941345215e-01
9.787730574607849121e-01
9.715075492858886719e-01
9.851955175399780273e-01
8.830586075782775879e-01
9.710439443588256836e-01
9.902275800704956055e-01
9.876818060874938965e-01
9.949952363967895508e-01
9.818250536918640137e-01
9.872993826866149902e-01
9.886667728424072266e-01
9.789353013038635254e-01
9.883201122283935547e-01
9.624601006507873535e-01
9.358777403831481934e-01
9.581456184387207031e-01
9.961845278739929199e-01
9.889808893203735352e-01
9.810053110122680664e-01
9.875400066375732422e-01
9.799536466598510742e-01
9.757657051086425781e-01
9.901524186134338379e-01
9.618243575096130371e-01
9.890802502632141113e-01
9.793865084648132324e-01
9.842808246612548828e-01
9.534411430358886719e-01
9.816762208938598633e-01
9.911696910858154297e-01
9.887936711311340332e-01
9.833810329437255859e-01
9.840999841690063477e-01
9.474351406097412109e-01
9.563068747520446777e-01
9.434024095535278320e-01
9.936926364898681641e-01
9.951932430267333984e-01
9.997163414955139160e-01
9.744534492492675781e-01
9.983161687850952148e-01
9.903609752655029297e-01
9.937561750411987305e-01
9.948580265045166016e-01
9.965993762016296387e-01
9.977307915687561035e-01
9.987655878067016602e-01
9.926908612251281738e-01
9.893609881401062012e-01
9.953653812408447266e-01
9.563910365104675293e-01
9.996623992919921875e-01
9.960540533065795898e-01
9.979808926582336426e-01
9.877034425735473633e-01
9.937428832054138184e-01
9.993647933006286621e-01
9.892695546150207520e-01
9.699051976203918457e-01
9.852514266967773438e-01
9.928659200668334961e-01
9.972127079963684082e-01
9.937608838081359863e-01
9.864718914031982422e-01
9.902964234352111816e-01
9.844899177551269531e-01
9.906399250030517578e-01
9.959994554519653320e-01
9.887540340423583984e-01
9.872733354568481445e-01
9.968239068984985352e-01
9.913983345031738281e-01
9.968460202217102051e-01
9.935877323150634766e-01
9.917506575584411621e-01
9.893966317176818848e-01
9.903843402862548828e-01
9.931308627128601074e-01
9.801568984985351562e-01
9.884114861488342285e-01
9.937233328819274902e-01
9.951286315917968750e-01
9.871786832809448242e-01
9.988000392913818359e-01
9.587790369987487793e-01
9.830775856971740723e-01
9.776521921157836914e-01
9.925013184547424316e-01
9.918389916419982910e-01
9.976065158843994141e-01
9.918816685676574707e-01
9.986739158630371094e-01
9.958700537681579590e-01
9.876389503479003906e-01
9.847804307937622070e-01
9.895149469375610352e-01
9.949605464935302734e-01
9.902077317237854004e-01
9.750636219978332520e-01
9.864591360092163086e-01
9.873846769332885742e-01
9.830401539802551270e-01
9.993481040000915527e-01
9.922088384628295898e-01
9.957553148269653320e-01
9.886974096298217773e-01
9.870117306709289551e-01
9.926746487617492676e-01
9.927425384521484375e-01
9.952949881553649902e-01
9.936481118202209473e-01
9.923696517944335938e-01
9.974285960197448730e-01
9.862013459205627441e-01
9.909147024154663086e-01
9.829026460647583008e-01
9.849491715431213379e-01
9.965552091598510742e-01
9.877603650093078613e-01
9.844297170639038086e-01
9.801669716835021973e-01
9.918109178543090820e-01
9.930636286735534668e-01
9.980546236038208008e-01
9.928625226020812988e-01
9.939633011817932129e-01
9.959527254104614258e-01
9.962868690490722656e-01
9.914705157279968262e-01
9.929469227790832520e-01
9.924225211143493652e-01
9.851367473602294922e-01
9.329022765159606934e-01
9.210584759712219238e-01
9.954574108123779297e-01
9.986469149589538574e-01
9.956055283546447754e-01
9.419092535972595215e-01
9.337720274925231934e-01
9.953702092170715332e-01
9.946591258049011230e-01
9.983880519866943359e-01
9.136555790901184082e-01
9.992551207542419434e-01
9.968913197517395020e-01
9.901568889617919922e-01
9.980812072753906250e-01
9.969016313552856445e-01
9.988314509391784668e-01
9.936049580574035645e-01
9.634820222854614258e-01
9.279193282127380371e-01
9.733088016510009766e-01
9.940767288208007812e-01
9.984781146049499512e-01
9.980226755142211914e-01
9.358096718788146973e-01
9.982634186744689941e-01
9.920624494552612305e-01
9.951560497283935547e-01
9.892871379852294922e-01
9.946870803833007812e-01
9.995082616806030273e-01
9.950792789459228516e-01
9.951504468917846680e-01
9.976053237915039062e-01
9.946743249893188477e-01
9.912262558937072754e-01
9.984928369522094727e-01
9.927821159362792969e-01
9.757334589958190918e-01
9.623335003852844238e-01
9.924128651618957520e-01
9.991247057914733887e-01
9.967071413993835449e-01
9.963939785957336426e-01
9.971406459808349609e-01
9.956187605857849121e-01
9.952989220619201660e-01
9.925857186317443848e-01
9.778619408607482910e-01
9.782623052597045898e-01
9.976517558097839355e-01
9.982188344001770020e-01
9.987597465515136719e-01
9.935737252235412598e-01
9.950574636459350586e-01
9.987053871154785156e-01
9.961180686950683594e-01
9.992445707321166992e-01
9.942200183868408203e-01
9.543282389640808105e-01
9.911512732505798340e-01
9.983742237091064453e-01
9.864907264709472656e-01
9.812560677528381348e-01
9.989190101623535156e-01
9.952198863029479980e-01
9.727910757064819336e-01
9.953704476356506348e-01
9.537345170974731445e-01
9.976722598075866699e-01
9.954227805137634277e-01
9.965602755546569824e-01
9.999735355377197266e-01
9.981110095977783203e-01
9.976517558097839355e-01
9.675596952438354492e-01
9.756001234054565430e-01
9.912316203117370605e-01
9.837228655815124512e-01
9.976581335067749023e-01
8.355700969696044922e-01
9.816792011260986328e-01
9.982550740242004395e-01
9.397843480110168457e-01
9.566420912742614746e-01
9.996672868728637695e-01
9.663934111595153809e-01
9.625334739685058594e-01
8.929597735404968262e-01
9.422338604927062988e-01
8.933801054954528809e-01
9.960869550704956055e-01
9.920502305030822754e-01
9.729452133178710938e-01
9.783774018287658691e-01
9.780516028404235840e-01
9.997903704643249512e-01
9.811732172966003418e-01
9.743214845657348633e-01
9.959685802459716797e-01
9.520290493965148926e-01
9.701350927352905273e-01
9.847468137741088867e-01
9.943643808364868164e-01
9.912316203117370605e-01
9.902918934822082520e-01
9.964555501937866211e-01
9.469265937805175781e-01
9.960145950317382812e-01
9.828202724456787109e-01
9.323981404304504395e-01
9.739847183227539062e-01
9.679214358329772949e-01
9.539113640785217285e-01
9.985523819923400879e-01
9.515111446380615234e-01
9.965692758560180664e-01
9.840772151947021484e-01
9.341385364532470703e-01
9.283465147018432617e-01
9.625515341758728027e-01
9.650329947471618652e-01
9.847107529640197754e-01
9.999949932098388672e-01
9.642253518104553223e-01
9.486276507377624512e-01
9.939422011375427246e-01
9.933214783668518066e-01
9.921613335609436035e-01
9.907611012458801270e-01
9.685730934143066406e-01
9.724091291427612305e-01
9.963164329528808594e-01
9.973143935203552246e-01
9.541983604431152344e-01
9.612936377525329590e-01
9.907208681106567383e-01
9.502686858177185059e-01
9.702231884002685547e-01
9.828452467918395996e-01
9.937546253204345703e-01
7.638558149337768555e-01
9.819340705871582031e-01
9.818807840347290039e-01
9.920409321784973145e-01
9.898942112922668457e-01
9.811131954193115234e-01
9.638392329216003418e-01
9.709910154342651367e-01
9.025852084159851074e-01
9.808850884437561035e-01
9.812626242637634277e-01
9.893230795860290527e-01
9.768820405006408691e-01
9.861198663711547852e-01
9.918292164802551270e-01
8.885802626609802246e-01
9.862678050994873047e-01
9.877005815505981445e-01
9.868017435073852539e-01
9.859424233436584473e-01
9.902246594429016113e-01
9.834737181663513184e-01
9.843578338623046875e-01
9.393443465232849121e-01
9.929482936859130859e-01
9.474683403968811035e-01
9.716478586196899414e-01
9.115527272224426270e-01
9.919724464416503906e-01
9.707973003387451172e-01
9.789538979530334473e-01
9.809775948524475098e-01
9.538549780845642090e-01
9.861493110656738281e-01
9.798511862754821777e-01
9.571769833564758301e-01
9.901602864265441895e-01
9.867894053459167480e-01
9.389206171035766602e-01
9.903023838996887207e-01
4.451088979840278625e-02
8.936929702758789062e-01
9.761817455291748047e-01
9.830008745193481445e-01
9.087004065513610840e-01
9.694201946258544922e-01
9.711532592773437500e-01
9.605984091758728027e-01
9.291621446609497070e-01
9.198346734046936035e-01
9.276170730590820312e-01
9.858989715576171875e-01
9.704582095146179199e-01
9.585120677947998047e-01
8.549861907958984375e-01
8.850513696670532227e-01
9.595797657966613770e-01
9.003958106040954590e-01
8.620633482933044434e-01
9.186903834342956543e-01
9.359990358352661133e-01
8.909716606140136719e-01
9.200683236122131348e-01
9.660931229591369629e-01
9.195349216461181641e-01
9.524716138839721680e-01
8.869026303291320801e-01
9.729351401329040527e-01
1.772905699908733368e-02
9.371103644371032715e-01
9.552096128463745117e-01
9.754828214645385742e-01
9.351224899291992188e-01
9.343866109848022461e-01
9.868934154510498047e-01
8.446233868598937988e-01
9.848619699478149414e-01
9.082028269767761230e-01
9.311824440956115723e-01
9.314618706703186035e-01
8.353802561759948730e-01
9.455414414405822754e-01
7.547674775123596191e-01
8.774365782737731934e-01
9.983782768249511719e-01
9.910987019538879395e-01
9.274988770484924316e-01
9.040144085884094238e-01
8.735178709030151367e-01
9.614014029502868652e-01
9.486510157585144043e-01
9.553551673889160156e-01
9.852441549301147461e-01
7.798997759819030762e-01
6.790686845779418945e-01
9.099125862121582031e-01
9.321126341819763184e-01
9.777856469154357910e-01
9.283370971679687500e-01
9.256891608238220215e-01
8.615503311157226562e-01
9.667528271675109863e-01
9.107453823089599609e-01
9.511654973030090332e-01
9.769490361213684082e-01
9.532843828201293945e-01
8.424423336982727051e-01
9.862961769104003906e-01
9.776130318641662598e-01
9.716837406158447266e-01
8.623684644699096680e-01
8.826954364776611328e-01
8.777975440025329590e-01
9.081150889396667480e-01
8.406203985214233398e-01
5.975714921951293945e-01
8.886949159204959869e-03
1.973322941921651363e-04
1.695229322649538517e-03
7.392887957394123077e-03
2.245689043775200844e-03
3.542735707014799118e-03
9.245326509699225426e-04
4.397166427224874496e-03
4.303488731384277344e-01
4.560941597446799278e-04
3.538288292475044727e-04
2.605898864567279816e-02
2.745737694203853607e-02
5.352605134248733521e-03
2.673878148198127747e-02
2.287995629012584686e-02
2.880922332406044006e-02
1.074388623237609863e-02
4.822512622922658920e-03
5.421986570581793785e-04
4.220054019242525101e-03
2.240116707980632782e-03
8.684897329658269882e-04
2.074679359793663025e-02
1.775370351970195770e-02
2.775072818621993065e-03
8.049409836530685425e-03
6.490951054729521275e-04
9.612692520022392273e-03
6.174516864120960236e-03
2.055372893810272217e-01
8.085245499387383461e-04
2.510592937469482422e-01
5.045483820140361786e-03
7.619699463248252869e-03
2.761186100542545319e-03
7.558060344308614731e-03
1.758234575390815735e-03
2.838097512722015381e-03
2.444403804838657379e-02
8.536933921277523041e-03
9.446207433938980103e-03
1.799766719341278076e-02
1.364724338054656982e-02
2.049542367458343506e-01
2.842103689908981323e-02
6.226241588592529297e-03
1.587892038514837623e-04
2.540639834478497505e-03
1.092704129405319691e-03
2.957067079842090607e-02
7.860474870540201664e-04
4.670229973271489143e-04
1.412361161783337593e-03
8.787959814071655273e-03
8.532769046723842621e-03
8.229471743106842041e-03
2.086207643151283264e-02
3.382615977898240089e-03
4.229838086757808924e-04
1.599337346851825714e-02
2.883736975491046906e-03
1.400528661906719208e-02
8.632025681436061859e-03
8.501117825508117676e-01
7.793248444795608521e-02
9.022871032357215881e-03
4.808709491044282913e-03
1.177083235234022141e-03
1.457264996133744717e-03
8.569953963160514832e-03
1.299981866031885147e-02
4.505762457847595215e-02
2.110597677528858185e-02
2.605698704719543457e-01
3.157514706254005432e-02
1.574020017869770527e-03
1.283387690782546997e-01
9.570231661200523376e-03
8.536481298506259918e-03
1.142366826534271240e-01
2.192138507962226868e-02
2.803455479443073273e-02
1.047000475227832794e-02
6.628572940826416016e-03
2.895533852279186249e-02
1.731732115149497986e-02
1.148921251296997070e-02
3.257771208882331848e-02
1.837611384689807892e-02
1.870756149291992188e-01
1.298493519425392151e-02
5.836631171405315399e-03
8.988384157419204712e-03
5.529199242591857910e-01
1.201697066426277161e-02
4.428578075021505356e-03
1.787246018648147583e-02
2.383447997272014618e-02
8.499858900904655457e-03
4.552153870463371277e-03
1.183970738202333450e-02
1.458876067772507668e-04
4.357156753540039062e-01
1.275278162211179733e-03
1.254188455641269684e-02
3.454086184501647949e-02
9.388812631368637085e-02
7.007931824773550034e-03
8.144190069288015366e-04
1.560830976814031601e-02
2.467845566570758820e-03
5.428158212453126907e-03
1.645920332521200180e-03
1.375549882650375366e-01
1.260597928194329143e-04
1.399778109043836594e-02
5.872900132089853287e-03
3.678441420197486877e-02
2.039220742881298065e-02
1.855295337736606598e-02
1.071392558515071869e-02
9.087402373552322388e-03
4.400499630719423294e-03
1.179761737585067749e-01
1.948390714824199677e-02
2.223781496286392212e-02
8.232756517827510834e-03
5.127970501780509949e-02
1.085373573005199432e-02
1.530887000262737274e-02
1.421669777482748032e-02
3.655846416950225830e-02
5.177722778171300888e-03
1.289346255362033844e-02
1.657732762396335602e-02
3.484185785055160522e-03
1.127486210316419601e-02
3.435149788856506348e-02
1.591938198544085026e-03
5.561399087309837341e-02
8.030695607885718346e-05
8.750201202929019928e-03
4.575280006974935532e-03
4.916071519255638123e-02
7.482248824089765549e-03
4.193355794996023178e-03
1.557173877954483032e-01
2.983912229537963867e-01
1.840570382773876190e-02
1.361147221177816391e-02
8.727268315851688385e-03
6.136507261544466019e-03
3.421211731620132923e-04
1.435072044841945171e-03
3.015174865722656250e-01
2.326779440045356750e-02
3.195424797013401985e-04
5.292523186653852463e-03
1.486815325915813446e-02
1.513540465384721756e-02
5.000552628189325333e-03
9.589169174432754517e-03
1.360986009240150452e-02
4.561176896095275879e-01
1.682330667972564697e-02
1.070657279342412949e-03
1.297116745263338089e-02
6.602594628930091858e-03
2.651729853823781013e-03
5.368709098547697067e-03
5.133684608153998852e-04
9.442326612770557404e-03
2.027810923755168915e-02
5.119370296597480774e-03
5.838163495063781738e-01
1.099954242818057537e-03
7.472634897567331791e-04
1.202062889933586121e-02
2.007861156016588211e-03
3.649255493655800819e-03
1.957829343155026436e-03
4.372518975287675858e-03
7.332445122301578522e-03
6.094936281442642212e-02
2.561676688492298126e-02
1.133039686828851700e-02
2.471619285643100739e-02
4.472511112689971924e-01
3.394227824173867702e-04
6.733323098160326481e-04
2.164942910894751549e-03
6.537673063576221466e-03
5.321722477674484253e-03
7.725168834440410137e-04
1.322572119534015656e-02
5.439713597297668457e-03
2.524459548294544220e-02
1.615107804536819458e-02
7.367117702960968018e-02
2.830193750560283661e-02
1.578481309115886688e-02
8.390977047383785248e-03
1.166584086604416370e-03
5.187393426895141602e-01
2.297334000468254089e-02
3.029433079063892365e-03
2.949785254895687103e-02
6.325991707853972912e-04
7.359004765748977661e-02
3.024335578083992004e-02
4.588075913488864899e-03
5.465851631015539169e-03
1.809813256841152906e-04
1.441869884729385376e-02
1.045151380822062492e-03
9.127116063609719276e-04
3.267226740717887878e-02
4.065153654664754868e-03
8.235491067171096802e-02
2.686979807913303375e-02
2.404677495360374451e-02
1.257090177386999130e-02
1.065811142325401306e-02
1.597037464380264282e-01
2.078937552869319916e-02
5.450114607810974121e-03
1.494339085184037685e-03
2.961038553621619940e-04
9.713505208492279053e-02
5.070163751952350140e-04
6.360618025064468384e-02
3.338299458846449852e-03
2.980581950396299362e-03
3.635744005441665649e-02
4.991243034601211548e-02
6.588311400264501572e-03
2.891948223114013672e-01
2.138018142431974411e-03
5.311027634888887405e-04
8.708584122359752655e-03
1.607216335833072662e-02
6.002128124237060547e-03
3.648780286312103271e-03
5.273283459246158600e-03
1.355704758316278458e-02
1.170542649924755096e-02
5.022541619837284088e-03
7.643448770977556705e-05
4.682653583586215973e-03
4.009203985333442688e-03
3.924661129713058472e-02
5.966883897781372070e-02
5.778846144676208496e-02
2.444706298410892487e-02
2.128219753503799438e-01
3.320962889119982719e-03
1.075367256999015808e-02
6.496426183730363846e-03
2.002679277211427689e-03
1.003913134336471558e-01
3.112575784325599670e-02
1.575260609388351440e-02
2.425109967589378357e-02
1.731150411069393158e-02
7.333201356232166290e-03
3.772012889385223389e-03
2.371500158915296197e-04
2.212735451757907867e-02
5.295184440910816193e-03
8.134052157402038574e-03
7.609264459460973740e-03
1.226730551570653915e-02
4.194583296775817871e-01
1.728305071592330933e-01
5.700140818953514099e-02
2.637748373672366142e-03
1.096687745302915573e-03
4.469061270356178284e-02
3.606864809989929199e-02
9.166862815618515015e-03
2.455012500286102295e-02
1.444562617689371109e-02
1.300196070224046707e-02
3.338947717566043139e-04
1.103630661964416504e-02
3.305286914110183716e-02
2.190033346414566040e-02
1.599739678204059601e-02
3.396852873265743256e-03
1.155260484665632248e-02
1.997306570410728455e-02
5.065515637397766113e-03
5.830524954944849014e-03
1.122363843023777008e-02
4.506880789995193481e-02
1.733318530023097992e-02
5.420338734984397888e-02
3.556605875492095947e-01
8.459426462650299072e-02
2.074334584176540375e-02
1.962681673467159271e-02
3.407780081033706665e-02
1.350297592580318451e-03
4.178071860224008560e-03
7.304060738533735275e-03
1.152240261435508728e-01
4.869232885539531708e-03
4.712635651230812073e-03
1.615658984519541264e-03
2.607581671327352524e-03
3.044044040143489838e-02
3.852536156773567200e-02
4.180405754595994949e-03
8.087833411991596222e-03
5.502031650394201279e-03
3.052282147109508514e-03
8.355969935655593872e-02
9.022495150566101074e-02
1.039541512727737427e-02
3.545545786619186401e-02
1.100243180990219116e-01
9.980055503547191620e-03
6.995020061731338501e-02
1.998596824705600739e-03
5.911786109209060669e-03
6.300180684775114059e-03
1.032139919698238373e-02
4.385375604033470154e-02
1.421978347934782505e-03
2.446990227326750755e-03
9.759578853845596313e-03
1.453884411603212357e-02
5.914465524256229401e-03
3.134278953075408936e-02
2.190401256084442139e-01
1.644567004404962063e-03
5.678622424602508545e-02
2.371103130280971527e-02
7.023171987384557724e-03
1.647779950872063637e-03
4.683935642242431641e-02
1.105159707367420197e-02
6.034724041819572449e-02
6.978980451822280884e-02
8.005285263061523438e-02
6.030860822647809982e-03
3.059403039515018463e-03
5.576600506901741028e-02
3.098462522029876709e-02
2.009457442909479141e-03
4.942150320857763290e-03
1.159952580928802490e-02
2.464159429073333740e-01
3.449518978595733643e-02
1.507236659526824951e-01
6.844195537269115448e-03
1.457887981086969376e-02
4.603796899318695068e-01
2.968846447765827179e-02
4.565472528338432312e-02
4.677158780395984650e-03
1.145630981773138046e-02
8.397215977311134338e-03
3.564220666885375977e-02
8.957304060459136963e-03
8.501848578453063965e-02
4.260644316673278809e-02
2.219711095094680786e-01
2.719653211534023285e-02
9.832409769296646118e-02
1.764707383699715137e-03
3.494034707546234131e-02
1.405551005154848099e-02
2.054996602237224579e-02
9.492095559835433960e-03
9.582641534507274628e-03
1.117241382598876953e-02
1.109652686864137650e-03
1.402982790023088455e-02
2.776498533785343170e-02
7.728942483663558960e-02
1.411639340221881866e-02
6.431801617145538330e-02
2.397839445620775223e-03
6.262921728193759918e-03
2.320721279829740524e-03
6.490999367088079453e-03
1.602584030479192734e-03
3.013601060956716537e-03
1.221282593905925751e-02
1.603090763092041016e-02
7.380307465791702271e-02
6.935786921530961990e-03
5.450533237308263779e-03
4.947623820044100285e-04
2.721821889281272888e-02
8.709680289030075073e-03
1.308601931668817997e-03
7.793076336383819580e-03
9.553549811244010925e-03
7.814945420250296593e-04
2.192799560725688934e-02
2.157679945230484009e-02
4.844737122766673565e-04
5.590206012129783630e-03
4.056297242641448975e-02
5.354615449905395508e-01
3.887688508257269859e-03
8.665562490932643414e-04
2.170379273593425751e-02
5.368332192301750183e-02
2.476561581715941429e-03
4.541578236967325211e-03
2.373296953737735748e-02
4.302042536437511444e-03
2.792173251509666443e-02
8.714975789189338684e-03
3.661778941750526428e-02
6.024963688105344772e-03
7.349875289946794510e-03
1.649410813115537167e-03
3.916799090802669525e-03
6.442130077630281448e-03
8.580345511436462402e-01
2.781268022954463959e-02
8.249577134847640991e-03
2.085139602422714233e-02
1.469665206968784332e-02
2.530969213694334030e-03
2.121848054230213165e-02
1.494464348070323467e-03
4.613936878740787506e-03
1.986996736377477646e-03
1.894794288091361523e-03
4.066103603690862656e-03
3.011325933039188385e-02
2.705002902075648308e-03
6.305478978902101517e-03
9.213364683091640472e-03
1.528482232242822647e-02
6.205343827605247498e-02
8.254947140812873840e-03
1.960420794785022736e-02
1.172984484583139420e-03
3.833128139376640320e-02
4.976768791675567627e-02
1.457161828875541687e-02
3.327511623501777649e-02
1.931883022189140320e-02
6.634189281612634659e-03
2.441980391740798950e-01
7.686098106205463409e-03
2.745560556650161743e-02
1.348204351961612701e-02
4.982737824320793152e-03
5.915290676057338715e-04
3.657604381442070007e-02
1.359412074089050293e-02
7.919008843600749969e-03
3.164766356348991394e-03
4.106891807168722153e-03
9.685060009360313416e-03
1.331371371634304523e-03
4.694799426943063736e-03
4.662871360778808594e-03
2.866828739643096924e-01
3.676821244880557060e-03
1.316102687269449234e-03
3.445270955562591553e-01
2.738423412665724754e-03
5.121794529259204865e-03
1.485833711922168732e-02
6.724959611892700195e-02
3.023778833448886871e-02
3.160246834158897400e-02
5.741281434893608093e-03
8.260250091552734375e-03
3.144884482026100159e-02
1.408705208450555801e-02
8.275163769721984863e-01
3.252314627170562744e-01
4.559089243412017822e-02
1.050136536359786987e-01
1.004414353519678116e-02
1.157779898494482040e-02
8.224032819271087646e-03
3.704021871089935303e-02
6.712698843330144882e-03
3.157809674739837646e-01
3.742057597264647484e-03
4.241375718265771866e-03
1.607622019946575165e-02
1.078721657395362854e-01
3.456022124737501144e-03
5.488102324306964874e-04
1.559065002948045731e-02
9.822804480791091919e-03
2.007438056170940399e-02
3.437847364693880081e-03
3.679075278341770172e-03
1.723913359455764294e-03
7.834606803953647614e-03
6.491971667855978012e-03
1.312180235981941223e-02
1.331970561295747757e-04
3.535918192937970161e-03
1.425156146287918091e-01
3.832784015685319901e-03
7.184769026935100555e-03
4.264729619026184082e-01
2.324431668967008591e-03
1.894147018902003765e-03
1.174276322126388550e-02
5.485924892127513885e-03
1.109837670810520649e-03
6.825761497020721436e-02
1.865437813103199005e-02
3.118353197351098061e-04
1.511104404926300049e-02
6.856315303593873978e-03
5.217872094362974167e-04
1.944893039762973785e-02
5.988348857499659061e-04
1.863387646153569221e-03
1.218271907418966293e-02
6.748786545358598232e-04
2.546303672716021538e-03
2.041733078658580780e-02
1.946348580531775951e-03
2.434890158474445343e-02
1.674234122037887573e-02
2.498025132808834314e-04
3.072315827012062073e-03
3.534268587827682495e-03
8.543337695300579071e-03
4.762327298521995544e-03
1.741754473187029362e-03
1.972435275092720985e-03
2.167957648634910583e-02
2.404775237664580345e-03
5.156696774065494537e-03
1.404239237308502197e-02
1.585910795256495476e-03
1.184111274778842926e-02
1.010407973080873489e-02
1.184209948405623436e-03
7.112275925464928150e-04
7.660715491510927677e-04
1.025354675948619843e-02
2.822693204507231712e-03
9.697480127215385437e-03
5.782913416624069214e-03
6.591070443391799927e-03
9.946905774995684624e-04
6.660713814198970795e-03
4.949857015162706375e-03
2.100972225889563560e-03
5.978773697279393673e-04
5.610368680208921432e-04
