9.774037599563598633e-01
9.984024167060852051e-01
9.750356674194335938e-01
8.437226414680480957e-01
8.437226414680480957e-01
5.743106007575988770e-01
8.437226414680480957e-01
8.437226414680480957e-01
8.437226414680480957e-01
9.772819280624389648e-01
9.560651183128356934e-01
8.437226414680480957e-01
9.552555084228515625e-01
9.851157069206237793e-01
8.437226414680480957e-01
8.437226414680480957e-01
9.866014122962951660e-01
9.651589989662170410e-01
8.329047560691833496e-01
9.736673831939697266e-01
8.437226414680480957e-01
9.604597091674804688e-01
8.437226414680480957e-01
9.568879604339599609e-01
8.437226414680480957e-01
9.854940176010131836e-01
8.968049883842468262e-01
9.915851354598999023e-01
8.779277205467224121e-01
8.437226414680480957e-01
9.944650530815124512e-01
8.425039649009704590e-01
9.614778757095336914e-01
9.649387001991271973e-01
9.828578233718872070e-01
9.840483665466308594e-01
9.129918813705444336e-01
9.674971103668212891e-01
8.437226414680480957e-01
9.648776650428771973e-01
8.437226414680480957e-01
8.437226414680480957e-01
9.945393204689025879e-01
8.437044024467468262e-01
8.437226414680480957e-01
8.437226414680480957e-01
8.437226414680480957e-01
8.437226414680480957e-01
8.818489909172058105e-01
8.437226414680480957e-01
9.919439554214477539e-01
8.437226414680480957e-01
8.437226414680480957e-01
9.967982172966003418e-01
8.437226414680480957e-01
8.437226414680480957e-01
9.744266271591186523e-01
8.437226414680480957e-01
8.437226414680480957e-01
8.938223719596862793e-01
9.988501071929931641e-01
9.612645506858825684e-01
9.807798266410827637e-01
8.437226414680480957e-01
9.572159647941589355e-01
2.823910713195800781e-01
8.437226414680480957e-01
9.072204828262329102e-01
8.437226414680480957e-01
8.437226414680480957e-01
9.813734889030456543e-01
9.993902444839477539e-01
8.437226414680480957e-01
8.437226414680480957e-01
9.177563786506652832e-01
2.823910713195800781e-01
2.823910713195800781e-01
2.823910713195800781e-01
9.757378697395324707e-01
2.823910713195800781e-01
2.823910713195800781e-01
9.967675209045410156e-01
2.823910713195800781e-01
2.823910713195800781e-01
2.823910713195800781e-01
2.823910713195800781e-01
9.996525049209594727e-01
2.823910713195800781e-01
9.736859202384948730e-01
2.823910713195800781e-01
9.827647805213928223e-01
9.850039482116699219e-01
2.823910713195800781e-01
9.560102224349975586e-01
9.470030665397644043e-01
9.958631992340087891e-01
9.200987219810485840e-01
9.956645369529724121e-01
2.823910713195800781e-01
2.823910713195800781e-01
2.823910713195800781e-01
9.486343860626220703e-01
2.823910713195800781e-01
2.823910713195800781e-01
9.815683960914611816e-01
9.911405444145202637e-01
9.999965429306030273e-01
2.823910713195800781e-01
2.823910713195800781e-01
2.823910713195800781e-01
9.649758934974670410e-01
2.823910713195800781e-01
2.823910713195800781e-01
2.823910713195800781e-01
9.956246018409729004e-01
2.823910713195800781e-01
2.823910713195800781e-01
9.988973140716552734e-01
9.836559295654296875e-01
9.998714923858642578e-01
9.456853270530700684e-01
9.979166388511657715e-01
9.841132760047912598e-01
2.823910713195800781e-01
9.964243769645690918e-01
2.823910713195800781e-01
9.921395182609558105e-01
2.823910713195800781e-01
9.927396178245544434e-01
9.984934329986572266e-01
9.951686859130859375e-01
9.731509685516357422e-01
9.767444729804992676e-01
2.823910713195800781e-01
9.910966157913208008e-01
2.823910713195800781e-01
9.804092645645141602e-01
9.922796487808227539e-01
9.969503283500671387e-01
9.872309565544128418e-01
2.823910713195800781e-01
9.990407824516296387e-01
9.936827421188354492e-01
2.823910713195800781e-01
9.962663054466247559e-01
2.823910713195800781e-01
2.823910713195800781e-01
2.823910713195800781e-01
9.550665020942687988e-01
9.984176158905029297e-01
9.980545043945312500e-01
2.823910713195800781e-01
9.800937771797180176e-01
2.823910713195800781e-01
9.971668124198913574e-01
9.246550202369689941e-01
9.666964411735534668e-01
9.597344398498535156e-01
9.707934856414794922e-01
2.823910713195800781e-01
2.823910713195800781e-01
2.823910713195800781e-01
2.823910713195800781e-01
9.335144758224487305e-01
9.703738093376159668e-01
9.765229821205139160e-01
2.823910713195800781e-01
2.823910713195800781e-01
9.956083893775939941e-01
2.823910713195800781e-01
2.823910713195800781e-01
9.989286065101623535e-01
2.823910713195800781e-01
9.526245594024658203e-01
9.616624116897583008e-01
2.823910713195800781e-01
9.471722245216369629e-01
2.823910713195800781e-01
2.823910713195800781e-01
9.808870553970336914e-01
2.823910713195800781e-01
2.823910713195800781e-01
9.899352192878723145e-01
2.823910713195800781e-01
9.942513704299926758e-01
9.940120577812194824e-01
2.823910713195800781e-01
2.823910713195800781e-01
9.616641402244567871e-01
9.996961355209350586e-01
2.823910713195800781e-01
2.823910713195800781e-01
9.981536269187927246e-01
9.962390661239624023e-01
2.823910713195800781e-01
9.996236562728881836e-01
2.823910713195800781e-01
2.823910713195800781e-01
2.823910713195800781e-01
9.964101910591125488e-01
2.823910713195800781e-01
9.981400966644287109e-01
2.823910713195800781e-01
9.944261312484741211e-01
9.889489412307739258e-01
2.823910713195800781e-01
2.823910713195800781e-01
2.823910713195800781e-01
9.948717951774597168e-01
2.823910713195800781e-01
2.823910713195800781e-01
2.823910713195800781e-01
2.823910713195800781e-01
9.927202463150024414e-01
9.999017715454101562e-01
9.918878674507141113e-01
9.921501874923706055e-01
2.823910713195800781e-01
9.999867677688598633e-01
9.972360730171203613e-01
9.898818135261535645e-01
9.954171180725097656e-01
9.962292313575744629e-01
2.823910713195800781e-01
9.988248944282531738e-01
2.823910713195800781e-01
2.823910713195800781e-01
2.823910713195800781e-01
9.803857803344726562e-01
9.925280809402465820e-01
2.823910713195800781e-01
2.823910713195800781e-01
2.823910713195800781e-01
9.809056520462036133e-01
9.413938522338867188e-01
9.984978437423706055e-01
2.823910713195800781e-01
9.877158999443054199e-01
9.972374439239501953e-01
9.980576634407043457e-01
2.823910713195800781e-01
9.994894266128540039e-01
2.823910713195800781e-01
9.842442274093627930e-01
2.823910713195800781e-01
2.823910713195800781e-01
8.437226414680480957e-01
9.844098091125488281e-01
8.437226414680480957e-01
2.823910713195800781e-01
2.823910713195800781e-01
8.437226414680480957e-01
6.430254578590393066e-01
9.911572933197021484e-01
2.823910713195800781e-01
9.815114140510559082e-01
9.622895121574401855e-01
9.447209239006042480e-01
9.893562197685241699e-01
8.437226414680480957e-01
9.870260357856750488e-01
8.437226414680480957e-01
2.823910713195800781e-01
2.823910713195800781e-01
9.667745232582092285e-01
8.437226414680480957e-01
9.981198906898498535e-01
9.705476164817810059e-01
2.823910713195800781e-01
9.837576746940612793e-01
8.437226414680480957e-01
9.889455437660217285e-01
9.994208812713623047e-01
9.330776929855346680e-01
9.976606369018554688e-01
8.437226414680480957e-01
8.437226414680480957e-01
8.437226414680480957e-01
8.437226414680480957e-01
8.437226414680480957e-01
9.915933609008789062e-01
8.437226414680480957e-01
2.823910713195800781e-01
2.823910713195800781e-01
9.283711910247802734e-01
9.898512363433837891e-01
8.437226414680480957e-01
9.889455437660217285e-01
9.930347204208374023e-01
8.437226414680480957e-01
8.437226414680480957e-01
8.437226414680480957e-01
2.823910713195800781e-01
9.856364727020263672e-01
8.968439102172851562e-01
8.437226414680480957e-01
9.912208914756774902e-01
8.437226414680480957e-01
8.437226414680480957e-01
9.731674194335937500e-01
8.437226414680480957e-01
9.905596375465393066e-01
8.437226414680480957e-01
2.823910713195800781e-01
9.911050200462341309e-01
9.985435009002685547e-01
6.430254578590393066e-01
9.153192639350891113e-01
9.589677453041076660e-01
8.437226414680480957e-01
2.823910713195800781e-01
8.434364199638366699e-01
9.957620501518249512e-01
9.598777890205383301e-01
8.437226414680480957e-01
8.437226414680480957e-01
9.866807460784912109e-01
8.437226414680480957e-01
9.781616926193237305e-01
9.890377521514892578e-01
2.823910713195800781e-01
8.437226414680480957e-01
9.387243390083312988e-01
8.033432960510253906e-01
2.823910713195800781e-01
2.823910713195800781e-01
8.437226414680480957e-01
2.823910713195800781e-01
2.823910713195800781e-01
9.933072924613952637e-01
9.431158304214477539e-01
9.820257425308227539e-01
2.823910713195800781e-01
2.823910713195800781e-01
2.823910713195800781e-01
8.437226414680480957e-01
8.437226414680480957e-01
2.823910713195800781e-01
2.823910713195800781e-01
2.823910713195800781e-01
9.915670752525329590e-01
9.846435785293579102e-01
2.823910713195800781e-01
9.493842124938964844e-01
2.823910713195800781e-01
2.823910713195800781e-01
2.823910713195800781e-01
8.437226414680480957e-01
8.437226414680480957e-01
9.943614006042480469e-01
9.899299740791320801e-01
2.823910713195800781e-01
8.437226414680480957e-01
2.823910713195800781e-01
2.823910713195800781e-01
8.160004615783691406e-01
2.823910713195800781e-01
2.823910713195800781e-01
9.896173477172851562e-01
2.823910713195800781e-01
9.900589585304260254e-01
2.823910713195800781e-01
2.823910713195800781e-01
8.130118250846862793e-01
2.823910713195800781e-01
2.823910713195800781e-01
2.823910713195800781e-01
9.995991587638854980e-01
2.823910713195800781e-01
2.823910713195800781e-01
9.865763187408447266e-01
9.182484149932861328e-01
2.823910713195800781e-01
2.823910713195800781e-01
2.823910713195800781e-01
2.823910713195800781e-01
9.705489873886108398e-01
9.735799431800842285e-01
2.823910713195800781e-01
2.823910713195800781e-01
2.823910713195800781e-01
2.823910713195800781e-01
2.823910713195800781e-01
2.823910713195800781e-01
9.655910730361938477e-01
2.823910713195800781e-01
2.823910713195800781e-01
2.823910713195800781e-01
2.823910713195800781e-01
2.823910713195800781e-01
2.823910713195800781e-01
2.823910713195800781e-01
2.823910713195800781e-01
2.823910713195800781e-01
2.823910713195800781e-01
2.823910713195800781e-01
2.823910713195800781e-01
9.734818339347839355e-01
2.823910713195800781e-01
2.823910713195800781e-01
2.823910713195800781e-01
9.987536668777465820e-01
9.600470662117004395e-01
2.823910713195800781e-01
2.823910713195800781e-01
9.420658946037292480e-01
2.823910713195800781e-01
2.823910713195800781e-01
2.823910713195800781e-01
9.638364911079406738e-01
2.823910713195800781e-01
2.823910713195800781e-01
2.823910713195800781e-01
2.823910713195800781e-01
2.823910713195800781e-01
2.823910713195800781e-01
2.823910713195800781e-01
2.823910713195800781e-01
9.285238981246948242e-01
2.823910713195800781e-01
2.823910713195800781e-01
2.823910713195800781e-01
2.823910713195800781e-01
2.823910713195800781e-01
2.823910713195800781e-01
2.823910713195800781e-01
8.437226414680480957e-01
9.870626330375671387e-01
9.818206429481506348e-01
9.935883283615112305e-01
9.649358391761779785e-01
9.723198413848876953e-01
8.906161785125732422e-01
8.437226414680480957e-01
8.437226414680480957e-01
8.437226414680480957e-01
9.781926870346069336e-01
9.526835083961486816e-01
9.840660691261291504e-01
8.437226414680480957e-01
8.437226414680480957e-01
9.346840381622314453e-01
8.437226414680480957e-01
8.437226414680480957e-01
6.764082312583923340e-01
8.816171288490295410e-01
9.700643420219421387e-01
9.412040114402770996e-01
8.040937185287475586e-01
8.437226414680480957e-01
8.437226414680480957e-01
8.437226414680480957e-01
8.889390230178833008e-01
2.823910713195800781e-01
8.437226414680480957e-01
9.479982256889343262e-01
9.338057041168212891e-01
8.437226414680480957e-01
8.437226414680480957e-01
9.797596335411071777e-01
8.437226414680480957e-01
9.912374019622802734e-01
8.437226414680480957e-01
8.437051773071289062e-01
8.437226414680480957e-01
8.437226414680480957e-01
9.852781891822814941e-01
8.437226414680480957e-01
8.437226414680480957e-01
9.948707818984985352e-01
9.974926710128784180e-01
8.175780773162841797e-01
8.437226414680480957e-01
8.437226414680480957e-01
9.219139814376831055e-01
8.437226414680480957e-01
9.793127775192260742e-01
9.749251604080200195e-01
8.437226414680480957e-01
2.823910713195800781e-01
8.437226414680480957e-01
8.437226414680480957e-01
9.392603039741516113e-01
8.437226414680480957e-01
8.437226414680480957e-01
8.437226414680480957e-01
9.758045077323913574e-01
8.437226414680480957e-01
8.705002665519714355e-01
9.689385890960693359e-01
9.302574992179870605e-01
8.437226414680480957e-01
9.900323152542114258e-01
9.945864677429199219e-01
9.990372657775878906e-01
8.437226414680480957e-01
4.008896648883819580e-01
8.437226414680480957e-01
8.437226414680480957e-01
8.421067595481872559e-01
8.062163591384887695e-01
2.823910713195800781e-01
2.823910713195800781e-01
2.823910713195800781e-01
2.823910713195800781e-01
2.823910713195800781e-01
2.823910713195800781e-01
2.823910713195800781e-01
2.823910713195800781e-01
6.975915431976318359e-01
2.823910713195800781e-01
2.823910713195800781e-01
1.614461466670036316e-02
2.823910713195800781e-01
2.823910713195800781e-01
2.823910713195800781e-01
2.823910713195800781e-01
2.823910713195800781e-01
2.823910713195800781e-01
2.823910713195800781e-01
2.823910713195800781e-01
2.823910713195800781e-01
2.823910713195800781e-01
2.823910713195800781e-01
2.823910713195800781e-01
2.823910713195800781e-01
2.823910713195800781e-01
2.823910713195800781e-01
2.823910713195800781e-01
2.823910713195800781e-01
2.823910713195800781e-01
4.160783719271421432e-03
2.823910713195800781e-01
6.435557007789611816e-01
2.823910713195800781e-01
2.823910713195800781e-01
2.823910713195800781e-01
4.008896648883819580e-01
2.823910713195800781e-01
2.823910713195800781e-01
2.823910713195800781e-01
2.823910713195800781e-01
2.823910713195800781e-01
2.823910713195800781e-01
2.823910713195800781e-01
6.237561106681823730e-01
3.179203346371650696e-02
2.823910713195800781e-01
2.823910713195800781e-01
2.823910713195800781e-01
2.823910713195800781e-01
2.823910713195800781e-01
2.823910713195800781e-01
2.823910713195800781e-01
2.823910713195800781e-01
2.823910713195800781e-01
2.823910713195800781e-01
2.823910713195800781e-01
2.823910713195800781e-01
2.823910713195800781e-01
2.823910713195800781e-01
2.823910713195800781e-01
2.823910713195800781e-01
2.823910713195800781e-01
2.823910713195800781e-01
2.823910713195800781e-01
2.823910713195800781e-01
2.823910713195800781e-01
2.823910713195800781e-01
2.823910713195800781e-01
2.823910713195800781e-01
2.823910713195800781e-01
2.823910713195800781e-01
2.823910713195800781e-01
2.823910713195800781e-01
2.823910713195800781e-01
4.889576509594917297e-02
2.823910713195800781e-01
2.823910713195800781e-01
2.823910713195800781e-01
2.823910713195800781e-01
2.823910713195800781e-01
2.823910713195800781e-01
2.823910713195800781e-01
2.823910713195800781e-01
2.823910713195800781e-01
2.823910713195800781e-01
2.823910713195800781e-01
2.823910713195800781e-01
2.823910713195800781e-01
2.823910713195800781e-01
6.822164058685302734e-01
2.823910713195800781e-01
2.059001177549362183e-01
2.823910713195800781e-01
2.823910713195800781e-01
2.823910713195800781e-01
2.823910713195800781e-01
2.823910713195800781e-01
2.823910713195800781e-01
2.823910713195800781e-01
2.823910713195800781e-01
1.226836591958999634e-01
2.823910713195800781e-01
2.823910713195800781e-01
2.823910713195800781e-01
2.823910713195800781e-01
2.823910713195800781e-01
2.823910713195800781e-01
2.823910713195800781e-01
2.823910713195800781e-01
2.823910713195800781e-01
2.823910713195800781e-01
2.823910713195800781e-01
2.823910713195800781e-01
2.823910713195800781e-01
2.823910713195800781e-01
2.823910713195800781e-01
2.823910713195800781e-01
2.823910713195800781e-01
2.823910713195800781e-01
2.823910713195800781e-01
2.823910713195800781e-01
2.823910713195800781e-01
2.823910713195800781e-01
6.538953781127929688e-01
2.823910713195800781e-01
2.823910713195800781e-01
2.823910713195800781e-01
2.823910713195800781e-01
2.823910713195800781e-01
2.823910713195800781e-01
2.823910713195800781e-01
2.823910713195800781e-01
2.823910713195800781e-01
2.823910713195800781e-01
2.823910713195800781e-01
2.823910713195800781e-01
2.823910713195800781e-01
2.823910713195800781e-01
2.823910713195800781e-01
2.823910713195800781e-01
2.823910713195800781e-01
2.823910713195800781e-01
2.823910713195800781e-01
2.823910713195800781e-01
2.823910713195800781e-01
2.823910713195800781e-01
2.823910713195800781e-01
2.823910713195800781e-01
2.823910713195800781e-01
2.823910713195800781e-01
2.823910713195800781e-01
2.823910713195800781e-01
2.823910713195800781e-01
3.264464735984802246e-01
2.823910713195800781e-01
2.823910713195800781e-01
2.823910713195800781e-01
2.823910713195800781e-01
2.823910713195800781e-01
2.823910713195800781e-01
2.823910713195800781e-01
2.823910713195800781e-01
2.823910713195800781e-01
2.823910713195800781e-01
2.823910713195800781e-01
2.823910713195800781e-01
2.823910713195800781e-01
2.823910713195800781e-01
2.823910713195800781e-01
2.507155761122703552e-02
2.823910713195800781e-01
2.823910713195800781e-01
2.823910713195800781e-01
2.823910713195800781e-01
2.823910713195800781e-01
2.823910713195800781e-01
2.823910713195800781e-01
2.823910713195800781e-01
2.823910713195800781e-01
2.823910713195800781e-01
2.823910713195800781e-01
2.823910713195800781e-01
2.823910713195800781e-01
2.823910713195800781e-01
2.823910713195800781e-01
2.823910713195800781e-01
2.823910713195800781e-01
8.115887641906738281e-01
2.823910713195800781e-01
2.823910713195800781e-01
2.823910713195800781e-01
2.823910713195800781e-01
2.823910713195800781e-01
2.823910713195800781e-01
2.823910713195800781e-01
2.823910713195800781e-01
2.823910713195800781e-01
2.823910713195800781e-01
2.823910713195800781e-01
2.823910713195800781e-01
2.823910713195800781e-01
2.823910713195800781e-01
2.823910713195800781e-01
2.823910713195800781e-01
2.823910713195800781e-01
2.823910713195800781e-01
2.823910713195800781e-01
2.823910713195800781e-01
2.823910713195800781e-01
4.959894716739654541e-02
2.823910713195800781e-01
2.823910713195800781e-01
2.823910713195800781e-01
2.823910713195800781e-01
2.823910713195800781e-01
2.823910713195800781e-01
2.823910713195800781e-01
2.823910713195800781e-01
2.823910713195800781e-01
2.823910713195800781e-01
2.823910713195800781e-01
2.823910713195800781e-01
2.823910713195800781e-01
2.823910713195800781e-01
2.823910713195800781e-01
2.823910713195800781e-01
2.823910713195800781e-01
2.823910713195800781e-01
2.823910713195800781e-01
2.823910713195800781e-01
2.823910713195800781e-01
2.823910713195800781e-01
2.823910713195800781e-01
2.823910713195800781e-01
2.823910713195800781e-01
2.823910713195800781e-01
7.634513974189758301e-01
2.823910713195800781e-01
2.823910713195800781e-01
2.823910713195800781e-01
2.823910713195800781e-01
2.823910713195800781e-01
2.823910713195800781e-01
2.823910713195800781e-01
2.823910713195800781e-01
2.823910713195800781e-01
2.823910713195800781e-01
2.823910713195800781e-01
2.823910713195800781e-01
2.823910713195800781e-01
2.823910713195800781e-01
2.823910713195800781e-01
2.823910713195800781e-01
2.823910713195800781e-01
2.823910713195800781e-01
2.823910713195800781e-01
2.823910713195800781e-01
2.823910713195800781e-01
2.823910713195800781e-01
2.823910713195800781e-01
2.823910713195800781e-01
2.823910713195800781e-01
2.823910713195800781e-01
2.823910713195800781e-01
2.823910713195800781e-01
2.823910713195800781e-01
2.823910713195800781e-01
2.823910713195800781e-01
2.823910713195800781e-01
2.823910713195800781e-01
2.823910713195800781e-01
2.823910713195800781e-01
2.823910713195800781e-01
2.823910713195800781e-01
2.823910713195800781e-01
2.823910713195800781e-01
2.823910713195800781e-01
2.823910713195800781e-01
2.823910713195800781e-01
2.823910713195800781e-01
2.823910713195800781e-01
2.823910713195800781e-01
2.823910713195800781e-01
2.823910713195800781e-01
2.823910713195800781e-01
2.823910713195800781e-01
2.823910713195800781e-01
2.823910713195800781e-01
2.823910713195800781e-01
2.823910713195800781e-01
2.823910713195800781e-01
2.823910713195800781e-01
9.142919629812240601e-02
2.823910713195800781e-01
2.823910713195800781e-01
2.823910713195800781e-01
2.823910713195800781e-01
6.539095640182495117e-01
2.823910713195800781e-01
2.823910713195800781e-01
2.823910713195800781e-01
2.823910713195800781e-01
2.823910713195800781e-01
2.823910713195800781e-01
2.823910713195800781e-01
2.823910713195800781e-01
2.823910713195800781e-01
2.823910713195800781e-01
2.823910713195800781e-01
2.823910713195800781e-01
2.823910713195800781e-01
2.823910713195800781e-01
2.823910713195800781e-01
2.823910713195800781e-01
2.823910713195800781e-01
2.823910713195800781e-01
2.823910713195800781e-01
2.823910713195800781e-01
2.823910713195800781e-01
2.823910713195800781e-01
2.823910713195800781e-01
6.633500754833221436e-02
2.823910713195800781e-01
2.823910713195800781e-01
2.823910713195800781e-01
2.823910713195800781e-01
2.823910713195800781e-01
2.805683910846710205e-01
2.823910713195800781e-01
2.823910713195800781e-01
2.823910713195800781e-01
1.763718873262405396e-01
2.823910713195800781e-01
2.823910713195800781e-01
2.823910713195800781e-01
2.823910713195800781e-01
2.823910713195800781e-01
2.823910713195800781e-01
2.823910713195800781e-01
2.823910713195800781e-01
2.823910713195800781e-01
7.424839586019515991e-02
2.823910713195800781e-01
2.823910713195800781e-01
2.823910713195800781e-01
2.823910713195800781e-01
2.823910713195800781e-01
2.823910713195800781e-01
2.823910713195800781e-01
2.823910713195800781e-01
2.823910713195800781e-01
2.823910713195800781e-01
2.823910713195800781e-01
2.823910713195800781e-01
2.823910713195800781e-01
2.823910713195800781e-01
2.823910713195800781e-01
2.823910713195800781e-01
2.823910713195800781e-01
2.823910713195800781e-01
2.823910713195800781e-01
2.823910713195800781e-01
2.823910713195800781e-01
2.823910713195800781e-01
2.823910713195800781e-01
2.823910713195800781e-01
2.823910713195800781e-01
2.823910713195800781e-01
2.823910713195800781e-01
6.157287955284118652e-01
2.823910713195800781e-01
2.823910713195800781e-01
2.823910713195800781e-01
1.213484406471252441e-01
2.823910713195800781e-01
2.823910713195800781e-01
2.823910713195800781e-01
2.823910713195800781e-01
2.823910713195800781e-01
2.823910713195800781e-01
2.823910713195800781e-01
2.823910713195800781e-01
2.823910713195800781e-01
2.823910713195800781e-01
2.823910713195800781e-01
2.823910713195800781e-01
2.823910713195800781e-01
8.860702067613601685e-02
2.823910713195800781e-01
2.823910713195800781e-01
2.823910713195800781e-01
2.823910713195800781e-01
2.823910713195800781e-01
2.823910713195800781e-01
2.823910713195800781e-01
2.823910713195800781e-01
2.823910713195800781e-01
2.823910713195800781e-01
2.823910713195800781e-01
2.823910713195800781e-01
2.823910713195800781e-01
2.823910713195800781e-01
2.179834805428981781e-02
5.099724605679512024e-02
2.823910713195800781e-01
2.823910713195800781e-01
6.527897715568542480e-01
2.823910713195800781e-01
3.062027879059314728e-02
2.823910713195800781e-01
2.823910713195800781e-01
2.823910713195800781e-01
2.823910713195800781e-01
2.823910713195800781e-01
2.823910713195800781e-01
2.823910713195800781e-01
2.823910713195800781e-01
2.823910713195800781e-01
2.823910713195800781e-01
2.823910713195800781e-01
2.823910713195800781e-01
2.823910713195800781e-01
2.823910713195800781e-01
8.011492490768432617e-01
2.823910713195800781e-01
2.823910713195800781e-01
2.823910713195800781e-01
2.823910713195800781e-01
2.823910713195800781e-01
2.823910713195800781e-01
2.823910713195800781e-01
2.823910713195800781e-01
2.823910713195800781e-01
2.823910713195800781e-01
2.823910713195800781e-01
2.823910713195800781e-01
2.823910713195800781e-01
2.823910713195800781e-01
2.823910713195800781e-01
2.823910713195800781e-01
2.823910713195800781e-01
2.823910713195800781e-01
2.823910713195800781e-01
2.823910713195800781e-01
2.823910713195800781e-01
2.823910713195800781e-01
2.823910713195800781e-01
2.823910713195800781e-01
2.823910713195800781e-01
2.823910713195800781e-01
2.823910713195800781e-01
2.823910713195800781e-01
2.823910713195800781e-01
2.823910713195800781e-01
2.823910713195800781e-01
2.823910713195800781e-01
2.823910713195800781e-01
2.823910713195800781e-01
2.823910713195800781e-01
2.823910713195800781e-01
2.823910713195800781e-01
2.823910713195800781e-01
2.823910713195800781e-01
1.973641812801361084e-01
2.823910713195800781e-01
2.823910713195800781e-01
2.823910713195800781e-01
2.823910713195800781e-01
2.823910713195800781e-01
2.823910713195800781e-01
2.823910713195800781e-01
2.823910713195800781e-01
2.823910713195800781e-01
2.823910713195800781e-01
2.823910713195800781e-01
2.823910713195800781e-01
2.823910713195800781e-01
2.823910713195800781e-01
2.823910713195800781e-01
2.823910713195800781e-01
6.735386848449707031e-01
2.823910713195800781e-01
2.823910713195800781e-01
2.823910713195800781e-01
2.823910713195800781e-01
7.002220302820205688e-02
2.823910713195800781e-01
2.823910713195800781e-01
2.823910713195800781e-01
2.823910713195800781e-01
2.823910713195800781e-01
2.823910713195800781e-01
2.823910713195800781e-01
2.823910713195800781e-01
2.823910713195800781e-01
2.823910713195800781e-01
2.823910713195800781e-01
2.823910713195800781e-01
2.823910713195800781e-01
2.823910713195800781e-01
2.823910713195800781e-01
2.823910713195800781e-01
2.823910713195800781e-01
7.916915416717529297e-02
2.823910713195800781e-01
2.823910713195800781e-01
7.283303886651992798e-02
2.823910713195800781e-01
2.823910713195800781e-01
6.527897715568542480e-01
1.382275968790054321e-01
2.823910713195800781e-01
2.823910713195800781e-01
2.823910713195800781e-01
2.823910713195800781e-01
2.823910713195800781e-01
2.823910713195800781e-01
2.823910713195800781e-01
1.710182987153530121e-02
2.823910713195800781e-01
2.823910713195800781e-01
2.823910713195800781e-01
2.403093129396438599e-02
2.823910713195800781e-01
2.823910713195800781e-01
2.823910713195800781e-01
2.823910713195800781e-01
2.823910713195800781e-01
2.823910713195800781e-01
2.823910713195800781e-01
2.823910713195800781e-01
2.823910713195800781e-01
2.823910713195800781e-01
2.823910713195800781e-01
2.823910713195800781e-01
1.813574582338333130e-01
2.823910713195800781e-01
2.823910713195800781e-01
1.791735589504241943e-01
2.823910713195800781e-01
2.823910713195800781e-01
2.823910713195800781e-01
2.823910713195800781e-01
2.823910713195800781e-01
2.823910713195800781e-01
2.823910713195800781e-01
2.823910713195800781e-01
2.823910713195800781e-01
2.823910713195800781e-01
2.823910713195800781e-01
2.823910713195800781e-01
2.823910713195800781e-01
2.823910713195800781e-01
2.823910713195800781e-01
5.982412770390510559e-02
2.823910713195800781e-01
2.211717367172241211e-01
2.823910713195800781e-01
2.823910713195800781e-01
