5.009844899177551270e-01
5.009844899177551270e-01
5.009844899177551270e-01
5.009844899177551270e-01
5.009844899177551270e-01
5.009825825691223145e-01
5.009844899177551270e-01
5.009844899177551270e-01
5.009844899177551270e-01
5.009844899177551270e-01
4.902968108654022217e-01
5.009844899177551270e-01
5.009844899177551270e-01
5.009844899177551270e-01
5.009844899177551270e-01
5.009844899177551270e-01
5.009844899177551270e-01
5.009844899177551270e-01
4.983687102794647217e-01
5.009844899177551270e-01
5.009844899177551270e-01
5.009844899177551270e-01
5.009844899177551270e-01
5.009844899177551270e-01
5.009844899177551270e-01
5.009844899177551270e-01
5.009844899177551270e-01
5.009844899177551270e-01
5.009844899177551270e-01
5.009844899177551270e-01
5.009844899177551270e-01
5.006840229034423828e-01
5.004842281341552734e-01
4.608723521232604980e-01
5.009844899177551270e-01
5.009844899177551270e-01
5.009844899177551270e-01
5.009844899177551270e-01
5.009844899177551270e-01
5.009844899177551270e-01
5.009844899177551270e-01
5.009844899177551270e-01
5.009844899177551270e-01
5.009799599647521973e-01
5.009844899177551270e-01
5.009844899177551270e-01
5.009844899177551270e-01
5.009844899177551270e-01
4.692365825176239014e-01
5.009844899177551270e-01
5.009844899177551270e-01
5.009844899177551270e-01
5.009844899177551270e-01
4.692365825176239014e-01
5.009844899177551270e-01
5.009844899177551270e-01
5.009844899177551270e-01
5.009844899177551270e-01
5.009844899177551270e-01
5.009844899177551270e-01
5.009844899177551270e-01
5.009844899177551270e-01
5.009844899177551270e-01
5.009844899177551270e-01
5.009844899177551270e-01
4.692365825176239014e-01
5.009844899177551270e-01
5.009844899177551270e-01
5.009844899177551270e-01
5.009844899177551270e-01
5.009844899177551270e-01
5.009844899177551270e-01
5.009844899177551270e-01
5.009844899177551270e-01
5.009844899177551270e-01
4.692365825176239014e-01
4.692365825176239014e-01
4.692365825176239014e-01
4.692365825176239014e-01
4.692365825176239014e-01
4.692365825176239014e-01
4.692365825176239014e-01
4.692365825176239014e-01
4.692365825176239014e-01
4.692365825176239014e-01
4.692365825176239014e-01
4.692365825176239014e-01
4.692365825176239014e-01
4.692365825176239014e-01
4.692365825176239014e-01
4.692365825176239014e-01
4.692365825176239014e-01
4.692365825176239014e-01
4.692365825176239014e-01
4.692365825176239014e-01
4.692365825176239014e-01
4.692365825176239014e-01
4.692365825176239014e-01
4.692365825176239014e-01
4.692365825176239014e-01
4.692365825176239014e-01
4.692365825176239014e-01
4.692365825176239014e-01
4.692365825176239014e-01
4.692365825176239014e-01
4.692365825176239014e-01
4.692365825176239014e-01
4.692365825176239014e-01
4.692365825176239014e-01
4.692365825176239014e-01
4.692365825176239014e-01
4.692365825176239014e-01
4.692365825176239014e-01
4.692365825176239014e-01
4.692365825176239014e-01
4.692365825176239014e-01
4.692365825176239014e-01
4.692365825176239014e-01
4.692365825176239014e-01
4.692365825176239014e-01
4.692365825176239014e-01
4.692365825176239014e-01
4.692365825176239014e-01
4.692365825176239014e-01
4.692365825176239014e-01
4.692365825176239014e-01
4.692365825176239014e-01
4.692365825176239014e-01
4.692365825176239014e-01
4.692365825176239014e-01
4.692365825176239014e-01
4.692365825176239014e-01
4.692365825176239014e-01
4.692365825176239014e-01
4.692365825176239014e-01
4.692365825176239014e-01
4.692365825176239014e-01
4.692365825176239014e-01
4.692365825176239014e-01
4.692365825176239014e-01
4.692365825176239014e-01
4.692365825176239014e-01
4.692365825176239014e-01
4.692365825176239014e-01
4.692365825176239014e-01
4.692365825176239014e-01
4.692365825176239014e-01
4.692365825176239014e-01
4.692365825176239014e-01
4.692365825176239014e-01
4.692365825176239014e-01
4.692365825176239014e-01
4.692365825176239014e-01
4.692365825176239014e-01
4.692365825176239014e-01
4.692365825176239014e-01
4.692365825176239014e-01
4.692365825176239014e-01
4.692365825176239014e-01
4.692365825176239014e-01
4.692365825176239014e-01
4.692365825176239014e-01
4.692365825176239014e-01
4.692365825176239014e-01
4.692365825176239014e-01
4.692365825176239014e-01
4.692365825176239014e-01
4.692365825176239014e-01
4.692365825176239014e-01
4.692365825176239014e-01
4.692365825176239014e-01
4.692365825176239014e-01
4.692365825176239014e-01
4.692365825176239014e-01
4.692365825176239014e-01
4.692365825176239014e-01
4.692365825176239014e-01
4.692365825176239014e-01
4.692365825176239014e-01
4.692365825176239014e-01
4.692365825176239014e-01
4.692365825176239014e-01
4.692365825176239014e-01
4.692365825176239014e-01
4.692365825176239014e-01
4.692365825176239014e-01
4.692365825176239014e-01
4.692365825176239014e-01
4.692365825176239014e-01
4.692365825176239014e-01
4.692365825176239014e-01
4.692365825176239014e-01
4.692365825176239014e-01
4.692365825176239014e-01
4.692365825176239014e-01
4.692365825176239014e-01
4.692365825176239014e-01
4.692365825176239014e-01
4.692365825176239014e-01
4.692365825176239014e-01
4.692365825176239014e-01
4.692365825176239014e-01
4.692365825176239014e-01
4.692365825176239014e-01
4.692365825176239014e-01
4.692365825176239014e-01
4.692365825176239014e-01
4.692365825176239014e-01
4.692365825176239014e-01
4.692365825176239014e-01
4.692365825176239014e-01
4.692365825176239014e-01
4.692365825176239014e-01
4.692365825176239014e-01
4.692365825176239014e-01
4.692365825176239014e-01
4.692365825176239014e-01
4.692365825176239014e-01
4.692365825176239014e-01
4.692365825176239014e-01
4.692365825176239014e-01
4.692365825176239014e-01
4.692365825176239014e-01
4.692365825176239014e-01
4.692365825176239014e-01
4.692365825176239014e-01
4.692365825176239014e-01
4.692365825176239014e-01
4.692365825176239014e-01
4.692365825176239014e-01
4.692365825176239014e-01
4.692365825176239014e-01
4.692365825176239014e-01
4.692365825176239014e-01
4.692365825176239014e-01
4.692365825176239014e-01
4.692365825176239014e-01
4.692365825176239014e-01
4.692365825176239014e-01
4.692365825176239014e-01
4.692365825176239014e-01
4.692365825176239014e-01
4.692365825176239014e-01
4.692365825176239014e-01
4.692365825176239014e-01
4.692365825176239014e-01
5.009844899177551270e-01
5.009844899177551270e-01
5.009844899177551270e-01
4.692365825176239014e-01
4.692365825176239014e-01
5.009844899177551270e-01
4.655826687812805176e-01
5.009844899177551270e-01
4.692365825176239014e-01
5.009844899177551270e-01
5.009844899177551270e-01
4.655826687812805176e-01
5.009844899177551270e-01
5.009844899177551270e-01
5.009844899177551270e-01
5.009844899177551270e-01
4.692365825176239014e-01
4.692365825176239014e-01
4.692365825176239014e-01
5.009844899177551270e-01
5.009844899177551270e-01
5.009844899177551270e-01
4.692365825176239014e-01
5.009844899177551270e-01
5.009844899177551270e-01
5.009844899177551270e-01
4.692365825176239014e-01
4.912486970424652100e-01
5.009844899177551270e-01
5.009844899177551270e-01
5.009844899177551270e-01
5.009844899177551270e-01
5.009844899177551270e-01
5.009844899177551270e-01
5.009844899177551270e-01
5.009844899177551270e-01
4.692365825176239014e-01
4.692365825176239014e-01
4.692365825176239014e-01
5.009844899177551270e-01
5.009844899177551270e-01
5.009844899177551270e-01
5.009844899177551270e-01
5.009844899177551270e-01
5.009844899177551270e-01
5.009844899177551270e-01
4.692365825176239014e-01
4.692365825176239014e-01
5.009844899177551270e-01
5.009844899177551270e-01
5.009844899177551270e-01
5.009844899177551270e-01
5.009844899177551270e-01
5.009844899177551270e-01
5.009844899177551270e-01
5.009844899177551270e-01
5.009844899177551270e-01
4.692365825176239014e-01
4.692365825176239014e-01
5.009844899177551270e-01
4.655826687812805176e-01
4.692365825176239014e-01
5.009844899177551270e-01
5.009844899177551270e-01
4.692365825176239014e-01
5.009133815765380859e-01
4.692365825176239014e-01
5.009844899177551270e-01
5.009844899177551270e-01
5.009844899177551270e-01
4.692365825176239014e-01
5.009844899177551270e-01
5.009844899177551270e-01
4.692365825176239014e-01
4.692365825176239014e-01
5.009844899177551270e-01
4.692365825176239014e-01
4.918203651905059814e-01
4.692365825176239014e-01
4.692365825176239014e-01
5.009844899177551270e-01
4.692365825176239014e-01
4.692365825176239014e-01
5.009844899177551270e-01
4.692365825176239014e-01
4.692365825176239014e-01
4.692365825176239014e-01
4.692365825176239014e-01
4.692365825176239014e-01
5.009844899177551270e-01
5.009844899177551270e-01
4.692365825176239014e-01
4.692365825176239014e-01
4.692365825176239014e-01
5.009844899177551270e-01
4.692365825176239014e-01
4.692365825176239014e-01
5.009844899177551270e-01
4.692365825176239014e-01
4.692365825176239014e-01
4.692365825176239014e-01
5.009844899177551270e-01
5.009844899177551270e-01
4.692365825176239014e-01
5.009844899177551270e-01
4.692365825176239014e-01
5.009844899177551270e-01
4.692365825176239014e-01
4.692365825176239014e-01
4.692365825176239014e-01
4.692365825176239014e-01
4.692365825176239014e-01
5.009844899177551270e-01
4.692365825176239014e-01
4.692365825176239014e-01
4.692365825176239014e-01
4.692365825176239014e-01
4.692365825176239014e-01
4.692365825176239014e-01
4.692365825176239014e-01
4.692365825176239014e-01
4.692365825176239014e-01
4.692365825176239014e-01
4.692365825176239014e-01
4.692365825176239014e-01
4.692365825176239014e-01
4.692365825176239014e-01
4.692365825176239014e-01
4.692365825176239014e-01
4.692365825176239014e-01
4.692365825176239014e-01
4.692365825176239014e-01
4.692365825176239014e-01
4.692365825176239014e-01
4.692365825176239014e-01
4.692365825176239014e-01
4.692365825176239014e-01
4.692365825176239014e-01
4.692365825176239014e-01
4.692365825176239014e-01
4.692365825176239014e-01
4.692365825176239014e-01
4.692365825176239014e-01
4.692365825176239014e-01
4.692365825176239014e-01
4.692365825176239014e-01
4.692365825176239014e-01
4.692365825176239014e-01
4.692365825176239014e-01
4.692365825176239014e-01
4.692365825176239014e-01
4.692365825176239014e-01
4.692365825176239014e-01
4.692365825176239014e-01
4.692365825176239014e-01
4.692365825176239014e-01
4.692365825176239014e-01
4.692365825176239014e-01
4.692365825176239014e-01
4.692365825176239014e-01
4.692365825176239014e-01
4.692365825176239014e-01
4.692365825176239014e-01
4.692365825176239014e-01
4.692365825176239014e-01
4.692365825176239014e-01
4.692365825176239014e-01
4.692365825176239014e-01
4.692365825176239014e-01
4.692365825176239014e-01
4.692365825176239014e-01
4.692365825176239014e-01
4.692365825176239014e-01
4.692365825176239014e-01
4.692365825176239014e-01
4.692365825176239014e-01
4.692365825176239014e-01
4.692365825176239014e-01
4.692365825176239014e-01
4.692365825176239014e-01
5.009844899177551270e-01
5.009844899177551270e-01
5.009833574295043945e-01
4.692365825176239014e-01
5.009844899177551270e-01
5.009844899177551270e-01
5.009844899177551270e-01
5.009844899177551270e-01
5.009844899177551270e-01
5.009844899177551270e-01
5.009843111038208008e-01
5.009844899177551270e-01
5.009844899177551270e-01
5.009844899177551270e-01
5.009844899177551270e-01
5.009844899177551270e-01
5.009844899177551270e-01
5.009844899177551270e-01
4.703117311000823975e-01
5.009844899177551270e-01
5.009844899177551270e-01
5.009844899177551270e-01
5.009844899177551270e-01
5.009844899177551270e-01
5.009844899177551270e-01
5.009844899177551270e-01
5.009844899177551270e-01
4.692365825176239014e-01
5.009844899177551270e-01
5.009844899177551270e-01
5.009804368019104004e-01
5.009844899177551270e-01
5.009844899177551270e-01
5.009844899177551270e-01
5.009844899177551270e-01
5.009844899177551270e-01
5.009844899177551270e-01
5.009801387786865234e-01
5.009844899177551270e-01
5.009844899177551270e-01
4.669437408447265625e-01
5.009844899177551270e-01
5.009844899177551270e-01
5.009844899177551270e-01
4.692365825176239014e-01
4.948617815971374512e-01
5.009844899177551270e-01
5.009844899177551270e-01
5.009844899177551270e-01
5.009844899177551270e-01
5.009844899177551270e-01
5.009844899177551270e-01
5.009844899177551270e-01
4.692365825176239014e-01
5.009844899177551270e-01
5.009844899177551270e-01
5.009844899177551270e-01
5.009844899177551270e-01
5.009844899177551270e-01
5.009844899177551270e-01
5.009844899177551270e-01
5.009844899177551270e-01
5.009844899177551270e-01
4.935312569141387939e-01
4.910117685794830322e-01
5.009844899177551270e-01
5.009844899177551270e-01
5.009844899177551270e-01
4.692365825176239014e-01
5.009844899177551270e-01
4.692365825176239014e-01
5.009844899177551270e-01
5.009844899177551270e-01
5.005865693092346191e-01
5.009844303131103516e-01
4.692365825176239014e-01
4.692365825176239014e-01
4.692365825176239014e-01
4.692365825176239014e-01
4.692365825176239014e-01
4.692365825176239014e-01
4.692365825176239014e-01
5.009060502052307129e-01
4.692365825176239014e-01
4.692365825176239014e-01
4.692365825176239014e-01
4.692365825176239014e-01
4.692365825176239014e-01
4.692365825176239014e-01
4.692365825176239014e-01
4.692365825176239014e-01
4.692365825176239014e-01
4.692365825176239014e-01
4.692365825176239014e-01
4.692365825176239014e-01
4.692365825176239014e-01
4.692365825176239014e-01
4.692365825176239014e-01
4.692365825176239014e-01
4.692365825176239014e-01
4.692365825176239014e-01
5.009844899177551270e-01
4.692365825176239014e-01
5.009406805038452148e-01
5.009844899177551270e-01
4.692365825176239014e-01
4.692365825176239014e-01
4.692365825176239014e-01
4.692365825176239014e-01
4.986944496631622314e-01
4.692365825176239014e-01
4.692365825176239014e-01
4.692365825176239014e-01
4.692365825176239014e-01
4.692365825176239014e-01
4.692365825176239014e-01
4.692365825176239014e-01
4.692365825176239014e-01
5.008261799812316895e-01
4.692365825176239014e-01
4.692365825176239014e-01
4.692365825176239014e-01
4.927256107330322266e-01
4.692365825176239014e-01
4.692365825176239014e-01
4.692365825176239014e-01
4.692365825176239014e-01
4.692365825176239014e-01
4.692365825176239014e-01
4.986944496631622314e-01
4.692365825176239014e-01
4.692365825176239014e-01
4.986944496631622314e-01
4.692365825176239014e-01
4.692365825176239014e-01
4.692365825176239014e-01
4.692365825176239014e-01
4.692365825176239014e-01
4.692365825176239014e-01
4.692365825176239014e-01
4.692365825176239014e-01
4.692365825176239014e-01
4.692365825176239014e-01
4.692365825176239014e-01
4.692365825176239014e-01
4.692365825176239014e-01
4.692365825176239014e-01
4.692365825176239014e-01
4.692365825176239014e-01
4.692365825176239014e-01
4.692365825176239014e-01
4.692365825176239014e-01
4.692365825176239014e-01
4.692365825176239014e-01
4.692365825176239014e-01
4.692365825176239014e-01
4.692365825176239014e-01
4.692365825176239014e-01
4.692365825176239014e-01
4.692365825176239014e-01
4.692365825176239014e-01
4.692365825176239014e-01
4.692365825176239014e-01
4.692365825176239014e-01
4.692365825176239014e-01
4.692365825176239014e-01
4.692365825176239014e-01
4.692365825176239014e-01
4.692365825176239014e-01
4.692365825176239014e-01
4.692365825176239014e-01
4.692365825176239014e-01
4.692365825176239014e-01
4.692365825176239014e-01
4.692365825176239014e-01
4.692365825176239014e-01
4.692365825176239014e-01
4.692365825176239014e-01
4.692365825176239014e-01
4.692365825176239014e-01
4.692365825176239014e-01
4.692365825176239014e-01
4.692365825176239014e-01
4.692365825176239014e-01
4.692365825176239014e-01
4.692365825176239014e-01
4.692365825176239014e-01
4.692365825176239014e-01
4.692365825176239014e-01
4.692365825176239014e-01
4.692365825176239014e-01
4.692365825176239014e-01
4.692365825176239014e-01
4.692365825176239014e-01
4.692365825176239014e-01
4.692365825176239014e-01
4.692365825176239014e-01
4.692365825176239014e-01
4.692365825176239014e-01
4.692365825176239014e-01
4.692365825176239014e-01
4.692365825176239014e-01
4.692365825176239014e-01
4.692365825176239014e-01
4.692365825176239014e-01
4.692365825176239014e-01
4.692365825176239014e-01
4.692365825176239014e-01
4.692365825176239014e-01
4.692365825176239014e-01
4.692365825176239014e-01
5.009844899177551270e-01
4.692365825176239014e-01
4.692365825176239014e-01
4.692365825176239014e-01
4.692365825176239014e-01
4.692365825176239014e-01
4.692365825176239014e-01
5.009844899177551270e-01
4.692365825176239014e-01
4.692365825176239014e-01
4.692365825176239014e-01
4.692365825176239014e-01
4.692365825176239014e-01
4.692365825176239014e-01
4.692365825176239014e-01
4.995448589324951172e-01
4.692365825176239014e-01
4.692365825176239014e-01
4.692365825176239014e-01
5.009844899177551270e-01
4.692365825176239014e-01
4.692365825176239014e-01
4.692365825176239014e-01
4.692365825176239014e-01
4.692365825176239014e-01
4.692365825176239014e-01
4.692365825176239014e-01
4.692365825176239014e-01
4.692365825176239014e-01
4.692365825176239014e-01
4.692365825176239014e-01
4.692365825176239014e-01
4.692365825176239014e-01
5.009813904762268066e-01
4.692365825176239014e-01
4.692365825176239014e-01
5.009844899177551270e-01
5.009844899177551270e-01
4.692365825176239014e-01
4.692365825176239014e-01
4.692365825176239014e-01
4.692365825176239014e-01
4.692365825176239014e-01
4.692365825176239014e-01
4.692365825176239014e-01
4.692365825176239014e-01
4.692365825176239014e-01
4.692365825176239014e-01
4.692365825176239014e-01
5.009663105010986328e-01
4.692365825176239014e-01
4.692365825176239014e-01
4.692365825176239014e-01
4.692365825176239014e-01
4.692365825176239014e-01
4.692365825176239014e-01
4.692365825176239014e-01
4.692365825176239014e-01
4.692365825176239014e-01
5.009844899177551270e-01
4.692365825176239014e-01
4.692365825176239014e-01
5.009844899177551270e-01
4.692365825176239014e-01
4.692365825176239014e-01
4.692365825176239014e-01
4.692365825176239014e-01
4.692365825176239014e-01
4.692365825176239014e-01
4.692365825176239014e-01
4.692365825176239014e-01
4.692365825176239014e-01
4.692365825176239014e-01
4.692365825176239014e-01
4.692365825176239014e-01
4.692365825176239014e-01
4.692365825176239014e-01
4.692365825176239014e-01
4.692365825176239014e-01
4.692365825176239014e-01
4.692365825176239014e-01
4.692365825176239014e-01
4.692365825176239014e-01
4.692365825176239014e-01
4.692365825176239014e-01
4.692365825176239014e-01
4.692365825176239014e-01
4.692365825176239014e-01
4.692365825176239014e-01
4.692365825176239014e-01
4.692365825176239014e-01
4.692365825176239014e-01
4.692365825176239014e-01
4.692365825176239014e-01
4.692365825176239014e-01
4.692365825176239014e-01
4.692365825176239014e-01
4.692365825176239014e-01
4.692365825176239014e-01
4.692365825176239014e-01
4.692365825176239014e-01
4.692365825176239014e-01
4.692365825176239014e-01
4.692365825176239014e-01
4.692365825176239014e-01
4.692365825176239014e-01
4.692365825176239014e-01
4.692365825176239014e-01
4.692365825176239014e-01
4.692365825176239014e-01
4.692365825176239014e-01
4.692365825176239014e-01
4.692365825176239014e-01
4.692365825176239014e-01
4.692365825176239014e-01
4.692365825176239014e-01
4.692365825176239014e-01
4.692365825176239014e-01
4.692365825176239014e-01
4.692365825176239014e-01
4.692365825176239014e-01
4.692365825176239014e-01
4.692365825176239014e-01
4.692365825176239014e-01
4.692365825176239014e-01
4.692365825176239014e-01
4.692365825176239014e-01
4.692365825176239014e-01
4.692365825176239014e-01
4.692365825176239014e-01
4.692365825176239014e-01
4.692365825176239014e-01
4.692365825176239014e-01
4.692365825176239014e-01
4.692365825176239014e-01
4.692365825176239014e-01
4.692365825176239014e-01
4.692365825176239014e-01
4.692365825176239014e-01
4.692365825176239014e-01
4.692365825176239014e-01
4.692365825176239014e-01
4.692365825176239014e-01
4.692365825176239014e-01
4.692365825176239014e-01
4.692365825176239014e-01
4.692365825176239014e-01
4.692365825176239014e-01
4.692365825176239014e-01
4.692365825176239014e-01
4.692365825176239014e-01
4.692365825176239014e-01
4.692365825176239014e-01
4.692365825176239014e-01
4.692365825176239014e-01
4.692365825176239014e-01
4.692365825176239014e-01
4.692365825176239014e-01
4.692365825176239014e-01
4.692365825176239014e-01
4.692365825176239014e-01
4.692365825176239014e-01
4.692365825176239014e-01
4.692365825176239014e-01
4.692365825176239014e-01
4.692365825176239014e-01
4.692365825176239014e-01
4.692365825176239014e-01
4.692365825176239014e-01
4.692365825176239014e-01
4.692365825176239014e-01
4.692365825176239014e-01
4.692365825176239014e-01
4.692365825176239014e-01
4.692365825176239014e-01
4.692365825176239014e-01
4.692365825176239014e-01
4.692365825176239014e-01
4.692365825176239014e-01
4.692365825176239014e-01
4.692365825176239014e-01
4.692365825176239014e-01
4.692365825176239014e-01
4.692365825176239014e-01
4.692365825176239014e-01
4.692365825176239014e-01
4.692365825176239014e-01
4.692365825176239014e-01
4.692365825176239014e-01
4.692365825176239014e-01
4.692365825176239014e-01
4.692365825176239014e-01
4.692365825176239014e-01
4.692365825176239014e-01
4.692365825176239014e-01
4.692365825176239014e-01
4.692365825176239014e-01
4.692365825176239014e-01
4.692365825176239014e-01
4.692365825176239014e-01
4.692365825176239014e-01
4.692365825176239014e-01
4.692365825176239014e-01
4.692365825176239014e-01
4.692365825176239014e-01
4.692365825176239014e-01
4.692365825176239014e-01
4.692365825176239014e-01
4.692365825176239014e-01
4.692365825176239014e-01
4.692365825176239014e-01
4.692365825176239014e-01
4.692365825176239014e-01
4.692365825176239014e-01
4.692365825176239014e-01
4.692365825176239014e-01
4.692365825176239014e-01
4.692365825176239014e-01
4.692365825176239014e-01
4.692365825176239014e-01
4.692365825176239014e-01
4.692365825176239014e-01
4.692365825176239014e-01
4.692365825176239014e-01
4.692365825176239014e-01
4.692365825176239014e-01
4.692365825176239014e-01
4.692365825176239014e-01
4.692365825176239014e-01
4.692365825176239014e-01
4.692365825176239014e-01
4.692365825176239014e-01
4.692365825176239014e-01
4.692365825176239014e-01
4.692365825176239014e-01
4.692365825176239014e-01
4.692365825176239014e-01
4.692365825176239014e-01
4.692365825176239014e-01
4.692365825176239014e-01
4.692365825176239014e-01
4.692365825176239014e-01
4.692365825176239014e-01
4.692365825176239014e-01
4.692365825176239014e-01
4.692365825176239014e-01
4.692365825176239014e-01
4.692365825176239014e-01
4.692365825176239014e-01
4.692365825176239014e-01
4.692365825176239014e-01
4.692365825176239014e-01
4.692365825176239014e-01
4.692365825176239014e-01
4.692365825176239014e-01
4.692365825176239014e-01
4.692365825176239014e-01
4.692365825176239014e-01
4.692365825176239014e-01
4.692365825176239014e-01
4.692365825176239014e-01
4.692365825176239014e-01
4.692365825176239014e-01
4.692365825176239014e-01
4.692365825176239014e-01
4.692365825176239014e-01
4.692365825176239014e-01
4.692365825176239014e-01
4.692365825176239014e-01
4.692365825176239014e-01
4.692365825176239014e-01
4.692365825176239014e-01
4.692365825176239014e-01
4.692365825176239014e-01
4.692365825176239014e-01
4.692365825176239014e-01
4.692365825176239014e-01
4.692365825176239014e-01
4.692365825176239014e-01
4.692365825176239014e-01
4.692365825176239014e-01
4.692365825176239014e-01
4.692365825176239014e-01
4.692365825176239014e-01
4.692365825176239014e-01
4.692365825176239014e-01
4.692365825176239014e-01
4.692365825176239014e-01
4.692365825176239014e-01
4.692365825176239014e-01
4.692365825176239014e-01
4.692365825176239014e-01
4.692365825176239014e-01
4.692365825176239014e-01
4.692365825176239014e-01
4.692365825176239014e-01
4.692365825176239014e-01
4.692365825176239014e-01
4.692365825176239014e-01
4.692365825176239014e-01
4.692365825176239014e-01
4.692365825176239014e-01
4.692365825176239014e-01
4.692365825176239014e-01
4.692365825176239014e-01
4.692365825176239014e-01
4.692365825176239014e-01
4.692365825176239014e-01
4.692365825176239014e-01
4.692365825176239014e-01
4.692365825176239014e-01
4.692365825176239014e-01
4.692365825176239014e-01
4.692365825176239014e-01
4.692365825176239014e-01
4.692365825176239014e-01
4.692365825176239014e-01
4.692365825176239014e-01
4.692365825176239014e-01
4.692365825176239014e-01
4.692365825176239014e-01
4.692365825176239014e-01
4.692365825176239014e-01
4.692365825176239014e-01
4.692365825176239014e-01
4.692365825176239014e-01
4.692365825176239014e-01
4.692365825176239014e-01
4.692365825176239014e-01
4.692365825176239014e-01
4.692365825176239014e-01
4.692365825176239014e-01
4.692365825176239014e-01
4.692365825176239014e-01
4.692365825176239014e-01
4.692365825176239014e-01
4.692365825176239014e-01
4.692365825176239014e-01
4.988102018833160400e-01
4.692365825176239014e-01
4.692365825176239014e-01
4.692365825176239014e-01
4.692365825176239014e-01
4.692365825176239014e-01
4.692365825176239014e-01
4.692365825176239014e-01
4.692365825176239014e-01
4.692365825176239014e-01
4.692365825176239014e-01
5.009844899177551270e-01
4.692365825176239014e-01
4.692365825176239014e-01
4.692365825176239014e-01
4.692365825176239014e-01
4.692365825176239014e-01
5.009724497795104980e-01
4.692365825176239014e-01
4.692365825176239014e-01
4.692365825176239014e-01
4.692365825176239014e-01
4.692365825176239014e-01
5.009700059890747070e-01
4.692365825176239014e-01
4.692365825176239014e-01
4.692365825176239014e-01
4.692365825176239014e-01
4.692365825176239014e-01
4.692365825176239014e-01
4.692365825176239014e-01
4.692365825176239014e-01
4.692365825176239014e-01
4.692365825176239014e-01
4.692365825176239014e-01
4.720327258110046387e-01
5.003370046615600586e-01
4.692365825176239014e-01
4.692365825176239014e-01
4.692365825176239014e-01
4.692365825176239014e-01
4.692365825176239014e-01
4.692365825176239014e-01
4.692365825176239014e-01
4.692365825176239014e-01
4.692365825176239014e-01
4.692365825176239014e-01
4.692365825176239014e-01
4.989987313747406006e-01
5.009714961051940918e-01
4.692365825176239014e-01
4.692365825176239014e-01
4.692365825176239014e-01
4.692365825176239014e-01
4.692365825176239014e-01
4.692365825176239014e-01
4.692365825176239014e-01
