9.431357979774475098e-01
9.967465400695800781e-01
9.419721961021423340e-01
7.788768410682678223e-01
7.788768410682678223e-01
9.955953955650329590e-01
7.788768410682678223e-01
7.788768410682678223e-01
7.788768410682678223e-01
9.718881845474243164e-01
9.347448945045471191e-01
7.788768410682678223e-01
9.926383495330810547e-01
9.792039394378662109e-01
7.788768410682678223e-01
7.788768410682678223e-01
9.927760362625122070e-01
9.941769838333129883e-01
7.679315209388732910e-01
9.924783706665039062e-01
7.788768410682678223e-01
9.788872003555297852e-01
7.788768410682678223e-01
9.441854357719421387e-01
7.788768410682678223e-01
9.788714051246643066e-01
9.958114624023437500e-01
9.674590229988098145e-01
9.959514141082763672e-01
7.788768410682678223e-01
9.925382733345031738e-01
7.776338458061218262e-01
9.970403313636779785e-01
9.799273014068603516e-01
9.592645168304443359e-01
9.742093682289123535e-01
9.758759140968322754e-01
9.700493216514587402e-01
7.788768410682678223e-01
9.771569371223449707e-01
7.788768410682678223e-01
7.788768410682678223e-01
9.825347065925598145e-01
7.788581252098083496e-01
7.788768410682678223e-01
7.788768410682678223e-01
7.788768410682678223e-01
7.788768410682678223e-01
8.405439257621765137e-01
7.788768410682678223e-01
9.342404007911682129e-01
7.788768410682678223e-01
7.788768410682678223e-01
9.920020103454589844e-01
7.788768410682678223e-01
7.788768410682678223e-01
9.587436318397521973e-01
7.788768410682678223e-01
7.788768410682678223e-01
9.848099350929260254e-01
9.987591505050659180e-01
9.696493148803710938e-01
9.377704262733459473e-01
7.788768410682678223e-01
9.440369009971618652e-01
3.464181423187255859e-01
7.788768410682678223e-01
9.686353802680969238e-01
7.788768410682678223e-01
7.788768410682678223e-01
9.831351041793823242e-01
9.758464097976684570e-01
7.788768410682678223e-01
7.788768410682678223e-01
9.607819914817810059e-01
3.464181423187255859e-01
3.464181423187255859e-01
3.464181423187255859e-01
9.786455631256103516e-01
3.464181423187255859e-01
3.464181423187255859e-01
9.786487221717834473e-01
3.464181423187255859e-01
3.464181423187255859e-01
3.464181423187255859e-01
3.464181423187255859e-01
8.865234851837158203e-01
3.464181423187255859e-01
9.917431473731994629e-01
3.464181423187255859e-01
9.945797920227050781e-01
9.920817613601684570e-01
3.464181423187255859e-01
9.608130455017089844e-01
9.296943545341491699e-01
9.969518184661865234e-01
9.757059812545776367e-01
9.850587844848632812e-01
3.464181423187255859e-01
3.464181423187255859e-01
3.464181423187255859e-01
9.690814018249511719e-01
3.464181423187255859e-01
3.464181423187255859e-01
9.953617453575134277e-01
9.925832748413085938e-01
9.767290353775024414e-01
3.464181423187255859e-01
3.464181423187255859e-01
3.464181423187255859e-01
9.877284765243530273e-01
3.464181423187255859e-01
3.464181423187255859e-01
3.464181423187255859e-01
9.939331412315368652e-01
3.464181423187255859e-01
3.464181423187255859e-01
9.930285811424255371e-01
9.824262857437133789e-01
9.953958392143249512e-01
9.793509244918823242e-01
9.904667735099792480e-01
9.775471687316894531e-01
3.464181423187255859e-01
9.968384504318237305e-01
3.464181423187255859e-01
9.643668532371520996e-01
3.464181423187255859e-01
8.529964089393615723e-01
9.973570704460144043e-01
9.924173355102539062e-01
9.570834636688232422e-01
9.706096053123474121e-01
3.464181423187255859e-01
9.959288239479064941e-01
3.464181423187255859e-01
9.869808554649353027e-01
9.967341423034667969e-01
9.952058196067810059e-01
9.546697735786437988e-01
3.464181423187255859e-01
9.951763153076171875e-01
9.999821186065673828e-01
3.464181423187255859e-01
9.904425740242004395e-01
3.464181423187255859e-01
3.464181423187255859e-01
3.464181423187255859e-01
9.881894588470458984e-01
9.599031209945678711e-01
9.941067695617675781e-01
3.464181423187255859e-01
9.664158225059509277e-01
3.464181423187255859e-01
9.933394789695739746e-01
9.749720692634582520e-01
9.560376405715942383e-01
8.622555136680603027e-01
8.861700296401977539e-01
3.464181423187255859e-01
3.464181423187255859e-01
3.464181423187255859e-01
3.464181423187255859e-01
9.846450686454772949e-01
9.949843883514404297e-01
6.591274142265319824e-01
3.464181423187255859e-01
3.464181423187255859e-01
7.785306572914123535e-01
3.464181423187255859e-01
3.464181423187255859e-01
9.901562929153442383e-01
3.464181423187255859e-01
9.623211026191711426e-01
9.854924082756042480e-01
3.464181423187255859e-01
9.566828012466430664e-01
3.464181423187255859e-01
3.464181423187255859e-01
9.598818421363830566e-01
3.464181423187255859e-01
3.464181423187255859e-01
9.183123707771301270e-01
3.464181423187255859e-01
9.950455427169799805e-01
9.428938627243041992e-01
3.464181423187255859e-01
3.464181423187255859e-01
9.693417549133300781e-01
9.960557222366333008e-01
3.464181423187255859e-01
3.464181423187255859e-01
9.698543548583984375e-01
9.528523087501525879e-01
3.464181423187255859e-01
9.864632487297058105e-01
3.464181423187255859e-01
3.464181423187255859e-01
3.464181423187255859e-01
9.917609691619873047e-01
3.464181423187255859e-01
9.956316947937011719e-01
3.464181423187255859e-01
9.910745024681091309e-01
9.815949201583862305e-01
3.464181423187255859e-01
3.464181423187255859e-01
3.464181423187255859e-01
9.764304757118225098e-01
3.464181423187255859e-01
3.464181423187255859e-01
3.464181423187255859e-01
3.464181423187255859e-01
9.876048564910888672e-01
9.974500536918640137e-01
9.661512374877929688e-01
9.021865129470825195e-01
3.464181423187255859e-01
8.237969279289245605e-01
9.346165657043457031e-01
8.887268900871276855e-01
9.316906332969665527e-01
9.832828044891357422e-01
3.464181423187255859e-01
9.917249679565429688e-01
3.464181423187255859e-01
3.464181423187255859e-01
3.464181423187255859e-01
9.999943971633911133e-01
9.633300900459289551e-01
3.464181423187255859e-01
3.464181423187255859e-01
3.464181423187255859e-01
9.727026224136352539e-01
9.624958038330078125e-01
9.828265309333801270e-01
3.464181423187255859e-01
9.527290463447570801e-01
9.980490207672119141e-01
9.933617115020751953e-01
3.464181423187255859e-01
8.876595497131347656e-01
3.464181423187255859e-01
9.554296135902404785e-01
3.464181423187255859e-01
3.464181423187255859e-01
7.788768410682678223e-01
9.698576331138610840e-01
7.788768410682678223e-01
3.464181423187255859e-01
3.464181423187255859e-01
7.788768410682678223e-01
5.926198363304138184e-01
9.527795910835266113e-01
3.464181423187255859e-01
9.773864746093750000e-01
9.629321098327636719e-01
9.525213837623596191e-01
9.962301850318908691e-01
7.788768410682678223e-01
9.779412746429443359e-01
7.788768410682678223e-01
3.464181423187255859e-01
3.464181423187255859e-01
9.180304408073425293e-01
7.788768410682678223e-01
9.660984873771667480e-01
9.758049845695495605e-01
3.464181423187255859e-01
9.878191947937011719e-01
7.788768410682678223e-01
9.707418084144592285e-01
9.746810197830200195e-01
9.455306529998779297e-01
9.597712755203247070e-01
7.788768410682678223e-01
7.788768410682678223e-01
7.788768410682678223e-01
7.788768410682678223e-01
7.788768410682678223e-01
9.597707986831665039e-01
7.788768410682678223e-01
3.464181423187255859e-01
3.464181423187255859e-01
9.383364915847778320e-01
9.581152200698852539e-01
7.788768410682678223e-01
9.707418084144592285e-01
9.691218137741088867e-01
7.788768410682678223e-01
7.788768410682678223e-01
7.788768410682678223e-01
3.464181423187255859e-01
9.735982418060302734e-01
9.017633795738220215e-01
7.788768410682678223e-01
9.893453717231750488e-01
7.788768410682678223e-01
7.788768410682678223e-01
9.873462319374084473e-01
7.788768410682678223e-01
9.895646572113037109e-01
7.788768410682678223e-01
3.464181423187255859e-01
9.851213693618774414e-01
9.893261194229125977e-01
5.926198363304138184e-01
9.680450558662414551e-01
9.737373590469360352e-01
7.788768410682678223e-01
3.464181423187255859e-01
7.785850763320922852e-01
9.678511619567871094e-01
9.165033102035522461e-01
7.788768410682678223e-01
7.788768410682678223e-01
8.950555324554443359e-01
7.788768410682678223e-01
9.270694255828857422e-01
9.783015251159667969e-01
3.464181423187255859e-01
7.788768410682678223e-01
9.666155576705932617e-01
7.387820482254028320e-01
3.464181423187255859e-01
3.464181423187255859e-01
7.788768410682678223e-01
3.464181423187255859e-01
3.464181423187255859e-01
9.829140305519104004e-01
9.916306138038635254e-01
9.185552000999450684e-01
3.464181423187255859e-01
3.464181423187255859e-01
3.464181423187255859e-01
7.788768410682678223e-01
7.788768410682678223e-01
3.464181423187255859e-01
3.464181423187255859e-01
3.464181423187255859e-01
9.982646107673645020e-01
9.709281921386718750e-01
3.464181423187255859e-01
9.939110279083251953e-01
3.464181423187255859e-01
3.464181423187255859e-01
3.464181423187255859e-01
7.788768410682678223e-01
7.788768410682678223e-01
8.849917650222778320e-01
9.921026825904846191e-01
3.464181423187255859e-01
7.788768410682678223e-01
3.464181423187255859e-01
3.464181423187255859e-01
9.512077569961547852e-01
3.464181423187255859e-01
3.464181423187255859e-01
9.576307535171508789e-01
3.464181423187255859e-01
9.623301625251770020e-01
3.464181423187255859e-01
3.464181423187255859e-01
7.832580804824829102e-01
3.464181423187255859e-01
3.464181423187255859e-01
3.464181423187255859e-01
9.992664456367492676e-01
3.464181423187255859e-01
3.464181423187255859e-01
9.989758729934692383e-01
9.763286709785461426e-01
3.464181423187255859e-01
3.464181423187255859e-01
3.464181423187255859e-01
3.464181423187255859e-01
9.119420051574707031e-01
9.787695407867431641e-01
3.464181423187255859e-01
3.464181423187255859e-01
3.464181423187255859e-01
3.464181423187255859e-01
3.464181423187255859e-01
3.464181423187255859e-01
9.733109474182128906e-01
3.464181423187255859e-01
3.464181423187255859e-01
3.464181423187255859e-01
3.464181423187255859e-01
3.464181423187255859e-01
3.464181423187255859e-01
3.464181423187255859e-01
3.464181423187255859e-01
3.464181423187255859e-01
3.464181423187255859e-01
3.464181423187255859e-01
3.464181423187255859e-01
9.718862771987915039e-01
3.464181423187255859e-01
3.464181423187255859e-01
3.464181423187255859e-01
9.637140035629272461e-01
9.236804246902465820e-01
3.464181423187255859e-01
3.464181423187255859e-01
9.604614377021789551e-01
3.464181423187255859e-01
3.464181423187255859e-01
3.464181423187255859e-01
9.780851602554321289e-01
3.464181423187255859e-01
3.464181423187255859e-01
3.464181423187255859e-01
3.464181423187255859e-01
3.464181423187255859e-01
3.464181423187255859e-01
3.464181423187255859e-01
3.464181423187255859e-01
9.758157730102539062e-01
3.464181423187255859e-01
3.464181423187255859e-01
3.464181423187255859e-01
3.464181423187255859e-01
3.464181423187255859e-01
3.464181423187255859e-01
3.464181423187255859e-01
7.788768410682678223e-01
9.540477395057678223e-01
9.696770310401916504e-01
9.798581600189208984e-01
9.806746840476989746e-01
9.509168267250061035e-01
9.566630721092224121e-01
7.788768410682678223e-01
7.788768410682678223e-01
7.788768410682678223e-01
9.393695592880249023e-01
8.956456184387207031e-01
9.714905619621276855e-01
7.788768410682678223e-01
7.788768410682678223e-01
9.528822898864746094e-01
7.788768410682678223e-01
7.788768410682678223e-01
6.216549277305603027e-01
9.218888878822326660e-01
9.916499853134155273e-01
9.738824963569641113e-01
9.475942254066467285e-01
7.788768410682678223e-01
7.788768410682678223e-01
7.788768410682678223e-01
9.566463232040405273e-01
3.464181423187255859e-01
7.788768410682678223e-01
9.500263333320617676e-01
9.892093539237976074e-01
7.788768410682678223e-01
7.788768410682678223e-01
9.382487535476684570e-01
7.788768410682678223e-01
9.814112782478332520e-01
7.788768410682678223e-01
7.788589000701904297e-01
7.788768410682678223e-01
7.788768410682678223e-01
9.735416173934936523e-01
7.788768410682678223e-01
7.788768410682678223e-01
9.856742024421691895e-01
9.877190589904785156e-01
7.527165412902832031e-01
7.788768410682678223e-01
7.788768410682678223e-01
9.853727221488952637e-01
7.788768410682678223e-01
9.742622971534729004e-01
9.862524867057800293e-01
7.788768410682678223e-01
3.464181423187255859e-01
7.788768410682678223e-01
7.788768410682678223e-01
9.925416707992553711e-01
7.788768410682678223e-01
7.788768410682678223e-01
7.788768410682678223e-01
9.555193185806274414e-01
7.788768410682678223e-01
9.367396235466003418e-01
9.854727387428283691e-01
9.913020133972167969e-01
7.788768410682678223e-01
9.960724115371704102e-01
9.827273488044738770e-01
9.154026508331298828e-01
7.788768410682678223e-01
9.308258295059204102e-01
7.788768410682678223e-01
7.788768410682678223e-01
7.772294282913208008e-01
3.464181423187255859e-01
3.464181423187255859e-01
3.464181423187255859e-01
7.747420668601989746e-01
3.464181423187255859e-01
3.464181423187255859e-01
7.441567778587341309e-01
3.464181423187255859e-01
3.464181423187255859e-01
7.778221964836120605e-01
3.464181423187255859e-01
3.464181423187255859e-01
7.788302302360534668e-01
3.464181423187255859e-01
3.464181423187255859e-01
3.464181423187255859e-01
3.464181423187255859e-01
6.200371384620666504e-01
7.763565182685852051e-01
3.464181423187255859e-01
3.464181423187255859e-01
3.464181423187255859e-01
3.464181423187255859e-01
3.464181423187255859e-01
3.464181423187255859e-01
6.031446456909179688e-01
3.464181423187255859e-01
3.464181423187255859e-01
3.464181423187255859e-01
3.464181423187255859e-01
7.747077345848083496e-01
3.464181423187255859e-01
3.464181423187255859e-01
3.464181423187255859e-01
3.464181423187255859e-01
5.091246962547302246e-01
7.776980996131896973e-01
7.788600921630859375e-01
7.783034443855285645e-01
3.464181423187255859e-01
7.788768410682678223e-01
3.464181423187255859e-01
3.464181423187255859e-01
7.787920832633972168e-01
5.954099893569946289e-01
3.464181423187255859e-01
3.464181423187255859e-01
3.464181423187255859e-01
3.464181423187255859e-01
3.464181423187255859e-01
3.464181423187255859e-01
6.191452741622924805e-01
7.775840759277343750e-01
3.464181423187255859e-01
3.464181423187255859e-01
3.464181423187255859e-01
7.712597250938415527e-01
3.464181423187255859e-01
3.464181423187255859e-01
6.557875871658325195e-01
7.468736767768859863e-01
3.464181423187255859e-01
3.464181423187255859e-01
3.464181423187255859e-01
7.676081657409667969e-01
3.464181423187255859e-01
3.464181423187255859e-01
7.786874175071716309e-01
3.464181423187255859e-01
3.464181423187255859e-01
7.780978679656982422e-01
3.464181423187255859e-01
3.464181423187255859e-01
3.464181423187255859e-01
6.649566292762756348e-01
3.464181423187255859e-01
3.464181423187255859e-01
3.464181423187255859e-01
3.464181423187255859e-01
3.464181423187255859e-01
3.464181423187255859e-01
3.464181423187255859e-01
3.464181423187255859e-01
3.464181423187255859e-01
3.464181423187255859e-01
3.464181423187255859e-01
3.464181423187255859e-01
3.464181423187255859e-01
3.464181423187255859e-01
3.464181423187255859e-01
3.464181423187255859e-01
3.464181423187255859e-01
3.464181423187255859e-01
3.464181423187255859e-01
3.464181423187255859e-01
3.464181423187255859e-01
3.464181423187255859e-01
3.464181423187255859e-01
3.464181423187255859e-01
3.464181423187255859e-01
3.464181423187255859e-01
3.464181423187255859e-01
3.464181423187255859e-01
3.464181423187255859e-01
3.464181423187255859e-01
3.464181423187255859e-01
3.464181423187255859e-01
3.464181423187255859e-01
3.464181423187255859e-01
3.464181423187255859e-01
3.464181423187255859e-01
3.464181423187255859e-01
3.464181423187255859e-01
3.464181423187255859e-01
3.464181423187255859e-01
3.464181423187255859e-01
3.464181423187255859e-01
3.464181423187255859e-01
3.464181423187255859e-01
3.464181423187255859e-01
3.464181423187255859e-01
3.464181423187255859e-01
3.464181423187255859e-01
3.464181423187255859e-01
3.464181423187255859e-01
3.464181423187255859e-01
3.464181423187255859e-01
3.464181423187255859e-01
3.464181423187255859e-01
3.464181423187255859e-01
3.464181423187255859e-01
3.464181423187255859e-01
3.464181423187255859e-01
3.464181423187255859e-01
3.464181423187255859e-01
3.464181423187255859e-01
3.464181423187255859e-01
3.464181423187255859e-01
3.464181423187255859e-01
3.464181423187255859e-01
3.464181423187255859e-01
3.464181423187255859e-01
3.464181423187255859e-01
3.464181423187255859e-01
3.464181423187255859e-01
3.464181423187255859e-01
3.464181423187255859e-01
3.464181423187255859e-01
3.464181423187255859e-01
3.464181423187255859e-01
3.464181423187255859e-01
3.464181423187255859e-01
3.464181423187255859e-01
3.464181423187255859e-01
3.464181423187255859e-01
3.464181423187255859e-01
3.464181423187255859e-01
3.464181423187255859e-01
3.464181423187255859e-01
3.464181423187255859e-01
3.464181423187255859e-01
3.464181423187255859e-01
3.464181423187255859e-01
3.464181423187255859e-01
3.464181423187255859e-01
3.464181423187255859e-01
3.464181423187255859e-01
3.464181423187255859e-01
3.464181423187255859e-01
3.464181423187255859e-01
3.464181423187255859e-01
3.464181423187255859e-01
3.464181423187255859e-01
3.464181423187255859e-01
3.464181423187255859e-01
3.464181423187255859e-01
3.464181423187255859e-01
3.464181423187255859e-01
3.464181423187255859e-01
3.464181423187255859e-01
3.464181423187255859e-01
3.464181423187255859e-01
3.464181423187255859e-01
3.464181423187255859e-01
3.464181423187255859e-01
3.464181423187255859e-01
3.464181423187255859e-01
3.464181423187255859e-01
3.464181423187255859e-01
3.464181423187255859e-01
3.464181423187255859e-01
3.464181423187255859e-01
3.464181423187255859e-01
3.464181423187255859e-01
3.464181423187255859e-01
3.464181423187255859e-01
3.464181423187255859e-01
3.464181423187255859e-01
3.464181423187255859e-01
3.464181423187255859e-01
3.464181423187255859e-01
3.464181423187255859e-01
3.464181423187255859e-01
3.464181423187255859e-01
3.464181423187255859e-01
3.464181423187255859e-01
3.464181423187255859e-01
3.464181423187255859e-01
3.464181423187255859e-01
3.464181423187255859e-01
3.464181423187255859e-01
3.464181423187255859e-01
3.464181423187255859e-01
3.464181423187255859e-01
3.464181423187255859e-01
3.464181423187255859e-01
3.464181423187255859e-01
3.464181423187255859e-01
3.464181423187255859e-01
3.464181423187255859e-01
3.464181423187255859e-01
3.464181423187255859e-01
3.464181423187255859e-01
3.464181423187255859e-01
3.464181423187255859e-01
3.464181423187255859e-01
3.464181423187255859e-01
3.464181423187255859e-01
3.464181423187255859e-01
3.464181423187255859e-01
3.464181423187255859e-01
3.464181423187255859e-01
3.464181423187255859e-01
3.464181423187255859e-01
3.464181423187255859e-01
3.464181423187255859e-01
3.464181423187255859e-01
3.464181423187255859e-01
3.464181423187255859e-01
3.464181423187255859e-01
3.887975215911865234e-01
3.464181423187255859e-01
3.464181423187255859e-01
3.464181423187255859e-01
3.464181423187255859e-01
3.464181423187255859e-01
3.464181423187255859e-01
3.464181423187255859e-01
3.464181423187255859e-01
3.464181423187255859e-01
3.464181423187255859e-01
3.464181423187255859e-01
3.464181423187255859e-01
3.464181423187255859e-01
3.464181423187255859e-01
3.464181423187255859e-01
5.926198363304138184e-01
3.464181423187255859e-01
3.464181423187255859e-01
3.035747408866882324e-01
7.664513587951660156e-01
3.464181423187255859e-01
3.464181423187255859e-01
3.464181423187255859e-01
3.464181423187255859e-01
3.464181423187255859e-01
3.464181423187255859e-01
3.464181423187255859e-01
3.464181423187255859e-01
3.464181423187255859e-01
3.464181423187255859e-01
3.464181423187255859e-01
3.464181423187255859e-01
3.464181423187255859e-01
5.926198363304138184e-01
3.464181423187255859e-01
3.464181423187255859e-01
3.464181423187255859e-01
3.464181423187255859e-01
3.464181423187255859e-01
3.464181423187255859e-01
3.464181423187255859e-01
3.464181423187255859e-01
3.464181423187255859e-01
3.464181423187255859e-01
3.464181423187255859e-01
3.464181423187255859e-01
3.464181423187255859e-01
3.464181423187255859e-01
3.464181423187255859e-01
3.464181423187255859e-01
3.464181423187255859e-01
3.464181423187255859e-01
3.464181423187255859e-01
3.464181423187255859e-01
3.464181423187255859e-01
3.464181423187255859e-01
3.464181423187255859e-01
3.464181423187255859e-01
3.464181423187255859e-01
3.510035276412963867e-01
3.464181423187255859e-01
3.464181423187255859e-01
3.464181423187255859e-01
3.464181423187255859e-01
3.464181423187255859e-01
3.464181423187255859e-01
3.464181423187255859e-01
3.464181423187255859e-01
3.464181423187255859e-01
3.464181423187255859e-01
3.464181423187255859e-01
3.464181423187255859e-01
3.464181423187255859e-01
3.464181423187255859e-01
3.464181423187255859e-01
3.464181423187255859e-01
3.464181423187255859e-01
3.464181423187255859e-01
3.464181423187255859e-01
3.464181423187255859e-01
3.464181423187255859e-01
3.464181423187255859e-01
3.464181423187255859e-01
3.464181423187255859e-01
3.464181423187255859e-01
3.464181423187255859e-01
3.464181423187255859e-01
3.464181423187255859e-01
3.464181423187255859e-01
3.464181423187255859e-01
3.464181423187255859e-01
3.464181423187255859e-01
3.464181423187255859e-01
3.464181423187255859e-01
3.464181423187255859e-01
3.464181423187255859e-01
3.464181423187255859e-01
3.464181423187255859e-01
3.464181423187255859e-01
3.464181423187255859e-01
3.464181423187255859e-01
7.387820482254028320e-01
3.464181423187255859e-01
3.464181423187255859e-01
3.464181423187255859e-01
3.464181423187255859e-01
3.464181423187255859e-01
3.464181423187255859e-01
3.464181423187255859e-01
3.464181423187255859e-01
3.464181423187255859e-01
3.464181423187255859e-01
3.464181423187255859e-01
3.464181423187255859e-01
3.464181423187255859e-01
3.464181423187255859e-01
3.464181423187255859e-01
3.464181423187255859e-01
3.464181423187255859e-01
3.464181423187255859e-01
3.464181423187255859e-01
3.464181423187255859e-01
3.464181423187255859e-01
3.464181423187255859e-01
3.464181423187255859e-01
3.786885738372802734e-01
3.464181423187255859e-01
3.464181423187255859e-01
3.464181423187255859e-01
3.464181423187255859e-01
3.464181423187255859e-01
3.464181423187255859e-01
3.464181423187255859e-01
3.464181423187255859e-01
3.464181423187255859e-01
3.464181423187255859e-01
3.464181423187255859e-01
3.464181423187255859e-01
3.464181423187255859e-01
3.464181423187255859e-01
3.464181423187255859e-01
3.464181423187255859e-01
3.464181423187255859e-01
3.464181423187255859e-01
3.464181423187255859e-01
3.464181423187255859e-01
3.464181423187255859e-01
3.464181423187255859e-01
3.464181423187255859e-01
3.464181423187255859e-01
3.464181423187255859e-01
3.464181423187255859e-01
3.464181423187255859e-01
3.464181423187255859e-01
3.464181423187255859e-01
3.464181423187255859e-01
3.464181423187255859e-01
3.464181423187255859e-01
3.464181423187255859e-01
3.464181423187255859e-01
3.464181423187255859e-01
3.464181423187255859e-01
3.464181423187255859e-01
3.464181423187255859e-01
3.464181423187255859e-01
3.464181423187255859e-01
3.464181423187255859e-01
3.464181423187255859e-01
3.464181423187255859e-01
3.464181423187255859e-01
3.464181423187255859e-01
3.464181423187255859e-01
3.464181423187255859e-01
3.464181423187255859e-01
3.464181423187255859e-01
3.464181423187255859e-01
3.464181423187255859e-01
3.464181423187255859e-01
3.464181423187255859e-01
3.464181423187255859e-01
3.464181423187255859e-01
3.464181423187255859e-01
3.464181423187255859e-01
3.464181423187255859e-01
3.464181423187255859e-01
5.185492634773254395e-01
3.464181423187255859e-01
3.928948342800140381e-01
3.464181423187255859e-01
3.464181423187255859e-01
3.464181423187255859e-01
3.464181423187255859e-01
3.464181423187255859e-01
3.464181423187255859e-01
3.464181423187255859e-01
3.464181423187255859e-01
3.464181423187255859e-01
5.860749483108520508e-01
3.464181423187255859e-01
3.464181423187255859e-01
7.772746682167053223e-01
3.464181423187255859e-01
3.464181423187255859e-01
7.467821240425109863e-01
7.395084500312805176e-01
7.788768410682678223e-01
3.464181423187255859e-01
3.464181423187255859e-01
3.464181423187255859e-01
3.464181423187255859e-01
2.654490768909454346e-01
6.297335028648376465e-01
3.464181423187255859e-01
3.464181423187255859e-01
3.464181423187255859e-01
6.937225461006164551e-01
3.464181423187255859e-01
3.464181423187255859e-01
3.464181423187255859e-01
3.464181423187255859e-01
3.464181423187255859e-01
3.464181423187255859e-01
3.464181423187255859e-01
7.699087262153625488e-01
6.010959744453430176e-01
3.464181423187255859e-01
7.395084500312805176e-01
6.216549277305603027e-01
3.464181423187255859e-01
3.464181423187255859e-01
3.464181423187255859e-01
3.464181423187255859e-01
3.464181423187255859e-01
3.464181423187255859e-01
3.464181423187255859e-01
3.464181423187255859e-01
3.464181423187255859e-01
3.464181423187255859e-01
6.010959744453430176e-01
3.464181423187255859e-01
3.464181423187255859e-01
3.464181423187255859e-01
6.010959744453430176e-01
3.464181423187255859e-01
3.464181423187255859e-01
7.461799383163452148e-01
3.464181423187255859e-01
3.464181423187255859e-01
3.464181423187255859e-01
3.464181423187255859e-01
3.464181423187255859e-01
5.889917016029357910e-01
3.464181423187255859e-01
3.464181423187255859e-01
3.464181423187255859e-01
3.464181423187255859e-01
3.464181423187255859e-01
3.464181423187255859e-01
