8.927998542785644531e-01
8.927998542785644531e-01
8.927998542785644531e-01
8.927998542785644531e-01
8.927998542785644531e-01
8.927954435348510742e-01
8.927998542785644531e-01
8.927998542785644531e-01
8.927998542785644531e-01
8.927998542785644531e-01
8.661754727363586426e-01
8.927998542785644531e-01
8.927998542785644531e-01
8.927998542785644531e-01
8.927998542785644531e-01
8.927998542785644531e-01
8.927998542785644531e-01
8.927998542785644531e-01
8.867653012275695801e-01
8.927998542785644531e-01
8.927998542785644531e-01
8.927998542785644531e-01
8.927998542785644531e-01
8.927998542785644531e-01
8.927998542785644531e-01
8.927998542785644531e-01
8.927998542785644531e-01
8.927998542785644531e-01
8.927998542785644531e-01
8.927998542785644531e-01
8.927998542785644531e-01
8.921180367469787598e-01
8.916625380516052246e-01
7.576907277107238770e-01
8.927998542785644531e-01
8.927998542785644531e-01
8.927998542785644531e-01
8.927998542785644531e-01
8.927998542785644531e-01
8.927998542785644531e-01
8.927998542785644531e-01
8.927998542785644531e-01
8.927998542785644531e-01
8.927896022796630859e-01
8.927998542785644531e-01
8.927998542785644531e-01
8.927998542785644531e-01
8.927998542785644531e-01
4.065476357936859131e-01
8.927998542785644531e-01
8.927998542785644531e-01
8.927998542785644531e-01
8.927998542785644531e-01
4.065476357936859131e-01
8.927998542785644531e-01
8.927998542785644531e-01
8.927998542785644531e-01
8.927998542785644531e-01
8.927998542785644531e-01
8.927998542785644531e-01
8.927998542785644531e-01
8.927998542785644531e-01
8.927998542785644531e-01
8.927998542785644531e-01
8.927998542785644531e-01
4.065476357936859131e-01
8.927998542785644531e-01
8.927998542785644531e-01
8.927998542785644531e-01
8.927998542785644531e-01
8.927998542785644531e-01
8.927998542785644531e-01
8.927998542785644531e-01
8.927998542785644531e-01
8.927998542785644531e-01
4.065476357936859131e-01
4.065476357936859131e-01
4.065476357936859131e-01
4.065476357936859131e-01
4.065476357936859131e-01
4.065476357936859131e-01
4.065476357936859131e-01
4.065476357936859131e-01
4.065476357936859131e-01
4.065476357936859131e-01
4.065476357936859131e-01
4.065476357936859131e-01
4.065476357936859131e-01
4.065476357936859131e-01
4.065476357936859131e-01
4.065476357936859131e-01
4.065476357936859131e-01
4.065476357936859131e-01
4.065476357936859131e-01
4.065476357936859131e-01
4.065476357936859131e-01
4.065476357936859131e-01
4.065476357936859131e-01
4.065476357936859131e-01
4.065476357936859131e-01
4.065476357936859131e-01
4.065476357936859131e-01
4.065476357936859131e-01
4.065476357936859131e-01
4.065476357936859131e-01
4.065476357936859131e-01
4.065476357936859131e-01
4.065476357936859131e-01
4.065476357936859131e-01
4.065476357936859131e-01
4.065476357936859131e-01
4.065476357936859131e-01
4.065476357936859131e-01
4.065476357936859131e-01
4.065476357936859131e-01
4.065476357936859131e-01
4.065476357936859131e-01
4.065476357936859131e-01
4.065476357936859131e-01
4.065476357936859131e-01
4.065476357936859131e-01
4.065476357936859131e-01
4.065476357936859131e-01
4.065476357936859131e-01
4.065476357936859131e-01
4.065476357936859131e-01
4.065476357936859131e-01
4.065476357936859131e-01
4.065476357936859131e-01
4.065476357936859131e-01
4.065476357936859131e-01
4.065476357936859131e-01
4.065476357936859131e-01
4.065476357936859131e-01
4.065476357936859131e-01
4.065476357936859131e-01
4.065476357936859131e-01
4.065476357936859131e-01
4.065476357936859131e-01
4.065476357936859131e-01
4.065476357936859131e-01
4.065476357936859131e-01
4.065476357936859131e-01
4.065476357936859131e-01
4.065476357936859131e-01
4.065476357936859131e-01
4.065476357936859131e-01
4.065476357936859131e-01
4.065476357936859131e-01
4.065476357936859131e-01
4.065476357936859131e-01
4.065476357936859131e-01
4.065476357936859131e-01
4.065476357936859131e-01
4.065476357936859131e-01
4.065476357936859131e-01
4.065476357936859131e-01
4.065476357936859131e-01
4.065476357936859131e-01
4.065476357936859131e-01
4.065476357936859131e-01
4.065476357936859131e-01
4.065476357936859131e-01
4.065476357936859131e-01
4.065476357936859131e-01
4.065476357936859131e-01
4.065476357936859131e-01
4.065476357936859131e-01
4.065476357936859131e-01
4.065476357936859131e-01
4.065476357936859131e-01
4.065476357936859131e-01
4.065476357936859131e-01
4.065476357936859131e-01
4.065476357936859131e-01
4.065476357936859131e-01
4.065476357936859131e-01
4.065476357936859131e-01
4.065476357936859131e-01
4.065476357936859131e-01
4.065476357936859131e-01
4.065476357936859131e-01
4.065476357936859131e-01
4.065476357936859131e-01
4.065476357936859131e-01
4.065476357936859131e-01
4.065476357936859131e-01
4.065476357936859131e-01
4.065476357936859131e-01
4.065476357936859131e-01
4.065476357936859131e-01
4.065476357936859131e-01
4.065476357936859131e-01
4.065476357936859131e-01
4.065476357936859131e-01
4.065476357936859131e-01
4.065476357936859131e-01
4.065476357936859131e-01
4.065476357936859131e-01
4.065476357936859131e-01
4.065476357936859131e-01
4.065476357936859131e-01
4.065476357936859131e-01
4.065476357936859131e-01
4.065476357936859131e-01
4.065476357936859131e-01
4.065476357936859131e-01
4.065476357936859131e-01
4.065476357936859131e-01
4.065476357936859131e-01
4.065476357936859131e-01
4.065476357936859131e-01
4.065476357936859131e-01
4.065476357936859131e-01
4.065476357936859131e-01
4.065476357936859131e-01
4.065476357936859131e-01
4.065476357936859131e-01
4.065476357936859131e-01
4.065476357936859131e-01
4.065476357936859131e-01
4.065476357936859131e-01
4.065476357936859131e-01
4.065476357936859131e-01
4.065476357936859131e-01
4.065476357936859131e-01
4.065476357936859131e-01
4.065476357936859131e-01
4.065476357936859131e-01
4.065476357936859131e-01
4.065476357936859131e-01
4.065476357936859131e-01
4.065476357936859131e-01
4.065476357936859131e-01
4.065476357936859131e-01
4.065476357936859131e-01
4.065476357936859131e-01
4.065476357936859131e-01
4.065476357936859131e-01
4.065476357936859131e-01
4.065476357936859131e-01
4.065476357936859131e-01
4.065476357936859131e-01
4.065476357936859131e-01
4.065476357936859131e-01
4.065476357936859131e-01
8.927998542785644531e-01
8.927998542785644531e-01
8.927998542785644531e-01
4.065476357936859131e-01
4.065476357936859131e-01
8.927998542785644531e-01
7.785662412643432617e-01
8.927998542785644531e-01
4.065476357936859131e-01
8.927998542785644531e-01
8.927998542785644531e-01
7.785662412643432617e-01
8.927998542785644531e-01
8.927998542785644531e-01
8.927998542785644531e-01
8.927998542785644531e-01
4.065476357936859131e-01
4.065476357936859131e-01
4.065476357936859131e-01
8.927998542785644531e-01
8.927998542785644531e-01
8.927998542785644531e-01
4.065476357936859131e-01
8.927998542785644531e-01
8.927998542785644531e-01
8.927998542785644531e-01
4.065476357936859131e-01
8.687744140625000000e-01
8.927998542785644531e-01
8.927998542785644531e-01
8.927998542785644531e-01
8.927998542785644531e-01
8.927998542785644531e-01
8.927998542785644531e-01
8.927998542785644531e-01
8.927998542785644531e-01
4.065476357936859131e-01
4.065476357936859131e-01
4.065476357936859131e-01
8.927998542785644531e-01
8.927998542785644531e-01
8.927998542785644531e-01
8.927998542785644531e-01
8.927998542785644531e-01
8.927998542785644531e-01
8.927998542785644531e-01
4.065476357936859131e-01
4.065476357936859131e-01
8.927998542785644531e-01
8.927998542785644531e-01
8.927998542785644531e-01
8.927998542785644531e-01
8.927998542785644531e-01
8.927998542785644531e-01
8.927998542785644531e-01
8.927998542785644531e-01
8.927998542785644531e-01
4.065476357936859131e-01
4.065476357936859131e-01
8.927998542785644531e-01
7.785662412643432617e-01
4.065476357936859131e-01
8.927998542785644531e-01
8.927998542785644531e-01
4.065476357936859131e-01
8.926399350166320801e-01
4.065476357936859131e-01
8.927998542785644531e-01
8.927998542785644531e-01
8.927998542785644531e-01
4.065476357936859131e-01
8.927998542785644531e-01
8.927998542785644531e-01
4.065476357936859131e-01
4.065476357936859131e-01
8.927998542785644531e-01
4.065476357936859131e-01
8.703116774559020996e-01
4.065476357936859131e-01
4.065476357936859131e-01
8.927998542785644531e-01
4.065476357936859131e-01
4.065476357936859131e-01
8.927998542785644531e-01
4.065476357936859131e-01
4.065476357936859131e-01
4.065476357936859131e-01
4.065476357936859131e-01
4.065476357936859131e-01
8.927998542785644531e-01
8.927998542785644531e-01
4.065476357936859131e-01
4.065476357936859131e-01
4.065476357936859131e-01
8.927998542785644531e-01
4.065476357936859131e-01
4.065476357936859131e-01
8.927998542785644531e-01
4.065476357936859131e-01
4.065476357936859131e-01
4.065476357936859131e-01
8.927998542785644531e-01
8.927998542785644531e-01
4.065476357936859131e-01
8.927998542785644531e-01
4.065476357936859131e-01
8.927998542785644531e-01
4.065476357936859131e-01
4.065476357936859131e-01
4.065476357936859131e-01
4.065476357936859131e-01
4.065476357936859131e-01
8.927998542785644531e-01
4.065476357936859131e-01
4.065476357936859131e-01
4.065476357936859131e-01
4.065476357936859131e-01
4.065476357936859131e-01
4.065476357936859131e-01
4.065476357936859131e-01
4.065476357936859131e-01
4.065476357936859131e-01
4.065476357936859131e-01
4.065476357936859131e-01
4.065476357936859131e-01
4.065476357936859131e-01
4.065476357936859131e-01
4.065476357936859131e-01
4.065476357936859131e-01
4.065476357936859131e-01
4.065476357936859131e-01
4.065476357936859131e-01
4.065476357936859131e-01
4.065476357936859131e-01
4.065476357936859131e-01
4.065476357936859131e-01
4.065476357936859131e-01
4.065476357936859131e-01
4.065476357936859131e-01
4.065476357936859131e-01
4.065476357936859131e-01
4.065476357936859131e-01
4.065476357936859131e-01
4.065476357936859131e-01
4.065476357936859131e-01
4.065476357936859131e-01
4.065476357936859131e-01
4.065476357936859131e-01
4.065476357936859131e-01
4.065476357936859131e-01
4.065476357936859131e-01
4.065476357936859131e-01
4.065476357936859131e-01
4.065476357936859131e-01
4.065476357936859131e-01
4.065476357936859131e-01
4.065476357936859131e-01
4.065476357936859131e-01
4.065476357936859131e-01
4.065476357936859131e-01
4.065476357936859131e-01
4.065476357936859131e-01
4.065476357936859131e-01
4.065476357936859131e-01
4.065476357936859131e-01
4.065476357936859131e-01
4.065476357936859131e-01
4.065476357936859131e-01
4.065476357936859131e-01
4.065476357936859131e-01
4.065476357936859131e-01
4.065476357936859131e-01
4.065476357936859131e-01
4.065476357936859131e-01
4.065476357936859131e-01
4.065476357936859131e-01
4.065476357936859131e-01
4.065476357936859131e-01
4.065476357936859131e-01
4.065476357936859131e-01
8.927998542785644531e-01
8.927998542785644531e-01
8.927972912788391113e-01
4.065476357936859131e-01
8.927998542785644531e-01
8.927998542785644531e-01
8.927998542785644531e-01
8.927998542785644531e-01
8.927998542785644531e-01
8.927998542785644531e-01
8.927993774414062500e-01
8.927998542785644531e-01
8.927998542785644531e-01
8.927998542785644531e-01
8.927998542785644531e-01
8.927998542785644531e-01
8.927998542785644531e-01
8.927998542785644531e-01
7.981366515159606934e-01
8.927998542785644531e-01
8.927998542785644531e-01
8.927998542785644531e-01
8.927998542785644531e-01
8.927998542785644531e-01
8.927998542785644531e-01
8.927998542785644531e-01
8.927998542785644531e-01
4.065476357936859131e-01
8.927998542785644531e-01
8.927998542785644531e-01
8.927907347679138184e-01
8.927998542785644531e-01
8.927998542785644531e-01
8.927998542785644531e-01
8.927998542785644531e-01
8.927998542785644531e-01
8.927998542785644531e-01
8.927899599075317383e-01
8.927998542785644531e-01
8.927998542785644531e-01
7.843395471572875977e-01
8.927998542785644531e-01
8.927998542785644531e-01
8.927998542785644531e-01
4.065476357936859131e-01
8.782461881637573242e-01
8.927998542785644531e-01
8.927998542785644531e-01
8.927998542785644531e-01
8.927998542785644531e-01
8.927998542785644531e-01
8.927998542785644531e-01
8.927998542785644531e-01
4.065476357936859131e-01
8.927998542785644531e-01
8.927998542785644531e-01
8.927998542785644531e-01
8.927998542785644531e-01
8.927998542785644531e-01
8.927998542785644531e-01
8.927998542785644531e-01
8.927998542785644531e-01
8.927998542785644531e-01
8.748368024826049805e-01
8.681288957595825195e-01
8.927998542785644531e-01
8.927998542785644531e-01
8.927998542785644531e-01
4.065476357936859131e-01
8.927998542785644531e-01
4.065476357936859131e-01
8.927998542785644531e-01
8.927998542785644531e-01
8.918957710266113281e-01
8.719138503074645996e-01
4.065476357936859131e-01
4.065476357936859131e-01
4.065476357936859131e-01
4.065476357936859131e-01
4.065476357936859131e-01
4.065476357936859131e-01
4.065476357936859131e-01
4.065476357936859131e-01
8.103994131088256836e-01
4.065476357936859131e-01
4.065476357936859131e-01
4.065476357936859131e-01
4.065476357936859131e-01
4.065476357936859131e-01
4.065476357936859131e-01
4.065476357936859131e-01
4.065476357936859131e-01
4.065476357936859131e-01
4.065476357936859131e-01
4.065476357936859131e-01
4.065476357936859131e-01
4.065476357936859131e-01
4.065476357936859131e-01
4.065476357936859131e-01
4.065476357936859131e-01
4.065476357936859131e-01
4.065476357936859131e-01
4.065476357936859131e-01
4.065476357936859131e-01
4.065476357936859131e-01
8.927998542785644531e-01
4.065476357936859131e-01
7.788822054862976074e-01
4.065476357936859131e-01
4.065476357936859131e-01
4.065476357936859131e-01
4.065476357936859131e-01
4.065476357936859131e-01
4.065476357936859131e-01
4.065476357936859131e-01
4.065476357936859131e-01
4.065476357936859131e-01
4.065476357936859131e-01
4.065476357936859131e-01
7.669411897659301758e-01
8.925917148590087891e-01
4.065476357936859131e-01
4.065476357936859131e-01
4.065476357936859131e-01
4.065476357936859131e-01
4.065476357936859131e-01
4.065476357936859131e-01
4.065476357936859131e-01
4.065476357936859131e-01
4.065476357936859131e-01
4.065476357936859131e-01
4.065476357936859131e-01
4.065476357936859131e-01
4.065476357936859131e-01
4.065476357936859131e-01
4.065476357936859131e-01
4.065476357936859131e-01
4.065476357936859131e-01
4.065476357936859131e-01
4.065476357936859131e-01
4.065476357936859131e-01
4.065476357936859131e-01
4.065476357936859131e-01
4.065476357936859131e-01
4.065476357936859131e-01
4.065476357936859131e-01
4.065476357936859131e-01
4.065476357936859131e-01
4.065476357936859131e-01
4.065476357936859131e-01
4.065476357936859131e-01
4.065476357936859131e-01
4.065476357936859131e-01
4.065476357936859131e-01
4.065476357936859131e-01
4.065476357936859131e-01
4.065476357936859131e-01
4.065476357936859131e-01
4.065476357936859131e-01
4.065476357936859131e-01
4.065476357936859131e-01
4.065476357936859131e-01
4.065476357936859131e-01
4.065476357936859131e-01
4.065476357936859131e-01
8.015126585960388184e-01
4.065476357936859131e-01
4.065476357936859131e-01
4.065476357936859131e-01
4.065476357936859131e-01
4.065476357936859131e-01
4.065476357936859131e-01
4.065476357936859131e-01
4.065476357936859131e-01
4.065476357936859131e-01
4.065476357936859131e-01
4.065476357936859131e-01
4.065476357936859131e-01
4.065476357936859131e-01
4.065476357936859131e-01
4.065476357936859131e-01
4.065476357936859131e-01
4.065476357936859131e-01
4.065476357936859131e-01
4.065476357936859131e-01
4.065476357936859131e-01
4.065476357936859131e-01
4.065476357936859131e-01
4.065476357936859131e-01
4.065476357936859131e-01
4.065476357936859131e-01
4.065476357936859131e-01
4.065476357936859131e-01
4.065476357936859131e-01
4.065476357936859131e-01
4.065476357936859131e-01
4.065476357936859131e-01
4.065476357936859131e-01
4.065476357936859131e-01
7.849882245063781738e-01
4.065476357936859131e-01
4.065476357936859131e-01
4.065476357936859131e-01
4.065476357936859131e-01
4.065476357936859131e-01
4.065476357936859131e-01
4.065476357936859131e-01
4.065476357936859131e-01
4.065476357936859131e-01
4.065476357936859131e-01
4.065476357936859131e-01
4.065476357936859131e-01
4.065476357936859131e-01
4.065476357936859131e-01
4.065476357936859131e-01
4.065476357936859131e-01
4.065476357936859131e-01
4.065476357936859131e-01
4.065476357936859131e-01
4.065476357936859131e-01
4.065476357936859131e-01
4.065476357936859131e-01
4.065476357936859131e-01
4.065476357936859131e-01
4.065476357936859131e-01
4.065476357936859131e-01
4.065476357936859131e-01
4.065476357936859131e-01
4.065476357936859131e-01
4.065476357936859131e-01
4.065476357936859131e-01
4.065476357936859131e-01
4.065476357936859131e-01
4.065476357936859131e-01
4.065476357936859131e-01
4.065476357936859131e-01
4.065476357936859131e-01
4.065476357936859131e-01
4.065476357936859131e-01
4.065476357936859131e-01
4.065476357936859131e-01
4.065476357936859131e-01
4.065476357936859131e-01
4.065476357936859131e-01
4.065476357936859131e-01
4.065476357936859131e-01
4.065476357936859131e-01
4.065476357936859131e-01
4.065476357936859131e-01
4.065476357936859131e-01
4.065476357936859131e-01
4.065476357936859131e-01
4.065476357936859131e-01
4.065476357936859131e-01
4.065476357936859131e-01
4.065476357936859131e-01
4.065476357936859131e-01
4.065476357936859131e-01
4.065476357936859131e-01
4.065476357936859131e-01
4.065476357936859131e-01
4.065476357936859131e-01
4.065476357936859131e-01
8.749127388000488281e-01
4.065476357936859131e-01
4.065476357936859131e-01
4.065476357936859131e-01
4.065476357936859131e-01
4.065476357936859131e-01
4.065476357936859131e-01
4.065476357936859131e-01
4.065476357936859131e-01
4.065476357936859131e-01
4.065476357936859131e-01
4.065476357936859131e-01
4.065476357936859131e-01
4.065476357936859131e-01
4.065476357936859131e-01
4.065476357936859131e-01
4.065476357936859131e-01
4.065476357936859131e-01
4.065476357936859131e-01
4.065476357936859131e-01
4.065476357936859131e-01
4.065476357936859131e-01
4.065476357936859131e-01
4.065476357936859131e-01
4.065476357936859131e-01
4.065476357936859131e-01
4.065476357936859131e-01
4.065476357936859131e-01
4.065476357936859131e-01
4.065476357936859131e-01
4.065476357936859131e-01
4.065476357936859131e-01
4.065476357936859131e-01
4.065476357936859131e-01
4.065476357936859131e-01
4.065476357936859131e-01
4.065476357936859131e-01
4.065476357936859131e-01
4.065476357936859131e-01
4.065476357936859131e-01
4.065476357936859131e-01
4.065476357936859131e-01
4.065476357936859131e-01
4.065476357936859131e-01
4.065476357936859131e-01
4.065476357936859131e-01
4.065476357936859131e-01
4.065476357936859131e-01
4.065476357936859131e-01
8.479006290435791016e-01
4.065476357936859131e-01
4.065476357936859131e-01
4.065476357936859131e-01
4.065476357936859131e-01
4.065476357936859131e-01
4.065476357936859131e-01
4.065476357936859131e-01
4.065476357936859131e-01
4.065476357936859131e-01
4.065476357936859131e-01
4.065476357936859131e-01
4.065476357936859131e-01
4.065476357936859131e-01
4.065476357936859131e-01
4.065476357936859131e-01
4.065476357936859131e-01
4.065476357936859131e-01
4.065476357936859131e-01
4.065476357936859131e-01
4.065476357936859131e-01
4.065476357936859131e-01
4.065476357936859131e-01
4.065476357936859131e-01
4.065476357936859131e-01
4.065476357936859131e-01
4.065476357936859131e-01
4.065476357936859131e-01
4.065476357936859131e-01
4.065476357936859131e-01
4.065476357936859131e-01
4.065476357936859131e-01
4.065476357936859131e-01
4.065476357936859131e-01
4.065476357936859131e-01
4.065476357936859131e-01
4.065476357936859131e-01
4.065476357936859131e-01
4.065476357936859131e-01
4.065476357936859131e-01
4.065476357936859131e-01
4.065476357936859131e-01
4.065476357936859131e-01
4.065476357936859131e-01
4.065476357936859131e-01
4.065476357936859131e-01
4.065476357936859131e-01
4.065476357936859131e-01
4.065476357936859131e-01
4.065476357936859131e-01
4.065476357936859131e-01
4.065476357936859131e-01
4.065476357936859131e-01
4.065476357936859131e-01
4.065476357936859131e-01
4.065476357936859131e-01
4.065476357936859131e-01
4.065476357936859131e-01
4.065476357936859131e-01
4.065476357936859131e-01
4.065476357936859131e-01
7.849965095520019531e-01
4.065476357936859131e-01
4.065476357936859131e-01
4.065476357936859131e-01
4.065476357936859131e-01
4.065476357936859131e-01
4.065476357936859131e-01
4.065476357936859131e-01
4.065476357936859131e-01
4.065476357936859131e-01
4.065476357936859131e-01
4.065476357936859131e-01
4.065476357936859131e-01
4.065476357936859131e-01
4.065476357936859131e-01
4.065476357936859131e-01
4.065476357936859131e-01
4.065476357936859131e-01
4.065476357936859131e-01
4.065476357936859131e-01
4.065476357936859131e-01
4.065476357936859131e-01
4.065476357936859131e-01
4.065476357936859131e-01
4.065476357936859131e-01
4.065476357936859131e-01
4.065476357936859131e-01
4.065476357936859131e-01
4.065476357936859131e-01
4.065476357936859131e-01
4.065476357936859131e-01
4.065476357936859131e-01
4.065476357936859131e-01
4.065476357936859131e-01
4.065476357936859131e-01
4.065476357936859131e-01
4.065476357936859131e-01
4.065476357936859131e-01
4.065476357936859131e-01
4.065476357936859131e-01
4.065476357936859131e-01
4.065476357936859131e-01
4.065476357936859131e-01
4.065476357936859131e-01
4.065476357936859131e-01
4.065476357936859131e-01
4.065476357936859131e-01
4.065476357936859131e-01
4.065476357936859131e-01
4.065476357936859131e-01
4.065476357936859131e-01
4.065476357936859131e-01
4.065476357936859131e-01
4.065476357936859131e-01
4.065476357936859131e-01
4.065476357936859131e-01
4.065476357936859131e-01
4.065476357936859131e-01
4.065476357936859131e-01
4.065476357936859131e-01
4.065476357936859131e-01
4.065476357936859131e-01
4.065476357936859131e-01
4.065476357936859131e-01
4.065476357936859131e-01
4.065476357936859131e-01
4.065476357936859131e-01
4.065476357936859131e-01
4.065476357936859131e-01
4.065476357936859131e-01
4.065476357936859131e-01
4.065476357936859131e-01
7.619925737380981445e-01
4.065476357936859131e-01
4.065476357936859131e-01
4.065476357936859131e-01
4.065476357936859131e-01
4.065476357936859131e-01
4.065476357936859131e-01
4.065476357936859131e-01
4.065476357936859131e-01
4.065476357936859131e-01
4.065476357936859131e-01
4.065476357936859131e-01
4.065476357936859131e-01
4.065476357936859131e-01
4.065476357936859131e-01
4.065476357936859131e-01
4.065476357936859131e-01
4.065476357936859131e-01
4.065476357936859131e-01
4.065476357936859131e-01
4.065476357936859131e-01
4.065476357936859131e-01
4.065476357936859131e-01
4.065476357936859131e-01
4.065476357936859131e-01
4.065476357936859131e-01
4.065476357936859131e-01
4.065476357936859131e-01
4.065476357936859131e-01
4.065476357936859131e-01
4.065476357936859131e-01
4.065476357936859131e-01
4.065476357936859131e-01
8.927998542785644531e-01
4.065476357936859131e-01
4.065476357936859131e-01
4.065476357936859131e-01
7.843395471572875977e-01
4.065476357936859131e-01
4.065476357936859131e-01
4.065476357936859131e-01
4.065476357936859131e-01
4.065476357936859131e-01
4.065476357936859131e-01
4.065476357936859131e-01
4.065476357936859131e-01
4.065476357936859131e-01
4.065476357936859131e-01
4.065476357936859131e-01
4.065476357936859131e-01
4.065476357936859131e-01
4.065476357936859131e-01
4.065476357936859131e-01
4.065476357936859131e-01
8.690894842147827148e-01
4.065476357936859131e-01
4.065476357936859131e-01
4.065476357936859131e-01
4.065476357936859131e-01
4.065476357936859131e-01
4.065476357936859131e-01
4.065476357936859131e-01
4.065476357936859131e-01
4.065476357936859131e-01
4.065476357936859131e-01
4.065476357936859131e-01
4.065476357936859131e-01
4.065476357936859131e-01
4.065476357936859131e-01
4.065476357936859131e-01
4.065476357936859131e-01
4.065476357936859131e-01
4.065476357936859131e-01
4.065476357936859131e-01
4.065476357936859131e-01
4.065476357936859131e-01
4.065476357936859131e-01
4.065476357936859131e-01
4.065476357936859131e-01
4.065476357936859131e-01
4.065476357936859131e-01
4.065476357936859131e-01
4.065476357936859131e-01
4.065476357936859131e-01
4.065476357936859131e-01
4.065476357936859131e-01
4.065476357936859131e-01
4.065476357936859131e-01
4.065476357936859131e-01
4.065476357936859131e-01
4.065476357936859131e-01
4.065476357936859131e-01
4.065476357936859131e-01
4.065476357936859131e-01
4.065476357936859131e-01
4.065476357936859131e-01
4.065476357936859131e-01
4.065476357936859131e-01
4.065476357936859131e-01
4.065476357936859131e-01
4.065476357936859131e-01
4.065476357936859131e-01
4.065476357936859131e-01
4.065476357936859131e-01
4.065476357936859131e-01
4.065476357936859131e-01
4.065476357936859131e-01
4.065476357936859131e-01
4.065476357936859131e-01
4.065476357936859131e-01
4.065476357936859131e-01
7.964648008346557617e-01
4.065476357936859131e-01
4.065476357936859131e-01
4.065476357936859131e-01
4.065476357936859131e-01
4.065476357936859131e-01
4.065476357936859131e-01
4.065476357936859131e-01
4.065476357936859131e-01
4.065476357936859131e-01
4.065476357936859131e-01
4.065476357936859131e-01
4.065476357936859131e-01
4.065476357936859131e-01
4.065476357936859131e-01
4.065476357936859131e-01
4.065476357936859131e-01
4.065476357936859131e-01
4.065476357936859131e-01
4.065476357936859131e-01
4.065476357936859131e-01
4.065476357936859131e-01
4.065476357936859131e-01
4.065476357936859131e-01
4.065476357936859131e-01
4.065476357936859131e-01
8.695361018180847168e-01
4.065476357936859131e-01
4.065476357936859131e-01
7.843395471572875977e-01
4.065476357936859131e-01
4.065476357936859131e-01
4.065476357936859131e-01
4.065476357936859131e-01
4.065476357936859131e-01
4.065476357936859131e-01
4.065476357936859131e-01
4.065476357936859131e-01
4.065476357936859131e-01
4.065476357936859131e-01
4.065476357936859131e-01
4.065476357936859131e-01
4.065476357936859131e-01
4.065476357936859131e-01
4.065476357936859131e-01
4.065476357936859131e-01
4.065476357936859131e-01
4.065476357936859131e-01
4.065476357936859131e-01
4.065476357936859131e-01
4.065476357936859131e-01
4.065476357936859131e-01
4.065476357936859131e-01
4.065476357936859131e-01
4.065476357936859131e-01
4.065476357936859131e-01
4.065476357936859131e-01
4.065476357936859131e-01
4.065476357936859131e-01
4.065476357936859131e-01
4.065476357936859131e-01
4.065476357936859131e-01
4.065476357936859131e-01
4.065476357936859131e-01
4.065476357936859131e-01
4.065476357936859131e-01
4.065476357936859131e-01
4.065476357936859131e-01
4.065476357936859131e-01
4.065476357936859131e-01
4.065476357936859131e-01
4.065476357936859131e-01
4.065476357936859131e-01
4.065476357936859131e-01
4.065476357936859131e-01
4.065476357936859131e-01
4.065476357936859131e-01
4.065476357936859131e-01
4.065476357936859131e-01
