6.666645407676696777e-01
6.666645407676696777e-01
6.666645407676696777e-01
6.666645407676696777e-01
6.666645407676696777e-01
6.666576862335205078e-01
6.666645407676696777e-01
6.666645407676696777e-01
6.666645407676696777e-01
6.666645407676696777e-01
6.272119283676147461e-01
6.666645407676696777e-01
6.666645407676696777e-01
6.666645407676696777e-01
6.666645407676696777e-01
6.666645407676696777e-01
6.666645407676696777e-01
6.666645407676696777e-01
6.572130322456359863e-01
6.666645407676696777e-01
6.666645407676696777e-01
6.666645407676696777e-01
6.666645407676696777e-01
6.666645407676696777e-01
6.666645407676696777e-01
6.666645407676696777e-01
6.666645407676696777e-01
6.666645407676696777e-01
6.666645407676696777e-01
6.666645407676696777e-01
6.666645407676696777e-01
6.655815839767456055e-01
6.648602485656738281e-01
5.096040368080139160e-01
6.666645407676696777e-01
6.666645407676696777e-01
6.666645407676696777e-01
6.666645407676696777e-01
6.666645407676696777e-01
6.666645407676696777e-01
6.666645407676696777e-01
6.666645407676696777e-01
6.666645407676696777e-01
6.666482090950012207e-01
6.666645407676696777e-01
6.666645407676696777e-01
6.666645407676696777e-01
6.666645407676696777e-01
4.504197835922241211e-01
6.666645407676696777e-01
6.666645407676696777e-01
6.666645407676696777e-01
6.666645407676696777e-01
4.504197835922241211e-01
6.666645407676696777e-01
6.666645407676696777e-01
6.666645407676696777e-01
6.666645407676696777e-01
6.666645407676696777e-01
6.666645407676696777e-01
6.666645407676696777e-01
6.666645407676696777e-01
6.666645407676696777e-01
6.666645407676696777e-01
6.666645407676696777e-01
4.504197835922241211e-01
6.666645407676696777e-01
6.666645407676696777e-01
6.666645407676696777e-01
6.666645407676696777e-01
6.666645407676696777e-01
6.666645407676696777e-01
6.666645407676696777e-01
6.666645407676696777e-01
6.666645407676696777e-01
4.504197835922241211e-01
4.504197835922241211e-01
4.504197835922241211e-01
4.504197835922241211e-01
4.504197835922241211e-01
4.504197835922241211e-01
4.504197835922241211e-01
4.504197835922241211e-01
4.504197835922241211e-01
4.504197835922241211e-01
4.504197835922241211e-01
4.504197835922241211e-01
4.504197835922241211e-01
4.504197835922241211e-01
4.504197835922241211e-01
4.504197835922241211e-01
4.504197835922241211e-01
4.504197835922241211e-01
4.504197835922241211e-01
4.504197835922241211e-01
4.504197835922241211e-01
4.504197835922241211e-01
4.504197835922241211e-01
4.504197835922241211e-01
4.504197835922241211e-01
4.504197835922241211e-01
4.504197835922241211e-01
4.504197835922241211e-01
4.504197835922241211e-01
4.504197835922241211e-01
4.504197835922241211e-01
4.504197835922241211e-01
4.504197835922241211e-01
4.504197835922241211e-01
4.504197835922241211e-01
4.504197835922241211e-01
4.504197835922241211e-01
4.504197835922241211e-01
4.504197835922241211e-01
4.504197835922241211e-01
4.504197835922241211e-01
4.504197835922241211e-01
4.504197835922241211e-01
4.504197835922241211e-01
4.504197835922241211e-01
4.504197835922241211e-01
4.504197835922241211e-01
4.504197835922241211e-01
4.504197835922241211e-01
4.504197835922241211e-01
4.504197835922241211e-01
4.504197835922241211e-01
4.504197835922241211e-01
4.504197835922241211e-01
4.504197835922241211e-01
4.504197835922241211e-01
4.504197835922241211e-01
4.504197835922241211e-01
4.504197835922241211e-01
4.504197835922241211e-01
4.504197835922241211e-01
4.504197835922241211e-01
4.504197835922241211e-01
4.504197835922241211e-01
4.504197835922241211e-01
4.504197835922241211e-01
4.504197835922241211e-01
4.504197835922241211e-01
4.504197835922241211e-01
4.504197835922241211e-01
4.504197835922241211e-01
4.504197835922241211e-01
4.504197835922241211e-01
4.504197835922241211e-01
4.504197835922241211e-01
4.504197835922241211e-01
4.504197835922241211e-01
4.504197835922241211e-01
4.504197835922241211e-01
4.504197835922241211e-01
4.504197835922241211e-01
4.504197835922241211e-01
4.504197835922241211e-01
4.504197835922241211e-01
4.504197835922241211e-01
4.504197835922241211e-01
4.504197835922241211e-01
4.504197835922241211e-01
4.504197835922241211e-01
4.504197835922241211e-01
4.504197835922241211e-01
4.504197835922241211e-01
4.504197835922241211e-01
4.504197835922241211e-01
4.504197835922241211e-01
4.504197835922241211e-01
4.504197835922241211e-01
4.504197835922241211e-01
4.504197835922241211e-01
4.504197835922241211e-01
4.504197835922241211e-01
4.504197835922241211e-01
4.504197835922241211e-01
4.504197835922241211e-01
4.504197835922241211e-01
4.504197835922241211e-01
4.504197835922241211e-01
4.504197835922241211e-01
4.504197835922241211e-01
4.504197835922241211e-01
4.504197835922241211e-01
4.504197835922241211e-01
4.504197835922241211e-01
4.504197835922241211e-01
4.504197835922241211e-01
4.504197835922241211e-01
4.504197835922241211e-01
4.504197835922241211e-01
4.504197835922241211e-01
4.504197835922241211e-01
4.504197835922241211e-01
4.504197835922241211e-01
4.504197835922241211e-01
4.504197835922241211e-01
4.504197835922241211e-01
4.504197835922241211e-01
4.504197835922241211e-01
4.504197835922241211e-01
4.504197835922241211e-01
4.504197835922241211e-01
4.504197835922241211e-01
4.504197835922241211e-01
4.504197835922241211e-01
4.504197835922241211e-01
4.504197835922241211e-01
4.504197835922241211e-01
4.504197835922241211e-01
4.504197835922241211e-01
4.504197835922241211e-01
4.504197835922241211e-01
4.504197835922241211e-01
4.504197835922241211e-01
4.504197835922241211e-01
4.504197835922241211e-01
4.504197835922241211e-01
4.504197835922241211e-01
4.504197835922241211e-01
4.504197835922241211e-01
4.504197835922241211e-01
4.504197835922241211e-01
4.504197835922241211e-01
4.504197835922241211e-01
4.504197835922241211e-01
4.504197835922241211e-01
4.504197835922241211e-01
4.504197835922241211e-01
4.504197835922241211e-01
4.504197835922241211e-01
4.504197835922241211e-01
4.504197835922241211e-01
4.504197835922241211e-01
4.504197835922241211e-01
4.504197835922241211e-01
4.504197835922241211e-01
4.504197835922241211e-01
4.504197835922241211e-01
4.504197835922241211e-01
4.504197835922241211e-01
4.504197835922241211e-01
4.504197835922241211e-01
4.504197835922241211e-01
6.666645407676696777e-01
6.666645407676696777e-01
6.666645407676696777e-01
4.504197835922241211e-01
4.504197835922241211e-01
6.666645407676696777e-01
5.282421112060546875e-01
6.666645407676696777e-01
4.504197835922241211e-01
6.666645407676696777e-01
6.666645407676696777e-01
5.282421112060546875e-01
6.666645407676696777e-01
6.666645407676696777e-01
6.666645407676696777e-01
6.666645407676696777e-01
4.504197835922241211e-01
4.504197835922241211e-01
4.504197835922241211e-01
6.666645407676696777e-01
6.666645407676696777e-01
6.666645407676696777e-01
4.504197835922241211e-01
6.666645407676696777e-01
6.666645407676696777e-01
6.666645407676696777e-01
4.504197835922241211e-01
6.308005452156066895e-01
6.666645407676696777e-01
6.666645407676696777e-01
6.666645407676696777e-01
6.666645407676696777e-01
6.666645407676696777e-01
6.666645407676696777e-01
6.666645407676696777e-01
6.666645407676696777e-01
4.504197835922241211e-01
4.504197835922241211e-01
4.504197835922241211e-01
6.666645407676696777e-01
6.666645407676696777e-01
6.666645407676696777e-01
6.666645407676696777e-01
6.666645407676696777e-01
6.666645407676696777e-01
6.666645407676696777e-01
4.504197835922241211e-01
4.504197835922241211e-01
6.666645407676696777e-01
6.666645407676696777e-01
6.666645407676696777e-01
6.666645407676696777e-01
6.666645407676696777e-01
6.666645407676696777e-01
6.666645407676696777e-01
6.666645407676696777e-01
6.666645407676696777e-01
4.504197835922241211e-01
4.504197835922241211e-01
6.666645407676696777e-01
5.282421112060546875e-01
4.504197835922241211e-01
6.666645407676696777e-01
6.666645407676696777e-01
4.504197835922241211e-01
6.664102673530578613e-01
4.504197835922241211e-01
6.666645407676696777e-01
6.666645407676696777e-01
6.666645407676696777e-01
4.504197835922241211e-01
6.666645407676696777e-01
6.666645407676696777e-01
4.504197835922241211e-01
4.504197835922241211e-01
6.666645407676696777e-01
4.504197835922241211e-01
6.329534649848937988e-01
4.504197835922241211e-01
4.504197835922241211e-01
6.666645407676696777e-01
4.504197835922241211e-01
4.504197835922241211e-01
6.666645407676696777e-01
4.504197835922241211e-01
4.504197835922241211e-01
4.504197835922241211e-01
4.504197835922241211e-01
4.504197835922241211e-01
6.666645407676696777e-01
6.666645407676696777e-01
4.504197835922241211e-01
4.504197835922241211e-01
4.504197835922241211e-01
6.666645407676696777e-01
4.504197835922241211e-01
4.504197835922241211e-01
6.666645407676696777e-01
4.504197835922241211e-01
4.504197835922241211e-01
4.504197835922241211e-01
6.666645407676696777e-01
6.666645407676696777e-01
4.504197835922241211e-01
6.666645407676696777e-01
4.504197835922241211e-01
6.666645407676696777e-01
4.504197835922241211e-01
4.504197835922241211e-01
4.504197835922241211e-01
4.504197835922241211e-01
4.504197835922241211e-01
6.666645407676696777e-01
4.504197835922241211e-01
4.504197835922241211e-01
4.504197835922241211e-01
4.504197835922241211e-01
4.504197835922241211e-01
4.504197835922241211e-01
4.504197835922241211e-01
4.504197835922241211e-01
4.504197835922241211e-01
4.504197835922241211e-01
4.504197835922241211e-01
4.504197835922241211e-01
4.504197835922241211e-01
4.504197835922241211e-01
4.504197835922241211e-01
4.504197835922241211e-01
4.504197835922241211e-01
4.504197835922241211e-01
4.504197835922241211e-01
4.504197835922241211e-01
4.504197835922241211e-01
4.504197835922241211e-01
4.504197835922241211e-01
4.504197835922241211e-01
4.504197835922241211e-01
4.504197835922241211e-01
4.504197835922241211e-01
4.504197835922241211e-01
4.504197835922241211e-01
4.504197835922241211e-01
4.504197835922241211e-01
4.504197835922241211e-01
4.504197835922241211e-01
4.504197835922241211e-01
4.504197835922241211e-01
4.504197835922241211e-01
4.504197835922241211e-01
4.504197835922241211e-01
4.504197835922241211e-01
4.504197835922241211e-01
4.504197835922241211e-01
4.504197835922241211e-01
4.504197835922241211e-01
4.504197835922241211e-01
4.504197835922241211e-01
4.504197835922241211e-01
4.504197835922241211e-01
4.504197835922241211e-01
4.504197835922241211e-01
4.504197835922241211e-01
4.504197835922241211e-01
4.504197835922241211e-01
4.504197835922241211e-01
4.504197835922241211e-01
4.504197835922241211e-01
4.504197835922241211e-01
4.504197835922241211e-01
4.504197835922241211e-01
4.504197835922241211e-01
4.504197835922241211e-01
4.504197835922241211e-01
4.504197835922241211e-01
4.504197835922241211e-01
4.504197835922241211e-01
4.504197835922241211e-01
4.504197835922241211e-01
4.504197835922241211e-01
6.666645407676696777e-01
6.666645407676696777e-01
6.666606068611145020e-01
4.504197835922241211e-01
6.666645407676696777e-01
6.666645407676696777e-01
6.666645407676696777e-01
6.666645407676696777e-01
6.666645407676696777e-01
6.666645407676696777e-01
6.666638851165771484e-01
6.666645407676696777e-01
6.666645407676696777e-01
6.666645407676696777e-01
6.666645407676696777e-01
6.666645407676696777e-01
6.666645407676696777e-01
6.666645407676696777e-01
5.472056865692138672e-01
6.666645407676696777e-01
6.666645407676696777e-01
6.666645407676696777e-01
6.666645407676696777e-01
6.666645407676696777e-01
6.666645407676696777e-01
6.666645407676696777e-01
6.666645407676696777e-01
4.504197835922241211e-01
6.666645407676696777e-01
6.666645407676696777e-01
6.666500568389892578e-01
6.666645407676696777e-01
6.666645407676696777e-01
6.666645407676696777e-01
6.666645407676696777e-01
6.666645407676696777e-01
6.666645407676696777e-01
6.666489243507385254e-01
6.666645407676696777e-01
6.666645407676696777e-01
5.336540341377258301e-01
6.666645407676696777e-01
6.666645407676696777e-01
6.666645407676696777e-01
4.504197835922241211e-01
6.443777680397033691e-01
6.666645407676696777e-01
6.666645407676696777e-01
6.666645407676696777e-01
6.666645407676696777e-01
6.666645407676696777e-01
6.666645407676696777e-01
6.666645407676696777e-01
4.504197835922241211e-01
6.666645407676696777e-01
6.666645407676696777e-01
6.666645407676696777e-01
6.666645407676696777e-01
6.666645407676696777e-01
6.666645407676696777e-01
6.666645407676696777e-01
6.666645407676696777e-01
6.666645407676696777e-01
6.394012570381164551e-01
6.299036741256713867e-01
6.666645407676696777e-01
6.666645407676696777e-01
6.666645407676696777e-01
4.504197835922241211e-01
6.666645407676696777e-01
4.504197835922241211e-01
6.666645407676696777e-01
6.666645407676696777e-01
6.652293205261230469e-01
4.504197835922241211e-01
4.504197835922241211e-01
4.504197835922241211e-01
4.504197835922241211e-01
4.504197835922241211e-01
6.451081037521362305e-01
6.666238307952880859e-01
4.504197835922241211e-01
4.504197835922241211e-01
5.109435319900512695e-01
6.657964587211608887e-01
6.666640043258666992e-01
5.342769026756286621e-01
4.504197835922241211e-01
4.504197835922241211e-01
4.504197835922241211e-01
6.663330197334289551e-01
6.666645407676696777e-01
6.666645407676696777e-01
4.504197835922241211e-01
4.504197835922241211e-01
4.504197835922241211e-01
4.504197835922241211e-01
4.504197835922241211e-01
4.504197835922241211e-01
6.659988164901733398e-01
4.504197835922241211e-01
5.125911831855773926e-01
4.504197835922241211e-01
4.504197835922241211e-01
4.504197835922241211e-01
4.504197835922241211e-01
4.504197835922241211e-01
4.504197835922241211e-01
4.504197835922241211e-01
4.504197835922241211e-01
5.349856019020080566e-01
6.572214961051940918e-01
4.504197835922241211e-01
6.604527235031127930e-01
4.504197835922241211e-01
6.666642427444458008e-01
5.191220641136169434e-01
5.349856019020080566e-01
4.504197835922241211e-01
6.666381359100341797e-01
5.349856019020080566e-01
4.504197835922241211e-01
4.504197835922241211e-01
6.630731821060180664e-01
4.504197835922241211e-01
4.504197835922241211e-01
4.504197835922241211e-01
4.504197835922241211e-01
4.504197835922241211e-01
4.504197835922241211e-01
4.504197835922241211e-01
4.504197835922241211e-01
4.504197835922241211e-01
4.504197835922241211e-01
6.665783524513244629e-01
4.504197835922241211e-01
4.504197835922241211e-01
4.504197835922241211e-01
6.651745438575744629e-01
4.504197835922241211e-01
4.504197835922241211e-01
6.657207608222961426e-01
4.504197835922241211e-01
4.504197835922241211e-01
5.705914497375488281e-01
4.504197835922241211e-01
4.504197835922241211e-01
5.411388278007507324e-01
5.349856019020080566e-01
4.504197835922241211e-01
4.504197835922241211e-01
4.504197835922241211e-01
4.504197835922241211e-01
4.504197835922241211e-01
4.504197835922241211e-01
4.504197835922241211e-01
4.504197835922241211e-01
4.504197835922241211e-01
4.504197835922241211e-01
4.504197835922241211e-01
4.504197835922241211e-01
4.504197835922241211e-01
4.504197835922241211e-01
4.504197835922241211e-01
4.504197835922241211e-01
4.504197835922241211e-01
4.504197835922241211e-01
4.504197835922241211e-01
4.504197835922241211e-01
4.504197835922241211e-01
4.504197835922241211e-01
4.504197835922241211e-01
4.504197835922241211e-01
4.504197835922241211e-01
4.504197835922241211e-01
4.504197835922241211e-01
4.504197835922241211e-01
4.504197835922241211e-01
4.504197835922241211e-01
4.504197835922241211e-01
4.504197835922241211e-01
4.504197835922241211e-01
4.504197835922241211e-01
4.504197835922241211e-01
4.504197835922241211e-01
4.504197835922241211e-01
4.504197835922241211e-01
4.504197835922241211e-01
4.504197835922241211e-01
4.504197835922241211e-01
4.504197835922241211e-01
4.504197835922241211e-01
4.504197835922241211e-01
4.504197835922241211e-01
4.504197835922241211e-01
4.504197835922241211e-01
4.504197835922241211e-01
4.504197835922241211e-01
4.504197835922241211e-01
4.504197835922241211e-01
4.504197835922241211e-01
4.504197835922241211e-01
4.504197835922241211e-01
4.504197835922241211e-01
4.504197835922241211e-01
4.504197835922241211e-01
4.504197835922241211e-01
4.504197835922241211e-01
4.504197835922241211e-01
4.504197835922241211e-01
4.504197835922241211e-01
4.504197835922241211e-01
4.504197835922241211e-01
4.504197835922241211e-01
4.504197835922241211e-01
4.504197835922241211e-01
4.504197835922241211e-01
4.504197835922241211e-01
4.504197835922241211e-01
4.504197835922241211e-01
4.504197835922241211e-01
4.504197835922241211e-01
4.504197835922241211e-01
4.504197835922241211e-01
4.504197835922241211e-01
4.504197835922241211e-01
4.504197835922241211e-01
4.504197835922241211e-01
4.504197835922241211e-01
4.504197835922241211e-01
4.504197835922241211e-01
4.504197835922241211e-01
4.504197835922241211e-01
4.504197835922241211e-01
4.504197835922241211e-01
4.504197835922241211e-01
4.504197835922241211e-01
4.504197835922241211e-01
4.504197835922241211e-01
4.504197835922241211e-01
4.504197835922241211e-01
4.504197835922241211e-01
4.504197835922241211e-01
4.504197835922241211e-01
4.504197835922241211e-01
4.504197835922241211e-01
4.504197835922241211e-01
4.504197835922241211e-01
4.504197835922241211e-01
4.504197835922241211e-01
4.504197835922241211e-01
4.504197835922241211e-01
4.504197835922241211e-01
4.504197835922241211e-01
4.504197835922241211e-01
4.504197835922241211e-01
4.504197835922241211e-01
4.504197835922241211e-01
4.504197835922241211e-01
4.504197835922241211e-01
4.504197835922241211e-01
4.504197835922241211e-01
4.504197835922241211e-01
4.504197835922241211e-01
4.504197835922241211e-01
4.504197835922241211e-01
4.504197835922241211e-01
4.504197835922241211e-01
4.504197835922241211e-01
4.504197835922241211e-01
4.504197835922241211e-01
4.504197835922241211e-01
4.504197835922241211e-01
4.504197835922241211e-01
4.504197835922241211e-01
4.504197835922241211e-01
4.504197835922241211e-01
4.504197835922241211e-01
4.504197835922241211e-01
4.504197835922241211e-01
4.504197835922241211e-01
4.504197835922241211e-01
4.504197835922241211e-01
4.504197835922241211e-01
4.504197835922241211e-01
4.504197835922241211e-01
4.504197835922241211e-01
4.504197835922241211e-01
4.504197835922241211e-01
4.504197835922241211e-01
4.504197835922241211e-01
4.504197835922241211e-01
4.504197835922241211e-01
4.504197835922241211e-01
4.504197835922241211e-01
4.504197835922241211e-01
4.504197835922241211e-01
4.504197835922241211e-01
4.504197835922241211e-01
4.504197835922241211e-01
4.504197835922241211e-01
4.504197835922241211e-01
4.504197835922241211e-01
4.504197835922241211e-01
4.504197835922241211e-01
4.504197835922241211e-01
4.504197835922241211e-01
4.504197835922241211e-01
4.504197835922241211e-01
4.504197835922241211e-01
4.504197835922241211e-01
4.504197835922241211e-01
4.504197835922241211e-01
4.504197835922241211e-01
4.504197835922241211e-01
4.504197835922241211e-01
4.504197835922241211e-01
4.504197835922241211e-01
4.504197835922241211e-01
4.504197835922241211e-01
4.504197835922241211e-01
4.504197835922241211e-01
4.504197835922241211e-01
4.504197835922241211e-01
4.504197835922241211e-01
4.504197835922241211e-01
4.504197835922241211e-01
4.504197835922241211e-01
4.504197835922241211e-01
4.504197835922241211e-01
4.504197835922241211e-01
4.504197835922241211e-01
4.504197835922241211e-01
4.504197835922241211e-01
4.504197835922241211e-01
4.504197835922241211e-01
4.504197835922241211e-01
4.504197835922241211e-01
4.504197835922241211e-01
4.504197835922241211e-01
4.504197835922241211e-01
4.504197835922241211e-01
4.504197835922241211e-01
4.504197835922241211e-01
4.504197835922241211e-01
4.504197835922241211e-01
4.504197835922241211e-01
4.504197835922241211e-01
4.504197835922241211e-01
4.504197835922241211e-01
4.504197835922241211e-01
4.504197835922241211e-01
4.504197835922241211e-01
4.504197835922241211e-01
4.504197835922241211e-01
4.504197835922241211e-01
4.504197835922241211e-01
4.504197835922241211e-01
4.504197835922241211e-01
4.504197835922241211e-01
5.282421112060546875e-01
4.504197835922241211e-01
4.504197835922241211e-01
4.504197835922241211e-01
4.504197835922241211e-01
4.504197835922241211e-01
4.504197835922241211e-01
4.504197835922241211e-01
4.504197835922241211e-01
4.504197835922241211e-01
4.504197835922241211e-01
4.504197835922241211e-01
4.504197835922241211e-01
4.504197835922241211e-01
4.504197835922241211e-01
4.504197835922241211e-01
4.504197835922241211e-01
4.504197835922241211e-01
4.504197835922241211e-01
4.504197835922241211e-01
4.504197835922241211e-01
5.109811425209045410e-01
4.504197835922241211e-01
4.504197835922241211e-01
4.504197835922241211e-01
4.504197835922241211e-01
4.504197835922241211e-01
6.559484004974365234e-01
4.504197835922241211e-01
4.504197835922241211e-01
4.504197835922241211e-01
4.504197835922241211e-01
4.504197835922241211e-01
4.504197835922241211e-01
4.504197835922241211e-01
4.504197835922241211e-01
4.504197835922241211e-01
4.504197835922241211e-01
4.504197835922241211e-01
4.504197835922241211e-01
4.504197835922241211e-01
4.504197835922241211e-01
4.504197835922241211e-01
4.504197835922241211e-01
4.504197835922241211e-01
4.504197835922241211e-01
4.504197835922241211e-01
4.504197835922241211e-01
4.504197835922241211e-01
4.504197835922241211e-01
4.504197835922241211e-01
4.504197835922241211e-01
4.504197835922241211e-01
4.504197835922241211e-01
4.504197835922241211e-01
4.504197835922241211e-01
4.504197835922241211e-01
4.504197835922241211e-01
6.329534649848937988e-01
4.504197835922241211e-01
4.504197835922241211e-01
4.504197835922241211e-01
4.504197835922241211e-01
4.504197835922241211e-01
4.504197835922241211e-01
4.504197835922241211e-01
4.504197835922241211e-01
4.504197835922241211e-01
4.504197835922241211e-01
4.504197835922241211e-01
4.504197835922241211e-01
4.504197835922241211e-01
4.504197835922241211e-01
4.504197835922241211e-01
4.504197835922241211e-01
4.504197835922241211e-01
4.504197835922241211e-01
4.504197835922241211e-01
4.504197835922241211e-01
4.504197835922241211e-01
4.504197835922241211e-01
4.504197835922241211e-01
4.504197835922241211e-01
4.504197835922241211e-01
4.504197835922241211e-01
4.504197835922241211e-01
4.504197835922241211e-01
4.504197835922241211e-01
4.504197835922241211e-01
4.504197835922241211e-01
4.504197835922241211e-01
4.504197835922241211e-01
4.504197835922241211e-01
4.504197835922241211e-01
4.504197835922241211e-01
4.504197835922241211e-01
4.504197835922241211e-01
4.504197835922241211e-01
4.504197835922241211e-01
4.504197835922241211e-01
4.504197835922241211e-01
4.504197835922241211e-01
4.504197835922241211e-01
4.504197835922241211e-01
4.504197835922241211e-01
4.504197835922241211e-01
4.504197835922241211e-01
4.504197835922241211e-01
4.504197835922241211e-01
4.504197835922241211e-01
4.504197835922241211e-01
4.504197835922241211e-01
4.504197835922241211e-01
4.504197835922241211e-01
4.504197835922241211e-01
4.504197835922241211e-01
4.504197835922241211e-01
4.504197835922241211e-01
4.504197835922241211e-01
4.504197835922241211e-01
4.504197835922241211e-01
4.504197835922241211e-01
4.504197835922241211e-01
4.504197835922241211e-01
4.504197835922241211e-01
4.504197835922241211e-01
4.504197835922241211e-01
4.504197835922241211e-01
4.504197835922241211e-01
4.504197835922241211e-01
4.504197835922241211e-01
4.504197835922241211e-01
4.504197835922241211e-01
4.504197835922241211e-01
4.504197835922241211e-01
4.504197835922241211e-01
4.504197835922241211e-01
4.504197835922241211e-01
4.504197835922241211e-01
4.504197835922241211e-01
4.504197835922241211e-01
4.504197835922241211e-01
4.504197835922241211e-01
4.504197835922241211e-01
4.504197835922241211e-01
4.504197835922241211e-01
4.504197835922241211e-01
4.504197835922241211e-01
6.412050724029541016e-01
4.504197835922241211e-01
6.305873990058898926e-01
5.526183843612670898e-01
4.504197835922241211e-01
4.504197835922241211e-01
4.504197835922241211e-01
6.413616538047790527e-01
5.411219596862792969e-01
4.504197835922241211e-01
4.504197835922241211e-01
4.504197835922241211e-01
4.504197835922241211e-01
6.334109306335449219e-01
4.504197835922241211e-01
4.504197835922241211e-01
4.504197835922241211e-01
4.504197835922241211e-01
5.259441137313842773e-01
4.504197835922241211e-01
5.259441137313842773e-01
4.504197835922241211e-01
4.504197835922241211e-01
4.504197835922241211e-01
4.504197835922241211e-01
4.504197835922241211e-01
4.504197835922241211e-01
4.504197835922241211e-01
5.196776390075683594e-01
4.504197835922241211e-01
4.504197835922241211e-01
4.504197835922241211e-01
4.504197835922241211e-01
5.285347700119018555e-01
4.504197835922241211e-01
4.504197835922241211e-01
4.504197835922241211e-01
4.504197835922241211e-01
4.504197835922241211e-01
4.504197835922241211e-01
5.336540341377258301e-01
4.504197835922241211e-01
4.504197835922241211e-01
4.504197835922241211e-01
4.504197835922241211e-01
4.504197835922241211e-01
4.504197835922241211e-01
4.504197835922241211e-01
5.241132378578186035e-01
4.504197835922241211e-01
4.504197835922241211e-01
4.504197835922241211e-01
4.504197835922241211e-01
5.241132378578186035e-01
4.504197835922241211e-01
4.504197835922241211e-01
4.504197835922241211e-01
4.504197835922241211e-01
5.285347700119018555e-01
6.666103005409240723e-01
4.504197835922241211e-01
5.336540341377258301e-01
4.504197835922241211e-01
4.504197835922241211e-01
4.504197835922241211e-01
6.061648130416870117e-01
