9.758281111717224121e-01
9.988152980804443359e-01
9.947222471237182617e-01
9.220606088638305664e-01
9.220606088638305664e-01
8.756574988365173340e-01
9.220606088638305664e-01
9.220606088638305664e-01
9.220606088638305664e-01
9.971373081207275391e-01
9.010667800903320312e-01
9.220606088638305664e-01
9.936431646347045898e-01
9.978064894676208496e-01
9.220606088638305664e-01
9.220606088638305664e-01
9.973490238189697266e-01
9.912228584289550781e-01
9.092495441436767578e-01
9.979717135429382324e-01
9.220606088638305664e-01
9.968090653419494629e-01
9.220606088638305664e-01
9.939788579940795898e-01
9.220606088638305664e-01
9.934467673301696777e-01
9.864082336425781250e-01
9.367336630821228027e-01
9.383521080017089844e-01
9.220606088638305664e-01
9.975922703742980957e-01
9.206756353378295898e-01
9.979390501976013184e-01
9.974995255470275879e-01
9.980375170707702637e-01
9.989039897918701172e-01
9.597822427749633789e-01
9.960501790046691895e-01
9.220606088638305664e-01
9.940590858459472656e-01
9.220606088638305664e-01
9.220606088638305664e-01
9.952233433723449707e-01
9.220398664474487305e-01
9.220606088638305664e-01
9.220606088638305664e-01
9.220606088638305664e-01
9.220606088638305664e-01
9.781931638717651367e-01
9.220606088638305664e-01
9.994004964828491211e-01
9.220606088638305664e-01
9.220606088638305664e-01
9.963775277137756348e-01
9.220606088638305664e-01
9.220606088638305664e-01
9.988397955894470215e-01
9.220606088638305664e-01
9.220606088638305664e-01
9.717934131622314453e-01
9.999576807022094727e-01
9.994562268257141113e-01
9.883626103401184082e-01
9.220606088638305664e-01
9.982630610466003418e-01
3.478976488113403320e-01
9.220606088638305664e-01
9.891425967216491699e-01
9.220606088638305664e-01
9.220606088638305664e-01
9.926353096961975098e-01
9.998776912689208984e-01
9.220606088638305664e-01
9.220606088638305664e-01
9.971495270729064941e-01
3.478976488113403320e-01
3.478976488113403320e-01
3.478976488113403320e-01
9.830243587493896484e-01
3.478976488113403320e-01
3.478976488113403320e-01
9.984375834465026855e-01
3.478976488113403320e-01
3.478976488113403320e-01
3.478976488113403320e-01
3.478976488113403320e-01
9.929437041282653809e-01
3.478976488113403320e-01
9.959155917167663574e-01
3.478976488113403320e-01
9.960767626762390137e-01
9.997592568397521973e-01
3.478976488113403320e-01
9.441602826118469238e-01
9.940533041954040527e-01
9.999235868453979492e-01
9.805428981781005859e-01
9.924801588058471680e-01
3.478976488113403320e-01
3.478976488113403320e-01
3.478976488113403320e-01
9.975905418395996094e-01
3.478976488113403320e-01
3.478976488113403320e-01
9.964742064476013184e-01
9.613347649574279785e-01
9.953848719596862793e-01
3.478976488113403320e-01
3.478976488113403320e-01
3.478976488113403320e-01
9.981015324592590332e-01
3.478976488113403320e-01
3.478976488113403320e-01
3.478976488113403320e-01
9.930772781372070312e-01
3.478976488113403320e-01
3.478976488113403320e-01
9.993984699249267578e-01
9.960606694221496582e-01
9.832174777984619141e-01
9.951657056808471680e-01
9.979002475738525391e-01
9.892598390579223633e-01
3.478976488113403320e-01
9.987618923187255859e-01
3.478976488113403320e-01
9.938656687736511230e-01
3.478976488113403320e-01
9.939576387405395508e-01
9.992249011993408203e-01
9.987171888351440430e-01
9.965599179267883301e-01
9.956016540527343750e-01
3.478976488113403320e-01
9.954397678375244141e-01
3.478976488113403320e-01
9.880097508430480957e-01
9.990183115005493164e-01
9.983362555503845215e-01
9.981745481491088867e-01
3.478976488113403320e-01
9.280046224594116211e-01
9.882338047027587891e-01
3.478976488113403320e-01
9.970998764038085938e-01
3.478976488113403320e-01
3.478976488113403320e-01
3.478976488113403320e-01
9.992392063140869141e-01
9.937533736228942871e-01
9.967513084411621094e-01
3.478976488113403320e-01
9.982660412788391113e-01
3.478976488113403320e-01
9.872962236404418945e-01
9.975414276123046875e-01
9.915885329246520996e-01
9.999508857727050781e-01
9.967212080955505371e-01
3.478976488113403320e-01
3.478976488113403320e-01
3.478976488113403320e-01
3.478976488113403320e-01
9.982061386108398438e-01
9.912614822387695312e-01
9.964621663093566895e-01
3.478976488113403320e-01
3.478976488113403320e-01
9.993343949317932129e-01
3.478976488113403320e-01
3.478976488113403320e-01
9.999707937240600586e-01
3.478976488113403320e-01
9.630022048950195312e-01
9.745934009552001953e-01
3.478976488113403320e-01
9.968509078025817871e-01
3.478976488113403320e-01
3.478976488113403320e-01
9.923226237297058105e-01
3.478976488113403320e-01
3.478976488113403320e-01
9.725229740142822266e-01
3.478976488113403320e-01
9.978280663490295410e-01
9.951392412185668945e-01
3.478976488113403320e-01
3.478976488113403320e-01
9.895043373107910156e-01
9.998136162757873535e-01
3.478976488113403320e-01
3.478976488113403320e-01
9.868681430816650391e-01
9.913948178291320801e-01
3.478976488113403320e-01
9.997760653495788574e-01
3.478976488113403320e-01
3.478976488113403320e-01
3.478976488113403320e-01
9.996038079261779785e-01
3.478976488113403320e-01
9.926648736000061035e-01
3.478976488113403320e-01
9.971246123313903809e-01
5.104601979255676270e-01
3.478976488113403320e-01
3.478976488113403320e-01
3.478976488113403320e-01
9.916782379150390625e-01
3.478976488113403320e-01
3.478976488113403320e-01
3.478976488113403320e-01
3.478976488113403320e-01
9.684693217277526855e-01
9.974174499511718750e-01
9.970541000366210938e-01
9.998255372047424316e-01
3.478976488113403320e-01
9.937875270843505859e-01
9.983988404273986816e-01
9.859236478805541992e-01
9.716472625732421875e-01
9.920850396156311035e-01
3.478976488113403320e-01
9.995711445808410645e-01
3.478976488113403320e-01
3.478976488113403320e-01
3.478976488113403320e-01
9.975806474685668945e-01
9.934675097465515137e-01
3.478976488113403320e-01
3.478976488113403320e-01
3.478976488113403320e-01
9.850469827651977539e-01
9.278378486633300781e-01
9.933894872665405273e-01
3.478976488113403320e-01
9.991658926010131836e-01
8.711850047111511230e-01
9.984281063079833984e-01
3.478976488113403320e-01
9.945716261863708496e-01
3.478976488113403320e-01
9.489605426788330078e-01
3.478976488113403320e-01
3.478976488113403320e-01
9.220606088638305664e-01
9.984388947486877441e-01
9.220606088638305664e-01
3.478976488113403320e-01
3.478976488113403320e-01
9.220606088638305664e-01
5.223013162612915039e-01
9.942090511322021484e-01
3.478976488113403320e-01
9.954282045364379883e-01
9.951807260513305664e-01
9.937692284584045410e-01
9.989290833473205566e-01
9.220606088638305664e-01
9.997804760932922363e-01
9.220606088638305664e-01
3.478976488113403320e-01
3.478976488113403320e-01
9.699102044105529785e-01
9.220606088638305664e-01
9.999876022338867188e-01
9.972930550575256348e-01
3.478976488113403320e-01
9.983012080192565918e-01
9.220606088638305664e-01
9.969749450683593750e-01
9.968490004539489746e-01
9.959293007850646973e-01
9.980722665786743164e-01
9.220606088638305664e-01
9.220606088638305664e-01
9.220606088638305664e-01
9.220606088638305664e-01
9.220606088638305664e-01
9.902133345603942871e-01
9.220606088638305664e-01
3.478976488113403320e-01
3.478976488113403320e-01
9.993176460266113281e-01
9.884853363037109375e-01
9.220606088638305664e-01
9.969749450683593750e-01
9.982847571372985840e-01
9.220606088638305664e-01
9.220606088638305664e-01
9.220606088638305664e-01
3.478976488113403320e-01
9.976801872253417969e-01
9.858571290969848633e-01
9.220606088638305664e-01
9.987066984176635742e-01
9.220606088638305664e-01
9.220606088638305664e-01
9.973546266555786133e-01
9.220606088638305664e-01
9.978710412979125977e-01
9.220606088638305664e-01
3.478976488113403320e-01
9.618226885795593262e-01
9.955957531929016113e-01
5.223013162612915039e-01
9.927244782447814941e-01
9.984077811241149902e-01
9.220606088638305664e-01
3.478976488113403320e-01
9.217373132705688477e-01
9.970813393592834473e-01
9.852531552314758301e-01
9.220606088638305664e-01
9.220606088638305664e-01
9.212384819984436035e-01
9.220606088638305664e-01
9.938030242919921875e-01
9.949921965599060059e-01
3.478976488113403320e-01
9.220606088638305664e-01
9.986228942871093750e-01
8.681303262710571289e-01
3.478976488113403320e-01
3.478976488113403320e-01
9.220606088638305664e-01
3.478976488113403320e-01
3.478976488113403320e-01
9.998795986175537109e-01
9.888648986816406250e-01
9.964084029197692871e-01
3.478976488113403320e-01
3.478976488113403320e-01
3.478976488113403320e-01
9.220606088638305664e-01
9.220606088638305664e-01
3.478976488113403320e-01
3.478976488113403320e-01
3.478976488113403320e-01
9.972956776618957520e-01
9.844778776168823242e-01
3.478976488113403320e-01
9.991502761840820312e-01
3.478976488113403320e-01
3.478976488113403320e-01
3.478976488113403320e-01
9.220606088638305664e-01
9.220606088638305664e-01
9.960164427757263184e-01
9.889783263206481934e-01
3.478976488113403320e-01
9.220606088638305664e-01
3.478976488113403320e-01
3.478976488113403320e-01
9.979648590087890625e-01
3.478976488113403320e-01
3.478976488113403320e-01
9.995980858802795410e-01
3.478976488113403320e-01
9.949023723602294922e-01
3.478976488113403320e-01
3.478976488113403320e-01
9.997424483299255371e-01
3.478976488113403320e-01
3.478976488113403320e-01
3.478976488113403320e-01
9.922663569450378418e-01
3.478976488113403320e-01
3.478976488113403320e-01
9.997836947441101074e-01
9.570748805999755859e-01
3.478976488113403320e-01
3.478976488113403320e-01
3.478976488113403320e-01
3.478976488113403320e-01
9.940804839134216309e-01
9.815193414688110352e-01
3.478976488113403320e-01
3.478976488113403320e-01
3.478976488113403320e-01
3.478976488113403320e-01
3.478976488113403320e-01
3.478976488113403320e-01
9.920476078987121582e-01
3.478976488113403320e-01
3.478976488113403320e-01
3.478976488113403320e-01
3.478976488113403320e-01
3.478976488113403320e-01
3.478976488113403320e-01
3.478976488113403320e-01
3.478976488113403320e-01
3.478976488113403320e-01
3.478976488113403320e-01
3.478976488113403320e-01
3.478976488113403320e-01
9.801786541938781738e-01
3.478976488113403320e-01
3.478976488113403320e-01
3.478976488113403320e-01
9.843673110008239746e-01
9.900308847427368164e-01
3.478976488113403320e-01
3.478976488113403320e-01
9.881193041801452637e-01
3.478976488113403320e-01
3.478976488113403320e-01
3.478976488113403320e-01
9.985059499740600586e-01
3.478976488113403320e-01
3.478976488113403320e-01
3.478976488113403320e-01
3.478976488113403320e-01
3.478976488113403320e-01
3.478976488113403320e-01
3.478976488113403320e-01
3.478976488113403320e-01
9.819222688674926758e-01
3.478976488113403320e-01
3.478976488113403320e-01
3.478976488113403320e-01
3.478976488113403320e-01
3.478976488113403320e-01
3.478976488113403320e-01
3.478976488113403320e-01
9.220606088638305664e-01
9.971004128456115723e-01
9.787883758544921875e-01
9.994768500328063965e-01
9.913946986198425293e-01
9.954867959022521973e-01
9.993626475334167480e-01
9.220606088638305664e-01
9.220606088638305664e-01
9.220606088638305664e-01
9.899729490280151367e-01
9.814087748527526855e-01
9.934095144271850586e-01
9.220606088638305664e-01
9.220606088638305664e-01
9.954193830490112305e-01
9.220606088638305664e-01
9.220606088638305664e-01
6.026813387870788574e-01
9.940741658210754395e-01
9.995409250259399414e-01
9.985539317131042480e-01
9.427784681320190430e-01
9.220606088638305664e-01
9.220606088638305664e-01
9.220606088638305664e-01
9.900229573249816895e-01
3.478976488113403320e-01
9.220606088638305664e-01
9.927069544792175293e-01
9.778026342391967773e-01
9.220606088638305664e-01
9.220606088638305664e-01
9.786071777343750000e-01
9.220606088638305664e-01
9.998297691345214844e-01
9.220606088638305664e-01
9.220406413078308105e-01
9.220606088638305664e-01
9.220606088638305664e-01
1.000000000000000000e+00
9.220606088638305664e-01
9.220606088638305664e-01
9.991756081581115723e-01
9.999357461929321289e-01
8.890914320945739746e-01
9.220606088638305664e-01
9.220606088638305664e-01
9.616332054138183594e-01
9.220606088638305664e-01
9.988202452659606934e-01
9.995759129524230957e-01
9.220606088638305664e-01
3.478976488113403320e-01
9.220606088638305664e-01
9.220606088638305664e-01
9.839189648628234863e-01
9.220606088638305664e-01
9.220606088638305664e-01
9.220606088638305664e-01
9.960502982139587402e-01
9.220606088638305664e-01
9.856442213058471680e-01
9.966266155242919922e-01
9.987396597862243652e-01
9.220606088638305664e-01
9.984120130538940430e-01
9.969232678413391113e-01
9.786587953567504883e-01
9.220606088638305664e-01
9.999309778213500977e-01
9.220606088638305664e-01
9.220606088638305664e-01
9.202201366424560547e-01
3.478976488113403320e-01
3.478976488113403320e-01
5.271111428737640381e-02
3.478976488113403320e-01
6.317845582962036133e-01
9.196323156356811523e-01
4.825662970542907715e-01
3.478976488113403320e-01
3.478976488113403320e-01
2.671174705028533936e-01
3.478976488113403320e-01
5.514653325080871582e-01
3.478976488113403320e-01
9.220606088638305664e-01
3.478976488113403320e-01
3.478976488113403320e-01
9.206711053848266602e-01
3.478976488113403320e-01
3.478976488113403320e-01
3.478976488113403320e-01
3.478976488113403320e-01
3.478976488113403320e-01
5.484405755996704102e-01
3.478976488113403320e-01
3.478976488113403320e-01
3.478976488113403320e-01
3.478976488113403320e-01
3.478976488113403320e-01
2.482533007860183716e-01
3.478976488113403320e-01
2.668679654598236084e-01
3.478976488113403320e-01
6.534277200698852539e-01
3.478976488113403320e-01
3.478976488113403320e-01
3.478976488113403320e-01
3.478976488113403320e-01
1.293124854564666748e-01
3.478976488113403320e-01
3.478976488113403320e-01
3.478976488113403320e-01
5.514653325080871582e-01
3.478976488113403320e-01
3.478976488113403320e-01
3.478976488113403320e-01
8.778917789459228516e-01
3.478976488113403320e-01
6.931617259979248047e-01
3.478976488113403320e-01
9.151452779769897461e-01
3.478976488113403320e-01
3.478976488113403320e-01
3.478976488113403320e-01
7.217849493026733398e-01
3.478976488113403320e-01
3.478976488113403320e-01
3.478976488113403320e-01
8.217683434486389160e-01
3.478976488113403320e-01
3.478976488113403320e-01
3.478976488113403320e-01
3.478976488113403320e-01
3.478976488113403320e-01
3.478976488113403320e-01
3.478976488113403320e-01
2.479231655597686768e-01
1.194762066006660461e-01
3.478976488113403320e-01
3.478976488113403320e-01
3.478976488113403320e-01
5.164722800254821777e-01
3.478976488113403320e-01
3.478976488113403320e-01
3.478976488113403320e-01
3.478976488113403320e-01
3.478976488113403320e-01
3.478976488113403320e-01
3.478976488113403320e-01
3.478976488113403320e-01
3.478976488113403320e-01
3.478976488113403320e-01
3.478976488113403320e-01
3.478976488113403320e-01
3.478976488113403320e-01
3.478976488113403320e-01
3.478976488113403320e-01
3.478976488113403320e-01
3.478976488113403320e-01
3.478976488113403320e-01
3.478976488113403320e-01
3.478976488113403320e-01
3.478976488113403320e-01
3.478976488113403320e-01
3.478976488113403320e-01
3.478976488113403320e-01
3.478976488113403320e-01
3.478976488113403320e-01
3.478976488113403320e-01
3.478976488113403320e-01
3.478976488113403320e-01
3.478976488113403320e-01
3.478976488113403320e-01
3.478976488113403320e-01
3.478976488113403320e-01
3.478976488113403320e-01
3.478976488113403320e-01
3.478976488113403320e-01
3.478976488113403320e-01
3.478976488113403320e-01
3.478976488113403320e-01
3.478976488113403320e-01
3.478976488113403320e-01
3.478976488113403320e-01
3.478976488113403320e-01
3.478976488113403320e-01
3.478976488113403320e-01
3.478976488113403320e-01
3.478976488113403320e-01
3.478976488113403320e-01
3.478976488113403320e-01
3.478976488113403320e-01
3.478976488113403320e-01
3.478976488113403320e-01
3.478976488113403320e-01
3.478976488113403320e-01
3.478976488113403320e-01
3.478976488113403320e-01
3.478976488113403320e-01
3.478976488113403320e-01
3.478976488113403320e-01
3.478976488113403320e-01
3.478976488113403320e-01
3.478976488113403320e-01
3.478976488113403320e-01
3.478976488113403320e-01
3.478976488113403320e-01
3.478976488113403320e-01
3.478976488113403320e-01
3.478976488113403320e-01
3.478976488113403320e-01
3.478976488113403320e-01
3.478976488113403320e-01
3.478976488113403320e-01
3.478976488113403320e-01
3.478976488113403320e-01
3.478976488113403320e-01
3.478976488113403320e-01
3.478976488113403320e-01
3.478976488113403320e-01
3.478976488113403320e-01
3.478976488113403320e-01
3.478976488113403320e-01
3.478976488113403320e-01
3.478976488113403320e-01
3.478976488113403320e-01
3.478976488113403320e-01
3.478976488113403320e-01
3.478976488113403320e-01
3.478976488113403320e-01
3.478976488113403320e-01
3.478976488113403320e-01
3.478976488113403320e-01
3.478976488113403320e-01
3.478976488113403320e-01
3.478976488113403320e-01
3.478976488113403320e-01
3.478976488113403320e-01
3.478976488113403320e-01
3.478976488113403320e-01
3.478976488113403320e-01
3.478976488113403320e-01
3.478976488113403320e-01
3.478976488113403320e-01
3.478976488113403320e-01
3.478976488113403320e-01
3.478976488113403320e-01
3.478976488113403320e-01
3.478976488113403320e-01
3.478976488113403320e-01
3.478976488113403320e-01
3.478976488113403320e-01
3.478976488113403320e-01
3.478976488113403320e-01
3.478976488113403320e-01
3.478976488113403320e-01
3.478976488113403320e-01
3.478976488113403320e-01
3.478976488113403320e-01
3.478976488113403320e-01
3.478976488113403320e-01
2.261964082717895508e-01
3.478976488113403320e-01
3.478976488113403320e-01
3.478976488113403320e-01
3.478976488113403320e-01
3.478976488113403320e-01
3.478976488113403320e-01
3.478976488113403320e-01
3.478976488113403320e-01
3.478976488113403320e-01
1.469957530498504639e-01
3.478976488113403320e-01
3.478976488113403320e-01
3.478976488113403320e-01
3.478976488113403320e-01
3.478976488113403320e-01
3.478976488113403320e-01
3.478976488113403320e-01
3.478976488113403320e-01
3.478976488113403320e-01
3.478976488113403320e-01
3.478976488113403320e-01
3.478976488113403320e-01
3.478976488113403320e-01
3.478976488113403320e-01
3.478976488113403320e-01
3.478976488113403320e-01
3.478976488113403320e-01
3.478976488113403320e-01
3.478976488113403320e-01
3.478976488113403320e-01
3.478976488113403320e-01
3.478976488113403320e-01
3.478976488113403320e-01
3.478976488113403320e-01
3.478976488113403320e-01
3.478976488113403320e-01
3.478976488113403320e-01
3.478976488113403320e-01
3.478976488113403320e-01
3.478976488113403320e-01
3.478976488113403320e-01
3.478976488113403320e-01
3.478976488113403320e-01
3.478976488113403320e-01
3.478976488113403320e-01
3.478976488113403320e-01
3.478976488113403320e-01
3.478976488113403320e-01
3.478976488113403320e-01
3.478976488113403320e-01
3.478976488113403320e-01
3.478976488113403320e-01
3.478976488113403320e-01
3.478976488113403320e-01
3.478976488113403320e-01
2.401236072182655334e-02
3.478976488113403320e-01
3.478976488113403320e-01
3.478976488113403320e-01
3.478976488113403320e-01
3.478976488113403320e-01
3.478976488113403320e-01
3.478976488113403320e-01
3.478976488113403320e-01
3.478976488113403320e-01
3.478976488113403320e-01
3.478976488113403320e-01
3.478976488113403320e-01
3.478976488113403320e-01
3.478976488113403320e-01
3.478976488113403320e-01
3.478976488113403320e-01
3.478976488113403320e-01
3.478976488113403320e-01
3.478976488113403320e-01
9.074097275733947754e-01
3.478976488113403320e-01
3.478976488113403320e-01
3.478976488113403320e-01
3.478976488113403320e-01
3.478976488113403320e-01
3.478976488113403320e-01
3.478976488113403320e-01
3.478976488113403320e-01
3.478976488113403320e-01
3.478976488113403320e-01
3.478976488113403320e-01
3.478976488113403320e-01
3.478976488113403320e-01
3.478976488113403320e-01
3.478976488113403320e-01
3.478976488113403320e-01
3.478976488113403320e-01
1.024305894970893860e-01
3.478976488113403320e-01
3.478976488113403320e-01
3.478976488113403320e-01
5.223013162612915039e-01
3.478976488113403320e-01
3.478976488113403320e-01
3.478976488113403320e-01
3.478976488113403320e-01
3.478976488113403320e-01
3.478976488113403320e-01
3.478976488113403320e-01
3.478976488113403320e-01
3.478976488113403320e-01
3.478976488113403320e-01
3.478976488113403320e-01
3.478976488113403320e-01
8.508864641189575195e-01
3.478976488113403320e-01
3.478976488113403320e-01
3.478976488113403320e-01
3.478976488113403320e-01
4.478655159473419189e-01
3.478976488113403320e-01
9.149473160505294800e-02
3.478976488113403320e-01
3.478976488113403320e-01
3.478976488113403320e-01
3.478976488113403320e-01
3.478976488113403320e-01
3.478976488113403320e-01
3.478976488113403320e-01
3.478976488113403320e-01
3.478976488113403320e-01
3.478976488113403320e-01
3.478976488113403320e-01
3.478976488113403320e-01
3.478976488113403320e-01
3.478976488113403320e-01
3.478976488113403320e-01
3.478976488113403320e-01
8.681303262710571289e-01
3.478976488113403320e-01
3.478976488113403320e-01
3.478976488113403320e-01
3.478976488113403320e-01
3.478976488113403320e-01
3.478976488113403320e-01
3.478976488113403320e-01
3.478976488113403320e-01
3.478976488113403320e-01
3.478976488113403320e-01
3.478976488113403320e-01
3.478976488113403320e-01
3.478976488113403320e-01
3.478976488113403320e-01
3.478976488113403320e-01
3.478976488113403320e-01
3.478976488113403320e-01
3.478976488113403320e-01
3.478976488113403320e-01
3.478976488113403320e-01
3.478976488113403320e-01
3.478976488113403320e-01
3.478976488113403320e-01
3.478976488113403320e-01
3.478976488113403320e-01
3.478976488113403320e-01
3.478976488113403320e-01
3.478976488113403320e-01
3.478976488113403320e-01
3.478976488113403320e-01
3.478976488113403320e-01
3.478976488113403320e-01
3.478976488113403320e-01
3.478976488113403320e-01
1.753172837197780609e-02
3.478976488113403320e-01
3.478976488113403320e-01
3.478976488113403320e-01
6.709073483943939209e-02
3.478976488113403320e-01
3.478976488113403320e-01
3.478976488113403320e-01
3.478976488113403320e-01
3.478976488113403320e-01
1.211830880492925644e-02
3.478976488113403320e-01
3.478976488113403320e-01
3.478976488113403320e-01
3.478976488113403320e-01
3.478976488113403320e-01
3.478976488113403320e-01
3.478976488113403320e-01
1.280675232410430908e-01
3.478976488113403320e-01
3.478976488113403320e-01
3.478976488113403320e-01
2.866446971893310547e-02
3.478976488113403320e-01
3.478976488113403320e-01
3.478976488113403320e-01
3.478976488113403320e-01
3.478976488113403320e-01
3.478976488113403320e-01
3.478976488113403320e-01
3.478976488113403320e-01
3.478976488113403320e-01
3.478976488113403320e-01
3.478976488113403320e-01
3.478976488113403320e-01
3.478976488113403320e-01
3.478976488113403320e-01
3.478976488113403320e-01
3.478976488113403320e-01
3.478976488113403320e-01
3.478976488113403320e-01
3.478976488113403320e-01
3.478976488113403320e-01
3.478976488113403320e-01
3.478976488113403320e-01
3.478976488113403320e-01
3.478976488113403320e-01
3.478976488113403320e-01
3.478976488113403320e-01
3.478976488113403320e-01
3.478976488113403320e-01
3.478976488113403320e-01
3.478976488113403320e-01
3.478976488113403320e-01
3.478976488113403320e-01
9.616523236036300659e-02
3.478976488113403320e-01
3.478976488113403320e-01
3.478976488113403320e-01
3.478976488113403320e-01
3.478976488113403320e-01
3.478976488113403320e-01
3.478976488113403320e-01
3.478976488113403320e-01
3.478976488113403320e-01
3.478976488113403320e-01
3.478976488113403320e-01
3.478976488113403320e-01
5.122780203819274902e-01
3.478976488113403320e-01
3.478976488113403320e-01
5.457687377929687500e-01
5.457687377929687500e-01
3.478976488113403320e-01
3.478976488113403320e-01
3.478976488113403320e-01
3.478976488113403320e-01
3.478976488113403320e-01
8.804774284362792969e-01
3.478976488113403320e-01
8.503522872924804688e-01
9.220606088638305664e-01
5.457687377929687500e-01
3.478976488113403320e-01
3.478976488113403320e-01
3.478976488113403320e-01
3.478976488113403320e-01
3.478976488113403320e-01
4.246617257595062256e-01
5.457687377929687500e-01
3.478976488113403320e-01
3.478976488113403320e-01
8.750138282775878906e-01
3.478976488113403320e-01
3.478976488113403320e-01
3.478976488113403320e-01
3.478976488113403320e-01
3.478976488113403320e-01
3.478976488113403320e-01
3.478976488113403320e-01
3.478976488113403320e-01
3.478976488113403320e-01
3.478976488113403320e-01
3.478976488113403320e-01
1.425843778997659683e-02
3.478976488113403320e-01
3.478976488113403320e-01
5.042331814765930176e-01
5.457687377929687500e-01
3.478976488113403320e-01
3.478976488113403320e-01
3.478976488113403320e-01
5.042331814765930176e-01
3.478976488113403320e-01
3.478976488113403320e-01
3.478976488113403320e-01
3.478976488113403320e-01
3.118028491735458374e-02
3.478976488113403320e-01
3.478976488113403320e-01
3.478976488113403320e-01
6.056746244430541992e-01
3.478976488113403320e-01
3.478976488113403320e-01
8.692844510078430176e-01
1.253397166728973389e-01
3.478976488113403320e-01
3.478976488113403320e-01
3.478976488113403320e-01
3.478976488113403320e-01
