4.795298874378204346e-01
4.795298874378204346e-01
5.989885330200195312e-01
5.989885330200195312e-01
4.795298874378204346e-01
4.795298874378204346e-01
5.989885330200195312e-01
4.795298874378204346e-01
5.989885330200195312e-01
4.795298874378204346e-01
4.795298874378204346e-01
5.989885330200195312e-01
5.978167057037353516e-01
4.795298874378204346e-01
5.989885330200195312e-01
4.795298874378204346e-01
4.795298874378204346e-01
5.989885330200195312e-01
4.795298874378204346e-01
4.795298874378204346e-01
4.795298874378204346e-01
5.989885330200195312e-01
2.560615539550781250e-01
5.951278805732727051e-01
5.989885330200195312e-01
5.989885330200195312e-01
4.795298874378204346e-01
5.989885330200195312e-01
5.989885330200195312e-01
5.989885330200195312e-01
4.795298874378204346e-01
4.795298874378204346e-01
4.795298874378204346e-01
5.989885330200195312e-01
5.989885330200195312e-01
4.795298874378204346e-01
5.989885330200195312e-01
5.989885330200195312e-01
4.795298874378204346e-01
5.989885330200195312e-01
5.989885330200195312e-01
5.989885330200195312e-01
4.795298874378204346e-01
5.989885330200195312e-01
5.989885330200195312e-01
5.989885330200195312e-01
4.795298874378204346e-01
5.989885330200195312e-01
5.989885330200195312e-01
4.795298874378204346e-01
5.989885330200195312e-01
5.989885330200195312e-01
5.989807844161987305e-01
5.723857879638671875e-01
5.988273024559020996e-01
4.795298874378204346e-01
4.795298874378204346e-01
5.989885330200195312e-01
4.795298874378204346e-01
5.989885330200195312e-01
5.989885330200195312e-01
4.795298874378204346e-01
5.989885330200195312e-01
5.989885330200195312e-01
5.989885330200195312e-01
5.989885330200195312e-01
4.795298874378204346e-01
5.989885330200195312e-01
5.989885330200195312e-01
4.795298874378204346e-01
4.371851980686187744e-01
5.989885330200195312e-01
5.989885330200195312e-01
5.989866256713867188e-01
2.543827295303344727e-01
5.989885330200195312e-01
5.989885330200195312e-01
5.989885330200195312e-01
2.543827295303344727e-01
4.795298874378204346e-01
5.989885330200195312e-01
5.989885330200195312e-01
5.797644257545471191e-01
4.795298874378204346e-01
4.795298874378204346e-01
5.989885330200195312e-01
5.989885330200195312e-01
4.795298874378204346e-01
5.585083365440368652e-01
5.989885330200195312e-01
5.989885330200195312e-01
5.989885330200195312e-01
4.795298874378204346e-01
4.795298874378204346e-01
5.989777445793151855e-01
5.989885330200195312e-01
4.795298874378204346e-01
4.795298874378204346e-01
4.795298874378204346e-01
4.795298874378204346e-01
5.989885330200195312e-01
5.989885330200195312e-01
5.989885330200195312e-01
5.989218354225158691e-01
4.795298874378204346e-01
5.621691942214965820e-01
4.795298874378204346e-01
5.630955100059509277e-01
4.795298874378204346e-01
5.989882946014404297e-01
5.987957715988159180e-01
4.639140069484710693e-01
4.778285920619964600e-01
4.795298874378204346e-01
2.542822957038879395e-01
5.977584719657897949e-01
4.732516109943389893e-01
5.989431738853454590e-01
4.577873051166534424e-01
4.778285920619964600e-01
4.795298874378204346e-01
4.545157551765441895e-01
2.542822957038879395e-01
4.795298874378204346e-01
4.795298874378204346e-01
4.795298874378204346e-01
5.987526774406433105e-01
5.971655845642089844e-01
4.795298874378204346e-01
4.795298874378204346e-01
4.795298874378204346e-01
4.795298874378204346e-01
2.558559477329254150e-01
4.795298874378204346e-01
4.795298874378204346e-01
4.795298874378204346e-01
5.989150404930114746e-01
5.989871025085449219e-01
4.795298874378204346e-01
4.795298874378204346e-01
4.795298874378204346e-01
5.901817679405212402e-01
4.795298874378204346e-01
4.742686152458190918e-01
5.985341072082519531e-01
4.795298874378204346e-01
5.950681567192077637e-01
5.022395253181457520e-01
5.884613990783691406e-01
4.795298874378204346e-01
2.542822957038879395e-01
5.878699421882629395e-01
5.989850163459777832e-01
5.625669360160827637e-01
5.989259481430053711e-01
5.872221589088439941e-01
4.795298874378204346e-01
5.987409949302673340e-01
4.795298874378204346e-01
5.965178012847900391e-01
4.795298874378204346e-01
2.542822957038879395e-01
2.542822957038879395e-01
5.987874865531921387e-01
5.691652297973632812e-01
4.795298874378204346e-01
4.726651608943939209e-01
5.625669360160827637e-01
4.795298874378204346e-01
2.542822957038879395e-01
5.989881753921508789e-01
4.795298874378204346e-01
5.878699421882629395e-01
4.662799835205078125e-01
5.989885330200195312e-01
4.795298874378204346e-01
4.795298874378204346e-01
4.795298874378204346e-01
5.989884734153747559e-01
4.795298874378204346e-01
2.540395855903625488e-01
4.795298874378204346e-01
2.540395855903625488e-01
4.742686152458190918e-01
5.663585066795349121e-01
4.795298874378204346e-01
2.542822957038879395e-01
4.795298874378204346e-01
4.795298874378204346e-01
4.367811977863311768e-01
4.621088206768035889e-01
4.795298874378204346e-01
5.989822745323181152e-01
2.522023320198059082e-01
4.795298874378204346e-01
2.540395855903625488e-01
4.795298874378204346e-01
4.795298874378204346e-01
4.747259616851806641e-01
4.795298874378204346e-01
4.795298874378204346e-01
4.795298874378204346e-01
2.542822957038879395e-01
4.795298874378204346e-01
5.989845395088195801e-01
4.742685556411743164e-01
