9.983419179916381836e-01
9.999982118606567383e-01
9.849314689636230469e-01
7.433094382286071777e-01
4.475931525230407715e-01
9.883082509040832520e-01
4.706294238567352295e-01
7.298365831375122070e-01
8.975425958633422852e-01
9.992545247077941895e-01
9.974455833435058594e-01
6.971191167831420898e-01
9.999284744262695312e-01
9.991074204444885254e-01
8.023499250411987305e-01
8.119591474533081055e-01
9.999731779098510742e-01
9.997187256813049316e-01
3.985627591609954834e-01
9.918000102043151855e-01
9.186977744102478027e-01
9.956419467926025391e-01
9.193927049636840820e-01
9.943671822547912598e-01
6.001754403114318848e-01
9.984791874885559082e-01
9.999179840087890625e-01
9.983243346214294434e-01
9.983211159706115723e-01
8.915635347366333008e-01
9.999252557754516602e-01
7.483904957771301270e-01
9.994423985481262207e-01
9.999991655349731445e-01
9.939278364181518555e-01
9.790584444999694824e-01
9.998610019683837891e-01
9.980223178863525391e-01
5.316102504730224609e-01
9.791504144668579102e-01
6.789118051528930664e-01
7.496945261955261230e-01
9.980832338333129883e-01
5.406185984611511230e-01
8.876562118530273438e-01
6.054875254631042480e-01
6.067004203796386719e-01
6.639287471771240234e-01
9.999939203262329102e-01
3.874966800212860107e-01
9.959177374839782715e-01
4.687747657299041748e-01
7.577602267265319824e-01
9.993147850036621094e-01
7.611829042434692383e-01
8.706062436103820801e-01
9.998331069946289062e-01
9.210928082466125488e-01
7.905399203300476074e-01
9.929327964782714844e-01
9.990701079368591309e-01
9.974541068077087402e-01
9.779186844825744629e-01
7.905697226524353027e-01
9.911583065986633301e-01
1.284829527139663696e-01
7.240015864372253418e-01
9.486621022224426270e-01
6.296569705009460449e-01
8.962262868881225586e-01
9.970583915710449219e-01
9.848404526710510254e-01
8.257107138633728027e-01
7.873762249946594238e-01
9.960673451423645020e-01
4.119531214237213135e-01
7.187163829803466797e-01
9.248705506324768066e-01
9.620167613029479980e-01
8.964427113533020020e-01
8.207648992538452148e-01
9.846754670143127441e-01
9.182545542716979980e-01
5.486807227134704590e-01
8.374136090278625488e-01
8.359986543655395508e-01
9.571452140808105469e-01
8.903964757919311523e-01
9.989665746688842773e-01
5.029470324516296387e-01
9.972352385520935059e-01
9.948151707649230957e-01
8.286620974540710449e-01
9.879677295684814453e-01
9.817158579826354980e-01
9.997672438621520996e-01
9.830499291419982910e-01
9.966760873794555664e-01
8.232781887054443359e-01
5.417651534080505371e-01
9.237713813781738281e-01
9.376804828643798828e-01
8.428549170494079590e-01
8.670806288719177246e-01
9.973801970481872559e-01
9.765207171440124512e-01
9.982890486717224121e-01
4.961682856082916260e-01
8.824785351753234863e-01
8.403105735778808594e-01
9.950498938560485840e-01
4.838067889213562012e-01
8.895469903945922852e-01
6.959980130195617676e-01
9.844684004783630371e-01
7.884052395820617676e-01
6.302998065948486328e-01
9.995824694633483887e-01
9.766429662704467773e-01
9.999155998229980469e-01
9.604573845863342285e-01
9.874832630157470703e-01
9.886188507080078125e-01
8.407420516014099121e-01
9.988892674446105957e-01
8.973470926284790039e-01
9.757438898086547852e-01
4.748116731643676758e-01
9.845777153968811035e-01
9.999686479568481445e-01
9.995768666267395020e-01
9.839442968368530273e-01
9.588377475738525391e-01
8.173749446868896484e-01
9.938596487045288086e-01
4.042030274868011475e-01
9.436944723129272461e-01
9.991068243980407715e-01
9.988489151000976562e-01
9.667284488677978516e-01
8.445723652839660645e-01
9.989337325096130371e-01
9.991771578788757324e-01
8.729461431503295898e-01
9.937528967857360840e-01
4.913907349109649658e-01
8.682584762573242188e-01
4.544646143913269043e-01
9.943177103996276855e-01
9.693700075149536133e-01
9.719726443290710449e-01
3.791861534118652344e-01
9.874147772789001465e-01
4.613929986953735352e-01
9.999825954437255859e-01
9.330772757530212402e-01
9.479264616966247559e-01
9.574185013771057129e-01
9.987209439277648926e-01
4.434209764003753662e-01
3.467875719070434570e-01
4.779988229274749756e-01
7.069512009620666504e-01
9.962415695190429688e-01
9.600964188575744629e-01
9.718422293663024902e-01
4.327915310859680176e-01
4.463737010955810547e-01
9.910160303115844727e-01
5.073311924934387207e-01
4.305913746356964111e-01
9.978209733963012695e-01
3.717387914657592773e-01
9.534431099891662598e-01
9.946704506874084473e-01
5.608509182929992676e-01
9.822929501533508301e-01
4.093607664108276367e-01
5.484018325805664062e-01
9.879740476608276367e-01
6.392410397529602051e-01
5.350918173789978027e-01
9.661425352096557617e-01
5.376012325286865234e-01
9.997060894966125488e-01
9.867361187934875488e-01
5.796992778778076172e-01
5.987908244132995605e-01
9.846181869506835938e-01
9.996604919433593750e-01
8.321693539619445801e-01
5.719081759452819824e-01
9.991217255592346191e-01
9.974486231803894043e-01
4.828758537769317627e-01
9.999928474426269531e-01
3.568457961082458496e-01
4.752348959445953369e-01
4.148064255714416504e-01
9.997217059135437012e-01
3.579048514366149902e-01
9.999568462371826172e-01
5.463544130325317383e-01
9.999158382415771484e-01
9.998527765274047852e-01
3.755543828010559082e-01
6.233581304550170898e-01
4.295560717582702637e-01
9.863653182983398438e-01
4.920943379402160645e-01
4.704848825931549072e-01
3.796572089195251465e-01
5.667549371719360352e-01
9.927535653114318848e-01
9.999511241912841797e-01
9.877745509147644043e-01
9.997740387916564941e-01
4.155531227588653564e-01
9.978865981101989746e-01
9.940999150276184082e-01
9.832777380943298340e-01
9.999321699142456055e-01
9.997048974037170410e-01
4.989967346191406250e-01
9.980058073997497559e-01
4.877403974533081055e-01
5.933036804199218750e-01
4.132064282894134521e-01
9.999901056289672852e-01
9.938673377037048340e-01
3.939758837223052979e-01
4.661358594894409180e-01
4.822049438953399658e-01
9.926626682281494141e-01
9.842292070388793945e-01
9.996044039726257324e-01
4.977910816669464111e-01
9.919284582138061523e-01
1.000000000000000000e+00
9.793735742568969727e-01
4.609985351562500000e-01
9.352943301200866699e-01
6.298833489418029785e-01
9.974303841590881348e-01
2.845396101474761963e-01
3.009520657360553741e-02
9.179835319519042969e-01
9.906713962554931641e-01
8.965900540351867676e-01
2.075578421354293823e-01
1.624761223793029785e-01
9.097501635551452637e-01
7.682401537895202637e-01
9.975990653038024902e-01
8.966177701950073242e-02
9.952520132064819336e-01
9.848840236663818359e-01
9.872473478317260742e-01
9.989662170410156250e-01
8.742499351501464844e-01
9.994149208068847656e-01
8.597856760025024414e-01
3.613439798355102539e-01
7.429341226816177368e-02
9.367817640304565430e-01
8.097305893898010254e-01
9.915788173675537109e-01
9.717357754707336426e-01
1.188862770795822144e-01
9.988110065460205078e-01
8.519651889801025391e-01
9.923456311225891113e-01
9.933945536613464355e-01
9.354383349418640137e-01
9.995803236961364746e-01
9.056068062782287598e-01
8.474715352058410645e-01
8.569016456604003906e-01
9.080364704132080078e-01
9.146776199340820312e-01
9.919505119323730469e-01
9.019100666046142578e-01
6.142475605010986328e-01
3.466633856296539307e-01
9.864836335182189941e-01
9.388548731803894043e-01
9.257268309593200684e-01
9.908409118652343750e-01
9.931694269180297852e-01
9.065586328506469727e-01
8.682388663291931152e-01
9.315878152847290039e-01
1.818494498729705811e-01
9.968271851539611816e-01
9.156984090805053711e-01
8.965748548507690430e-01
9.979721903800964355e-01
8.591755628585815430e-01
8.566410541534423828e-01
9.987022876739501953e-01
8.667607903480529785e-01
9.960035681724548340e-01
8.876680731773376465e-01
6.278512626886367798e-02
9.997832179069519043e-01
9.968075752258300781e-01
6.579741239547729492e-01
9.986471533775329590e-01
9.934652447700500488e-01
9.191097617149353027e-01
3.314816653728485107e-01
8.802977204322814941e-01
9.675232172012329102e-01
9.486504793167114258e-01
9.045576453208923340e-01
9.116619229316711426e-01
9.990134239196777344e-01
9.126868247985839844e-01
9.983978867530822754e-01
9.993991851806640625e-01
2.167154401540756226e-01
9.605441689491271973e-01
9.980373978614807129e-01
9.312770962715148926e-01
2.158820480108261108e-01
6.028782129287719727e-01
9.449638128280639648e-01
2.206058055162429810e-01
6.093758940696716309e-01
9.812628626823425293e-01
9.954670667648315430e-01
9.844169020652770996e-01
9.536071121692657471e-02
8.515317440032958984e-01
6.629454493522644043e-01
9.530221819877624512e-01
9.499449133872985840e-01
3.019013106822967529e-01
3.968099355697631836e-01
7.046203613281250000e-01
9.999035596847534180e-01
9.871025681495666504e-01
5.751167535781860352e-01
9.993321299552917480e-01
4.147757887840270996e-01
5.177978277206420898e-01
5.340000987052917480e-01
9.446841478347778320e-01
9.605441689491271973e-01
9.676469564437866211e-01
9.982936978340148926e-01
3.166183829307556152e-01
9.409192204475402832e-01
7.034291625022888184e-01
3.599757850170135498e-01
9.982604384422302246e-01
6.619507670402526855e-01
4.118520319461822510e-01
9.948021173477172852e-01
6.181820631027221680e-01
9.906630516052246094e-01
3.649117648601531982e-01
2.558014690876007080e-01
9.314927458763122559e-01
6.165443062782287598e-01
5.843278169631958008e-01
6.290525197982788086e-01
9.998266100883483887e-01
5.800436139106750488e-01
4.440103173255920410e-01
9.846643805503845215e-01
9.707724452018737793e-01
6.659954190254211426e-01
5.881535410881042480e-01
4.630536735057830811e-01
5.283111929893493652e-01
9.966635107994079590e-01
9.502900838851928711e-01
5.458043813705444336e-01
5.094702243804931641e-01
7.906745672225952148e-01
3.604731857776641846e-01
4.832233786582946777e-01
8.258262872695922852e-01
9.379031062126159668e-01
4.835934937000274658e-01
4.724745452404022217e-01
5.359972715377807617e-01
7.609724998474121094e-01
6.931306123733520508e-01
5.444765090942382812e-01
4.929254949092864990e-01
4.010206758975982666e-01
3.247146308422088623e-01
4.444895088672637939e-01
5.018551945686340332e-01
7.159169316291809082e-01
9.841745495796203613e-01
3.486001491546630859e-01
6.274135112762451172e-01
5.591162443161010742e-01
9.996469020843505859e-01
9.620705842971801758e-01
6.686605215072631836e-01
4.715601503849029541e-01
9.902125000953674316e-01
5.030730962753295898e-01
5.023211240768432617e-01
4.833846986293792725e-01
9.933920502662658691e-01
4.938941895961761475e-01
6.022737622261047363e-01
5.289909839630126953e-01
8.329480290412902832e-01
5.999764800071716309e-01
7.911688089370727539e-01
5.810608267784118652e-01
4.307663142681121826e-01
9.928079843521118164e-01
7.499356865882873535e-01
4.284617602825164795e-01
8.746832609176635742e-01
4.328726232051849365e-01
5.210292935371398926e-01
4.129889309406280518e-01
7.309246808290481567e-02
8.197699785232543945e-01
9.757918119430541992e-01
9.998037219047546387e-01
9.999271631240844727e-01
9.118933081626892090e-01
9.772068262100219727e-01
9.945255517959594727e-01
8.918174505233764648e-01
7.496708035469055176e-01
7.895228862762451172e-01
9.995638728141784668e-01
9.967001080513000488e-01
9.892604351043701172e-01
3.748094439506530762e-01
7.377523183822631836e-01
9.898782968521118164e-01
5.638770461082458496e-01
6.744107604026794434e-01
9.513220191001892090e-01
9.067782163619995117e-01
9.999704360961914062e-01
9.872500300407409668e-01
9.865633249282836914e-01
8.558475971221923828e-01
8.974224328994750977e-01
4.480109810829162598e-01
9.993619322776794434e-01
7.812510244548320770e-03
8.706239461898803711e-01
9.831396937370300293e-01
9.907813668251037598e-01
8.331826329231262207e-01
6.881022453308105469e-01
9.991010427474975586e-01
7.850501537322998047e-01
9.990797042846679688e-01
6.790713667869567871e-01
4.654369950294494629e-01
8.916395306587219238e-01
6.023896336555480957e-01
9.890189170837402344e-01
6.661694049835205078e-01
5.901856422424316406e-01
9.988859295845031738e-01
9.973068237304687500e-01
8.631743788719177246e-01
8.046225309371948242e-01
6.745299100875854492e-01
9.819703102111816406e-01
9.674332737922668457e-01
9.928977489471435547e-01
9.993084669113159180e-01
8.398163318634033203e-01
7.986618876457214355e-01
7.303805351257324219e-01
7.771258950233459473e-01
9.999629259109497070e-01
8.580681681632995605e-01
8.152469992637634277e-01
8.265436291694641113e-01
9.921793937683105469e-01
7.329497337341308594e-01
8.900750279426574707e-01
9.986294507980346680e-01
9.996742010116577148e-01
8.023650646209716797e-01
9.996770620346069336e-01
9.999063014984130859e-01
9.988415837287902832e-01
5.509634613990783691e-01
1.000000000000000000e+00
5.355728268623352051e-01
8.306739926338195801e-01
4.798936247825622559e-01
7.391806691884994507e-03
7.504687178879976273e-03
1.193968113511800766e-02
4.806999266147613525e-01
3.394525963813066483e-03
1.165469735860824585e-02
4.771381020545959473e-01
9.138555265963077545e-03
5.614112690091133118e-02
1.738864779472351074e-01
1.720126136206090450e-03
4.943176731467247009e-02
2.533013224601745605e-01
2.738536801189184189e-03
1.356165762990713120e-02
1.446812041103839874e-02
2.363600954413414001e-02
3.285487592220306396e-01
5.612139105796813965e-01
4.192845523357391357e-02
3.366604447364807129e-03
8.027642033994197845e-03
1.794204674661159515e-02
5.321205127984285355e-03
7.665298413485288620e-03
8.268969506025314331e-02
5.833549890667200089e-03
9.839341975748538971e-03
3.953497391194105148e-03
4.519339650869369507e-03
3.958895802497863770e-01
3.715140977874398232e-03
6.428900640457868576e-03
8.017559535801410675e-03
4.079946130514144897e-02
1.863847672939300537e-01
5.465065240859985352e-01
3.215399086475372314e-01
3.383596837520599365e-01
1.169466879218816757e-02
2.049519866704940796e-01
9.187198244035243988e-03
2.005266584455966949e-02
4.168639481067657471e-01
1.427303999662399292e-01
7.039572112262248993e-03
1.048026606440544128e-02
7.360737305134534836e-03
3.233726136386394501e-03
1.379967853426933289e-02
6.161883007735013962e-03
3.867465257644653320e-01
2.098040729761123657e-01
5.048912484198808670e-03
3.411980718374252319e-02
8.232670836150646210e-03
3.512922227382659912e-01
3.480566665530204773e-03
2.620795043185353279e-03
3.915706872940063477e-01
2.618725895881652832e-01
2.264613052830100060e-03
4.649417940527200699e-03
8.327666670083999634e-03
4.104861021041870117e-01
7.176603190600872040e-03
3.644968383014202118e-03
3.125063478946685791e-01
1.154519710689783096e-02
2.024879120290279388e-02
4.350056946277618408e-01
5.449117161333560944e-03
7.484380621463060379e-03
2.383503364399075508e-03
2.543293237686157227e-01
7.652229070663452148e-02
3.486708551645278931e-02
3.150922805070877075e-02
9.636747092008590698e-02
3.666221350431442261e-02
2.390505187213420868e-02
5.568435788154602051e-02
7.905064523220062256e-02
1.863325238227844238e-01
3.549209535121917725e-01
3.743720054626464844e-02
3.769996166229248047e-01
2.497485466301441193e-02
9.898587316274642944e-02
3.972383216023445129e-02
1.459014862775802612e-01
8.313500881195068359e-02
3.472363576292991638e-02
2.944637835025787354e-01
2.041605301201343536e-02
4.140110313892364502e-02
8.411579579114913940e-02
1.565338373184204102e-01
4.321701824665069580e-02
7.753315567970275879e-02
1.932414621114730835e-02
1.370550598949193954e-02
3.341130167245864868e-02
2.672875672578811646e-02
3.448456525802612305e-02
1.075208783149719238e-01
8.665016293525695801e-02
9.913799166679382324e-02
4.237467795610427856e-02
2.879194170236587524e-02
3.911251574754714966e-02
9.614801406860351562e-02
3.749356046319007874e-02
6.722734123468399048e-02
2.676226794719696045e-01
2.302635088562965393e-02
6.791590154170989990e-02
1.638384908437728882e-02
3.433620929718017578e-02
1.443631798028945923e-01
3.946853429079055786e-02
2.727631852030754089e-02
3.818250447511672974e-02
3.778041899204254150e-02
2.322805672883987427e-02
3.312703222036361694e-02
3.056559897959232330e-02
3.714613318443298340e-01
3.426499664783477783e-02
3.247625008225440979e-02
1.503154821693897247e-02
4.205328226089477539e-01
8.542271703481674194e-02
2.183225750923156738e-02
1.459077894687652588e-01
6.002827733755111694e-02
3.746125474572181702e-02
2.866305597126483917e-02
4.215788468718528748e-02
3.283544257283210754e-02
3.543389961123466492e-02
5.898401886224746704e-02
7.575610280036926270e-02
2.560180239379405975e-02
4.539391025900840759e-02
4.894324019551277161e-02
2.410612441599369049e-02
2.482117563486099243e-01
5.412636697292327881e-02
5.457627773284912109e-02
2.371497005224227905e-01
4.083503186702728271e-01
3.563579320907592773e-01
4.067905247211456299e-01
3.939297199249267578e-01
3.864887058734893799e-01
1.612207740545272827e-01
1.704263091087341309e-01
1.565924584865570068e-01
2.679602801799774170e-01
3.657864630222320557e-01
3.801156580448150635e-01
2.639158964157104492e-01
3.619435429573059082e-01
2.931333482265472412e-01
2.604634463787078857e-01
3.564505279064178467e-01
3.320762515068054199e-01
2.152255624532699585e-01
3.687692284584045410e-01
3.833424746990203857e-01
3.756274282932281494e-01
4.339570701122283936e-01
4.405097663402557373e-01
3.869787454605102539e-01
6.524078249931335449e-01
3.475897312164306641e-01
4.381420910358428955e-01
4.513277113437652588e-01
2.294907867908477783e-01
5.980421304702758789e-01
2.452445924282073975e-01
3.774730563163757324e-01
3.108774423599243164e-01
3.469477891921997070e-01
3.366892635822296143e-01
4.966067671775817871e-01
3.997557163238525391e-01
4.246164560317993164e-01
3.862151205539703369e-01
3.150816857814788818e-01
5.692079663276672363e-01
2.856823205947875977e-01
4.689793288707733154e-01
4.316645562648773193e-01
4.159593880176544189e-01
3.483718037605285645e-01
4.144474864006042480e-01
2.327781170606613159e-01
1.807718873023986816e-01
4.905517101287841797e-01
3.375688791275024414e-01
2.740421295166015625e-01
5.806364417076110840e-01
4.095359742641448975e-01
3.737998306751251221e-01
4.631069898605346680e-01
2.363336533308029175e-01
6.244173049926757812e-01
2.738537192344665527e-01
5.010443329811096191e-01
3.459672927856445312e-01
3.298959136009216309e-01
5.170050263404846191e-01
4.300054311752319336e-01
3.774452209472656250e-01
3.190313279628753662e-01
3.379297554492950439e-01
4.324252903461456299e-01
4.202400743961334229e-01
2.766467034816741943e-01
3.870290219783782959e-01
2.434810549020767212e-01
4.155470430850982666e-01
3.160980939865112305e-01
3.775198161602020264e-01
3.088565766811370850e-01
3.332463204860687256e-01
4.229961633682250977e-01
2.784877717494964600e-01
4.237281978130340576e-01
5.085951685905456543e-01
4.190909266471862793e-01
3.952122628688812256e-01
3.807567059993743896e-01
6.126322746276855469e-01
4.971153140068054199e-01
4.263523221015930176e-01
1.409393548965454102e-01
4.807339906692504883e-01
6.738318800926208496e-01
3.773952126502990723e-01
4.395423233509063721e-01
5.868627130985260010e-02
1.333912368863821030e-02
1.697148978710174561e-01
3.357410058379173279e-02
4.799236357212066650e-02
6.668022274971008301e-02
1.714633032679557800e-02
6.575919687747955322e-02
7.423920184373855591e-02
5.911598727107048035e-02
6.127145141363143921e-02
4.247597977519035339e-02
2.534831687808036804e-02
5.529997348785400391e-01
5.471486225724220276e-02
3.419208526611328125e-02
1.574255339801311493e-02
8.074845075607299805e-01
5.752633512020111084e-02
5.890721455216407776e-02
3.775707259774208069e-02
2.937708981335163116e-02
2.550140321254730225e-01
4.506478458642959595e-02
6.385248154401779175e-02
4.765544459223747253e-02
3.099982067942619324e-02
6.097756698727607727e-02
1.286536306142807007e-01
1.185084730386734009e-01
7.411810010671615601e-02
7.085770964622497559e-01
3.984808921813964844e-02
2.218612097203731537e-02
3.277491405606269836e-02
1.797670312225818634e-02
3.213647753000259399e-02
6.348963081836700439e-02
4.362577944993972778e-02
5.285434722900390625e-01
1.077679917216300964e-01
4.823133349418640137e-02
5.855813249945640564e-02
2.727805264294147491e-02
4.058106243610382080e-02
3.132569789886474609e-02
4.404539242386817932e-02
4.216820746660232544e-02
2.163407653570175171e-01
8.666770905256271362e-02
1.774640381336212158e-02
1.952552795410156250e-02
4.444097727537155151e-02
3.795693069696426392e-02
8.407286554574966431e-02
8.442807942628860474e-02
3.967484235763549805e-01
1.700931345112621784e-03
2.257481403648853302e-02
1.273764520883560181e-01
6.121896952390670776e-02
4.392088651657104492e-01
7.055427879095077515e-02
5.932048708200454712e-02
7.523982971906661987e-02
1.832743734121322632e-02
8.332963287830352783e-02
5.950867012143135071e-02
4.228653907775878906e-01
6.096380576491355896e-02
4.728734493255615234e-02
2.369602955877780914e-02
4.361342638731002808e-02
8.818373829126358032e-02
2.924851141870021820e-02
1.637104451656341553e-01
4.400408640503883362e-02
7.263194769620895386e-02
1.100918725132942200e-01
1.537842452526092529e-01
2.552074790000915527e-01
1.570992469787597656e-01
1.268238574266433716e-01
7.598813623189926147e-02
2.312866598367691040e-01
1.298232525587081909e-01
1.740241944789886475e-01
2.416689544916152954e-01
1.127838790416717529e-01
1.833869665861129761e-01
8.886257559061050415e-02
5.170067027211189270e-02
4.014134407043457031e-01
4.174592718482017517e-02
1.827740967273712158e-01
5.180030688643455505e-02
4.243506193161010742e-01
1.838552206754684448e-01
2.018096670508384705e-02
8.982620835304260254e-01
2.742533013224601746e-02
1.627526134252548218e-01
2.291374206542968750e-01
5.588440597057342529e-02
1.482666879892349243e-01
2.921997308731079102e-01
2.818109653890132904e-02
3.890700638294219971e-02
3.629451096057891846e-01
9.206404536962509155e-02
1.998319476842880249e-01
1.477981079369783401e-02
1.896982789039611816e-01
3.041647374629974365e-01
1.393504589796066284e-01
8.172873407602310181e-02
1.073958054184913635e-01
8.579318970441818237e-02
9.676965326070785522e-02
1.499666571617126465e-01
8.479124307632446289e-02
1.892754882574081421e-01
4.995562136173248291e-01
2.819873094558715820e-01
4.476058781147003174e-01
4.227661192417144775e-01
2.637530565261840820e-01
3.320465981960296631e-01
3.660744726657867432e-01
1.722204983234405518e-01
3.301134407520294189e-01
4.323922693729400635e-01
4.693875908851623535e-01
1.979040056467056274e-01
6.391716003417968750e-01
4.890789687633514404e-01
4.439074695110321045e-01
3.667920827865600586e-01
4.753807783126831055e-01
3.009937107563018799e-01
4.605940580368041992e-01
4.056008756160736084e-01
2.962619364261627197e-01
3.487934470176696777e-01
5.003194212913513184e-01
4.240449070930480957e-01
2.935568094253540039e-01
4.623000323772430420e-01
1.930053979158401489e-01
6.419644355773925781e-01
3.285499513149261475e-01
4.116907119750976562e-01
4.570328593254089355e-01
1.636133193969726562e-01
3.309022188186645508e-01
3.411840200424194336e-01
3.200215101242065430e-01
9.149660915136337280e-02
1.428184509277343750e-01
2.118378132581710815e-01
3.713909089565277100e-01
2.915797531604766846e-01
5.216555595397949219e-01
2.382172793149948120e-01
2.711488306522369385e-01
4.917323589324951172e-01
1.459571868181228638e-01
4.197223484516143799e-01
5.020835399627685547e-01
4.730862975120544434e-01
4.174308776855468750e-01
4.347446262836456299e-01
9.199815988540649414e-02
3.549920320510864258e-01
3.961507976055145264e-01
2.548293173313140869e-01
4.589452147483825684e-01
5.033358931541442871e-01
4.890097975730895996e-01
3.318399786949157715e-01
4.169965088367462158e-01
4.203119874000549316e-02
4.291490465402603149e-02
8.512903004884719849e-02
9.591984562575817108e-04
1.339779645204544067e-01
1.564938388764858246e-02
2.169470768421888351e-03
4.113846458494663239e-03
1.002996787428855896e-02
5.163314938545227051e-02
5.742670036852359772e-03
6.050501251593232155e-04
3.377825720235705376e-03
1.906461198814213276e-03
1.502623260021209717e-01
3.507526218891143799e-02
2.170374244451522827e-02
1.014742329716682434e-01
1.087275519967079163e-02
1.571677858009934425e-03
5.942966938018798828e-01
2.208648025989532471e-01
3.598685860633850098e-01
1.103970035910606384e-02
9.528054855763912201e-03
4.155085422098636627e-03
3.120417706668376923e-03
1.669837832450866699e-01
2.265625298023223877e-01
2.066425792872905731e-02
3.783616470173001289e-03
1.473509799689054489e-02
5.507768318057060242e-02
8.992824703454971313e-03
4.741543903946876526e-03
1.742883236147463322e-03
4.089264199137687683e-02
1.014918182045221329e-02
4.018273670226335526e-03
1.544946897774934769e-02
3.259196877479553223e-01
1.306968331336975098e-01
7.551374379545450211e-03
1.018703803420066833e-01
9.942041337490081787e-02
2.073462121188640594e-02
4.271492362022399902e-03
2.843292430043220520e-02
2.660635486245155334e-02
1.051353849470615387e-02
1.421485282480716705e-02
4.139684606343507767e-03
2.829093253239989281e-03
1.257114950567483902e-02
2.786799799650907516e-03
3.371122479438781738e-01
2.107155509293079376e-02
2.137342700734734535e-03
5.213899165391921997e-02
8.587256819009780884e-02
1.714113168418407440e-02
5.393121857196092606e-03
5.849381685256958008e-01
4.991634748876094818e-03
1.488954015076160431e-02
5.632967688143253326e-03
1.027113874442875385e-03
8.193822205066680908e-02
1.741557866334915161e-01
1.221424154937267303e-02
2.357083605602383614e-03
5.818469915539026260e-03
5.928008351475000381e-03
8.736724033951759338e-03
1.491550356149673462e-02
