4.695369005203247070e-01
4.733680486679077148e-01
4.701349139213562012e-01
4.677300155162811279e-01
4.677300155162811279e-01
4.678712785243988037e-01
4.677300155162811279e-01
4.677300155162811279e-01
4.677300155162811279e-01
4.704258441925048828e-01
4.706630110740661621e-01
4.677300155162811279e-01
4.699469804763793945e-01
4.695280194282531738e-01
4.677300155162811279e-01
4.677300155162811279e-01
4.721510112285614014e-01
4.706970155239105225e-01
4.677300155162811279e-01
4.709434211254119873e-01
4.677300155162811279e-01
4.702215790748596191e-01
4.677300155162811279e-01
4.721080362796783447e-01
4.677300155162811279e-01
4.708033204078674316e-01
4.697495996952056885e-01
4.710884988307952881e-01
4.685862064361572266e-01
4.677300155162811279e-01
4.726162850856781006e-01
4.677300155162811279e-01
4.710223376750946045e-01
4.707811474800109863e-01
4.740046262741088867e-01
4.707440435886383057e-01
4.705279469490051270e-01
4.701897799968719482e-01
4.677300155162811279e-01
4.703056216239929199e-01
4.677300155162811279e-01
4.677300155162811279e-01
4.714709818363189697e-01
4.677300155162811279e-01
4.677300155162811279e-01
4.677300155162811279e-01
4.677300155162811279e-01
4.677300155162811279e-01
4.692931771278381348e-01
4.677300155162811279e-01
4.702786207199096680e-01
4.677300155162811279e-01
4.677300155162811279e-01
4.696094989776611328e-01
4.677300155162811279e-01
4.677300155162811279e-01
4.736047685146331787e-01
4.677300155162811279e-01
4.677300155162811279e-01
4.697994887828826904e-01
4.705392420291900635e-01
4.710927903652191162e-01
4.695289433002471924e-01
4.677300155162811279e-01
4.702679514884948730e-01
4.677300155162811279e-01
4.677300155162811279e-01
4.692098200321197510e-01
4.677300155162811279e-01
4.677300155162811279e-01
4.699719250202178955e-01
4.713940620422363281e-01
4.677300155162811279e-01
4.677300155162811279e-01
4.932546913623809814e-01
4.677300155162811279e-01
4.677300155162811279e-01
4.677300155162811279e-01
4.704468846321105957e-01
4.677300155162811279e-01
4.677300155162811279e-01
4.718174338340759277e-01
4.677300155162811279e-01
4.677300155162811279e-01
4.677300155162811279e-01
4.677300155162811279e-01
4.710405170917510986e-01
4.677300155162811279e-01
4.724628925323486328e-01
4.677300155162811279e-01
4.722937643527984619e-01
4.735626876354217529e-01
4.677300155162811279e-01
4.701416194438934326e-01
4.707609415054321289e-01
4.762057363986968994e-01
4.709244966506958008e-01
4.710658192634582520e-01
4.677300155162811279e-01
4.677300155162811279e-01
4.677300155162811279e-01
4.726227819919586182e-01
4.677300155162811279e-01
4.677300155162811279e-01
4.712096452713012695e-01
4.710184037685394287e-01
4.705494940280914307e-01
4.677300155162811279e-01
4.677300155162811279e-01
4.677300155162811279e-01
4.724932909011840820e-01
4.677300155162811279e-01
4.677300155162811279e-01
4.677300155162811279e-01
4.716320931911468506e-01
4.677300155162811279e-01
4.677300155162811279e-01
4.725286960601806641e-01
4.710372388362884521e-01
4.738007485866546631e-01
4.709077775478363037e-01
4.722836017608642578e-01
4.710333347320556641e-01
4.677300155162811279e-01
4.708898961544036865e-01
4.677300155162811279e-01
4.702647030353546143e-01
4.677300155162811279e-01
4.700653254985809326e-01
4.779820144176483154e-01
4.732388854026794434e-01
4.717576801776885986e-01
4.700579047203063965e-01
4.677300155162811279e-01
4.709567427635192871e-01
4.677300155162811279e-01
4.711908102035522461e-01
4.736496508121490479e-01
4.718213379383087158e-01
4.715990722179412842e-01
4.677300155162811279e-01
4.773020446300506592e-01
4.709936082363128662e-01
4.677300155162811279e-01
4.727198183536529541e-01
4.677300155162811279e-01
4.677300155162811279e-01
4.677300155162811279e-01
4.724886417388916016e-01
4.729016721248626709e-01
4.702495038509368896e-01
4.677300155162811279e-01
4.700266122817993164e-01
4.677300155162811279e-01
4.674410820007324219e-01
4.716873168945312500e-01
4.705585539340972900e-01
4.687171280384063721e-01
4.702515602111816406e-01
4.677300155162811279e-01
4.677300155162811279e-01
4.677300155162811279e-01
4.677300155162811279e-01
4.716032147407531738e-01
4.705466330051422119e-01
4.704398512840270996e-01
4.677300155162811279e-01
4.677300155162811279e-01
4.708580970764160156e-01
4.677300155162811279e-01
4.677300155162811279e-01
4.752240180969238281e-01
4.677300155162811279e-01
4.708808660507202148e-01
4.710905551910400391e-01
4.677300155162811279e-01
4.720149338245391846e-01
4.677300155162811279e-01
4.677300155162811279e-01
4.708655774593353271e-01
4.677300155162811279e-01
4.677300155162811279e-01
4.711929261684417725e-01
4.677300155162811279e-01
4.731125831604003906e-01
4.737803936004638672e-01
4.677300155162811279e-01
4.677300155162811279e-01
4.703934490680694580e-01
4.716010689735412598e-01
4.677300155162811279e-01
4.677300155162811279e-01
4.725208580493927002e-01
4.733206033706665039e-01
4.677300155162811279e-01
4.736391603946685791e-01
4.677300155162811279e-01
4.677300155162811279e-01
4.677300155162811279e-01
4.711679518222808838e-01
4.677300155162811279e-01
4.725570678710937500e-01
4.677300155162811279e-01
4.711061120033264160e-01
4.724091887474060059e-01
4.677300155162811279e-01
4.677300155162811279e-01
4.677300155162811279e-01
4.719739854335784912e-01
4.677300155162811279e-01
4.677300155162811279e-01
4.677300155162811279e-01
4.677300155162811279e-01
4.715447723865509033e-01
4.721489548683166504e-01
4.710797667503356934e-01
4.718746542930603027e-01
4.677300155162811279e-01
4.727199375629425049e-01
4.725662171840667725e-01
4.714089930057525635e-01
4.706875681877136230e-01
4.729950428009033203e-01
4.677300155162811279e-01
4.711848795413970947e-01
4.677300155162811279e-01
4.677300155162811279e-01
4.677300155162811279e-01
4.730741083621978760e-01
4.705696403980255127e-01
4.677300155162811279e-01
4.677300155162811279e-01
4.677300155162811279e-01
4.713165163993835449e-01
4.715139269828796387e-01
4.712009131908416748e-01
4.677300155162811279e-01
4.713486135005950928e-01
4.706452786922454834e-01
4.730846285820007324e-01
4.677300155162811279e-01
4.722259640693664551e-01
4.677300155162811279e-01
4.708847403526306152e-01
4.677300155162811279e-01
4.677300155162811279e-01
4.677300155162811279e-01
4.735417366027832031e-01
4.677300155162811279e-01
4.677300155162811279e-01
4.677300155162811279e-01
4.677300155162811279e-01
4.677300155162811279e-01
4.713845252990722656e-01
4.677300155162811279e-01
4.709736704826354980e-01
4.701192080974578857e-01
4.701814651489257812e-01
4.699189066886901855e-01
4.677300155162811279e-01
4.724476337432861328e-01
4.677300155162811279e-01
4.677300155162811279e-01
4.677300155162811279e-01
4.708774387836456299e-01
4.677300155162811279e-01
4.711442887783050537e-01
4.702036082744598389e-01
4.677300155162811279e-01
4.706123173236846924e-01
4.677300155162811279e-01
4.694025218486785889e-01
4.722241163253784180e-01
4.702817797660827637e-01
4.710427820682525635e-01
4.677300155162811279e-01
4.677300155162811279e-01
4.677300155162811279e-01
4.677300155162811279e-01
4.677300155162811279e-01
4.700008928775787354e-01
4.677300155162811279e-01
4.677300155162811279e-01
4.677300155162811279e-01
4.708336591720581055e-01
4.700803458690643311e-01
4.677300155162811279e-01
4.694025218486785889e-01
4.710545837879180908e-01
4.677300155162811279e-01
4.677300155162811279e-01
4.677300155162811279e-01
4.677300155162811279e-01
4.733082056045532227e-01
4.695909917354583740e-01
4.677300155162811279e-01
4.698727428913116455e-01
4.677300155162811279e-01
4.677300155162811279e-01
4.700849652290344238e-01
4.677300155162811279e-01
4.710206389427185059e-01
4.677300155162811279e-01
4.677300155162811279e-01
4.712426960468292236e-01
4.702465534210205078e-01
4.677300155162811279e-01
4.709346890449523926e-01
4.739346802234649658e-01
4.677300155162811279e-01
4.677300155162811279e-01
4.677300155162811279e-01
4.699687659740447998e-01
4.696223735809326172e-01
4.677300155162811279e-01
4.677300155162811279e-01
4.702602624893188477e-01
4.677300155162811279e-01
4.690557420253753662e-01
4.712725877761840820e-01
4.677300155162811279e-01
4.677300155162811279e-01
4.719752669334411621e-01
4.677300155162811279e-01
4.677300155162811279e-01
4.677300155162811279e-01
4.677300155162811279e-01
4.677300155162811279e-01
4.677300155162811279e-01
4.721411466598510742e-01
4.707165658473968506e-01
4.699340760707855225e-01
4.677300155162811279e-01
4.677300155162811279e-01
4.677300155162811279e-01
4.677300155162811279e-01
4.677300155162811279e-01
4.677300155162811279e-01
4.677300155162811279e-01
4.677300155162811279e-01
4.707543849945068359e-01
4.701980054378509521e-01
4.677300155162811279e-01
4.709374010562896729e-01
4.677300155162811279e-01
4.677300155162811279e-01
4.677300155162811279e-01
4.677300155162811279e-01
4.677300155162811279e-01
4.711207151412963867e-01
4.706959128379821777e-01
4.677300155162811279e-01
4.677300155162811279e-01
4.677300155162811279e-01
4.677300155162811279e-01
4.727458357810974121e-01
4.677300155162811279e-01
4.677300155162811279e-01
4.702229499816894531e-01
4.677300155162811279e-01
4.702539443969726562e-01
4.677300155162811279e-01
4.677300155162811279e-01
4.718828201293945312e-01
4.677300155162811279e-01
4.677300155162811279e-01
4.677300155162811279e-01
4.716923534870147705e-01
4.677300155162811279e-01
4.677300155162811279e-01
4.680804312229156494e-01
4.697219431400299072e-01
4.677300155162811279e-01
4.677300155162811279e-01
4.677300155162811279e-01
4.677300155162811279e-01
4.699350297451019287e-01
4.700626432895660400e-01
4.677300155162811279e-01
4.677300155162811279e-01
4.677300155162811279e-01
4.677300155162811279e-01
4.677300155162811279e-01
4.677300155162811279e-01
4.707618951797485352e-01
4.677300155162811279e-01
4.677300155162811279e-01
4.677300155162811279e-01
4.677300155162811279e-01
4.677300155162811279e-01
4.677300155162811279e-01
4.677300155162811279e-01
4.677300155162811279e-01
4.677300155162811279e-01
4.677300155162811279e-01
4.677300155162811279e-01
4.677300155162811279e-01
4.699147045612335205e-01
4.677300155162811279e-01
4.677300155162811279e-01
4.677300155162811279e-01
4.710260331630706787e-01
4.705053567886352539e-01
4.677300155162811279e-01
4.677300155162811279e-01
4.702301621437072754e-01
4.677300155162811279e-01
4.677300155162811279e-01
4.677300155162811279e-01
4.702505171298980713e-01
4.677300155162811279e-01
4.677300155162811279e-01
4.677300155162811279e-01
4.677300155162811279e-01
4.677300155162811279e-01
4.677300155162811279e-01
4.677300155162811279e-01
4.677300155162811279e-01
4.699027538299560547e-01
4.677300155162811279e-01
4.677300155162811279e-01
4.677300155162811279e-01
4.677300155162811279e-01
4.677300155162811279e-01
4.677300155162811279e-01
4.677300155162811279e-01
4.677300155162811279e-01
4.702512621879577637e-01
4.718205034732818604e-01
4.735752642154693604e-01
4.697005152702331543e-01
4.717757105827331543e-01
4.822117686271667480e-01
4.677300155162811279e-01
4.677300155162811279e-01
4.677300155162811279e-01
4.704632461071014404e-01
4.711756706237792969e-01
4.700787961483001709e-01
4.677300155162811279e-01
4.677300155162811279e-01
4.701789319515228271e-01
4.677300155162811279e-01
4.677300155162811279e-01
4.677300155162811279e-01
4.704802334308624268e-01
4.738236367702484131e-01
4.717398285865783691e-01
4.698662757873535156e-01
4.677300155162811279e-01
4.677300155162811279e-01
4.677300155162811279e-01
4.714367091655731201e-01
4.677300155162811279e-01
4.677300155162811279e-01
4.714234173297882080e-01
4.706084132194519043e-01
4.677300155162811279e-01
4.677300155162811279e-01
4.690824449062347412e-01
4.677300155162811279e-01
4.710504710674285889e-01
4.677300155162811279e-01
4.677300155162811279e-01
4.677300155162811279e-01
4.677300155162811279e-01
4.692773222923278809e-01
4.677300155162811279e-01
4.677300155162811279e-01
4.707777500152587891e-01
4.714159965515136719e-01
4.677300155162811279e-01
4.677300155162811279e-01
4.677300155162811279e-01
4.707411825656890869e-01
4.677300155162811279e-01
4.700309336185455322e-01
4.715789258480072021e-01
4.677300155162811279e-01
4.677300155162811279e-01
4.677300155162811279e-01
4.677300155162811279e-01
4.712227880954742432e-01
4.677300155162811279e-01
4.677300155162811279e-01
4.677300155162811279e-01
4.707114994525909424e-01
4.677300155162811279e-01
4.699069559574127197e-01
4.707165658473968506e-01
4.717612862586975098e-01
4.677300155162811279e-01
4.714305996894836426e-01
4.720971882343292236e-01
4.730254113674163818e-01
4.677300155162811279e-01
4.712609052658081055e-01
4.677300155162811279e-01
4.677300155162811279e-01
4.677300155162811279e-01
4.677300155162811279e-01
4.677300155162811279e-01
4.638488292694091797e-01
4.677300155162811279e-01
4.670025408267974854e-01
4.677300155162811279e-01
4.677300155162811279e-01
4.677300155162811279e-01
4.677300155162811279e-01
4.672214686870574951e-01
4.677300155162811279e-01
4.677300155162811279e-01
4.677300155162811279e-01
4.677300155162811279e-01
4.677300155162811279e-01
4.677300155162811279e-01
4.677300155162811279e-01
4.677300155162811279e-01
4.677300155162811279e-01
4.677300155162811279e-01
4.677300155162811279e-01
4.677300155162811279e-01
4.677300155162811279e-01
4.677300155162811279e-01
4.677300155162811279e-01
4.677300155162811279e-01
4.677300155162811279e-01
4.677300155162811279e-01
4.584192931652069092e-01
4.677300155162811279e-01
4.643537402153015137e-01
4.677300155162811279e-01
4.677300155162811279e-01
4.677300155162811279e-01
4.677300155162811279e-01
4.677300155162811279e-01
4.677300155162811279e-01
4.659386277198791504e-01
4.677300155162811279e-01
4.677300155162811279e-01
4.677300155162811279e-01
4.677300155162811279e-01
4.677300155162811279e-01
4.677300155162811279e-01
4.677300155162811279e-01
4.677300155162811279e-01
4.677300155162811279e-01
4.677300155162811279e-01
4.677300155162811279e-01
4.677300155162811279e-01
4.677300155162811279e-01
4.677300155162811279e-01
4.677300155162811279e-01
4.677300155162811279e-01
4.677300155162811279e-01
4.677300155162811279e-01
4.677300155162811279e-01
4.677300155162811279e-01
4.677300155162811279e-01
4.677300155162811279e-01
4.677300155162811279e-01
4.677300155162811279e-01
4.677300155162811279e-01
4.677300155162811279e-01
4.677300155162811279e-01
4.668707251548767090e-01
4.670956432819366455e-01
4.677300155162811279e-01
4.677300155162811279e-01
4.677300155162811279e-01
4.656460583209991455e-01
4.677300155162811279e-01
4.677300155162811279e-01
4.677300155162811279e-01
4.677300155162811279e-01
4.677300155162811279e-01
4.677300155162811279e-01
4.677300155162811279e-01
4.677300155162811279e-01
4.677300155162811279e-01
4.677300155162811279e-01
4.677300155162811279e-01
4.677300155162811279e-01
4.677300155162811279e-01
4.677300155162811279e-01
4.677300155162811279e-01
4.677300155162811279e-01
4.677300155162811279e-01
4.677300155162811279e-01
4.677300155162811279e-01
4.677300155162811279e-01
4.677300155162811279e-01
4.677300155162811279e-01
4.677300155162811279e-01
4.677300155162811279e-01
4.677300155162811279e-01
4.677300155162811279e-01
4.677300155162811279e-01
4.677300155162811279e-01
4.677300155162811279e-01
4.677300155162811279e-01
4.677300155162811279e-01
4.677300155162811279e-01
4.677300155162811279e-01
4.677300155162811279e-01
4.677300155162811279e-01
4.677300155162811279e-01
4.677300155162811279e-01
4.677300155162811279e-01
4.677300155162811279e-01
4.677300155162811279e-01
4.677300155162811279e-01
4.677300155162811279e-01
4.677300155162811279e-01
4.677300155162811279e-01
4.677300155162811279e-01
4.677300155162811279e-01
4.677300155162811279e-01
4.677300155162811279e-01
4.677300155162811279e-01
4.677300155162811279e-01
4.677300155162811279e-01
4.677300155162811279e-01
4.677300155162811279e-01
4.677300155162811279e-01
4.677300155162811279e-01
4.677300155162811279e-01
4.677300155162811279e-01
4.677300155162811279e-01
4.677300155162811279e-01
4.677300155162811279e-01
4.677300155162811279e-01
4.677300155162811279e-01
4.677300155162811279e-01
4.677300155162811279e-01
4.677300155162811279e-01
4.677300155162811279e-01
4.677300155162811279e-01
4.677300155162811279e-01
4.677300155162811279e-01
4.677300155162811279e-01
4.677300155162811279e-01
4.677300155162811279e-01
4.677300155162811279e-01
4.677300155162811279e-01
4.677300155162811279e-01
4.677300155162811279e-01
4.677300155162811279e-01
4.677300155162811279e-01
4.677300155162811279e-01
4.677300155162811279e-01
4.677300155162811279e-01
4.677300155162811279e-01
4.677300155162811279e-01
4.677300155162811279e-01
4.677300155162811279e-01
4.677300155162811279e-01
4.677300155162811279e-01
4.677300155162811279e-01
4.677300155162811279e-01
4.677300155162811279e-01
4.677300155162811279e-01
4.677300155162811279e-01
4.677300155162811279e-01
4.677300155162811279e-01
4.677300155162811279e-01
4.677300155162811279e-01
4.677300155162811279e-01
4.677300155162811279e-01
4.677300155162811279e-01
4.677300155162811279e-01
4.677300155162811279e-01
4.677300155162811279e-01
4.677300155162811279e-01
4.677300155162811279e-01
4.677300155162811279e-01
4.677300155162811279e-01
4.677300155162811279e-01
4.677300155162811279e-01
4.677300155162811279e-01
4.677300155162811279e-01
4.677300155162811279e-01
4.677300155162811279e-01
4.677300155162811279e-01
4.677300155162811279e-01
4.677300155162811279e-01
4.677300155162811279e-01
4.677300155162811279e-01
4.677300155162811279e-01
4.677300155162811279e-01
4.655534923076629639e-01
4.677300155162811279e-01
4.677300155162811279e-01
4.677300155162811279e-01
4.677300155162811279e-01
4.677300155162811279e-01
4.677300155162811279e-01
4.677300155162811279e-01
4.677300155162811279e-01
4.677300155162811279e-01
4.655382335186004639e-01
4.677300155162811279e-01
4.677300155162811279e-01
4.677300155162811279e-01
4.677300155162811279e-01
4.677300155162811279e-01
4.677300155162811279e-01
4.677300155162811279e-01
4.677300155162811279e-01
4.677300155162811279e-01
4.677300155162811279e-01
4.677300155162811279e-01
4.677300155162811279e-01
4.677300155162811279e-01
4.677300155162811279e-01
4.677300155162811279e-01
4.677300155162811279e-01
4.677300155162811279e-01
4.677300155162811279e-01
4.677300155162811279e-01
4.677300155162811279e-01
4.677300155162811279e-01
4.677300155162811279e-01
4.677300155162811279e-01
4.677300155162811279e-01
4.677300155162811279e-01
4.677300155162811279e-01
4.677300155162811279e-01
4.677300155162811279e-01
4.677300155162811279e-01
4.677300155162811279e-01
4.677300155162811279e-01
4.677300155162811279e-01
4.677300155162811279e-01
4.677300155162811279e-01
4.677300155162811279e-01
4.677300155162811279e-01
4.677300155162811279e-01
4.677300155162811279e-01
4.677300155162811279e-01
4.677300155162811279e-01
4.677300155162811279e-01
4.677300155162811279e-01
4.677300155162811279e-01
4.677300155162811279e-01
4.677300155162811279e-01
4.665922224521636963e-01
4.677300155162811279e-01
4.677300155162811279e-01
4.677300155162811279e-01
4.677300155162811279e-01
4.677300155162811279e-01
4.677300155162811279e-01
4.677300155162811279e-01
4.677300155162811279e-01
4.677300155162811279e-01
4.677300155162811279e-01
4.677300155162811279e-01
4.677300155162811279e-01
4.677300155162811279e-01
4.677300155162811279e-01
4.677300155162811279e-01
4.677300155162811279e-01
4.677300155162811279e-01
4.677300155162811279e-01
4.677300155162811279e-01
4.677300155162811279e-01
4.677300155162811279e-01
4.677300155162811279e-01
4.677300155162811279e-01
4.677300155162811279e-01
4.677300155162811279e-01
4.677300155162811279e-01
4.677300155162811279e-01
4.677300155162811279e-01
4.677300155162811279e-01
4.677300155162811279e-01
4.677300155162811279e-01
4.677300155162811279e-01
4.677300155162811279e-01
4.677300155162811279e-01
4.677300155162811279e-01
4.677300155162811279e-01
4.677300155162811279e-01
4.630581736564636230e-01
4.677300155162811279e-01
4.677300155162811279e-01
4.677300155162811279e-01
4.677300155162811279e-01
4.677300155162811279e-01
4.677300155162811279e-01
4.677300155162811279e-01
4.677300155162811279e-01
4.677300155162811279e-01
4.677300155162811279e-01
4.677300155162811279e-01
4.677300155162811279e-01
4.677300155162811279e-01
4.677300155162811279e-01
4.677300155162811279e-01
4.677300155162811279e-01
4.677300155162811279e-01
4.677300155162811279e-01
4.677300155162811279e-01
4.677300155162811279e-01
4.677300155162811279e-01
4.677300155162811279e-01
4.677300155162811279e-01
4.653074741363525391e-01
4.677300155162811279e-01
4.677300155162811279e-01
4.677300155162811279e-01
4.677300155162811279e-01
4.677300155162811279e-01
4.677300155162811279e-01
4.677300155162811279e-01
4.677300155162811279e-01
4.677300155162811279e-01
4.677300155162811279e-01
4.677300155162811279e-01
4.677300155162811279e-01
4.677300155162811279e-01
4.677300155162811279e-01
4.677300155162811279e-01
4.677300155162811279e-01
4.677300155162811279e-01
4.677300155162811279e-01
4.677300155162811279e-01
4.677300155162811279e-01
4.677300155162811279e-01
4.677300155162811279e-01
4.677300155162811279e-01
4.677300155162811279e-01
4.677300155162811279e-01
4.677300155162811279e-01
4.677300155162811279e-01
4.677300155162811279e-01
4.677300155162811279e-01
4.677300155162811279e-01
4.677300155162811279e-01
4.677300155162811279e-01
4.677300155162811279e-01
4.677300155162811279e-01
4.677300155162811279e-01
4.677300155162811279e-01
4.677300155162811279e-01
4.677300155162811279e-01
4.677300155162811279e-01
4.677300155162811279e-01
4.677300155162811279e-01
4.677300155162811279e-01
4.677300155162811279e-01
4.677300155162811279e-01
4.677300155162811279e-01
4.677300155162811279e-01
4.677300155162811279e-01
4.677300155162811279e-01
4.677300155162811279e-01
4.677300155162811279e-01
4.677300155162811279e-01
4.623624086380004883e-01
4.677300155162811279e-01
4.677300155162811279e-01
4.677300155162811279e-01
4.657468199729919434e-01
4.677300155162811279e-01
4.677300155162811279e-01
4.677300155162811279e-01
4.677300155162811279e-01
4.677300155162811279e-01
4.648231863975524902e-01
4.677300155162811279e-01
4.677300155162811279e-01
4.677300155162811279e-01
4.677300155162811279e-01
4.677300155162811279e-01
4.677300155162811279e-01
4.677300155162811279e-01
4.664348065853118896e-01
4.677300155162811279e-01
4.677300155162811279e-01
4.677300155162811279e-01
4.624507725238800049e-01
4.677300155162811279e-01
4.677300155162811279e-01
4.677300155162811279e-01
4.677300155162811279e-01
4.677300155162811279e-01
4.677300155162811279e-01
4.677300155162811279e-01
4.677300155162811279e-01
4.677300155162811279e-01
4.677300155162811279e-01
4.677300155162811279e-01
4.677300155162811279e-01
4.677300155162811279e-01
4.677300155162811279e-01
4.677300155162811279e-01
4.677300155162811279e-01
4.677300155162811279e-01
4.677300155162811279e-01
4.677300155162811279e-01
4.677300155162811279e-01
4.677300155162811279e-01
4.677300155162811279e-01
4.677300155162811279e-01
4.677300155162811279e-01
4.677300155162811279e-01
4.677300155162811279e-01
4.677300155162811279e-01
4.677300155162811279e-01
4.677300155162811279e-01
4.677300155162811279e-01
4.677300155162811279e-01
4.677300155162811279e-01
4.583150446414947510e-01
4.677300155162811279e-01
4.677300155162811279e-01
4.677300155162811279e-01
4.677300155162811279e-01
4.677300155162811279e-01
4.677300155162811279e-01
4.677300155162811279e-01
4.677300155162811279e-01
4.677300155162811279e-01
4.677300155162811279e-01
4.677300155162811279e-01
4.677300155162811279e-01
4.677300155162811279e-01
4.677300155162811279e-01
4.677300155162811279e-01
4.677300155162811279e-01
4.677300155162811279e-01
4.677300155162811279e-01
4.677300155162811279e-01
4.677300155162811279e-01
4.677300155162811279e-01
4.677300155162811279e-01
4.677300155162811279e-01
4.677300155162811279e-01
4.677300155162811279e-01
4.677300155162811279e-01
4.677300155162811279e-01
4.677300155162811279e-01
4.677300155162811279e-01
4.677300155162811279e-01
4.677300155162811279e-01
4.677300155162811279e-01
4.681011140346527100e-01
4.677300155162811279e-01
4.677300155162811279e-01
4.677300155162811279e-01
4.677300155162811279e-01
4.677300155162811279e-01
4.677300155162811279e-01
4.677300155162811279e-01
4.677300155162811279e-01
4.677300155162811279e-01
4.677300155162811279e-01
4.677300155162811279e-01
4.677300155162811279e-01
4.677300155162811279e-01
4.677300155162811279e-01
4.677300155162811279e-01
4.662452340126037598e-01
4.677300155162811279e-01
4.677300155162811279e-01
4.677300155162811279e-01
4.677300155162811279e-01
4.677300155162811279e-01
4.677300155162811279e-01
4.677300155162811279e-01
4.677300155162811279e-01
4.677300155162811279e-01
4.677300155162811279e-01
4.677300155162811279e-01
4.677300155162811279e-01
4.637295603752136230e-01
4.677300155162811279e-01
4.677300155162811279e-01
4.677300155162811279e-01
4.677300155162811279e-01
4.677300155162811279e-01
4.677300155162811279e-01
4.677300155162811279e-01
4.667019844055175781e-01
4.677300155162811279e-01
4.677300155162811279e-01
4.677300155162811279e-01
4.677300155162811279e-01
