9.706315994262695312e-01
9.989719390869140625e-01
9.965519905090332031e-01
6.836614608764648438e-01
8.181250691413879395e-01
9.638066887855529785e-01
5.637981295585632324e-01
8.026391267776489258e-01
9.369521737098693848e-01
9.996184110641479492e-01
9.945126771926879883e-01
7.507569789886474609e-01
9.859904050827026367e-01
9.989797472953796387e-01
9.424397349357604980e-01
9.480205178260803223e-01
9.823120236396789551e-01
9.893615841865539551e-01
5.030524730682373047e-01
9.969559907913208008e-01
9.299784898757934570e-01
9.996200799942016602e-01
9.505364894866943359e-01
8.710870742797851562e-01
6.771689653396606445e-01
9.714524149894714355e-01
9.770219922065734863e-01
9.963723421096801758e-01
9.967511892318725586e-01
9.450853466987609863e-01
9.916598200798034668e-01
6.882486343383789062e-01
9.987481832504272461e-01
9.525619149208068848e-01
9.983559250831604004e-01
9.910645484924316406e-01
9.282814860343933105e-01
9.684314131736755371e-01
4.563483297824859619e-01
9.598026275634765625e-01
9.348450899124145508e-01
6.658658385276794434e-01
9.637165665626525879e-01
6.199600696563720703e-01
9.490562677383422852e-01
5.043314695358276367e-01
7.057740092277526855e-01
8.114467263221740723e-01
9.938523769378662109e-01
5.015119314193725586e-01
9.974080920219421387e-01
4.283361136913299561e-01
9.764894843101501465e-01
9.414324164390563965e-01
9.252784848213195801e-01
9.796129465103149414e-01
9.994606375694274902e-01
9.395070075988769531e-01
9.586556553840637207e-01
9.941605925559997559e-01
9.901280999183654785e-01
9.876962304115295410e-01
9.992438554763793945e-01
6.961287856101989746e-01
9.354327321052551270e-01
8.297665715217590332e-01
5.707649588584899902e-01
9.954784512519836426e-01
8.471392393112182617e-01
9.711361527442932129e-01
9.931964874267578125e-01
9.944966435432434082e-01
8.832906484603881836e-01
9.627838730812072754e-01
9.471070766448974609e-01
4.166032373905181885e-01
9.456627964973449707e-01
9.900237917900085449e-01
9.225702881813049316e-01
9.840420484542846680e-01
9.728209972381591797e-01
9.978246688842773438e-01
9.871650934219360352e-01
8.626185059547424316e-01
9.562271833419799805e-01
9.633633494377136230e-01
9.770942330360412598e-01
9.866089224815368652e-01
9.919915795326232910e-01
8.455974459648132324e-01
9.773699641227722168e-01
9.626483321189880371e-01
9.728299975395202637e-01
8.893017172813415527e-01
9.908374547958374023e-01
9.958571791648864746e-01
9.251462221145629883e-01
9.947821497917175293e-01
9.629257917404174805e-01
7.963352799415588379e-01
9.784826636314392090e-01
9.962403774261474609e-01
9.756539463996887207e-01
9.874547719955444336e-01
9.981319308280944824e-01
9.750413298606872559e-01
9.933865666389465332e-01
7.245139479637145996e-01
9.879509806632995605e-01
9.752050042152404785e-01
9.974193572998046875e-01
5.902524590492248535e-01
9.699225425720214844e-01
9.512651562690734863e-01
9.655551314353942871e-01
9.751205444335937500e-01
9.436663389205932617e-01
9.556038379669189453e-01
9.727523922920227051e-01
9.922047257423400879e-01
9.935880899429321289e-01
9.730480313301086426e-01
9.984198808670043945e-01
9.820169806480407715e-01
9.954985976219177246e-01
9.889772534370422363e-01
9.591869711875915527e-01
5.647963285446166992e-01
9.980108141899108887e-01
9.997652173042297363e-01
9.998883008956909180e-01
9.970148801803588867e-01
9.833438992500305176e-01
9.827374815940856934e-01
9.577110409736633301e-01
4.874203801155090332e-01
9.938316345214843750e-01
9.984201192855834961e-01
9.733027219772338867e-01
9.976861476898193359e-01
9.679388403892517090e-01
9.709605574607849121e-01
9.756237268447875977e-01
9.887933135032653809e-01
9.688683152198791504e-01
7.406890988349914551e-01
9.789343476295471191e-01
8.419763445854187012e-01
9.988981485366821289e-01
9.973971843719482422e-01
9.900623559951782227e-01
7.651706337928771973e-01
9.884444475173950195e-01
7.805805206298828125e-01
9.999977350234985352e-01
9.349396824836730957e-01
9.091726541519165039e-01
8.963294029235839844e-01
9.811286926269531250e-01
6.690574884414672852e-01
2.404479533433914185e-01
7.945011854171752930e-01
9.574011564254760742e-01
9.750467538833618164e-01
9.469711780548095703e-01
9.658118486404418945e-01
6.431613564491271973e-01
6.395956873893737793e-01
9.596870541572570801e-01
8.020495176315307617e-01
9.002705216407775879e-01
9.901092052459716797e-01
4.037698209285736084e-01
9.709711074829101562e-01
9.755828976631164551e-01
6.463050842285156250e-01
9.949383735656738281e-01
4.366179406642913818e-01
6.362209916114807129e-01
9.820903539657592773e-01
6.519644856452941895e-01
6.645317673683166504e-01
9.799830913543701172e-01
4.390862286090850830e-01
9.989406466484069824e-01
9.987865090370178223e-01
4.577935934066772461e-01
7.975101470947265625e-01
9.827394485473632812e-01
9.982128143310546875e-01
8.276685476303100586e-01
6.343974471092224121e-01
9.970251917839050293e-01
9.961802959442138672e-01
5.502005815505981445e-01
9.989834427833557129e-01
3.930037319660186768e-01
6.029110550880432129e-01
8.103653788566589355e-01
9.999537467956542969e-01
2.978810369968414307e-01
9.994032382965087891e-01
4.398527145385742188e-01
9.976822137832641602e-01
9.904026985168457031e-01
2.994990646839141846e-01
8.096578717231750488e-01
2.501291632652282715e-01
9.999983310699462891e-01
5.387951135635375977e-01
7.585149407386779785e-01
4.543720781803131104e-01
7.227303981781005859e-01
9.992266893386840820e-01
9.989244341850280762e-01
9.858922362327575684e-01
9.997013211250305176e-01
5.783128738403320312e-01
9.954923391342163086e-01
9.848282933235168457e-01
9.914355874061584473e-01
9.911875724792480469e-01
9.988493919372558594e-01
4.303515553474426270e-01
9.901232123374938965e-01
7.015125155448913574e-01
6.160155534744262695e-01
5.733391046524047852e-01
9.974138140678405762e-01
9.889692068099975586e-01
3.322006762027740479e-01
5.654770135879516602e-01
7.425995469093322754e-01
9.692162275314331055e-01
9.513020515441894531e-01
9.992127418518066406e-01
4.966522753238677979e-01
9.891355037689208984e-01
9.983423948287963867e-01
9.858834147453308105e-01
7.141321897506713867e-01
9.875980019569396973e-01
6.876677274703979492e-01
9.895959496498107910e-01
7.579158544540405273e-01
1.040185838937759399e-01
9.484053254127502441e-01
9.993263483047485352e-01
9.526227116584777832e-01
5.602102279663085938e-01
6.517575383186340332e-01
9.345986843109130859e-01
9.178965687751770020e-01
9.999939203262329102e-01
2.116671949625015259e-01
9.976232647895812988e-01
9.922789335250854492e-01
9.698309302330017090e-01
9.989175796508789062e-01
9.008218646049499512e-01
9.992350339889526367e-01
8.364050984382629395e-01
7.925177216529846191e-01
1.315966546535491943e-01
9.468125700950622559e-01
8.512316942214965820e-01
9.993294477462768555e-01
9.938606023788452148e-01
4.262505471706390381e-01
9.983800649642944336e-01
9.213766455650329590e-01
9.973451495170593262e-01
9.992713332176208496e-01
9.933746457099914551e-01
9.991245865821838379e-01
9.231193661689758301e-01
8.850330710411071777e-01
9.211936593055725098e-01
9.325228333473205566e-01
9.587326645851135254e-01
9.921576976776123047e-01
9.441413283348083496e-01
9.381806254386901855e-01
5.790473222732543945e-01
9.997003078460693359e-01
9.937019348144531250e-01
9.784756898880004883e-01
9.982170462608337402e-01
9.591550827026367188e-01
9.470331072807312012e-01
9.013513922691345215e-01
9.905418753623962402e-01
4.314495623111724854e-01
9.644128084182739258e-01
9.831151366233825684e-01
9.743289947509765625e-01
9.920911788940429688e-01
8.808038234710693359e-01
8.546916842460632324e-01
9.928005933761596680e-01
8.905265927314758301e-01
9.914669990539550781e-01
9.439395070075988770e-01
5.933633074164390564e-02
9.901611804962158203e-01
9.968025684356689453e-01
7.027332186698913574e-01
9.987394213676452637e-01
9.880388379096984863e-01
9.483016133308410645e-01
9.655631780624389648e-01
9.190427064895629883e-01
9.846218824386596680e-01
9.818127155303955078e-01
9.612433314323425293e-01
9.376215934753417969e-01
9.803312420845031738e-01
9.870360493659973145e-01
9.971624016761779785e-01
9.959678649902343750e-01
2.610419690608978271e-01
9.764576554298400879e-01
9.308416247367858887e-01
9.929046034812927246e-01
4.481506645679473877e-01
8.327171206474304199e-01
9.318702816963195801e-01
2.694058120250701904e-01
8.581522107124328613e-01
9.967507123947143555e-01
9.832340478897094727e-01
9.711562991142272949e-01
2.215553820133209229e-01
9.695993661880493164e-01
9.100843667984008789e-01
9.848822951316833496e-01
9.620664119720458984e-01
5.283092856407165527e-01
8.067365288734436035e-01
9.214124679565429688e-01
9.935047626495361328e-01
9.781166315078735352e-01
8.723968863487243652e-01
9.996956586837768555e-01
8.714565038681030273e-01
7.504710555076599121e-01
7.931507229804992676e-01
9.868283271789550781e-01
9.764576554298400879e-01
9.827273488044738770e-01
9.990217685699462891e-01
6.931805610656738281e-01
9.919977784156799316e-01
9.541868567466735840e-01
4.919037520885467529e-01
9.387357234954833984e-01
8.651775717735290527e-01
7.536125183105468750e-01
9.928679466247558594e-01
8.144582509994506836e-01
9.953272342681884766e-01
5.571795105934143066e-01
4.927900433540344238e-01
9.599035978317260742e-01
7.720675468444824219e-01
9.409904479980468750e-01
7.565405368804931641e-01
9.957940578460693359e-01
9.189693927764892578e-01
8.154952526092529297e-01
9.912068247795104980e-01
9.691238403320312500e-01
9.563864469528198242e-01
9.412478804588317871e-01
5.342512726783752441e-01
5.468791127204895020e-01
9.911016225814819336e-01
9.814168810844421387e-01
5.195077061653137207e-01
7.593929171562194824e-01
9.250884652137756348e-01
3.203046023845672607e-01
7.591571211814880371e-01
9.583027958869934082e-01
9.528800249099731445e-01
6.788970232009887695e-01
4.208749830722808838e-01
9.552579522132873535e-01
9.691527485847473145e-01
9.414283633232116699e-01
7.627606391906738281e-01
7.589755058288574219e-01
3.810982108116149902e-01
1.664884537458419800e-01
6.624364852905273438e-01
9.264556169509887695e-01
9.646138548851013184e-01
9.838328957557678223e-01
9.110873341560363770e-01
7.613971829414367676e-01
7.122969031333923340e-01
9.784819483757019043e-01
9.794303178787231445e-01
9.482807517051696777e-01
8.344861865043640137e-01
9.779521822929382324e-01
5.672067403793334961e-01
9.081601500511169434e-01
6.598129272460937500e-01
9.953912496566772461e-01
7.622993588447570801e-01
9.090316891670227051e-01
5.364638566970825195e-01
9.411069154739379883e-01
8.037314414978027344e-01
9.662947654724121094e-01
6.672183275222778320e-01
3.309203684329986572e-01
9.752801656723022461e-01
9.510535597801208496e-01
5.685712695121765137e-01
9.225004315376281738e-01
2.987286448478698730e-01
5.984235405921936035e-01
5.810241103172302246e-01
3.268462121486663818e-01
9.609890580177307129e-01
9.825412631034851074e-01
9.998180270195007324e-01
9.608197808265686035e-01
9.053514599800109863e-01
9.451321959495544434e-01
9.851216077804565430e-01
9.606252312660217285e-01
8.526919484138488770e-01
8.090174198150634766e-01
9.984671473503112793e-01
9.753691554069519043e-01
9.951724410057067871e-01
6.234327554702758789e-01
8.392782807350158691e-01
9.049898386001586914e-01
8.047869205474853516e-01
8.421061038970947266e-01
9.960367083549499512e-01
9.187394976615905762e-01
9.510596990585327148e-01
9.503011703491210938e-01
9.751955866813659668e-01
8.743061423301696777e-01
9.718000292778015137e-01
4.204439222812652588e-01
9.888940453529357910e-01
3.814968094229698181e-02
9.577447175979614258e-01
9.962612986564636230e-01
9.893590211868286133e-01
7.945481538772583008e-01
6.543602347373962402e-01
9.727377295494079590e-01
6.118702888488769531e-01
9.917827844619750977e-01
9.235036969184875488e-01
5.892661809921264648e-01
9.864038228988647461e-01
6.449120044708251953e-01
9.711868762969970703e-01
8.797837495803833008e-01
5.979447960853576660e-01
9.954125285148620605e-01
9.966622591018676758e-01
9.932473897933959961e-01
8.504560589790344238e-01
6.412864923477172852e-01
9.794517159461975098e-01
9.955675005912780762e-01
9.887035489082336426e-01
9.780883789062500000e-01
8.946533799171447754e-01
9.794177412986755371e-01
7.497459650039672852e-01
9.438427090644836426e-01
9.985499978065490723e-01
9.848308563232421875e-01
7.959616780281066895e-01
9.119262695312500000e-01
9.968658089637756348e-01
7.557595968246459961e-01
9.449042081832885742e-01
9.805470108985900879e-01
9.989460110664367676e-01
9.348021745681762695e-01
9.989199638366699219e-01
9.989301562309265137e-01
9.600529670715332031e-01
6.915629506111145020e-01
9.878498911857604980e-01
8.076111078262329102e-01
8.358148336410522461e-01
3.492736518383026123e-01
1.443432644009590149e-02
4.092026036232709885e-03
2.165531180799007416e-02
2.299327701330184937e-01
2.727470360696315765e-02
1.088118925690650940e-02
5.923519730567932129e-01
5.978572648018598557e-03
2.736001834273338318e-02
2.236680537462234497e-01
1.677568187005817890e-03
4.600941762328147888e-02
2.940924465656280518e-01
1.194416545331478119e-02
2.508743293583393097e-02
4.112523049116134644e-02
5.643538013100624084e-02
1.822647303342819214e-01
5.385672450065612793e-01
4.085046425461769104e-02
2.237828448414802551e-03
3.826550766825675964e-02
1.358904410153627396e-02
4.193718545138835907e-03
1.758843101561069489e-02
1.613135039806365967e-01
1.046351529657840729e-02
1.092937216162681580e-02
2.129245549440383911e-03
8.477102965116500854e-03
1.667644232511520386e-01
4.820011556148529053e-03
6.593818310648202896e-03
7.083880901336669922e-02
1.562761329114437103e-02
5.099734663963317871e-01
2.551614046096801758e-01
4.637004435062408447e-01
4.259229600429534912e-01
1.801997981965541840e-02
1.844836473464965820e-01
6.972014438360929489e-03
6.700797379016876221e-02
1.600246429443359375e-01
1.139637604355812073e-01
5.119540262967348099e-03
2.936375699937343597e-02
1.573765650391578674e-02
9.916866198182106018e-03
3.024565614759922028e-02
5.553997587412595749e-03
3.115544617176055908e-01
1.494537144899368286e-01
9.282705374062061310e-03
5.733463913202285767e-02
1.487618684768676758e-02
4.244245588779449463e-01
3.428913187235593796e-03
1.186259090900421143e-02
2.083625942468643188e-01
1.584005057811737061e-01
1.084025856107473373e-02
3.466150164604187012e-02
7.191891316324472427e-03
4.132373631000518799e-01
1.479857694357633591e-02
1.848084619268774986e-03
2.951775193214416504e-01
7.197487354278564453e-02
3.211817145347595215e-02
4.084478020668029785e-01
1.199416629970073700e-02
1.092168875038623810e-02
6.314232945442199707e-03
1.741952002048492432e-01
4.333370551466941833e-02
2.596493437886238098e-02
1.283834222704172134e-02
6.567715108394622803e-02
2.170806936919689178e-02
1.770543865859508514e-02
6.628584116697311401e-02
3.617052361369132996e-02
9.409409761428833008e-02
3.046831488609313965e-01
1.728692650794982910e-02
3.158099949359893799e-01
1.638215035200119019e-02
5.795865133404731750e-02
1.640740223228931427e-02
6.932631880044937134e-02
8.164753764867782593e-02
1.968252286314964294e-02
8.663497120141983032e-02
1.220248732715845108e-02
2.607267349958419800e-02
4.011670127511024475e-02
1.207752898335456848e-01
1.518466230481863022e-02
4.870451241731643677e-02
7.203783374279737473e-03
5.137136671692132950e-03
1.110258884727954865e-02
2.104819007217884064e-02
1.843261159956455231e-02
7.818509638309478760e-02
5.528993904590606689e-02
4.988830909132957458e-02
1.424922514706850052e-02
2.209998108446598053e-02
2.148668095469474792e-02
4.297278448939323425e-02
1.920042932033538818e-02
4.632830247282981873e-02
1.404275298118591309e-01
1.465635281056165695e-02
4.532456398010253906e-02
3.054636297747492790e-03
1.499733887612819672e-02
8.316990733146667480e-02
3.256124630570411682e-02
1.226801611483097076e-02
2.757488377392292023e-02
2.763344906270503998e-02
7.053171284496784210e-03
2.513257041573524475e-02
2.110774628818035126e-02
2.739937603473663330e-01
2.132299169898033142e-02
1.772434078156948090e-02
5.426390096545219421e-03
4.435357749462127686e-01
3.944921493530273438e-02
9.785104542970657349e-03
3.950446099042892456e-02
2.235142514109611511e-02
1.967556774616241455e-02
1.767517812550067902e-02
2.211868390440940857e-02
2.133658714592456818e-02
2.136849611997604370e-02
3.038943372666835785e-02
4.085262119770050049e-02
1.479569170624017715e-02
1.912615261971950531e-02
2.211710438132286072e-02
8.879031054675579071e-03
2.292238473892211914e-01
2.740999683737754822e-02
3.411842137575149536e-02
1.011696159839630127e-01
1.372262239456176758e-01
1.115905269980430603e-01
1.957731992006301880e-01
1.039082854986190796e-01
9.093808382749557495e-02
3.344316780567169189e-02
3.031007200479507446e-02
5.294520035386085510e-02
8.341608941555023193e-02
2.271753549575805664e-01
1.910646408796310425e-01
6.150363013148307800e-02
8.471375703811645508e-02
1.106766685843467712e-01
8.608246594667434692e-02
1.454393118619918823e-01
2.000100761651992798e-01
9.636306762695312500e-02
2.601474523544311523e-01
1.859706491231918335e-01
1.582654565572738647e-01
4.220156669616699219e-01
2.331546097993850708e-01
2.343394011259078979e-01
5.696572065353393555e-01
2.737609148025512695e-01
2.484081536531448364e-01
5.329185724258422852e-01
1.434082388877868652e-01
6.418095827102661133e-01
1.244587153196334839e-01
4.175510108470916748e-01
8.591187745332717896e-02
4.605093002319335938e-01
1.311347335577011108e-01
3.210369050502777100e-01
2.466685175895690918e-01
1.996107697486877441e-01
1.552145183086395264e-01
2.676123678684234619e-01
3.053039610385894775e-01
1.625301539897918701e-01
1.983965784311294556e-01
3.024444580078125000e-01
2.874259650707244873e-01
3.327064514160156250e-01
1.274826675653457642e-01
1.250504851341247559e-01
1.305620074272155762e-01
5.363864898681640625e-01
1.568847894668579102e-01
1.492786705493927002e-01
4.934786558151245117e-01
3.024179041385650635e-01
2.709726095199584961e-01
2.259953171014785767e-01
7.612381130456924438e-02
2.045898884534835815e-01
2.173751592636108398e-01
4.305054843425750732e-01
3.820806443691253662e-01
1.094423830509185791e-01
5.218492150306701660e-01
1.066268458962440491e-01
1.769414246082305908e-01
1.688792109489440918e-01
3.079272508621215820e-01
2.640606164932250977e-01
6.628987193107604980e-02
2.408004403114318848e-01
2.535585463047027588e-01
1.072857305407524109e-01
2.420134395360946655e-01
2.287817895412445068e-01
5.290768742561340332e-01
2.139183580875396729e-01
1.574347764253616333e-01
3.213764131069183350e-01
1.197450309991836548e-01
5.094147920608520508e-01
4.974648654460906982e-01
4.447372853755950928e-01
2.781298756599426270e-01
8.486946672201156616e-02
5.961663722991943359e-01
2.481641024351119995e-01
1.766804158687591553e-01
5.956001579761505127e-02
3.234521150588989258e-01
1.229040995240211487e-01
7.501527667045593262e-02
1.696331202983856201e-01
2.183244749903678894e-02
1.291286759078502655e-02
1.404160708189010620e-01
4.125585779547691345e-02
3.938913345336914062e-02
1.076858863234519958e-01
2.450153976678848267e-02
4.540892690420150757e-02
3.776195272803306580e-02
6.409267336130142212e-02
9.382397681474685669e-02
4.122702404856681824e-02
2.294410765171051025e-02
3.699265420436859131e-01
5.179941654205322266e-02
3.759767115116119385e-02
4.954511672258377075e-02
7.078338861465454102e-01
7.970419526100158691e-02
5.746845155954360962e-02
3.318022191524505615e-02
3.609352931380271912e-02
1.716893762350082397e-01
4.037107899785041809e-02
1.006700471043586731e-01
3.011896274983882904e-02
7.585886120796203613e-02
2.569986134767532349e-02
8.922121673822402954e-02
9.767897427082061768e-02
8.791042119264602661e-02
4.522020220756530762e-01
4.185844212770462036e-02
2.331653423607349396e-02
2.687928825616836548e-02
1.909155957400798798e-02
1.996686123311519623e-02
9.410709142684936523e-02
2.704806812107563019e-02
1.016043126583099365e-01
9.404029697179794312e-02
4.620164260268211365e-02
5.359965190291404724e-02
1.106810942292213440e-02
9.270042926073074341e-02
3.996741771697998047e-02
4.901000112295150757e-02
4.614840447902679443e-02
1.649219840764999390e-01
3.799792379140853882e-02
2.735441178083419800e-02
2.197442203760147095e-02
8.688968420028686523e-02
4.521005600690841675e-02
1.372599601745605469e-01
1.055254265666007996e-01
1.230749040842056274e-01
3.677357733249664307e-02
1.771075651049613953e-02
9.687913209199905396e-02
6.843090057373046875e-02
1.407001018524169922e-01
9.419344365596771240e-02
5.330055579543113708e-02
9.122225642204284668e-02
2.239208295941352844e-02
8.143939077854156494e-02
3.579215705394744873e-02
2.553885877132415771e-01
8.750176429748535156e-02
4.690039530396461487e-02
2.648193575441837311e-02
4.692382737994194031e-02
8.161252737045288086e-02
4.713306576013565063e-02
1.196518614888191223e-01
1.479328703135251999e-02
1.987459696829319000e-02
5.028200522065162659e-02
1.296687871217727661e-01
1.820766329765319824e-01
5.957426130771636963e-02
1.049696579575538635e-01
2.617526985704898834e-02
1.981390863656997681e-01
7.889313250780105591e-02
6.944391131401062012e-02
8.729068189859390259e-02
3.465953096747398376e-02
1.490084826946258545e-01
2.424390986561775208e-02
1.762255653738975525e-02
1.866207569837570190e-01
1.318756677210330963e-02
9.825839847326278687e-02
2.915696427226066589e-02
1.464885324239730835e-01
1.411518305540084839e-01
9.451162070035934448e-03
3.423638939857482910e-01
9.938918985426425934e-03
9.364021569490432739e-02
1.359019130468368530e-01
8.711376227438449860e-03
4.477469250559806824e-02
2.506788074970245361e-01
9.728392586112022400e-03
1.713989675045013428e-02
1.611357778310775757e-01
5.791214108467102051e-02
9.585275501012802124e-02
3.070058766752481461e-03
3.429173678159713745e-02
8.325524628162384033e-02
1.132906898856163025e-01
1.886858232319355011e-02
5.887893959879875183e-02
3.778431564569473267e-02
3.355174511671066284e-02
1.295299082994461060e-01
2.472916804254055023e-02
6.366568803787231445e-02
3.232233524322509766e-01
1.110911667346954346e-01
1.885048747062683105e-01
5.300399065017700195e-01
1.845892816781997681e-01
1.537210494279861450e-01
1.315242648124694824e-01
8.293539285659790039e-02
1.543591469526290894e-01
3.636691868305206299e-01
3.122933804988861084e-01
3.910821303725242615e-02
6.745468974113464355e-01
2.562796175479888916e-01
1.376313716173171997e-01
2.856438457965850830e-01
2.144529819488525391e-01
7.337616384029388428e-02
3.077813386917114258e-01
2.322588711977005005e-01
1.371473520994186401e-01
2.200527936220169067e-01
2.936010062694549561e-01
1.797038614749908447e-01
8.073626458644866943e-02
3.028119802474975586e-01
6.677500903606414795e-02
6.844955086708068848e-01
1.655534058809280396e-01
2.127576619386672974e-01
4.112433791160583496e-01
8.059436082839965820e-02
1.327532678842544556e-01
8.821961283683776855e-02
1.073552444577217102e-01
1.806478202342987061e-02
5.398451909422874451e-02
3.535738587379455566e-02
2.679658532142639160e-01
7.006103545427322388e-02
4.983225166797637939e-01
7.389020174741744995e-02
6.545981019735336304e-02
5.002589821815490723e-01
4.470494389533996582e-02
1.769829094409942627e-01
3.451724350452423096e-01
3.135919272899627686e-01
3.849557042121887207e-01
2.885953187942504883e-01
6.997556239366531372e-02
1.334497332572937012e-01
1.973271369934082031e-01
1.088717877864837646e-01
3.372994661331176758e-01
4.262411892414093018e-01
4.303818047046661377e-01
8.230736106634140015e-02
2.813982069492340088e-01
6.401231139898300171e-02
2.604441158473491669e-02
1.707284711301326752e-02
2.103685168549418449e-03
5.341715738177299500e-02
2.642929740250110626e-02
1.673253066837787628e-02
1.708750426769256592e-02
6.079173833131790161e-02
5.840449780225753784e-02
8.455076254904270172e-03
1.309579471126198769e-03
1.258710632100701332e-03
8.301102789118885994e-04
3.048586845397949219e-01
3.548896685242652893e-02
1.856319792568683624e-02
1.451940834522247314e-01
3.147232905030250549e-02
3.600873285904526711e-03
3.656179606914520264e-01
2.927999757230281830e-02
4.065009355545043945e-01
1.870022900402545929e-02
9.748617187142372131e-03
5.456173792481422424e-03
1.334285130724310875e-03
5.085042715072631836e-01
1.534535735845565796e-01
6.156436633318662643e-03
7.986343465745449066e-03
1.275889389216899872e-02
1.070675402879714966e-01
1.100077573210000992e-02
3.035686910152435303e-03
1.161427586339414120e-03
1.933914795517921448e-02
5.836476106196641922e-03
1.335905678570270538e-02
3.459209948778152466e-02
1.694999039173126221e-01
2.576003968715667725e-01
3.047835268080234528e-02
1.405275519937276840e-02
2.831760942935943604e-01
4.368189722299575806e-02
6.292966660112142563e-03
1.624689437448978424e-02
3.804345801472663879e-02
7.466089911758899689e-03
1.702573895454406738e-02
5.607004743069410324e-03
1.251466572284698486e-02
1.404535677284002304e-02
3.066416829824447632e-03
2.886362373828887939e-01
1.385791972279548645e-02
5.142420530319213867e-03
3.745665028691291809e-02
5.646814033389091492e-02
1.195358335971832275e-01
9.261692874133586884e-03
1.950573623180389404e-01
3.987328615039587021e-03
2.126914449036121368e-02
6.210150197148323059e-03
6.314925849437713623e-04
6.161168962717056274e-02
1.740069240331649780e-01
6.693257018923759460e-03
2.473921980708837509e-03
5.937190353870391846e-02
2.920067496597766876e-02
8.822952397167682648e-03
2.481775358319282532e-02
