9.336352348327636719e-01
9.116713404655456543e-01
8.768432140350341797e-01
9.807807803153991699e-01
9.843642115592956543e-01
9.538504481315612793e-01
9.924506545066833496e-01
9.892104864120483398e-01
9.841539263725280762e-01
8.318892121315002441e-01
9.976801276206970215e-01
9.758112430572509766e-01
9.969635605812072754e-01
9.295883178710937500e-01
9.900212883949279785e-01
9.480760097503662109e-01
8.972573876380920410e-01
8.902014493942260742e-01
9.232478737831115723e-01
9.015958905220031738e-01
8.975968360900878906e-01
9.790816307067871094e-01
9.247499108314514160e-01
9.871625304222106934e-01
9.790675640106201172e-01
9.715549945831298828e-01
9.455582499504089355e-01
9.681640267372131348e-01
9.884705543518066406e-01
8.549211025238037109e-01
9.876375198364257812e-01
9.228349924087524414e-01
9.497711658477783203e-01
9.587228298187255859e-01
9.532047510147094727e-01
9.680218100547790527e-01
9.712790846824645996e-01
9.597449898719787598e-01
9.498307704925537109e-01
9.750450253486633301e-01
9.013437628746032715e-01
9.875767230987548828e-01
9.656250476837158203e-01
9.650532007217407227e-01
9.900437593460083008e-01
9.741341471672058105e-01
7.973799705505371094e-01
9.731726646423339844e-01
9.839597344398498535e-01
9.933916330337524414e-01
9.360532760620117188e-01
9.452008008956909180e-01
9.970386028289794922e-01
9.947795867919921875e-01
9.454935789108276367e-01
9.399274587631225586e-01
9.689278602600097656e-01
9.838893413543701172e-01
9.943951368331909180e-01
9.851461052894592285e-01
9.649928808212280273e-01
9.698245525360107422e-01
9.755895733833312988e-01
9.929540753364562988e-01
9.732118248939514160e-01
9.644929766654968262e-01
9.925380349159240723e-01
9.465880990028381348e-01
9.640789628028869629e-01
4.988159537315368652e-01
9.593203663825988770e-01
9.911242723464965820e-01
7.703689932823181152e-01
9.873564243316650391e-01
9.761910438537597656e-01
9.750782847404479980e-01
9.083154201507568359e-01
9.740525484085083008e-01
9.312044382095336914e-01
9.458090066909790039e-01
9.409753680229187012e-01
8.735776543617248535e-01
9.881888628005981445e-01
8.287459015846252441e-01
9.701874256134033203e-01
9.784356355667114258e-01
9.660918116569519043e-01
9.702869653701782227e-01
9.232268333435058594e-01
9.854997992515563965e-01
9.855560660362243652e-01
9.277960658073425293e-01
9.202313423156738281e-01
9.855062961578369141e-01
9.708269834518432617e-01
9.302552938461303711e-01
9.882612824440002441e-01
9.497303366661071777e-01
9.907226562500000000e-01
9.808489680290222168e-01
9.974178075790405273e-01
9.662289023399353027e-01
8.782694339752197266e-01
4.582928493618965149e-03
6.118855252861976624e-02
6.245187669992446899e-02
4.466137290000915527e-02
2.926604636013507843e-02
4.918072372674942017e-02
1.758365929126739502e-01
1.371586173772811890e-01
1.012274697422981262e-01
3.046739846467971802e-02
3.817337751388549805e-02
6.721244659274816513e-03
5.231211706995964050e-02
4.127736017107963562e-02
3.710769861936569214e-02
2.235482260584831238e-02
2.696200460195541382e-02
2.929966337978839874e-02
1.237355917692184448e-02
1.514956913888454437e-02
2.172569185495376587e-02
3.702104091644287109e-02
9.039614349603652954e-02
1.031330823898315430e-01
5.004653707146644592e-03
3.045955486595630646e-02
2.100983709096908569e-01
7.285531610250473022e-02
5.999308079481124878e-02
9.790308773517608643e-03
5.435487627983093262e-02
3.440943732857704163e-02
7.739644497632980347e-02
3.542068973183631897e-02
4.073347151279449463e-02
4.505828395485877991e-02
3.363849222660064697e-02
2.118110889568924904e-03
1.645428687334060669e-02
2.525939047336578369e-02
5.976764950901269913e-03
7.115106564015150070e-03
5.350492894649505615e-02
4.879113752394914627e-03
1.192467100918292999e-02
3.812953084707260132e-02
9.350190870463848114e-03
2.522595599293708801e-02
1.283669192343950272e-02
2.984726801514625549e-03
1.022618487477302551e-01
3.450961783528327942e-02
3.652823716402053833e-02
7.582467049360275269e-02
3.494427725672721863e-02
3.340694308280944824e-02
9.628008119761943817e-03
8.170554786920547485e-02
1.956866495311260223e-02
6.470800377428531647e-03
9.430088847875595093e-02
3.865162655711174011e-02
3.117848932743072510e-02
2.544567175209522247e-02
3.628145158290863037e-02
1.248733773827552795e-01
1.056396681815385818e-02
1.044471655040979385e-02
1.862093359231948853e-01
1.952615752816200256e-02
4.568129777908325195e-03
3.061465732753276825e-02
3.255786374211311340e-02
6.770616024732589722e-02
1.037487834692001343e-01
3.338296711444854736e-02
2.646386995911598206e-02
4.187731444835662842e-02
3.096027672290802002e-02
1.227704286575317383e-01
1.253760978579521179e-02
1.705497130751609802e-02
2.542049288749694824e-01
9.471620433032512665e-03
4.511811584234237671e-02
6.647596508264541626e-02
1.895471476018428802e-02
2.993752248585224152e-02
4.214033111929893494e-02
2.107585370540618896e-01
3.608970716595649719e-02
2.691281493753194809e-03
1.975850574672222137e-02
1.586570404469966888e-02
5.774391293525695801e-01
6.532910466194152832e-02
2.944658696651458740e-02
1.599157229065895081e-02
3.130932897329330444e-02
3.888420015573501587e-02
1.585231870412826538e-01
2.741956114768981934e-01
5.002493504434823990e-03
