4.305095672607421875e-01
4.305095672607421875e-01
4.305095672607421875e-01
4.305095672607421875e-01
4.305095672607421875e-01
4.305085837841033936e-01
4.305095672607421875e-01
4.305095672607421875e-01
4.305095672607421875e-01
4.305095672607421875e-01
4.253569841384887695e-01
4.305095672607421875e-01
4.305095672607421875e-01
4.305095672607421875e-01
4.305095672607421875e-01
4.305095672607421875e-01
4.305095672607421875e-01
4.305095672607421875e-01
4.292392134666442871e-01
4.305095672607421875e-01
4.305095672607421875e-01
4.305095672607421875e-01
4.305095672607421875e-01
4.305095672607421875e-01
4.305095672607421875e-01
4.305095672607421875e-01
4.305095672607421875e-01
4.305095672607421875e-01
4.305095672607421875e-01
4.305095672607421875e-01
4.305095672607421875e-01
4.303592145442962646e-01
4.302592575550079346e-01
4.129057824611663818e-01
4.305095672607421875e-01
4.305095672607421875e-01
4.305095672607421875e-01
4.305095672607421875e-01
4.305095672607421875e-01
4.305095672607421875e-01
4.305095672607421875e-01
4.305095672607421875e-01
4.305095672607421875e-01
4.305072724819183350e-01
4.305095672607421875e-01
4.305095672607421875e-01
4.305095672607421875e-01
4.305095672607421875e-01
3.997350633144378662e-01
4.305095672607421875e-01
4.305095672607421875e-01
4.305095672607421875e-01
4.305095672607421875e-01
3.997350633144378662e-01
4.305095672607421875e-01
4.305095672607421875e-01
4.305095672607421875e-01
4.305095672607421875e-01
4.305095672607421875e-01
4.305095672607421875e-01
4.305095672607421875e-01
4.305095672607421875e-01
4.305095672607421875e-01
4.305095672607421875e-01
4.305095672607421875e-01
3.997350633144378662e-01
4.305095672607421875e-01
4.305095672607421875e-01
4.305095672607421875e-01
4.305095672607421875e-01
4.305095672607421875e-01
4.305095672607421875e-01
4.305095672607421875e-01
4.305095672607421875e-01
4.305095672607421875e-01
3.997350633144378662e-01
3.997350633144378662e-01
3.997350633144378662e-01
3.997350633144378662e-01
3.997350633144378662e-01
3.997350633144378662e-01
3.997350633144378662e-01
3.997350633144378662e-01
3.997350633144378662e-01
3.997350633144378662e-01
3.997350633144378662e-01
3.997350633144378662e-01
3.997350633144378662e-01
3.997350633144378662e-01
3.997350633144378662e-01
3.997350633144378662e-01
3.997350633144378662e-01
3.997350633144378662e-01
3.997350633144378662e-01
3.997350633144378662e-01
3.997350633144378662e-01
3.997350633144378662e-01
3.997350633144378662e-01
3.997350633144378662e-01
3.997350633144378662e-01
3.997350633144378662e-01
3.997350633144378662e-01
3.997350633144378662e-01
3.997350633144378662e-01
3.997350633144378662e-01
3.997350633144378662e-01
3.997350633144378662e-01
3.997350633144378662e-01
3.997350633144378662e-01
3.997350633144378662e-01
3.997350633144378662e-01
3.997350633144378662e-01
3.997350633144378662e-01
3.997350633144378662e-01
3.997350633144378662e-01
3.997350633144378662e-01
3.997350633144378662e-01
3.997350633144378662e-01
3.997350633144378662e-01
3.997350633144378662e-01
3.997350633144378662e-01
3.997350633144378662e-01
3.997350633144378662e-01
3.997350633144378662e-01
3.997350633144378662e-01
3.997350633144378662e-01
3.997350633144378662e-01
3.997350633144378662e-01
3.997350633144378662e-01
3.997350633144378662e-01
3.997350633144378662e-01
3.997350633144378662e-01
3.997350633144378662e-01
3.997350633144378662e-01
3.997350633144378662e-01
3.997350633144378662e-01
3.997350633144378662e-01
3.997350633144378662e-01
3.997350633144378662e-01
3.997350633144378662e-01
3.997350633144378662e-01
3.997350633144378662e-01
3.997350633144378662e-01
3.997350633144378662e-01
3.997350633144378662e-01
3.997350633144378662e-01
3.997350633144378662e-01
3.997350633144378662e-01
3.997350633144378662e-01
3.997350633144378662e-01
3.997350633144378662e-01
3.997350633144378662e-01
3.997350633144378662e-01
3.997350633144378662e-01
3.997350633144378662e-01
3.997350633144378662e-01
3.997350633144378662e-01
3.997350633144378662e-01
3.997350633144378662e-01
3.997350633144378662e-01
3.997350633144378662e-01
3.997350633144378662e-01
3.997350633144378662e-01
3.997350633144378662e-01
3.997350633144378662e-01
3.997350633144378662e-01
3.997350633144378662e-01
3.997350633144378662e-01
3.997350633144378662e-01
3.997350633144378662e-01
3.997350633144378662e-01
3.997350633144378662e-01
3.997350633144378662e-01
3.997350633144378662e-01
3.997350633144378662e-01
3.997350633144378662e-01
3.997350633144378662e-01
3.997350633144378662e-01
3.997350633144378662e-01
3.997350633144378662e-01
3.997350633144378662e-01
3.997350633144378662e-01
3.997350633144378662e-01
3.997350633144378662e-01
3.997350633144378662e-01
3.997350633144378662e-01
3.997350633144378662e-01
3.997350633144378662e-01
3.997350633144378662e-01
3.997350633144378662e-01
3.997350633144378662e-01
3.997350633144378662e-01
3.997350633144378662e-01
3.997350633144378662e-01
3.997350633144378662e-01
3.997350633144378662e-01
3.997350633144378662e-01
3.997350633144378662e-01
3.997350633144378662e-01
3.997350633144378662e-01
3.997350633144378662e-01
3.997350633144378662e-01
3.997350633144378662e-01
3.997350633144378662e-01
3.997350633144378662e-01
3.997350633144378662e-01
3.997350633144378662e-01
3.997350633144378662e-01
3.997350633144378662e-01
3.997350633144378662e-01
3.997350633144378662e-01
3.997350633144378662e-01
3.997350633144378662e-01
3.997350633144378662e-01
3.997350633144378662e-01
3.997350633144378662e-01
3.997350633144378662e-01
3.997350633144378662e-01
3.997350633144378662e-01
3.997350633144378662e-01
3.997350633144378662e-01
3.997350633144378662e-01
3.997350633144378662e-01
3.997350633144378662e-01
3.997350633144378662e-01
3.997350633144378662e-01
3.997350633144378662e-01
3.997350633144378662e-01
3.997350633144378662e-01
3.997350633144378662e-01
3.997350633144378662e-01
3.997350633144378662e-01
3.997350633144378662e-01
3.997350633144378662e-01
3.997350633144378662e-01
3.997350633144378662e-01
3.997350633144378662e-01
3.997350633144378662e-01
3.997350633144378662e-01
3.997350633144378662e-01
3.997350633144378662e-01
3.997350633144378662e-01
3.997350633144378662e-01
3.997350633144378662e-01
3.997350633144378662e-01
3.997350633144378662e-01
4.305095672607421875e-01
4.305095672607421875e-01
4.305095672607421875e-01
3.997350633144378662e-01
3.997350633144378662e-01
4.305095672607421875e-01
4.141462147235870361e-01
4.305095672607421875e-01
3.997350633144378662e-01
4.305095672607421875e-01
4.305095672607421875e-01
4.141462147235870361e-01
4.305095672607421875e-01
4.305095672607421875e-01
4.305095672607421875e-01
4.305095672607421875e-01
3.997350633144378662e-01
3.997350633144378662e-01
3.997350633144378662e-01
4.305095672607421875e-01
4.305095672607421875e-01
4.305095672607421875e-01
3.997350633144378662e-01
4.305095672607421875e-01
4.305095672607421875e-01
4.305095672607421875e-01
3.997350633144378662e-01
4.258184432983398438e-01
4.305095672607421875e-01
4.305095672607421875e-01
4.305095672607421875e-01
4.305095672607421875e-01
4.305095672607421875e-01
4.305095672607421875e-01
4.305095672607421875e-01
4.305095672607421875e-01
3.997350633144378662e-01
3.997350633144378662e-01
3.997350633144378662e-01
4.305095672607421875e-01
4.305095672607421875e-01
4.305095672607421875e-01
4.305095672607421875e-01
4.305095672607421875e-01
4.305095672607421875e-01
4.305095672607421875e-01
3.997350633144378662e-01
3.997350633144378662e-01
4.305095672607421875e-01
4.305095672607421875e-01
4.305095672607421875e-01
4.305095672607421875e-01
4.305095672607421875e-01
4.305095672607421875e-01
4.305095672607421875e-01
4.305095672607421875e-01
4.305095672607421875e-01
3.997350633144378662e-01
3.997350633144378662e-01
4.305095672607421875e-01
4.141462147235870361e-01
3.997350633144378662e-01
4.305095672607421875e-01
4.305095672607421875e-01
3.997350633144378662e-01
4.304741621017456055e-01
3.997350633144378662e-01
4.305095672607421875e-01
4.305095672607421875e-01
4.305095672607421875e-01
3.997350633144378662e-01
4.305095672607421875e-01
4.305095672607421875e-01
3.997350633144378662e-01
3.997350633144378662e-01
4.305095672607421875e-01
3.997350633144378662e-01
4.260953962802886963e-01
3.997350633144378662e-01
3.997350633144378662e-01
4.305095672607421875e-01
3.997350633144378662e-01
3.997350633144378662e-01
4.305095672607421875e-01
3.997350633144378662e-01
3.997350633144378662e-01
3.997350633144378662e-01
3.997350633144378662e-01
3.997350633144378662e-01
4.305095672607421875e-01
4.305095672607421875e-01
3.997350633144378662e-01
3.997350633144378662e-01
3.997350633144378662e-01
4.305095672607421875e-01
3.997350633144378662e-01
3.997350633144378662e-01
4.305095672607421875e-01
3.997350633144378662e-01
3.997350633144378662e-01
3.997350633144378662e-01
4.305095672607421875e-01
4.305095672607421875e-01
3.997350633144378662e-01
4.305095672607421875e-01
3.997350633144378662e-01
4.305095672607421875e-01
3.997350633144378662e-01
3.997350633144378662e-01
3.997350633144378662e-01
3.997350633144378662e-01
3.997350633144378662e-01
4.305095672607421875e-01
3.997350633144378662e-01
3.997350633144378662e-01
3.997350633144378662e-01
3.997350633144378662e-01
3.997350633144378662e-01
3.997350633144378662e-01
3.997350633144378662e-01
3.997350633144378662e-01
3.997350633144378662e-01
3.997350633144378662e-01
3.997350633144378662e-01
3.997350633144378662e-01
3.997350633144378662e-01
3.997350633144378662e-01
3.997350633144378662e-01
3.997350633144378662e-01
3.997350633144378662e-01
3.997350633144378662e-01
3.997350633144378662e-01
3.997350633144378662e-01
3.997350633144378662e-01
3.997350633144378662e-01
3.997350633144378662e-01
3.997350633144378662e-01
3.997350633144378662e-01
3.997350633144378662e-01
3.997350633144378662e-01
3.997350633144378662e-01
3.997350633144378662e-01
3.997350633144378662e-01
3.997350633144378662e-01
3.997350633144378662e-01
3.997350633144378662e-01
3.997350633144378662e-01
3.997350633144378662e-01
3.997350633144378662e-01
3.997350633144378662e-01
3.997350633144378662e-01
3.997350633144378662e-01
3.997350633144378662e-01
3.997350633144378662e-01
3.997350633144378662e-01
3.997350633144378662e-01
3.997350633144378662e-01
3.997350633144378662e-01
3.997350633144378662e-01
3.997350633144378662e-01
3.997350633144378662e-01
3.997350633144378662e-01
3.997350633144378662e-01
3.997350633144378662e-01
3.997350633144378662e-01
3.997350633144378662e-01
3.997350633144378662e-01
3.997350633144378662e-01
3.997350633144378662e-01
3.997350633144378662e-01
3.997350633144378662e-01
3.997350633144378662e-01
3.997350633144378662e-01
3.997350633144378662e-01
3.997350633144378662e-01
3.997350633144378662e-01
3.997350633144378662e-01
3.997350633144378662e-01
3.997350633144378662e-01
3.997350633144378662e-01
4.305095672607421875e-01
4.305095672607421875e-01
4.305090010166168213e-01
3.997350633144378662e-01
4.305095672607421875e-01
4.305095672607421875e-01
4.305095672607421875e-01
4.305095672607421875e-01
4.305095672607421875e-01
4.305095672607421875e-01
4.305094778537750244e-01
4.305095672607421875e-01
4.305095672607421875e-01
4.305095672607421875e-01
4.305095672607421875e-01
4.305095672607421875e-01
4.305095672607421875e-01
4.305095672607421875e-01
4.160286486148834229e-01
4.305095672607421875e-01
4.305095672607421875e-01
4.305095672607421875e-01
4.305095672607421875e-01
4.305095672607421875e-01
4.305095672607421875e-01
4.305095672607421875e-01
4.305095672607421875e-01
3.997350633144378662e-01
4.305095672607421875e-01
4.305095672607421875e-01
4.305075407028198242e-01
4.305095672607421875e-01
4.305095672607421875e-01
4.305095672607421875e-01
4.305095672607421875e-01
4.305095672607421875e-01
4.305095672607421875e-01
4.305073618888854980e-01
4.305095672607421875e-01
4.305095672607421875e-01
4.145741164684295654e-01
4.305095672607421875e-01
4.305095672607421875e-01
4.305095672607421875e-01
3.997350633144378662e-01
4.275623261928558350e-01
4.305095672607421875e-01
4.305095672607421875e-01
4.305095672607421875e-01
4.305095672607421875e-01
4.305095672607421875e-01
4.305095672607421875e-01
4.305095672607421875e-01
3.997350633144378662e-01
4.305095672607421875e-01
4.305095672607421875e-01
4.305095672607421875e-01
4.305095672607421875e-01
4.305095672607421875e-01
4.305095672607421875e-01
4.305095672607421875e-01
4.305095672607421875e-01
4.305095672607421875e-01
4.269182980060577393e-01
4.257031381130218506e-01
4.305095672607421875e-01
4.305095672607421875e-01
4.305095672607421875e-01
3.997350633144378662e-01
4.305095672607421875e-01
3.997350633144378662e-01
4.305095672607421875e-01
4.305095672607421875e-01
4.303103685379028320e-01
4.263883829116821289e-01
3.997350633144378662e-01
3.997350633144378662e-01
3.997350633144378662e-01
3.997350633144378662e-01
3.997350633144378662e-01
3.997350633144378662e-01
3.997350633144378662e-01
3.997350633144378662e-01
4.174288213253021240e-01
3.997350633144378662e-01
3.997350633144378662e-01
3.997350633144378662e-01
3.997350633144378662e-01
3.997350633144378662e-01
3.997350633144378662e-01
3.997350633144378662e-01
3.997350633144378662e-01
3.997350633144378662e-01
3.997350633144378662e-01
3.997350633144378662e-01
3.997350633144378662e-01
3.997350633144378662e-01
3.997350633144378662e-01
3.997350633144378662e-01
3.997350633144378662e-01
3.997350633144378662e-01
3.997350633144378662e-01
3.997350633144378662e-01
3.997350633144378662e-01
3.997350633144378662e-01
4.305095672607421875e-01
3.997350633144378662e-01
4.141663908958435059e-01
3.997350633144378662e-01
3.997350633144378662e-01
3.997350633144378662e-01
3.997350633144378662e-01
3.997350633144378662e-01
3.997350633144378662e-01
3.997350633144378662e-01
3.997350633144378662e-01
3.997350633144378662e-01
3.997350633144378662e-01
3.997350633144378662e-01
4.134494364261627197e-01
4.304634928703308105e-01
3.997350633144378662e-01
3.997350633144378662e-01
3.997350633144378662e-01
3.997350633144378662e-01
3.997350633144378662e-01
3.997350633144378662e-01
3.997350633144378662e-01
3.997350633144378662e-01
3.997350633144378662e-01
3.997350633144378662e-01
3.997350633144378662e-01
3.997350633144378662e-01
3.997350633144378662e-01
3.997350633144378662e-01
3.997350633144378662e-01
3.997350633144378662e-01
3.997350633144378662e-01
3.997350633144378662e-01
3.997350633144378662e-01
3.997350633144378662e-01
3.997350633144378662e-01
3.997350633144378662e-01
3.997350633144378662e-01
3.997350633144378662e-01
3.997350633144378662e-01
3.997350633144378662e-01
3.997350633144378662e-01
3.997350633144378662e-01
3.997350633144378662e-01
3.997350633144378662e-01
3.997350633144378662e-01
3.997350633144378662e-01
3.997350633144378662e-01
3.997350633144378662e-01
3.997350633144378662e-01
3.997350633144378662e-01
3.997350633144378662e-01
3.997350633144378662e-01
3.997350633144378662e-01
3.997350633144378662e-01
3.997350633144378662e-01
3.997350633144378662e-01
3.997350633144378662e-01
3.997350633144378662e-01
4.164047241210937500e-01
3.997350633144378662e-01
3.997350633144378662e-01
3.997350633144378662e-01
3.997350633144378662e-01
3.997350633144378662e-01
3.997350633144378662e-01
3.997350633144378662e-01
3.997350633144378662e-01
3.997350633144378662e-01
3.997350633144378662e-01
3.997350633144378662e-01
3.997350633144378662e-01
3.997350633144378662e-01
3.997350633144378662e-01
3.997350633144378662e-01
3.997350633144378662e-01
3.997350633144378662e-01
3.997350633144378662e-01
3.997350633144378662e-01
3.997350633144378662e-01
3.997350633144378662e-01
3.997350633144378662e-01
3.997350633144378662e-01
3.997350633144378662e-01
3.997350633144378662e-01
3.997350633144378662e-01
3.997350633144378662e-01
3.997350633144378662e-01
3.997350633144378662e-01
3.997350633144378662e-01
3.997350633144378662e-01
3.997350633144378662e-01
3.997350633144378662e-01
4.146289229393005371e-01
3.997350633144378662e-01
3.997350633144378662e-01
3.997350633144378662e-01
3.997350633144378662e-01
3.997350633144378662e-01
3.997350633144378662e-01
3.997350633144378662e-01
3.997350633144378662e-01
3.997350633144378662e-01
3.997350633144378662e-01
3.997350633144378662e-01
3.997350633144378662e-01
3.997350633144378662e-01
3.997350633144378662e-01
3.997350633144378662e-01
3.997350633144378662e-01
3.997350633144378662e-01
3.997350633144378662e-01
3.997350633144378662e-01
3.997350633144378662e-01
3.997350633144378662e-01
3.997350633144378662e-01
3.997350633144378662e-01
3.997350633144378662e-01
3.997350633144378662e-01
3.997350633144378662e-01
3.997350633144378662e-01
3.997350633144378662e-01
3.997350633144378662e-01
3.997350633144378662e-01
3.997350633144378662e-01
3.997350633144378662e-01
3.997350633144378662e-01
3.997350633144378662e-01
3.997350633144378662e-01
3.997350633144378662e-01
3.997350633144378662e-01
3.997350633144378662e-01
3.997350633144378662e-01
3.997350633144378662e-01
3.997350633144378662e-01
3.997350633144378662e-01
3.997350633144378662e-01
3.997350633144378662e-01
3.997350633144378662e-01
3.997350633144378662e-01
3.997350633144378662e-01
3.997350633144378662e-01
3.997350633144378662e-01
3.997350633144378662e-01
3.997350633144378662e-01
3.997350633144378662e-01
3.997350633144378662e-01
3.997350633144378662e-01
3.997350633144378662e-01
3.997350633144378662e-01
3.997350633144378662e-01
3.997350633144378662e-01
3.997350633144378662e-01
3.997350633144378662e-01
3.997350633144378662e-01
3.997350633144378662e-01
3.997350633144378662e-01
4.269321858882904053e-01
3.997350633144378662e-01
3.997350633144378662e-01
3.997350633144378662e-01
3.997350633144378662e-01
3.997350633144378662e-01
3.997350633144378662e-01
3.997350633144378662e-01
3.997350633144378662e-01
3.997350633144378662e-01
3.997350633144378662e-01
3.997350633144378662e-01
3.997350633144378662e-01
3.997350633144378662e-01
3.997350633144378662e-01
3.997350633144378662e-01
3.997350633144378662e-01
3.997350633144378662e-01
3.997350633144378662e-01
3.997350633144378662e-01
3.997350633144378662e-01
3.997350633144378662e-01
3.997350633144378662e-01
3.997350633144378662e-01
3.997350633144378662e-01
3.997350633144378662e-01
3.997350633144378662e-01
3.997350633144378662e-01
3.997350633144378662e-01
3.997350633144378662e-01
3.997350633144378662e-01
3.997350633144378662e-01
3.997350633144378662e-01
3.997350633144378662e-01
3.997350633144378662e-01
3.997350633144378662e-01
3.997350633144378662e-01
3.997350633144378662e-01
3.997350633144378662e-01
3.997350633144378662e-01
3.997350633144378662e-01
3.997350633144378662e-01
3.997350633144378662e-01
3.997350633144378662e-01
3.997350633144378662e-01
3.997350633144378662e-01
3.997350633144378662e-01
3.997350633144378662e-01
3.997350633144378662e-01
4.223331809043884277e-01
3.997350633144378662e-01
3.997350633144378662e-01
3.997350633144378662e-01
3.997350633144378662e-01
3.997350633144378662e-01
3.997350633144378662e-01
3.997350633144378662e-01
3.997350633144378662e-01
3.997350633144378662e-01
3.997350633144378662e-01
3.997350633144378662e-01
3.997350633144378662e-01
3.997350633144378662e-01
3.997350633144378662e-01
3.997350633144378662e-01
3.997350633144378662e-01
3.997350633144378662e-01
3.997350633144378662e-01
3.997350633144378662e-01
3.997350633144378662e-01
3.997350633144378662e-01
3.997350633144378662e-01
3.997350633144378662e-01
3.997350633144378662e-01
3.997350633144378662e-01
3.997350633144378662e-01
3.997350633144378662e-01
3.997350633144378662e-01
3.997350633144378662e-01
3.997350633144378662e-01
3.997350633144378662e-01
3.997350633144378662e-01
3.997350633144378662e-01
3.997350633144378662e-01
3.997350633144378662e-01
3.997350633144378662e-01
3.997350633144378662e-01
3.997350633144378662e-01
3.997350633144378662e-01
3.997350633144378662e-01
3.997350633144378662e-01
3.997350633144378662e-01
3.997350633144378662e-01
3.997350633144378662e-01
3.997350633144378662e-01
3.997350633144378662e-01
3.997350633144378662e-01
3.997350633144378662e-01
3.997350633144378662e-01
3.997350633144378662e-01
3.997350633144378662e-01
3.997350633144378662e-01
3.997350633144378662e-01
3.997350633144378662e-01
3.997350633144378662e-01
3.997350633144378662e-01
3.997350633144378662e-01
3.997350633144378662e-01
3.997350633144378662e-01
3.997350633144378662e-01
4.146296381950378418e-01
3.997350633144378662e-01
3.997350633144378662e-01
3.997350633144378662e-01
3.997350633144378662e-01
3.997350633144378662e-01
3.997350633144378662e-01
3.997350633144378662e-01
3.997350633144378662e-01
3.997350633144378662e-01
3.997350633144378662e-01
3.997350633144378662e-01
3.997350633144378662e-01
3.997350633144378662e-01
3.997350633144378662e-01
3.997350633144378662e-01
3.997350633144378662e-01
3.997350633144378662e-01
3.997350633144378662e-01
3.997350633144378662e-01
3.997350633144378662e-01
3.997350633144378662e-01
3.997350633144378662e-01
3.997350633144378662e-01
3.997350633144378662e-01
3.997350633144378662e-01
3.997350633144378662e-01
3.997350633144378662e-01
3.997350633144378662e-01
3.997350633144378662e-01
3.997350633144378662e-01
3.997350633144378662e-01
3.997350633144378662e-01
3.997350633144378662e-01
3.997350633144378662e-01
3.997350633144378662e-01
3.997350633144378662e-01
3.997350633144378662e-01
3.997350633144378662e-01
3.997350633144378662e-01
3.997350633144378662e-01
3.997350633144378662e-01
3.997350633144378662e-01
3.997350633144378662e-01
3.997350633144378662e-01
3.997350633144378662e-01
3.997350633144378662e-01
3.997350633144378662e-01
3.997350633144378662e-01
3.997350633144378662e-01
3.997350633144378662e-01
3.997350633144378662e-01
3.997350633144378662e-01
3.997350633144378662e-01
3.997350633144378662e-01
3.997350633144378662e-01
3.997350633144378662e-01
3.997350633144378662e-01
3.997350633144378662e-01
3.997350633144378662e-01
3.997350633144378662e-01
3.997350633144378662e-01
3.997350633144378662e-01
3.997350633144378662e-01
3.997350633144378662e-01
3.997350633144378662e-01
3.997350633144378662e-01
3.997350633144378662e-01
3.997350633144378662e-01
3.997350633144378662e-01
3.997350633144378662e-01
3.997350633144378662e-01
4.131537973880767822e-01
3.997350633144378662e-01
3.997350633144378662e-01
3.997350633144378662e-01
3.997350633144378662e-01
3.997350633144378662e-01
3.997350633144378662e-01
3.997350633144378662e-01
3.997350633144378662e-01
3.997350633144378662e-01
3.997350633144378662e-01
3.997350633144378662e-01
3.997350633144378662e-01
3.997350633144378662e-01
3.997350633144378662e-01
3.997350633144378662e-01
3.997350633144378662e-01
3.997350633144378662e-01
3.997350633144378662e-01
3.997350633144378662e-01
3.997350633144378662e-01
3.997350633144378662e-01
3.997350633144378662e-01
3.997350633144378662e-01
3.997350633144378662e-01
3.997350633144378662e-01
3.997350633144378662e-01
3.997350633144378662e-01
3.997350633144378662e-01
3.997350633144378662e-01
3.997350633144378662e-01
3.997350633144378662e-01
3.997350633144378662e-01
4.305095672607421875e-01
3.997350633144378662e-01
3.997350633144378662e-01
3.997350633144378662e-01
4.145741164684295654e-01
3.997350633144378662e-01
3.997350633144378662e-01
3.997350633144378662e-01
3.997350633144378662e-01
3.997350633144378662e-01
3.997350633144378662e-01
3.997350633144378662e-01
3.997350633144378662e-01
3.997350633144378662e-01
3.997350633144378662e-01
3.997350633144378662e-01
3.997350633144378662e-01
3.997350633144378662e-01
3.997350633144378662e-01
3.997350633144378662e-01
3.997350633144378662e-01
4.258746206760406494e-01
3.997350633144378662e-01
3.997350633144378662e-01
3.997350633144378662e-01
3.997350633144378662e-01
3.997350633144378662e-01
3.997350633144378662e-01
3.997350633144378662e-01
3.997350633144378662e-01
3.997350633144378662e-01
3.997350633144378662e-01
3.997350633144378662e-01
3.997350633144378662e-01
3.997350633144378662e-01
3.997350633144378662e-01
3.997350633144378662e-01
3.997350633144378662e-01
3.997350633144378662e-01
3.997350633144378662e-01
3.997350633144378662e-01
3.997350633144378662e-01
3.997350633144378662e-01
3.997350633144378662e-01
3.997350633144378662e-01
3.997350633144378662e-01
3.997350633144378662e-01
3.997350633144378662e-01
3.997350633144378662e-01
3.997350633144378662e-01
3.997350633144378662e-01
3.997350633144378662e-01
3.997350633144378662e-01
3.997350633144378662e-01
3.997350633144378662e-01
3.997350633144378662e-01
3.997350633144378662e-01
3.997350633144378662e-01
3.997350633144378662e-01
3.997350633144378662e-01
3.997350633144378662e-01
3.997350633144378662e-01
3.997350633144378662e-01
3.997350633144378662e-01
3.997350633144378662e-01
3.997350633144378662e-01
3.997350633144378662e-01
3.997350633144378662e-01
3.997350633144378662e-01
3.997350633144378662e-01
3.997350633144378662e-01
3.997350633144378662e-01
3.997350633144378662e-01
3.997350633144378662e-01
3.997350633144378662e-01
3.997350633144378662e-01
3.997350633144378662e-01
3.997350633144378662e-01
4.158389568328857422e-01
3.997350633144378662e-01
3.997350633144378662e-01
3.997350633144378662e-01
3.997350633144378662e-01
3.997350633144378662e-01
3.997350633144378662e-01
3.997350633144378662e-01
3.997350633144378662e-01
3.997350633144378662e-01
3.997350633144378662e-01
3.997350633144378662e-01
3.997350633144378662e-01
3.997350633144378662e-01
3.997350633144378662e-01
3.997350633144378662e-01
3.997350633144378662e-01
3.997350633144378662e-01
3.997350633144378662e-01
3.997350633144378662e-01
3.997350633144378662e-01
3.997350633144378662e-01
3.997350633144378662e-01
3.997350633144378662e-01
3.997350633144378662e-01
3.997350633144378662e-01
4.259543716907501221e-01
3.997350633144378662e-01
3.997350633144378662e-01
4.145741164684295654e-01
3.997350633144378662e-01
3.997350633144378662e-01
3.997350633144378662e-01
3.997350633144378662e-01
3.997350633144378662e-01
3.997350633144378662e-01
3.997350633144378662e-01
3.997350633144378662e-01
3.997350633144378662e-01
3.997350633144378662e-01
3.997350633144378662e-01
3.997350633144378662e-01
3.997350633144378662e-01
3.997350633144378662e-01
3.997350633144378662e-01
3.997350633144378662e-01
3.997350633144378662e-01
3.997350633144378662e-01
3.997350633144378662e-01
3.997350633144378662e-01
3.997350633144378662e-01
3.997350633144378662e-01
3.997350633144378662e-01
3.997350633144378662e-01
3.997350633144378662e-01
3.997350633144378662e-01
3.997350633144378662e-01
3.997350633144378662e-01
3.997350633144378662e-01
3.997350633144378662e-01
3.997350633144378662e-01
3.997350633144378662e-01
3.997350633144378662e-01
3.997350633144378662e-01
3.997350633144378662e-01
3.997350633144378662e-01
3.997350633144378662e-01
3.997350633144378662e-01
3.997350633144378662e-01
3.997350633144378662e-01
3.997350633144378662e-01
3.997350633144378662e-01
3.997350633144378662e-01
3.997350633144378662e-01
3.997350633144378662e-01
3.997350633144378662e-01
3.997350633144378662e-01
3.997350633144378662e-01
3.997350633144378662e-01
