4.859968125820159912e-01
4.859968125820159912e-01
4.859968125820159912e-01
5.084540843963623047e-01
4.859968125820159912e-01
4.859968125820159912e-01
5.099619626998901367e-01
4.859968125820159912e-01
4.607068896293640137e-01
5.081925988197326660e-01
5.247499942779541016e-01
4.859968125820159912e-01
5.489345192909240723e-01
4.859968125820159912e-01
4.859968125820159912e-01
4.859968125820159912e-01
4.859968125820159912e-01
4.859968125820159912e-01
4.859968125820159912e-01
4.859968125820159912e-01
5.364218354225158691e-01
4.859968125820159912e-01
4.909194707870483398e-01
5.200709104537963867e-01
4.859968125820159912e-01
4.859968125820159912e-01
5.843459963798522949e-01
4.859968125820159912e-01
4.859968125820159912e-01
4.859968125820159912e-01
4.859968125820159912e-01
5.041574835777282715e-01
4.859968125820159912e-01
4.859968125820159912e-01
4.859968125820159912e-01
5.301845073699951172e-01
4.859968125820159912e-01
4.859968125820159912e-01
5.318559408187866211e-01
5.208034515380859375e-01
4.859968125820159912e-01
4.859968125820159912e-01
4.859968125820159912e-01
5.326945185661315918e-01
5.028002262115478516e-01
4.859968125820159912e-01
4.859968125820159912e-01
4.859968125820159912e-01
4.859968125820159912e-01
5.035899877548217773e-01
4.859968125820159912e-01
4.859968125820159912e-01
5.348777770996093750e-01
5.377109050750732422e-01
4.859968125820159912e-01
4.859968125820159912e-01
4.859968125820159912e-01
5.367687940597534180e-01
4.859968125820159912e-01
4.859968125820159912e-01
4.859968125820159912e-01
4.859968125820159912e-01
4.921354949474334717e-01
4.859968125820159912e-01
4.859968125820159912e-01
4.859968125820159912e-01
5.535980463027954102e-01
5.354554057121276855e-01
4.859968125820159912e-01
4.859968125820159912e-01
5.100404620170593262e-01
4.859968125820159912e-01
4.859968125820159912e-01
4.859968125820159912e-01
4.859968125820159912e-01
4.859968125820159912e-01
4.859968125820159912e-01
4.978477954864501953e-01
5.275793075561523438e-01
5.206398367881774902e-01
5.318634510040283203e-01
5.022416710853576660e-01
4.859968125820159912e-01
4.859968125820159912e-01
4.859968125820159912e-01
4.859968125820159912e-01
4.859968125820159912e-01
4.913859069347381592e-01
4.859968125820159912e-01
4.859968125820159912e-01
4.859968125820159912e-01
5.293015837669372559e-01
4.859968125820159912e-01
4.859968125820159912e-01
4.859968125820159912e-01
4.673953056335449219e-01
5.223236083984375000e-01
4.859968125820159912e-01
5.433995127677917480e-01
4.859968125820159912e-01
5.490738153457641602e-01
4.859968125820159912e-01
4.859968125820159912e-01
4.859968125820159912e-01
4.909194707870483398e-01
4.859968125820159912e-01
5.301845073699951172e-01
4.859968125820159912e-01
4.859968125820159912e-01
4.859968125820159912e-01
4.859968125820159912e-01
4.859968125820159912e-01
4.859968125820159912e-01
4.859968125820159912e-01
4.859968125820159912e-01
4.859968125820159912e-01
5.100404620170593262e-01
4.859968125820159912e-01
5.354554057121276855e-01
4.859968125820159912e-01
4.859968125820159912e-01
5.377109050750732422e-01
4.859968125820159912e-01
4.859968125820159912e-01
4.913859069347381592e-01
4.859968125820159912e-01
5.293015837669372559e-01
4.859968125820159912e-01
5.223236083984375000e-01
5.843459963798522949e-01
4.859968125820159912e-01
4.859968125820159912e-01
5.489345192909240723e-01
4.859968125820159912e-01
5.535980463027954102e-01
4.859968125820159912e-01
5.318634510040283203e-01
4.859968125820159912e-01
5.364218354225158691e-01
5.206398367881774902e-01
4.859968125820159912e-01
5.099619626998901367e-01
4.859968125820159912e-01
4.921354949474334717e-01
4.859968125820159912e-01
4.859968125820159912e-01
4.859968125820159912e-01
4.859968125820159912e-01
4.859968125820159912e-01
5.200709104537963867e-01
4.859968125820159912e-01
4.673953056335449219e-01
4.859968125820159912e-01
4.859968125820159912e-01
5.326945185661315918e-01
4.859968125820159912e-01
4.859968125820159912e-01
4.859968125820159912e-01
5.433995127677917480e-01
5.490738153457641602e-01
4.859968125820159912e-01
4.859968125820159912e-01
4.859968125820159912e-01
4.859968125820159912e-01
4.859968125820159912e-01
4.859968125820159912e-01
4.859968125820159912e-01
5.028002262115478516e-01
5.318559408187866211e-01
4.859968125820159912e-01
4.859968125820159912e-01
4.859968125820159912e-01
4.859968125820159912e-01
5.208034515380859375e-01
5.348777770996093750e-01
4.859968125820159912e-01
5.081925988197326660e-01
5.247499942779541016e-01
4.607068896293640137e-01
4.859968125820159912e-01
4.859968125820159912e-01
5.041574835777282715e-01
4.859968125820159912e-01
4.859968125820159912e-01
5.367687940597534180e-01
4.859968125820159912e-01
4.859968125820159912e-01
4.859968125820159912e-01
4.859968125820159912e-01
4.859968125820159912e-01
4.859968125820159912e-01
4.859968125820159912e-01
4.859968125820159912e-01
4.859968125820159912e-01
4.859968125820159912e-01
4.859968125820159912e-01
5.035899877548217773e-01
4.859968125820159912e-01
4.859968125820159912e-01
4.859968125820159912e-01
5.275793075561523438e-01
4.859968125820159912e-01
5.084540843963623047e-01
4.859968125820159912e-01
4.859968125820159912e-01
4.978477954864501953e-01
