5.200342535972595215e-01
5.200342535972595215e-01
5.200342535972595215e-01
5.204126238822937012e-01
5.200342535972595215e-01
5.200342535972595215e-01
5.161819458007812500e-01
5.200342535972595215e-01
5.112524032592773438e-01
5.151804089546203613e-01
5.181429386138916016e-01
5.200342535972595215e-01
5.177864432334899902e-01
5.200342535972595215e-01
5.200342535972595215e-01
5.200342535972595215e-01
5.200342535972595215e-01
5.200342535972595215e-01
5.200342535972595215e-01
5.200342535972595215e-01
5.258072614669799805e-01
5.200342535972595215e-01
5.184569954872131348e-01
5.102321505546569824e-01
5.200342535972595215e-01
5.200342535972595215e-01
5.342531800270080566e-01
5.200342535972595215e-01
5.200342535972595215e-01
5.200342535972595215e-01
5.200342535972595215e-01
5.110208392143249512e-01
5.200342535972595215e-01
5.200342535972595215e-01
5.200342535972595215e-01
5.147430300712585449e-01
5.200342535972595215e-01
5.200342535972595215e-01
5.094361305236816406e-01
5.169550180435180664e-01
5.200342535972595215e-01
5.200342535972595215e-01
5.200342535972595215e-01
5.162944793701171875e-01
5.096824169158935547e-01
5.200342535972595215e-01
5.200342535972595215e-01
5.200342535972595215e-01
5.200342535972595215e-01
5.159417390823364258e-01
5.200342535972595215e-01
5.200342535972595215e-01
5.201724767684936523e-01
5.171673893928527832e-01
5.200342535972595215e-01
5.200342535972595215e-01
5.200342535972595215e-01
5.179544687271118164e-01
5.200342535972595215e-01
5.200342535972595215e-01
5.200342535972595215e-01
5.200342535972595215e-01
5.153515338897705078e-01
5.200342535972595215e-01
5.200342535972595215e-01
5.200342535972595215e-01
5.097047686576843262e-01
5.192090272903442383e-01
5.200342535972595215e-01
5.200342535972595215e-01
5.152830481529235840e-01
5.200342535972595215e-01
5.200342535972595215e-01
5.200342535972595215e-01
5.200342535972595215e-01
5.200342535972595215e-01
5.200342535972595215e-01
5.095828175544738770e-01
5.194215178489685059e-01
5.147850513458251953e-01
5.175592303276062012e-01
5.159129500389099121e-01
5.200342535972595215e-01
5.200342535972595215e-01
5.200342535972595215e-01
5.200342535972595215e-01
5.200342535972595215e-01
5.173282027244567871e-01
5.200342535972595215e-01
5.200342535972595215e-01
5.200342535972595215e-01
5.104206204414367676e-01
5.200342535972595215e-01
5.200342535972595215e-01
5.200342535972595215e-01
5.223694443702697754e-01
5.179825425148010254e-01
5.200342535972595215e-01
5.202234387397766113e-01
5.200342535972595215e-01
5.140838027000427246e-01
5.200342535972595215e-01
5.200342535972595215e-01
5.200342535972595215e-01
5.184569954872131348e-01
5.200342535972595215e-01
5.147430300712585449e-01
5.200342535972595215e-01
5.200342535972595215e-01
5.200342535972595215e-01
5.200342535972595215e-01
5.200342535972595215e-01
5.200342535972595215e-01
5.200342535972595215e-01
5.200342535972595215e-01
5.200342535972595215e-01
5.152830481529235840e-01
5.200342535972595215e-01
5.192090272903442383e-01
5.200342535972595215e-01
5.200342535972595215e-01
5.171673893928527832e-01
5.200342535972595215e-01
5.200342535972595215e-01
5.173282027244567871e-01
5.200342535972595215e-01
5.104206204414367676e-01
5.200342535972595215e-01
5.179825425148010254e-01
5.342531800270080566e-01
5.200342535972595215e-01
5.200342535972595215e-01
5.177864432334899902e-01
5.200342535972595215e-01
5.097047686576843262e-01
5.200342535972595215e-01
5.175592303276062012e-01
5.200342535972595215e-01
5.258072614669799805e-01
5.147850513458251953e-01
5.200342535972595215e-01
5.161819458007812500e-01
5.200342535972595215e-01
5.153515338897705078e-01
5.200342535972595215e-01
5.200342535972595215e-01
5.200342535972595215e-01
5.200342535972595215e-01
5.200342535972595215e-01
5.102321505546569824e-01
5.200342535972595215e-01
5.223694443702697754e-01
5.200342535972595215e-01
5.200342535972595215e-01
5.162944793701171875e-01
5.200342535972595215e-01
5.200342535972595215e-01
5.200342535972595215e-01
5.202234387397766113e-01
5.140838027000427246e-01
5.200342535972595215e-01
5.200342535972595215e-01
5.200342535972595215e-01
5.200342535972595215e-01
5.200342535972595215e-01
5.200342535972595215e-01
5.200342535972595215e-01
5.096824169158935547e-01
5.094361305236816406e-01
5.200342535972595215e-01
5.200342535972595215e-01
5.200342535972595215e-01
5.200342535972595215e-01
5.169550180435180664e-01
5.201724767684936523e-01
5.200342535972595215e-01
5.151804089546203613e-01
5.181429386138916016e-01
5.112524032592773438e-01
5.200342535972595215e-01
5.200342535972595215e-01
5.110208392143249512e-01
5.200342535972595215e-01
5.200342535972595215e-01
5.179544687271118164e-01
5.200342535972595215e-01
5.200342535972595215e-01
5.200342535972595215e-01
5.200342535972595215e-01
5.200342535972595215e-01
5.200342535972595215e-01
5.200342535972595215e-01
5.200342535972595215e-01
5.200342535972595215e-01
5.200342535972595215e-01
5.200342535972595215e-01
5.159417390823364258e-01
5.200342535972595215e-01
5.200342535972595215e-01
5.200342535972595215e-01
5.194215178489685059e-01
5.200342535972595215e-01
5.204126238822937012e-01
5.200342535972595215e-01
5.200342535972595215e-01
5.095828175544738770e-01
