5.901077389717102051e-01
5.901077389717102051e-01
5.901077389717102051e-01
5.901077389717102051e-01
5.901077389717102051e-01
5.901042819023132324e-01
5.901077389717102051e-01
5.901077389717102051e-01
5.901077389717102051e-01
5.901077389717102051e-01
5.708132386207580566e-01
5.901077389717102051e-01
5.901077389717102051e-01
5.901077389717102051e-01
5.901077389717102051e-01
5.901077389717102051e-01
5.901077389717102051e-01
5.901076793670654297e-01
5.854421854019165039e-01
5.901077389717102051e-01
5.901077389717102051e-01
5.901077389717102051e-01
5.901077389717102051e-01
5.901077389717102051e-01
5.901077389717102051e-01
5.901077389717102051e-01
5.901077389717102051e-01
5.901077389717102051e-01
5.901077389717102051e-01
5.901077389717102051e-01
5.901077389717102051e-01
5.895730257034301758e-01
5.892155766487121582e-01
5.114255547523498535e-01
5.901077389717102051e-01
5.901077389717102051e-01
5.901077389717102051e-01
5.901077389717102051e-01
5.901077389717102051e-01
5.901077389717102051e-01
5.901077389717102051e-01
5.901077389717102051e-01
5.901077389717102051e-01
5.900996923446655273e-01
5.901077389717102051e-01
5.901077389717102051e-01
5.901077389717102051e-01
5.901077389717102051e-01
4.219495356082916260e-01
5.901077389717102051e-01
5.901077389717102051e-01
5.901077389717102051e-01
5.901077389717102051e-01
4.219495356082916260e-01
5.901077389717102051e-01
5.901077389717102051e-01
5.901077389717102051e-01
5.901077389717102051e-01
5.901077389717102051e-01
5.901077389717102051e-01
5.901077389717102051e-01
5.901077389717102051e-01
5.901077389717102051e-01
5.901077389717102051e-01
5.901077389717102051e-01
4.219495356082916260e-01
5.901077389717102051e-01
5.901077389717102051e-01
5.901077389717102051e-01
5.901077389717102051e-01
5.901077389717102051e-01
5.901077389717102051e-01
5.901077389717102051e-01
5.901077389717102051e-01
5.901077389717102051e-01
4.219495356082916260e-01
4.219495356082916260e-01
4.219495356082916260e-01
4.219495356082916260e-01
4.219495356082916260e-01
4.219495356082916260e-01
4.219495356082916260e-01
4.219495356082916260e-01
4.219495356082916260e-01
4.219495356082916260e-01
4.219495356082916260e-01
4.219495356082916260e-01
4.219495356082916260e-01
4.219495356082916260e-01
4.219495356082916260e-01
4.219495356082916260e-01
4.219495356082916260e-01
4.219495356082916260e-01
4.219495356082916260e-01
4.219495356082916260e-01
4.219495356082916260e-01
4.219495356082916260e-01
4.219495356082916260e-01
4.219495356082916260e-01
4.219495356082916260e-01
4.219495356082916260e-01
4.219495356082916260e-01
4.219495356082916260e-01
4.219495356082916260e-01
4.219495356082916260e-01
4.219495356082916260e-01
4.219495356082916260e-01
4.219495356082916260e-01
4.219495356082916260e-01
4.219495356082916260e-01
4.219495356082916260e-01
4.219495356082916260e-01
4.219495356082916260e-01
4.219495356082916260e-01
4.219495356082916260e-01
4.219495356082916260e-01
4.219495356082916260e-01
4.219495356082916260e-01
4.219495356082916260e-01
4.219495356082916260e-01
4.219495356082916260e-01
4.219495356082916260e-01
4.219495356082916260e-01
4.219495356082916260e-01
4.219495356082916260e-01
4.219495356082916260e-01
4.219495356082916260e-01
4.219495356082916260e-01
4.219495356082916260e-01
4.219495356082916260e-01
4.219495356082916260e-01
4.219495356082916260e-01
4.219495356082916260e-01
4.219495356082916260e-01
4.219495356082916260e-01
4.219495356082916260e-01
4.219495356082916260e-01
4.219495356082916260e-01
4.219495356082916260e-01
4.219495356082916260e-01
4.219495356082916260e-01
4.219495356082916260e-01
4.219495356082916260e-01
4.219495356082916260e-01
4.219495356082916260e-01
4.219495356082916260e-01
4.219495356082916260e-01
4.219495356082916260e-01
4.219495356082916260e-01
4.219495356082916260e-01
4.219495356082916260e-01
4.219495356082916260e-01
4.219495356082916260e-01
4.219495356082916260e-01
4.219495356082916260e-01
4.219495356082916260e-01
4.219495356082916260e-01
4.219495356082916260e-01
4.219495356082916260e-01
4.219495356082916260e-01
4.219495356082916260e-01
4.219495356082916260e-01
4.219495356082916260e-01
4.219495356082916260e-01
4.219495356082916260e-01
4.219495356082916260e-01
4.219495356082916260e-01
4.219495356082916260e-01
4.219495356082916260e-01
4.219495356082916260e-01
4.219495356082916260e-01
4.219495356082916260e-01
4.219495356082916260e-01
4.219495356082916260e-01
4.219495356082916260e-01
4.219495356082916260e-01
4.219495356082916260e-01
4.219495356082916260e-01
4.219495356082916260e-01
4.219495356082916260e-01
4.219495356082916260e-01
4.219495356082916260e-01
4.219495356082916260e-01
4.219495356082916260e-01
4.219495356082916260e-01
4.219495356082916260e-01
4.219495356082916260e-01
4.219495356082916260e-01
4.219495356082916260e-01
4.219495356082916260e-01
4.219495356082916260e-01
4.219495356082916260e-01
4.219495356082916260e-01
4.219495356082916260e-01
4.219495356082916260e-01
4.219495356082916260e-01
4.219495356082916260e-01
4.219495356082916260e-01
4.219495356082916260e-01
4.219495356082916260e-01
4.219495356082916260e-01
4.219495356082916260e-01
4.219495356082916260e-01
4.219495356082916260e-01
4.219495356082916260e-01
4.219495356082916260e-01
4.219495356082916260e-01
4.219495356082916260e-01
4.219495356082916260e-01
4.219495356082916260e-01
4.219495356082916260e-01
4.219495356082916260e-01
4.219495356082916260e-01
4.219495356082916260e-01
4.219495356082916260e-01
4.219495356082916260e-01
4.219495356082916260e-01
4.219495356082916260e-01
4.219495356082916260e-01
4.219495356082916260e-01
4.219495356082916260e-01
4.219495356082916260e-01
4.219495356082916260e-01
4.219495356082916260e-01
4.219495356082916260e-01
4.219495356082916260e-01
4.219495356082916260e-01
4.219495356082916260e-01
4.219495356082916260e-01
4.219495356082916260e-01
4.219495356082916260e-01
4.219495356082916260e-01
4.219495356082916260e-01
4.219495356082916260e-01
4.219495356082916260e-01
4.219495356082916260e-01
4.219495356082916260e-01
4.219495356082916260e-01
4.219495356082916260e-01
4.219495356082916260e-01
4.219495356082916260e-01
4.219495356082916260e-01
4.219495356082916260e-01
4.219495356082916260e-01
4.219495356082916260e-01
4.219495356082916260e-01
5.901077389717102051e-01
5.901077389717102051e-01
5.901077389717102051e-01
4.219495356082916260e-01
4.219495356082916260e-01
5.901077389717102051e-01
5.213727951049804688e-01
5.901077389717102051e-01
4.219495356082916260e-01
5.901077389717102051e-01
5.901077389717102051e-01
5.213727951049804688e-01
5.901077389717102051e-01
5.901077389717102051e-01
5.901077389717102051e-01
5.901077389717102051e-01
4.219495356082916260e-01
4.219495356082916260e-01
4.219495356082916260e-01
5.901077389717102051e-01
5.901077389717102051e-01
5.901077389717102051e-01
4.219495356082916260e-01
5.901077389717102051e-01
5.901077389717102051e-01
5.901077389717102051e-01
4.219495356082916260e-01
5.725617408752441406e-01
5.901077389717102051e-01
5.901077389717102051e-01
5.901077389717102051e-01
5.901077389717102051e-01
5.901077389717102051e-01
5.901077389717102051e-01
5.901077389717102051e-01
5.901077389717102051e-01
4.219495356082916260e-01
4.219495356082916260e-01
4.219495356082916260e-01
5.901077389717102051e-01
5.901077389717102051e-01
5.901077389717102051e-01
5.901077389717102051e-01
5.901077389717102051e-01
5.901077389717102051e-01
5.901077389717102051e-01
4.219495356082916260e-01
4.219495356082916260e-01
5.901077389717102051e-01
5.901077389717102051e-01
5.901077389717102051e-01
5.901077389717102051e-01
5.901077389717102051e-01
5.901077389717102051e-01
5.901077389717102051e-01
5.901077389717102051e-01
5.901077389717102051e-01
4.219495356082916260e-01
4.219495356082916260e-01
5.901077389717102051e-01
5.213727951049804688e-01
4.219495356082916260e-01
5.901077389717102051e-01
5.901077389717102051e-01
4.219495356082916260e-01
5.899823307991027832e-01
4.219495356082916260e-01
5.901077389717102051e-01
5.901077389717102051e-01
5.901077389717102051e-01
4.219495356082916260e-01
5.901077389717102051e-01
5.901077389717102051e-01
4.219495356082916260e-01
4.219495356082916260e-01
5.901077389717102051e-01
4.219495356082916260e-01
5.736162066459655762e-01
4.219495356082916260e-01
4.219495356082916260e-01
5.901077389717102051e-01
4.219495356082916260e-01
4.219495356082916260e-01
5.901077389717102051e-01
4.219495356082916260e-01
4.219495356082916260e-01
4.219495356082916260e-01
4.219495356082916260e-01
4.219495356082916260e-01
5.901077389717102051e-01
5.901077389717102051e-01
4.219495356082916260e-01
4.219495356082916260e-01
4.219495356082916260e-01
5.901077389717102051e-01
4.219495356082916260e-01
4.219495356082916260e-01
5.901077389717102051e-01
4.219495356082916260e-01
4.219495356082916260e-01
4.219495356082916260e-01
5.901077389717102051e-01
5.901077389717102051e-01
4.219495356082916260e-01
5.901077389717102051e-01
4.219495356082916260e-01
5.901077389717102051e-01
4.219495356082916260e-01
4.219495356082916260e-01
4.219495356082916260e-01
4.219495356082916260e-01
4.219495356082916260e-01
5.901077389717102051e-01
4.219495356082916260e-01
4.219495356082916260e-01
4.219495356082916260e-01
4.219495356082916260e-01
4.219495356082916260e-01
4.219495356082916260e-01
4.219495356082916260e-01
4.219495356082916260e-01
4.219495356082916260e-01
4.219495356082916260e-01
4.219495356082916260e-01
4.219495356082916260e-01
4.219495356082916260e-01
4.219495356082916260e-01
4.219495356082916260e-01
4.219495356082916260e-01
4.219495356082916260e-01
4.219495356082916260e-01
4.219495356082916260e-01
4.219495356082916260e-01
4.219495356082916260e-01
4.219495356082916260e-01
4.219495356082916260e-01
4.219495356082916260e-01
4.219495356082916260e-01
4.219495356082916260e-01
4.219495356082916260e-01
4.219495356082916260e-01
4.219495356082916260e-01
4.219495356082916260e-01
4.219495356082916260e-01
4.219495356082916260e-01
4.219495356082916260e-01
4.219495356082916260e-01
4.219495356082916260e-01
4.219495356082916260e-01
4.219495356082916260e-01
4.219495356082916260e-01
4.219495356082916260e-01
4.219495356082916260e-01
4.219495356082916260e-01
4.219495356082916260e-01
4.219495356082916260e-01
4.219495356082916260e-01
4.219495356082916260e-01
4.219495356082916260e-01
4.219495356082916260e-01
4.219495356082916260e-01
4.219495356082916260e-01
4.219495356082916260e-01
4.219495356082916260e-01
4.219495356082916260e-01
4.219495356082916260e-01
4.219495356082916260e-01
4.219495356082916260e-01
4.219495356082916260e-01
4.219495356082916260e-01
4.219495356082916260e-01
4.219495356082916260e-01
4.219495356082916260e-01
4.219495356082916260e-01
4.219495356082916260e-01
4.219495356082916260e-01
4.219495356082916260e-01
4.219495356082916260e-01
4.219495356082916260e-01
4.219495356082916260e-01
5.901077389717102051e-01
5.901077389717102051e-01
5.901057124137878418e-01
4.219495356082916260e-01
5.901077389717102051e-01
5.901077389717102051e-01
5.901077389717102051e-01
5.901077389717102051e-01
5.901077389717102051e-01
5.901077389717102051e-01
5.901073813438415527e-01
5.901077389717102051e-01
5.901077389717102051e-01
5.901077389717102051e-01
5.901077389717102051e-01
5.901077389717102051e-01
5.901077389717102051e-01
5.901077389717102051e-01
5.309860110282897949e-01
5.901077389717102051e-01
5.901077389717102051e-01
5.901077389717102051e-01
5.901077389717102051e-01
5.901077389717102051e-01
5.901077389717102051e-01
5.901077389717102051e-01
5.901077389717102051e-01
4.219495356082916260e-01
5.901077389717102051e-01
5.901077389717102051e-01
5.901005268096923828e-01
5.901077389717102051e-01
5.901077389717102051e-01
5.901077389717102051e-01
5.901077389717102051e-01
5.901077389717102051e-01
5.901077389717102051e-01
5.900999903678894043e-01
5.901077389717102051e-01
5.901077389717102051e-01
5.241667032241821289e-01
5.901077389717102051e-01
5.901077389717102051e-01
5.901077389717102051e-01
4.219495356082916260e-01
5.792118906974792480e-01
5.901077389717102051e-01
5.901077389717102051e-01
5.901077389717102051e-01
5.901077389717102051e-01
5.901077389717102051e-01
5.901077389717102051e-01
5.901077389717102051e-01
4.219495356082916260e-01
5.901077389717102051e-01
5.901077389717102051e-01
5.901077389717102051e-01
5.901077389717102051e-01
5.901077389717102051e-01
5.901077389717102051e-01
5.901077389717102051e-01
5.901077389717102051e-01
5.901077389717102051e-01
5.767911076545715332e-01
5.721226334571838379e-01
5.901077389717102051e-01
5.901077389717102051e-01
5.901077389717102051e-01
4.219495356082916260e-01
5.901077389717102051e-01
4.219495356082916260e-01
5.901077389717102051e-01
5.901077389717102051e-01
5.893985629081726074e-01
4.219495356082916260e-01
4.219495356082916260e-01
4.219495356082916260e-01
5.883303880691528320e-01
4.219495356082916260e-01
4.219495356082916260e-01
5.757701396942138672e-01
4.219495356082916260e-01
4.219495356082916260e-01
5.896540284156799316e-01
4.219495356082916260e-01
4.219495356082916260e-01
5.900876522064208984e-01
4.219495356082916260e-01
4.219495356082916260e-01
4.219495356082916260e-01
4.219495356082916260e-01
5.304478406906127930e-01
5.890222787857055664e-01
4.219495356082916260e-01
4.219495356082916260e-01
4.219495356082916260e-01
4.219495356082916260e-01
4.219495356082916260e-01
4.219495356082916260e-01
5.248396992683410645e-01
4.219495356082916260e-01
4.219495356082916260e-01
4.219495356082916260e-01
4.219495356082916260e-01
5.883157849311828613e-01
4.219495356082916260e-01
4.219495356082916260e-01
4.219495356082916260e-01
4.219495356082916260e-01
5.901077389717102051e-01
5.896006226539611816e-01
5.901005268096923828e-01
5.898611545562744141e-01
4.219495356082916260e-01
5.901076793670654297e-01
4.219495356082916260e-01
4.219495356082916260e-01
5.900712609291076660e-01
5.222942829132080078e-01
4.219495356082916260e-01
4.219495356082916260e-01
4.219495356082916260e-01
4.219495356082916260e-01
4.219495356082916260e-01
4.219495356082916260e-01
5.301523208618164062e-01
5.895516276359558105e-01
4.219495356082916260e-01
4.219495356082916260e-01
4.219495356082916260e-01
5.868477225303649902e-01
4.219495356082916260e-01
4.219495356082916260e-01
5.426629185676574707e-01
5.768614411354064941e-01
4.219495356082916260e-01
4.219495356082916260e-01
4.219495356082916260e-01
5.853062272071838379e-01
4.219495356082916260e-01
4.219495356082916260e-01
5.900262594223022461e-01
4.219495356082916260e-01
4.219495356082916260e-01
5.897726416587829590e-01
4.219495356082916260e-01
4.219495356082916260e-01
4.219495356082916260e-01
5.459576845169067383e-01
4.219495356082916260e-01
4.219495356082916260e-01
4.219495356082916260e-01
4.219495356082916260e-01
4.219495356082916260e-01
4.219495356082916260e-01
4.219495356082916260e-01
4.219495356082916260e-01
4.219495356082916260e-01
4.219495356082916260e-01
4.219495356082916260e-01
4.219495356082916260e-01
4.219495356082916260e-01
4.219495356082916260e-01
4.219495356082916260e-01
4.219495356082916260e-01
4.219495356082916260e-01
4.219495356082916260e-01
4.219495356082916260e-01
4.219495356082916260e-01
4.219495356082916260e-01
4.219495356082916260e-01
4.219495356082916260e-01
4.219495356082916260e-01
4.219495356082916260e-01
4.219495356082916260e-01
4.219495356082916260e-01
4.219495356082916260e-01
4.219495356082916260e-01
4.219495356082916260e-01
4.219495356082916260e-01
4.219495356082916260e-01
4.219495356082916260e-01
4.219495356082916260e-01
4.219495356082916260e-01
4.219495356082916260e-01
4.219495356082916260e-01
4.219495356082916260e-01
4.219495356082916260e-01
4.219495356082916260e-01
4.219495356082916260e-01
4.219495356082916260e-01
4.219495356082916260e-01
4.219495356082916260e-01
4.219495356082916260e-01
4.219495356082916260e-01
4.219495356082916260e-01
4.219495356082916260e-01
4.219495356082916260e-01
4.219495356082916260e-01
4.219495356082916260e-01
4.219495356082916260e-01
4.219495356082916260e-01
4.219495356082916260e-01
4.219495356082916260e-01
4.219495356082916260e-01
4.219495356082916260e-01
4.219495356082916260e-01
4.219495356082916260e-01
4.219495356082916260e-01
4.219495356082916260e-01
4.219495356082916260e-01
4.219495356082916260e-01
4.219495356082916260e-01
4.219495356082916260e-01
4.219495356082916260e-01
4.219495356082916260e-01
4.219495356082916260e-01
4.219495356082916260e-01
4.219495356082916260e-01
4.219495356082916260e-01
4.219495356082916260e-01
4.219495356082916260e-01
4.219495356082916260e-01
4.219495356082916260e-01
4.219495356082916260e-01
4.219495356082916260e-01
4.219495356082916260e-01
4.219495356082916260e-01
4.219495356082916260e-01
4.219495356082916260e-01
4.219495356082916260e-01
4.219495356082916260e-01
4.219495356082916260e-01
4.219495356082916260e-01
4.219495356082916260e-01
4.219495356082916260e-01
4.219495356082916260e-01
4.219495356082916260e-01
4.219495356082916260e-01
4.219495356082916260e-01
4.219495356082916260e-01
4.219495356082916260e-01
4.219495356082916260e-01
4.219495356082916260e-01
4.219495356082916260e-01
4.219495356082916260e-01
4.219495356082916260e-01
4.219495356082916260e-01
4.219495356082916260e-01
4.219495356082916260e-01
4.219495356082916260e-01
4.219495356082916260e-01
4.219495356082916260e-01
4.219495356082916260e-01
4.219495356082916260e-01
4.219495356082916260e-01
4.219495356082916260e-01
4.219495356082916260e-01
4.219495356082916260e-01
4.219495356082916260e-01
4.219495356082916260e-01
4.219495356082916260e-01
4.219495356082916260e-01
4.219495356082916260e-01
4.219495356082916260e-01
4.219495356082916260e-01
4.219495356082916260e-01
4.219495356082916260e-01
4.219495356082916260e-01
4.219495356082916260e-01
4.219495356082916260e-01
4.219495356082916260e-01
4.219495356082916260e-01
4.219495356082916260e-01
4.219495356082916260e-01
4.219495356082916260e-01
4.219495356082916260e-01
4.219495356082916260e-01
4.219495356082916260e-01
4.219495356082916260e-01
4.219495356082916260e-01
4.219495356082916260e-01
4.219495356082916260e-01
4.219495356082916260e-01
4.219495356082916260e-01
4.219495356082916260e-01
4.219495356082916260e-01
4.219495356082916260e-01
4.219495356082916260e-01
4.219495356082916260e-01
4.219495356082916260e-01
4.219495356082916260e-01
4.219495356082916260e-01
4.219495356082916260e-01
4.219495356082916260e-01
4.219495356082916260e-01
4.219495356082916260e-01
4.219495356082916260e-01
4.219495356082916260e-01
4.219495356082916260e-01
4.219495356082916260e-01
4.219495356082916260e-01
4.219495356082916260e-01
4.219495356082916260e-01
4.219495356082916260e-01
4.219495356082916260e-01
4.219495356082916260e-01
4.219495356082916260e-01
4.219495356082916260e-01
4.219495356082916260e-01
4.219495356082916260e-01
4.219495356082916260e-01
4.219495356082916260e-01
4.219495356082916260e-01
4.219495356082916260e-01
4.219495356082916260e-01
4.219495356082916260e-01
4.219495356082916260e-01
4.219495356082916260e-01
4.219495356082916260e-01
4.219495356082916260e-01
4.219495356082916260e-01
4.219495356082916260e-01
4.219495356082916260e-01
4.219495356082916260e-01
4.219495356082916260e-01
4.219495356082916260e-01
4.219495356082916260e-01
4.219495356082916260e-01
4.219495356082916260e-01
5.213727951049804688e-01
4.219495356082916260e-01
4.219495356082916260e-01
4.219495356082916260e-01
5.848208069801330566e-01
4.219495356082916260e-01
4.219495356082916260e-01
4.219495356082916260e-01
4.219495356082916260e-01
4.219495356082916260e-01
4.219495356082916260e-01
4.219495356082916260e-01
4.219495356082916260e-01
4.219495356082916260e-01
4.219495356082916260e-01
4.219495356082916260e-01
4.219495356082916260e-01
4.219495356082916260e-01
5.213727951049804688e-01
4.219495356082916260e-01
4.219495356082916260e-01
4.219495356082916260e-01
4.219495356082916260e-01
4.219495356082916260e-01
4.219495356082916260e-01
4.219495356082916260e-01
4.219495356082916260e-01
4.219495356082916260e-01
4.219495356082916260e-01
4.219495356082916260e-01
4.219495356082916260e-01
4.219495356082916260e-01
4.219495356082916260e-01
4.219495356082916260e-01
4.219495356082916260e-01
4.219495356082916260e-01
4.219495356082916260e-01
4.219495356082916260e-01
4.219495356082916260e-01
4.219495356082916260e-01
4.219495356082916260e-01
4.219495356082916260e-01
4.219495356082916260e-01
4.219495356082916260e-01
4.219495356082916260e-01
4.219495356082916260e-01
4.219495356082916260e-01
4.219495356082916260e-01
4.219495356082916260e-01
4.219495356082916260e-01
4.219495356082916260e-01
4.219495356082916260e-01
4.219495356082916260e-01
4.219495356082916260e-01
4.219495356082916260e-01
4.219495356082916260e-01
4.219495356082916260e-01
4.219495356082916260e-01
4.219495356082916260e-01
4.219495356082916260e-01
4.219495356082916260e-01
4.219495356082916260e-01
4.219495356082916260e-01
4.219495356082916260e-01
4.219495356082916260e-01
4.219495356082916260e-01
4.219495356082916260e-01
4.219495356082916260e-01
4.219495356082916260e-01
4.219495356082916260e-01
4.219495356082916260e-01
4.219495356082916260e-01
4.219495356082916260e-01
4.219495356082916260e-01
4.219495356082916260e-01
4.219495356082916260e-01
4.219495356082916260e-01
4.219495356082916260e-01
4.219495356082916260e-01
4.219495356082916260e-01
4.219495356082916260e-01
4.219495356082916260e-01
4.219495356082916260e-01
4.219495356082916260e-01
4.219495356082916260e-01
4.219495356082916260e-01
5.736162066459655762e-01
4.219495356082916260e-01
4.219495356082916260e-01
4.219495356082916260e-01
4.219495356082916260e-01
4.219495356082916260e-01
4.219495356082916260e-01
4.219495356082916260e-01
4.219495356082916260e-01
4.219495356082916260e-01
4.219495356082916260e-01
4.219495356082916260e-01
4.219495356082916260e-01
4.219495356082916260e-01
4.219495356082916260e-01
4.219495356082916260e-01
4.219495356082916260e-01
4.219495356082916260e-01
4.219495356082916260e-01
4.219495356082916260e-01
4.219495356082916260e-01
4.219495356082916260e-01
4.219495356082916260e-01
4.219495356082916260e-01
4.219495356082916260e-01
4.219495356082916260e-01
4.219495356082916260e-01
4.219495356082916260e-01
4.219495356082916260e-01
4.219495356082916260e-01
4.219495356082916260e-01
4.219495356082916260e-01
4.219495356082916260e-01
4.219495356082916260e-01
4.219495356082916260e-01
4.219495356082916260e-01
4.219495356082916260e-01
4.219495356082916260e-01
4.219495356082916260e-01
4.219495356082916260e-01
4.219495356082916260e-01
4.219495356082916260e-01
4.219495356082916260e-01
4.219495356082916260e-01
4.219495356082916260e-01
4.219495356082916260e-01
4.219495356082916260e-01
4.219495356082916260e-01
4.219495356082916260e-01
4.219495356082916260e-01
4.219495356082916260e-01
4.219495356082916260e-01
4.219495356082916260e-01
4.219495356082916260e-01
4.219495356082916260e-01
4.219495356082916260e-01
4.219495356082916260e-01
4.219495356082916260e-01
4.219495356082916260e-01
4.219495356082916260e-01
4.219495356082916260e-01
4.219495356082916260e-01
4.219495356082916260e-01
4.219495356082916260e-01
4.219495356082916260e-01
4.219495356082916260e-01
4.219495356082916260e-01
4.219495356082916260e-01
4.219495356082916260e-01
4.219495356082916260e-01
4.219495356082916260e-01
4.219495356082916260e-01
4.219495356082916260e-01
4.219495356082916260e-01
4.219495356082916260e-01
4.219495356082916260e-01
4.219495356082916260e-01
4.219495356082916260e-01
4.219495356082916260e-01
4.219495356082916260e-01
4.219495356082916260e-01
4.219495356082916260e-01
4.219495356082916260e-01
4.219495356082916260e-01
4.219495356082916260e-01
4.219495356082916260e-01
5.856229066848754883e-01
4.219495356082916260e-01
4.219495356082916260e-01
4.219495356082916260e-01
4.219495356082916260e-01
4.219495356082916260e-01
4.219495356082916260e-01
4.219495356082916260e-01
4.219495356082916260e-01
4.219495356082916260e-01
5.192189812660217285e-01
4.219495356082916260e-01
4.219495356082916260e-01
5.894180536270141602e-01
4.219495356082916260e-01
4.219495356082916260e-01
5.768246650695800781e-01
5.739061236381530762e-01
5.901076793670654297e-01
4.219495356082916260e-01
4.219495356082916260e-01
4.219495356082916260e-01
4.219495356082916260e-01
5.901076793670654297e-01
5.336719751358032227e-01
4.219495356082916260e-01
4.219495356082916260e-01
4.219495356082916260e-01
5.336719751358032227e-01
4.219495356082916260e-01
4.219495356082916260e-01
4.219495356082916260e-01
4.219495356082916260e-01
4.219495356082916260e-01
4.219495356082916260e-01
4.219495356082916260e-01
5.862759947776794434e-01
5.241667032241821289e-01
4.219495356082916260e-01
5.739061236381530762e-01
5.309860110282897949e-01
4.219495356082916260e-01
4.219495356082916260e-01
4.219495356082916260e-01
4.219495356082916260e-01
4.219495356082916260e-01
4.219495356082916260e-01
4.219495356082916260e-01
4.219495356082916260e-01
4.219495356082916260e-01
4.219495356082916260e-01
5.241667032241821289e-01
4.219495356082916260e-01
4.219495356082916260e-01
4.219495356082916260e-01
5.241667032241821289e-01
4.219495356082916260e-01
4.219495356082916260e-01
5.765830874443054199e-01
4.219495356082916260e-01
4.219495356082916260e-01
4.219495356082916260e-01
4.219495356082916260e-01
4.219495356082916260e-01
5.201781392097473145e-01
4.219495356082916260e-01
4.219495356082916260e-01
4.219495356082916260e-01
4.219495356082916260e-01
4.219495356082916260e-01
4.219495356082916260e-01
