6.297093033790588379e-01
5.522229075431823730e-01
5.178714394569396973e-01
6.417314410209655762e-01
6.071942448616027832e-01
6.624761819839477539e-01
6.305482983589172363e-01
6.919546723365783691e-01
6.493378877639770508e-01
6.001920104026794434e-01
5.770136117935180664e-01
6.795583963394165039e-01
6.324744820594787598e-01
5.956711173057556152e-01
5.410069823265075684e-01
6.249727606773376465e-01
6.387676000595092773e-01
6.391057372093200684e-01
6.219395995140075684e-01
6.480368375778198242e-01
6.507494449615478516e-01
4.537086188793182373e-01
6.799010038375854492e-01
6.577854752540588379e-01
6.058951020240783691e-01
6.392773985862731934e-01
6.262036561965942383e-01
5.572861433029174805e-01
5.904125571250915527e-01
6.716696619987487793e-01
5.106998682022094727e-01
6.772831082344055176e-01
5.936177372932434082e-01
6.381142735481262207e-01
5.612542629241943359e-01
6.323474049568176270e-01
6.644997000694274902e-01
6.380644440650939941e-01
6.493346095085144043e-01
6.330511569976806641e-01
5.790040493011474609e-01
5.699604749679565430e-01
5.731992721557617188e-01
6.268488168716430664e-01
6.631296277046203613e-01
6.493141651153564453e-01
6.397889256477355957e-01
5.698749423027038574e-01
5.294449925422668457e-01
6.567232012748718262e-01
6.675947904586791992e-01
6.735065579414367676e-01
5.527541637420654297e-01
6.065115332603454590e-01
6.399759650230407715e-01
4.766885638236999512e-01
6.016246080398559570e-01
6.973417997360229492e-01
6.138722300529479980e-01
5.286560058593750000e-01
5.421190261840820312e-01
6.368702650070190430e-01
5.743835568428039551e-01
6.910249590873718262e-01
6.831824183464050293e-01
5.283362865447998047e-01
6.853588819503784180e-01
6.031886935234069824e-01
5.151704549789428711e-01
5.722656250000000000e-01
5.771543383598327637e-01
6.286308169364929199e-01
6.564086079597473145e-01
6.197161674499511719e-01
6.344558000564575195e-01
6.224775314331054688e-01
5.938171744346618652e-01
6.036427617073059082e-01
6.163133978843688965e-01
6.196791529655456543e-01
6.078458428382873535e-01
5.901149511337280273e-01
6.143149137496948242e-01
5.871251225471496582e-01
6.185536384582519531e-01
5.713642835617065430e-01
5.828820466995239258e-01
6.015949845314025879e-01
6.234145760536193848e-01
6.234725713729858398e-01
6.082991361618041992e-01
6.171016097068786621e-01
6.341289281845092773e-01
6.211098432540893555e-01
5.817301273345947266e-01
5.985476374626159668e-01
6.295778155326843262e-01
5.710154771804809570e-01
6.320523023605346680e-01
5.946294069290161133e-01
5.940573811531066895e-01
5.941013097763061523e-01
6.167340278625488281e-01
6.105939149856567383e-01
6.253914237022399902e-01
6.356245279312133789e-01
5.994571447372436523e-01
6.197574734687805176e-01
6.042638421058654785e-01
5.894132852554321289e-01
6.156514286994934082e-01
6.128110885620117188e-01
6.239193081855773926e-01
6.036148071289062500e-01
6.304995417594909668e-01
5.938763618469238281e-01
6.103959679603576660e-01
6.164692044258117676e-01
6.339625716209411621e-01
6.069719791412353516e-01
5.766150355339050293e-01
5.935111641883850098e-01
6.130678057670593262e-01
6.283879876136779785e-01
6.080159544944763184e-01
6.054824590682983398e-01
5.213944911956787109e-01
6.163516640663146973e-01
6.200522184371948242e-01
6.317030787467956543e-01
5.920583009719848633e-01
6.097598671913146973e-01
6.162063479423522949e-01
6.014104485511779785e-01
6.184687614440917969e-01
6.353108882904052734e-01
5.629605054855346680e-01
5.988571643829345703e-01
6.213304400444030762e-01
5.893134474754333496e-01
5.526953935623168945e-01
6.044590473175048828e-01
5.838642716407775879e-01
6.043780446052551270e-01
5.714654326438903809e-01
6.248402595520019531e-01
6.432709693908691406e-01
5.787590146064758301e-01
5.899702906608581543e-01
5.903989672660827637e-01
5.446656346321105957e-01
4.222407639026641846e-01
5.357461571693420410e-01
5.454376339912414551e-01
4.694779813289642334e-01
4.697049856185913086e-01
4.993287920951843262e-01
5.135626196861267090e-01
5.616564154624938965e-01
5.296732783317565918e-01
5.014703869819641113e-01
4.720019698143005371e-01
4.269623458385467529e-01
5.428888797760009766e-01
4.545600116252899170e-01
5.518676638603210449e-01
5.441614389419555664e-01
5.594735741615295410e-01
5.572826266288757324e-01
5.552142858505249023e-01
6.418323516845703125e-01
6.132963299751281738e-01
5.082669854164123535e-01
6.280535459518432617e-01
5.903131365776062012e-01
5.600776076316833496e-01
6.085253357887268066e-01
6.056128144264221191e-01
6.199316382408142090e-01
6.379778981208801270e-01
6.450744867324829102e-01
6.317231655120849609e-01
6.279831528663635254e-01
6.538573503494262695e-01
6.356765031814575195e-01
6.320353150367736816e-01
6.329811215400695801e-01
6.331630945205688477e-01
6.120381355285644531e-01
5.048656463623046875e-01
5.500489473342895508e-01
6.209264397621154785e-01
6.427206993103027344e-01
5.769688487052917480e-01
6.328182816505432129e-01
6.142091155052185059e-01
5.885106921195983887e-01
5.850135684013366699e-01
5.888167023658752441e-01
6.114711165428161621e-01
6.164084076881408691e-01
6.215735673904418945e-01
6.480125784873962402e-01
6.205612421035766602e-01
6.344715952873229980e-01
5.905094742774963379e-01
6.314919590950012207e-01
6.453666687011718750e-01
6.358749866485595703e-01
6.034073829650878906e-01
6.250227689743041992e-01
5.908927917480468750e-01
6.321956515312194824e-01
6.193063855171203613e-01
6.282082796096801758e-01
6.331398487091064453e-01
6.301329135894775391e-01
6.196198463439941406e-01
5.584669113159179688e-01
6.257421374320983887e-01
5.901638865470886230e-01
5.974083542823791504e-01
6.346459984779357910e-01
6.298225522041320801e-01
6.371503472328186035e-01
5.865149497985839844e-01
6.326766610145568848e-01
6.409531831741333008e-01
6.165528893470764160e-01
6.120860576629638672e-01
6.280947923660278320e-01
6.146968603134155273e-01
6.551138162612915039e-01
6.092054247856140137e-01
6.018289327621459961e-01
6.095590591430664062e-01
6.099696755409240723e-01
6.195444464683532715e-01
5.986950993537902832e-01
5.928857922554016113e-01
6.405409574508666992e-01
5.976707339286804199e-01
6.134503483772277832e-01
6.086788177490234375e-01
6.784083843231201172e-01
6.920281648635864258e-01
6.688705682754516602e-01
6.612578034400939941e-01
6.668801307678222656e-01
6.850761175155639648e-01
6.713585257530212402e-01
6.580523252487182617e-01
6.806493401527404785e-01
6.486808061599731445e-01
6.719502210617065430e-01
6.715710759162902832e-01
6.452419161796569824e-01
4.720055460929870605e-01
6.721529960632324219e-01
6.598265171051025391e-01
6.771119832992553711e-01
6.627715229988098145e-01
6.544082760810852051e-01
6.695142388343811035e-01
6.668291091918945312e-01
5.917286872863769531e-01
6.691097021102905273e-01
6.552188992500305176e-01
6.598371863365173340e-01
6.732463240623474121e-01
6.604975461959838867e-01
6.747195720672607422e-01
6.710489988327026367e-01
6.034997701644897461e-01
6.713621020317077637e-01
6.645250916481018066e-01
6.590673327445983887e-01
6.491476297378540039e-01
6.612517237663269043e-01
6.278398036956787109e-01
6.732651591300964355e-01
6.422159671783447266e-01
6.119202375411987305e-01
5.513698458671569824e-01
6.488459706306457520e-01
6.466944217681884766e-01
6.590178608894348145e-01
6.710214018821716309e-01
6.447753906250000000e-01
6.636944413185119629e-01
6.439745426177978516e-01
6.597897410392761230e-01
6.464879512786865234e-01
6.222315430641174316e-01
6.551937460899353027e-01
6.784082651138305664e-01
6.661355495452880859e-01
6.608037352561950684e-01
6.615390777587890625e-01
6.726965308189392090e-01
6.476716399192810059e-01
6.734656691551208496e-01
6.781544685363769531e-01
6.532030105590820312e-01
6.434493660926818848e-01
6.577669382095336914e-01
6.632308959960937500e-01
6.514163613319396973e-01
6.619175076484680176e-01
6.584983468055725098e-01
6.470470428466796875e-01
6.729039549827575684e-01
6.194735169410705566e-01
6.719568967819213867e-01
6.541582942008972168e-01
6.720525026321411133e-01
6.488770842552185059e-01
6.901244521141052246e-01
6.310876011848449707e-01
5.299171209335327148e-01
5.773736834526062012e-01
6.214101314544677734e-01
4.999506473541259766e-01
6.680593490600585938e-01
5.841458439826965332e-01
5.180523395538330078e-01
6.110843420028686523e-01
4.903332889080047607e-01
5.263163447380065918e-01
6.419723033905029297e-01
3.962332010269165039e-01
6.080290675163269043e-01
5.310297608375549316e-01
4.810025691986083984e-01
6.199061274528503418e-01
6.013240218162536621e-01
5.766788125038146973e-01
6.055267453193664551e-01
5.509926676750183105e-01
5.582865476608276367e-01
5.281172394752502441e-01
5.899601578712463379e-01
6.249768733978271484e-01
3.678802251815795898e-01
5.838470458984375000e-01
6.362801194190979004e-01
5.015529394149780273e-01
5.843979120254516602e-01
6.214101314544677734e-01
6.376878023147583008e-01
3.698917627334594727e-01
5.593488216400146484e-01
6.247953176498413086e-01
5.717315077781677246e-01
5.724712014198303223e-01
6.123759746551513672e-01
6.566340923309326172e-01
5.881798863410949707e-01
6.103268861770629883e-01
6.052181720733642578e-01
5.323109626770019531e-01
6.430773138999938965e-01
5.518121123313903809e-01
5.965345501899719238e-01
4.163458049297332764e-01
5.889492630958557129e-01
6.762438416481018066e-01
6.586216688156127930e-01
5.346971154212951660e-01
5.395544171333312988e-01
6.672735810279846191e-01
6.958460211753845215e-01
5.763948559761047363e-01
5.958542823791503906e-01
6.449334621429443359e-01
6.745846271514892578e-01
6.683776974678039551e-01
6.065087318420410156e-01
6.943526268005371094e-01
6.116428375244140625e-01
5.108719468116760254e-01
6.206021308898925781e-01
6.453350186347961426e-01
6.365774869918823242e-01
6.447947025299072266e-01
6.682100892066955566e-01
6.698712110519409180e-01
6.366968750953674316e-01
5.692663788795471191e-01
6.082341670989990234e-01
6.098991036415100098e-01
6.567754149436950684e-01
6.810327172279357910e-01
5.975674390792846680e-01
6.241688728332519531e-01
6.002602577209472656e-01
6.321165561676025391e-01
6.590889096260070801e-01
6.817243099212646484e-01
4.366434216499328613e-01
6.640835404396057129e-01
6.350228190422058105e-01
6.353148221969604492e-01
5.329049825668334961e-01
5.504565238952636719e-01
6.624963283538818359e-01
6.095697879791259766e-01
6.555213332176208496e-01
6.628500223159790039e-01
6.591417789459228516e-01
5.961169004440307617e-01
5.844085812568664551e-01
6.818410754203796387e-01
5.900223255157470703e-01
6.754487156867980957e-01
6.440212726593017578e-01
6.748507618904113770e-01
6.499931812286376953e-01
6.658826470375061035e-01
6.222694516181945801e-01
6.592369675636291504e-01
5.740287899971008301e-01
6.358940005302429199e-01
6.823860406875610352e-01
6.245851516723632812e-01
5.758737921714782715e-01
5.987120866775512695e-01
6.570965647697448730e-01
5.427696704864501953e-01
5.693540573120117188e-01
5.522249937057495117e-01
5.358947515487670898e-01
5.839927792549133301e-01
5.777137279510498047e-01
5.023995041847229004e-01
4.867342710494995117e-01
5.662371516227722168e-01
6.545144319534301758e-01
6.346452832221984863e-01
5.382356047630310059e-01
6.174080371856689453e-01
6.949630379676818848e-01
5.363988280296325684e-01
6.387075781822204590e-01
5.785499215126037598e-01
6.332204341888427734e-01
6.946806907653808594e-01
6.208646893501281738e-01
6.084318161010742188e-01
4.909815192222595215e-01
6.176774501800537109e-01
6.782019734382629395e-01
6.643337011337280273e-01
6.192375421524047852e-01
6.083922386169433594e-01
5.279482603073120117e-01
6.470355987548828125e-01
6.912763714790344238e-01
6.258034110069274902e-01
5.644033551216125488e-01
6.644014716148376465e-01
6.024832725524902344e-01
6.651559472084045410e-01
5.856404304504394531e-01
5.401506423950195312e-01
6.370817422866821289e-01
5.726950168609619141e-01
6.069172620773315430e-01
6.736375093460083008e-01
5.701355934143066406e-01
6.088023781776428223e-01
5.911506414413452148e-01
6.795601248741149902e-01
6.798633933067321777e-01
6.709655523300170898e-01
5.394338369369506836e-01
4.152674973011016846e-01
5.527535080909729004e-01
6.569269299507141113e-01
6.077626943588256836e-01
6.361144781112670898e-01
6.208505630493164062e-01
4.887585043907165527e-01
5.567614436149597168e-01
6.472507715225219727e-01
5.557210445404052734e-01
5.626270174980163574e-01
5.534413456916809082e-01
6.263765692710876465e-01
5.112122893333435059e-01
6.313764452934265137e-01
6.446245312690734863e-01
6.519231200218200684e-01
5.131098031997680664e-01
5.813567638397216797e-01
5.713310241699218750e-01
4.837442040443420410e-01
5.452412962913513184e-01
4.884703159332275391e-01
7.055541276931762695e-01
5.253719091415405273e-01
1.065441220998764038e-01
1.238752231001853943e-01
8.282060921192169189e-02
3.633788526058197021e-01
2.110646814107894897e-01
2.285178750753402710e-01
3.118261396884918213e-01
5.397917032241821289e-01
1.668988019227981567e-01
3.567403182387351990e-02
1.198684349656105042e-01
3.472334742546081543e-01
4.314889758825302124e-02
3.273220956325531006e-01
4.091665893793106079e-02
1.621468216180801392e-01
7.960051298141479492e-02
4.291377589106559753e-02
3.379373550415039062e-01
2.098275423049926758e-01
5.847872793674468994e-02
1.098708212375640869e-01
3.320562541484832764e-01
1.946491450071334839e-01
1.885757297277450562e-01
3.255644142627716064e-01
6.418759226799011230e-01
4.320722073316574097e-02
6.124421954154968262e-01
5.789082646369934082e-01
2.323441952466964722e-01
1.614981293678283691e-01
7.078455388545989990e-02
1.567511558532714844e-01
6.223601102828979492e-01
3.330968320369720459e-01
5.102385208010673523e-02
1.724654585123062134e-01
2.780188918113708496e-01
1.982752978801727295e-01
2.300926595926284790e-01
2.584676444530487061e-01
7.520528137683868408e-02
5.504473447799682617e-01
9.318272024393081665e-02
3.715979754924774170e-01
1.911440938711166382e-01
6.060793399810791016e-01
1.120838224887847900e-01
9.962052106857299805e-02
4.668685048818588257e-02
1.705694943666458130e-01
3.349981307983398438e-01
1.597247719764709473e-01
4.696231186389923096e-01
5.184253305196762085e-02
3.156051412224769592e-02
6.293171644210815430e-01
9.104496240615844727e-02
1.918383091688156128e-01
2.973060011863708496e-01
5.579127073287963867e-01
3.309797346591949463e-01
4.081766903400421143e-01
3.180789649486541748e-01
1.281429082155227661e-01
3.332217335700988770e-01
2.286426573991775513e-01
3.474484980106353760e-01
3.836074471473693848e-01
3.751272559165954590e-01
9.967523813247680664e-02
4.004436731338500977e-01
4.135124683380126953e-01
1.086720079183578491e-01
3.892593681812286377e-01
3.702992498874664307e-01
5.494817495346069336e-01
1.164836585521697998e-01
1.445100605487823486e-01
3.886879086494445801e-01
3.696850240230560303e-01
3.908825218677520752e-01
2.851649522781372070e-01
3.430254459381103516e-01
2.984861731529235840e-01
1.066676676273345947e-01
1.650965958833694458e-01
5.685498118400573730e-01
3.208848237991333008e-01
3.716095387935638428e-01
9.970107674598693848e-02
2.545623481273651123e-01
3.953956663608551025e-01
1.158377155661582947e-01
3.327501416206359863e-01
2.400802075862884521e-01
5.297007560729980469e-01
4.400663375854492188e-01
3.417360782623291016e-01
3.923048079013824463e-01
3.296997845172882080e-01
1.046284809708595276e-01
3.873030543327331543e-01
2.480458170175552368e-01
3.586231768131256104e-01
1.073764488101005554e-01
3.443072438240051270e-01
3.703255951404571533e-01
4.158175587654113770e-01
5.039156079292297363e-01
3.995653390884399414e-01
3.866715729236602783e-01
3.417283594608306885e-01
2.198352515697479248e-01
1.055355817079544067e-01
4.216879606246948242e-01
4.663540124893188477e-01
3.679057657718658447e-01
5.249539613723754883e-01
4.942965507507324219e-01
5.145115256309509277e-01
5.945987701416015625e-01
5.150401592254638672e-01
5.435907840728759766e-01
3.343690037727355957e-01
3.552143871784210205e-01
5.907793045043945312e-01
3.096404671669006348e-01
5.718125700950622559e-01
3.586566150188446045e-01
3.279875814914703369e-01
5.836924910545349121e-01
5.719950795173645020e-01
5.188955068588256836e-01
5.997449159622192383e-01
3.572937846183776855e-01
7.788240909576416016e-02
4.519925266504287720e-02
1.185997575521469116e-02
1.147361770272254944e-01
4.879271611571311951e-02
1.218990385532379150e-01
2.479224503040313721e-01
7.966296374797821045e-02
5.756357312202453613e-02
3.626450896263122559e-02
1.936101354658603668e-02
6.855041533708572388e-02
1.041881591081619263e-01
1.868143118917942047e-02
3.215989768505096436e-01
7.180545479059219360e-02
1.224542334675788879e-01
5.574581027030944824e-02
4.622701406478881836e-01
7.582677900791168213e-02
9.232055395841598511e-02
1.194615103304386139e-02
7.691677659749984741e-02
3.667179867625236511e-02
6.169587746262550354e-02
3.570809215307235718e-02
3.812977671623229980e-02
5.543110519647598267e-02
4.086420685052871704e-02
1.743687093257904053e-01
1.298692822456359863e-01
1.058400236070156097e-02
2.576009035110473633e-01
7.447718083858489990e-02
1.111783087253570557e-01
3.702206611633300781e-01
3.773680627346038818e-01
9.131554514169692993e-03
1.174275130033493042e-01
1.071931570768356323e-01
8.750925958156585693e-02
1.395840942859649658e-01
9.522429108619689941e-02
1.010218709707260132e-01
1.350127346813678741e-02
6.816307455301284790e-02
1.613197848200798035e-02
1.436945497989654541e-01
3.019568324089050293e-01
4.327334463596343994e-02
2.683863937854766846e-01
6.525179743766784668e-02
1.692778319120407104e-01
1.041125692427158356e-02
6.147173419594764709e-02
1.185187622904777527e-01
4.101920500397682190e-02
3.402014821767807007e-02
2.803764939308166504e-01
5.820742994546890259e-02
4.357481002807617188e-02
2.606826424598693848e-01
2.966317348182201385e-02
5.831970274448394775e-02
1.442557126283645630e-01
5.599259957671165466e-02
9.830357134342193604e-02
5.094657093286514282e-02
7.367722690105438232e-02
7.871991395950317383e-02
2.452022396028041840e-02
1.279665976762771606e-01
8.473490923643112183e-02
5.075974389910697937e-02
1.380099635571241379e-02
8.367000520229339600e-02
3.148428350687026978e-02
3.769374266266822815e-02
4.543748870491981506e-02
2.391662634909152985e-02
2.891770750284194946e-02
1.012547835707664490e-01
2.921821922063827515e-02
7.955037988722324371e-03
4.334283992648124695e-02
5.663196742534637451e-02
6.983491778373718262e-02
5.804737284779548645e-02
1.085387542843818665e-01
9.296103380620479584e-03
8.756199851632118225e-03
4.443342611193656921e-02
3.254635632038116455e-02
4.771008342504501343e-02
1.106724068522453308e-01
7.008018344640731812e-02
5.100480839610099792e-02
1.249760314822196960e-01
5.437668040394783020e-02
3.179386630654335022e-02
1.342146694660186768e-01
1.075854972004890442e-01
7.291564345359802246e-02
1.840348541736602783e-02
5.427329242229461670e-02
1.246059760451316833e-01
6.818945705890655518e-02
8.980847895145416260e-02
1.041958704590797424e-01
8.980376273393630981e-02
3.585359454154968262e-02
5.273881554603576660e-02
2.889291569590568542e-02
5.032138153910636902e-02
4.119938239455223083e-02
1.302469670772552490e-01
1.100708544254302979e-01
4.730138555169105530e-02
6.340188533067703247e-02
5.901099368929862976e-02
6.561022996902465820e-02
9.294217079877853394e-02
1.190410554409027100e-01
6.613735109567642212e-02
6.450027972459793091e-02
6.080672517418861389e-02
7.663816958665847778e-02
1.470965147018432617e-02
1.094658002257347107e-01
2.455669939517974854e-01
2.418028712272644043e-01
1.018593460321426392e-01
2.871793508529663086e-01
2.418443113565444946e-01
1.666204184293746948e-01
3.821835517883300781e-01
4.568151533603668213e-01
2.509669065475463867e-01
3.074334561824798584e-01
2.851471900939941406e-01
1.477246135473251343e-01
4.570222198963165283e-01
4.665962457656860352e-01
2.345621883869171143e-01
2.669888436794281006e-01
2.881664037704467773e-01
2.716222107410430908e-01
4.334568381309509277e-01
1.051524579524993896e-01
2.174035459756851196e-01
2.452270686626434326e-01
4.728004336357116699e-01
4.083656370639801025e-01
2.907262444496154785e-01
4.856853485107421875e-01
3.120842576026916504e-01
2.489972859621047974e-01
3.702361583709716797e-01
3.236887156963348389e-01
1.094891428947448730e-01
2.565968930721282959e-01
3.342069983482360840e-01
1.237740367650985718e-01
1.271985024213790894e-01
2.689187824726104736e-01
1.354555636644363403e-01
3.775539398193359375e-01
2.013383507728576660e-01
2.840184867382049561e-01
3.557654619216918945e-01
4.817790091037750244e-01
4.179440140724182129e-01
3.209864795207977295e-01
4.240816831588745117e-01
3.819742500782012939e-01
3.118672072887420654e-01
3.002405166625976562e-01
3.445520997047424316e-01
2.334773540496826172e-01
4.092197120189666748e-01
4.114792346954345703e-01
2.769638597965240479e-01
2.704993486404418945e-01
2.388753294944763184e-01
4.914923608303070068e-01
3.346170783042907715e-01
2.787097096443176270e-01
2.998372912406921387e-01
2.510339021682739258e-01
2.316727787256240845e-01
4.179851710796356201e-01
3.594606518745422363e-01
4.554806947708129883e-01
2.185317724943161011e-01
4.201617836952209473e-01
2.311172634363174438e-01
3.873043656349182129e-01
3.870827555656433105e-01
1.416311264038085938e-01
4.097170829772949219e-01
2.322303503751754761e-01
2.472489178180694580e-01
3.386963903903961182e-01
2.924819290637969971e-01
5.172151327133178711e-01
2.157152295112609863e-01
3.204925656318664551e-01
1.972047239542007446e-01
1.950951814651489258e-01
1.808960288763046265e-01
5.146352648735046387e-01
4.201581180095672607e-01
5.396280288696289062e-01
2.475409060716629028e-01
2.737563252449035645e-01
3.801862597465515137e-01
1.727265119552612305e-01
3.735444843769073486e-01
2.153644710779190063e-01
3.152282238006591797e-01
2.911113798618316650e-01
5.523159503936767578e-01
5.382497906684875488e-01
3.140261769294738770e-01
4.205130636692047119e-01
4.911257326602935791e-01
3.979779481887817383e-01
3.626653254032135010e-01
3.779292702674865723e-01
2.859246134757995605e-01
2.122872769832611084e-01
4.159502983093261719e-01
2.501357793807983398e-01
3.889487683773040771e-01
3.615251779556274414e-01
2.009370625019073486e-01
3.741654157638549805e-01
1.781436502933502197e-01
4.207972884178161621e-01
5.143036842346191406e-01
3.577661514282226562e-01
3.481591939926147461e-01
2.362849265336990356e-01
2.914005517959594727e-01
3.461665809154510498e-01
1.695673763751983643e-01
1.842869520187377930e-01
3.860348463058471680e-01
2.536169290542602539e-01
1.555143147706985474e-01
5.779176950454711914e-01
4.452223479747772217e-01
3.558949232101440430e-01
3.280852735042572021e-01
4.281080663204193115e-01
4.614252150058746338e-01
4.904940128326416016e-01
3.667509853839874268e-01
5.409743189811706543e-01
2.048034965991973877e-01
4.891433119773864746e-01
5.630354881286621094e-01
5.385466814041137695e-01
1.850912868976593018e-01
3.533820807933807373e-01
5.269569158554077148e-01
1.924143433570861816e-01
2.878360748291015625e-01
4.366374611854553223e-01
3.618431091308593750e-01
4.788918197154998779e-01
4.445658922195434570e-01
4.231073856353759766e-01
4.577364921569824219e-01
4.909044802188873291e-01
4.695702791213989258e-01
4.855100810527801514e-01
3.803977966308593750e-01
5.120311379432678223e-01
5.014695525169372559e-01
4.136505126953125000e-01
4.236214458942413330e-01
4.840938150882720947e-01
4.899340569972991943e-01
3.932182490825653076e-01
4.984619319438934326e-01
5.758962035179138184e-01
4.713749885559082031e-01
4.361913204193115234e-01
5.233389139175415039e-01
4.988157749176025391e-01
4.777797162532806396e-01
4.286979138851165771e-01
3.267090916633605957e-01
3.652846813201904297e-01
4.550003707408905029e-01
6.190267801284790039e-01
5.970194935798645020e-01
6.242641806602478027e-01
4.576575160026550293e-01
5.860207676887512207e-01
4.710357189178466797e-01
4.191183745861053467e-01
5.381976366043090820e-01
3.283462524414062500e-01
4.043115675449371338e-01
3.756624162197113037e-01
4.767327308654785156e-01
6.328973174095153809e-01
5.267292261123657227e-01
6.120587587356567383e-01
4.360789656639099121e-01
5.020893812179565430e-01
3.682657778263092041e-01
4.746649265289306641e-01
4.717001020908355713e-01
4.917184114456176758e-01
5.957067012786865234e-01
6.618955135345458984e-01
5.049527883529663086e-01
6.193904280662536621e-01
5.306357741355895996e-01
5.067233443260192871e-01
6.360893845558166504e-01
5.548724532127380371e-01
4.688162505626678467e-01
5.386096835136413574e-01
4.971815347671508789e-01
4.992570579051971436e-01
3.932792544364929199e-01
3.353331387042999268e-01
2.697520554065704346e-01
7.789834588766098022e-02
2.902116477489471436e-01
1.355118900537490845e-01
1.877672225236892700e-01
7.345192134380340576e-02
6.089622378349304199e-01
3.200553357601165771e-01
7.281199097633361816e-02
1.899446099996566772e-01
2.942651510238647461e-01
1.442783027887344360e-01
1.337692290544509888e-01
2.123466432094573975e-01
7.711948454380035400e-02
2.800411283969879150e-01
5.916496738791465759e-02
6.453508138656616211e-01
2.244816273450851440e-01
2.279581874608993530e-01
2.319097518920898438e-01
1.218305304646492004e-01
5.113423615694046021e-02
5.623995661735534668e-01
2.245101779699325562e-01
1.348688155412673950e-01
9.219923615455627441e-02
3.557396829128265381e-01
1.852327734231948853e-01
6.251974105834960938e-01
2.789399027824401855e-01
5.031602457165718079e-02
1.498848497867584229e-01
6.051031947135925293e-01
2.460077702999114990e-01
9.229801595211029053e-02
3.122897148132324219e-01
3.462260961532592773e-01
3.156605958938598633e-01
2.139865010976791382e-01
1.983540803194046021e-01
5.562880635261535645e-01
4.507488310337066650e-01
6.205044984817504883e-01
7.478661835193634033e-02
1.725035756826400757e-01
4.282120615243911743e-02
4.566790163516998291e-02
2.405201494693756104e-01
5.103744193911552429e-02
5.465463176369667053e-02
3.595041334629058838e-01
4.022384062409400940e-02
6.840759515762329102e-02
6.649413108825683594e-01
6.719319820404052734e-01
2.595638930797576904e-01
2.728615701198577881e-01
5.687388777732849121e-02
5.135157704353332520e-01
2.488186657428741455e-01
3.668538853526115417e-02
1.128093898296356201e-01
