9.968468546867370605e-01
6.899479031562805176e-01
8.836739659309387207e-01
3.947248160839080811e-01
3.947248160839080811e-01
9.815768599510192871e-01
3.947248160839080811e-01
3.947248160839080811e-01
3.947248160839080811e-01
9.774997830390930176e-01
8.562234640121459961e-01
3.947248160839080811e-01
9.997552037239074707e-01
9.468764662742614746e-01
3.947248160839080811e-01
3.947248160839080811e-01
9.955888986587524414e-01
9.960136413574218750e-01
3.947248160839080811e-01
9.997766613960266113e-01
3.947248160839080811e-01
9.679554700851440430e-01
3.947248160839080811e-01
9.892605543136596680e-01
3.947248160839080811e-01
9.603816270828247070e-01
9.932923316955566406e-01
9.956206679344177246e-01
9.930099248886108398e-01
3.947248160839080811e-01
9.869055151939392090e-01
3.947248160839080811e-01
9.993170499801635742e-01
9.955552220344543457e-01
9.879937171936035156e-01
9.307923913002014160e-01
9.691555500030517578e-01
9.983651041984558105e-01
3.947248160839080811e-01
4.924724400043487549e-01
3.947248160839080811e-01
3.947248160839080811e-01
9.527039527893066406e-01
3.947248160839080811e-01
3.947248160839080811e-01
3.947248160839080811e-01
3.947248160839080811e-01
3.947248160839080811e-01
9.968450069427490234e-01
3.947248160839080811e-01
4.912450611591339111e-01
3.947248160839080811e-01
3.947248160839080811e-01
9.983054399490356445e-01
3.947248160839080811e-01
3.947248160839080811e-01
9.911655783653259277e-01
3.947248160839080811e-01
3.947248160839080811e-01
9.086639881134033203e-01
8.268127441406250000e-01
4.915168583393096924e-01
9.654714465141296387e-01
3.947248160839080811e-01
9.800559878349304199e-01
3.947248160839080811e-01
3.947248160839080811e-01
9.964458346366882324e-01
3.947248160839080811e-01
3.947248160839080811e-01
9.935177564620971680e-01
9.764595627784729004e-01
3.947248160839080811e-01
3.947248160839080811e-01
9.955806136131286621e-01
3.947248160839080811e-01
3.947248160839080811e-01
3.947248160839080811e-01
4.910632669925689697e-01
3.947248160839080811e-01
3.947248160839080811e-01
8.972026705741882324e-01
3.947248160839080811e-01
3.947248160839080811e-01
3.947248160839080811e-01
3.947248160839080811e-01
9.955204725265502930e-01
3.947248160839080811e-01
9.944954514503479004e-01
3.947248160839080811e-01
9.703101515769958496e-01
5.314778089523315430e-01
3.947248160839080811e-01
8.961522579193115234e-01
8.857450485229492188e-01
9.919828772544860840e-01
9.276805520057678223e-01
9.939609766006469727e-01
3.947248160839080811e-01
3.947248160839080811e-01
3.947248160839080811e-01
9.709553122520446777e-01
3.947248160839080811e-01
3.947248160839080811e-01
6.869488954544067383e-01
8.861472010612487793e-01
9.602352976799011230e-01
3.947248160839080811e-01
3.947248160839080811e-01
3.947248160839080811e-01
9.963238239288330078e-01
3.947248160839080811e-01
3.947248160839080811e-01
3.947248160839080811e-01
9.534678459167480469e-01
3.947248160839080811e-01
3.947248160839080811e-01
9.918922185897827148e-01
9.680001735687255859e-01
9.828915596008300781e-01
9.818921685218811035e-01
9.902385473251342773e-01
9.812411665916442871e-01
3.947248160839080811e-01
9.708007574081420898e-01
3.947248160839080811e-01
4.576809108257293701e-01
3.947248160839080811e-01
9.792599678039550781e-01
9.075850248336791992e-01
9.981865286827087402e-01
8.503115773200988770e-01
8.116278648376464844e-01
3.947248160839080811e-01
9.920905828475952148e-01
3.947248160839080811e-01
9.990797042846679688e-01
5.711891055107116699e-01
4.944611191749572754e-01
8.889700770378112793e-01
3.947248160839080811e-01
9.999297857284545898e-01
4.855556488037109375e-01
3.947248160839080811e-01
9.966053962707519531e-01
3.947248160839080811e-01
3.947248160839080811e-01
3.947248160839080811e-01
9.936318993568420410e-01
9.967648983001708984e-01
9.964890480041503906e-01
3.947248160839080811e-01
9.980947375297546387e-01
3.947248160839080811e-01
9.991320967674255371e-01
9.245364665985107422e-01
9.835397005081176758e-01
9.026868939399719238e-01
9.986043572425842285e-01
3.947248160839080811e-01
3.947248160839080811e-01
3.947248160839080811e-01
3.947248160839080811e-01
9.956079125404357910e-01
9.860115051269531250e-01
9.933990240097045898e-01
3.947248160839080811e-01
3.947248160839080811e-01
9.816125035285949707e-01
3.947248160839080811e-01
3.947248160839080811e-01
9.962279796600341797e-01
3.947248160839080811e-01
9.871740341186523438e-01
9.890686869621276855e-01
3.947248160839080811e-01
9.969986677169799805e-01
3.947248160839080811e-01
3.947248160839080811e-01
9.738810062408447266e-01
3.947248160839080811e-01
3.947248160839080811e-01
9.712195992469787598e-01
3.947248160839080811e-01
9.561153650283813477e-01
9.374855160713195801e-01
3.947248160839080811e-01
3.947248160839080811e-01
4.645983874797821045e-01
9.987632036209106445e-01
3.947248160839080811e-01
3.947248160839080811e-01
9.886355400085449219e-01
9.999797344207763672e-01
3.947248160839080811e-01
9.987210631370544434e-01
3.947248160839080811e-01
3.947248160839080811e-01
3.947248160839080811e-01
6.628813147544860840e-01
3.947248160839080811e-01
9.992817044258117676e-01
3.947248160839080811e-01
9.994682669639587402e-01
9.916312098503112793e-01
3.947248160839080811e-01
3.947248160839080811e-01
3.947248160839080811e-01
9.973567724227905273e-01
3.947248160839080811e-01
3.947248160839080811e-01
3.947248160839080811e-01
3.947248160839080811e-01
9.980237483978271484e-01
9.996876716613769531e-01
9.960241317749023438e-01
9.991568326950073242e-01
3.947248160839080811e-01
9.990071654319763184e-01
9.338096380233764648e-01
9.911106824874877930e-01
9.606809020042419434e-01
3.393548130989074707e-01
3.947248160839080811e-01
9.103041291236877441e-01
3.947248160839080811e-01
3.947248160839080811e-01
3.947248160839080811e-01
9.971864819526672363e-01
9.863700866699218750e-01
3.947248160839080811e-01
3.947248160839080811e-01
3.947248160839080811e-01
9.486626982688903809e-01
9.998309612274169922e-01
4.336883425712585449e-01
3.947248160839080811e-01
9.858534336090087891e-01
4.900716841220855713e-01
9.940794706344604492e-01
3.947248160839080811e-01
9.853836894035339355e-01
3.947248160839080811e-01
9.672912359237670898e-01
3.947248160839080811e-01
3.947248160839080811e-01
3.947248160839080811e-01
4.926306307315826416e-01
3.947248160839080811e-01
3.947248160839080811e-01
3.947248160839080811e-01
3.947248160839080811e-01
3.947248160839080811e-01
9.929654598236083984e-01
3.947248160839080811e-01
9.193407893180847168e-01
9.587057232856750488e-01
6.730384230613708496e-01
9.985162615776062012e-01
3.947248160839080811e-01
9.988400340080261230e-01
3.947248160839080811e-01
3.947248160839080811e-01
3.947248160839080811e-01
9.949053525924682617e-01
3.947248160839080811e-01
9.756398200988769531e-01
4.916196763515472412e-01
3.947248160839080811e-01
9.609790444374084473e-01
3.947248160839080811e-01
9.783455729484558105e-01
9.980064034461975098e-01
9.918794035911560059e-01
9.908692836761474609e-01
3.947248160839080811e-01
3.947248160839080811e-01
3.947248160839080811e-01
3.947248160839080811e-01
3.947248160839080811e-01
4.927137792110443115e-01
3.947248160839080811e-01
3.947248160839080811e-01
3.947248160839080811e-01
9.987636804580688477e-01
9.786024093627929688e-01
3.947248160839080811e-01
9.783455729484558105e-01
9.903946518898010254e-01
3.947248160839080811e-01
3.947248160839080811e-01
3.947248160839080811e-01
3.947248160839080811e-01
9.988464117050170898e-01
9.365454912185668945e-01
3.947248160839080811e-01
9.097409248352050781e-01
3.947248160839080811e-01
3.947248160839080811e-01
9.647276401519775391e-01
3.947248160839080811e-01
9.959076642990112305e-01
3.947248160839080811e-01
3.947248160839080811e-01
9.629580974578857422e-01
9.740818738937377930e-01
3.947248160839080811e-01
9.754534363746643066e-01
9.186223149299621582e-01
3.947248160839080811e-01
3.947248160839080811e-01
3.947248160839080811e-01
9.470355510711669922e-01
9.256126284599304199e-01
3.947248160839080811e-01
3.947248160839080811e-01
9.903963804244995117e-01
3.947248160839080811e-01
9.903252124786376953e-01
9.012843966484069824e-01
3.947248160839080811e-01
3.947248160839080811e-01
9.906997084617614746e-01
3.947248160839080811e-01
3.947248160839080811e-01
3.947248160839080811e-01
3.947248160839080811e-01
3.947248160839080811e-01
3.947248160839080811e-01
8.476828932762145996e-01
4.927495718002319336e-01
6.369422078132629395e-01
3.947248160839080811e-01
3.947248160839080811e-01
3.947248160839080811e-01
3.947248160839080811e-01
3.947248160839080811e-01
3.947248160839080811e-01
3.947248160839080811e-01
3.947248160839080811e-01
9.905365109443664551e-01
9.591230154037475586e-01
3.947248160839080811e-01
9.762971997261047363e-01
3.947248160839080811e-01
3.947248160839080811e-01
3.947248160839080811e-01
3.947248160839080811e-01
3.947248160839080811e-01
4.912098050117492676e-01
9.015631675720214844e-01
3.947248160839080811e-01
3.947248160839080811e-01
3.947248160839080811e-01
3.947248160839080811e-01
9.857670068740844727e-01
3.947248160839080811e-01
3.947248160839080811e-01
9.661495685577392578e-01
3.947248160839080811e-01
9.812869429588317871e-01
3.947248160839080811e-01
3.947248160839080811e-01
9.924545288085937500e-01
3.947248160839080811e-01
3.947248160839080811e-01
3.947248160839080811e-01
9.876340627670288086e-01
3.947248160839080811e-01
3.947248160839080811e-01
9.986701011657714844e-01
9.861072301864624023e-01
3.947248160839080811e-01
3.947248160839080811e-01
3.947248160839080811e-01
3.947248160839080811e-01
9.694824814796447754e-01
9.440991282463073730e-01
3.947248160839080811e-01
3.947248160839080811e-01
3.947248160839080811e-01
3.947248160839080811e-01
3.947248160839080811e-01
3.947248160839080811e-01
9.453224539756774902e-01
3.947248160839080811e-01
3.947248160839080811e-01
3.947248160839080811e-01
3.947248160839080811e-01
3.947248160839080811e-01
3.947248160839080811e-01
3.947248160839080811e-01
3.947248160839080811e-01
3.947248160839080811e-01
3.947248160839080811e-01
3.947248160839080811e-01
3.947248160839080811e-01
9.790742397308349609e-01
3.947248160839080811e-01
3.947248160839080811e-01
3.947248160839080811e-01
9.976128339767456055e-01
9.762772917747497559e-01
3.947248160839080811e-01
3.947248160839080811e-01
9.869017004966735840e-01
3.947248160839080811e-01
3.947248160839080811e-01
3.947248160839080811e-01
9.849523901939392090e-01
3.947248160839080811e-01
3.947248160839080811e-01
3.947248160839080811e-01
3.947248160839080811e-01
3.947248160839080811e-01
3.947248160839080811e-01
3.947248160839080811e-01
3.947248160839080811e-01
9.928494691848754883e-01
3.947248160839080811e-01
3.947248160839080811e-01
3.947248160839080811e-01
3.947248160839080811e-01
3.947248160839080811e-01
3.947248160839080811e-01
3.947248160839080811e-01
3.947248160839080811e-01
9.951270818710327148e-01
9.843735694885253906e-01
9.915469288825988770e-01
9.783666729927062988e-01
9.970307350158691406e-01
5.114955902099609375e-01
3.947248160839080811e-01
3.947248160839080811e-01
3.947248160839080811e-01
9.841757416725158691e-01
4.919786453247070312e-01
9.783696532249450684e-01
3.947248160839080811e-01
3.947248160839080811e-01
5.550526380538940430e-01
3.947248160839080811e-01
3.947248160839080811e-01
3.947248160839080811e-01
9.832078218460083008e-01
9.958637952804565430e-01
5.199326276779174805e-01
9.857178926467895508e-01
3.947248160839080811e-01
3.947248160839080811e-01
3.947248160839080811e-01
9.677529931068420410e-01
3.947248160839080811e-01
3.947248160839080811e-01
9.879812598228454590e-01
9.832975864410400391e-01
3.947248160839080811e-01
3.947248160839080811e-01
9.973854422569274902e-01
3.947248160839080811e-01
9.953615069389343262e-01
3.947248160839080811e-01
3.947248160839080811e-01
3.947248160839080811e-01
3.947248160839080811e-01
9.900992512702941895e-01
3.947248160839080811e-01
3.947248160839080811e-01
9.656333923339843750e-01
9.756637811660766602e-01
3.947248160839080811e-01
3.947248160839080811e-01
3.947248160839080811e-01
7.705688476562500000e-01
3.947248160839080811e-01
9.880871772766113281e-01
9.952393770217895508e-01
3.947248160839080811e-01
3.947248160839080811e-01
3.947248160839080811e-01
3.947248160839080811e-01
9.989210367202758789e-01
3.947248160839080811e-01
3.947248160839080811e-01
3.947248160839080811e-01
9.630031585693359375e-01
3.947248160839080811e-01
8.929346203804016113e-01
9.877198338508605957e-01
9.982158541679382324e-01
3.947248160839080811e-01
6.835861802101135254e-01
9.986076951026916504e-01
9.908796548843383789e-01
3.947248160839080811e-01
4.956144690513610840e-01
3.947248160839080811e-01
3.947248160839080811e-01
3.947248160839080811e-01
6.899479031562805176e-01
6.177862361073493958e-02
3.947248160839080811e-01
3.947248160839080811e-01
1.029701083898544312e-01
3.947248160839080811e-01
3.947248160839080811e-01
3.941404074430465698e-02
4.920250475406646729e-01
9.250962734222412109e-02
3.947248160839080811e-01
3.947248160839080811e-01
3.947248160839080811e-01
3.947248160839080811e-01
3.947248160839080811e-01
3.947248160839080811e-01
5.937955379486083984e-01
3.947248160839080811e-01
3.947248160839080811e-01
3.947248160839080811e-01
3.947248160839080811e-01
3.426785171031951904e-01
3.947248160839080811e-01
3.947248160839080811e-01
1.290886849164962769e-01
3.947248160839080811e-01
9.307923913002014160e-01
4.929156303405761719e-01
3.947248160839080811e-01
3.947248160839080811e-01
4.924724400043487549e-01
3.947248160839080811e-01
3.947248160839080811e-01
1.473726928234100342e-01
3.947248160839080811e-01
3.947248160839080811e-01
7.584504038095474243e-02
3.947248160839080811e-01
3.947248160839080811e-01
4.912450611591339111e-01
3.947248160839080811e-01
3.947248160839080811e-01
3.947248160839080811e-01
3.947248160839080811e-01
2.217605710029602051e-02
3.947248160839080811e-01
3.947248160839080811e-01
5.231733322143554688e-01
4.915168583393096924e-01
3.947248160839080811e-01
3.947248160839080811e-01
3.947248160839080811e-01
3.769405558705329895e-02
1.775189936161041260e-01
3.947248160839080811e-01
3.947248160839080811e-01
3.947248160839080811e-01
1.359409689903259277e-01
3.947248160839080811e-01
3.947248160839080811e-01
2.798173427581787109e-01
3.947248160839080811e-01
3.947248160839080811e-01
3.947248160839080811e-01
4.910632669925689697e-01
3.947248160839080811e-01
3.947248160839080811e-01
3.947248160839080811e-01
3.947248160839080811e-01
3.947248160839080811e-01
3.947248160839080811e-01
3.947248160839080811e-01
3.947248160839080811e-01
5.314778089523315430e-01
3.947248160839080811e-01
3.947248160839080811e-01
3.947248160839080811e-01
3.947248160839080811e-01
3.947248160839080811e-01
3.947248160839080811e-01
3.947248160839080811e-01
3.947248160839080811e-01
3.947248160839080811e-01
3.947248160839080811e-01
3.947248160839080811e-01
3.947248160839080811e-01
3.947248160839080811e-01
3.947248160839080811e-01
3.947248160839080811e-01
3.947248160839080811e-01
3.947248160839080811e-01
3.947248160839080811e-01
3.947248160839080811e-01
3.947248160839080811e-01
3.875912353396415710e-02
3.947248160839080811e-01
3.947248160839080811e-01
3.947248160839080811e-01
3.947248160839080811e-01
4.576809108257293701e-01
3.947248160839080811e-01
3.947248160839080811e-01
9.075850248336791992e-01
3.947248160839080811e-01
4.619591683149337769e-02
3.947248160839080811e-01
1.913996040821075439e-01
3.947248160839080811e-01
3.947248160839080811e-01
5.711891055107116699e-01
4.944611191749572754e-01
7.653504610061645508e-02
3.947248160839080811e-01
4.855556488037109375e-01
3.947248160839080811e-01
3.947248160839080811e-01
3.947248160839080811e-01
3.947248160839080811e-01
3.947248160839080811e-01
3.947248160839080811e-01
3.947248160839080811e-01
3.947248160839080811e-01
3.947248160839080811e-01
3.947248160839080811e-01
3.947248160839080811e-01
3.947248160839080811e-01
3.947248160839080811e-01
3.947248160839080811e-01
3.947248160839080811e-01
3.947248160839080811e-01
3.947248160839080811e-01
3.947248160839080811e-01
3.947248160839080811e-01
3.947248160839080811e-01
3.947248160839080811e-01
3.947248160839080811e-01
3.947248160839080811e-01
1.069587543606758118e-01
3.947248160839080811e-01
3.947248160839080811e-01
4.066386073827743530e-02
3.947248160839080811e-01
1.581448689103126526e-02
3.947248160839080811e-01
3.734923526644706726e-02
3.947248160839080811e-01
6.124815903604030609e-03
7.585199177265167236e-02
1.526373717933893204e-02
5.622834712266921997e-02
1.506023202091455460e-02
4.785615578293800354e-02
1.651673950254917145e-02
3.947248160839080811e-01
1.062220856547355652e-01
3.947248160839080811e-01
2.390660531818866730e-02
3.947248160839080811e-01
3.947248160839080811e-01
8.000117726624011993e-03
3.947248160839080811e-01
3.947248160839080811e-01
3.947248160839080811e-01
3.947248160839080811e-01
3.947248160839080811e-01
3.947248160839080811e-01
9.771267883479595184e-03
3.947248160839080811e-01
3.947248160839080811e-01
3.947248160839080811e-01
3.947248160839080811e-01
1.688433885574340820e-01
8.856307715177536011e-03
4.704257100820541382e-02
1.234515570104122162e-02
3.947248160839080811e-01
7.646016031503677368e-02
3.947248160839080811e-01
7.787653058767318726e-02
3.947248160839080811e-01
3.947248160839080811e-01
3.947248160839080811e-01
3.947248160839080811e-01
2.880451083183288574e-02
2.924029342830181122e-02
3.947248160839080811e-01
3.947248160839080811e-01
3.767039254307746887e-02
3.947248160839080811e-01
3.947248160839080811e-01
3.947248160839080811e-01
3.380967304110527039e-02
2.456768229603767395e-02
3.947248160839080811e-01
1.890350691974163055e-02
4.780397936701774597e-02
3.947248160839080811e-01
1.611672900617122650e-02
3.947248160839080811e-01
2.522034756839275360e-02
3.947248160839080811e-01
3.947248160839080811e-01
8.950982987880706787e-02
9.556661546230316162e-02
3.947248160839080811e-01
3.947248160839080811e-01
3.947248160839080811e-01
3.947248160839080811e-01
3.947248160839080811e-01
3.947248160839080811e-01
3.947248160839080811e-01
3.947248160839080811e-01
3.947248160839080811e-01
3.947248160839080811e-01
3.947248160839080811e-01
3.947248160839080811e-01
3.947248160839080811e-01
3.947248160839080811e-01
3.947248160839080811e-01
3.947248160839080811e-01
3.947248160839080811e-01
3.947248160839080811e-01
3.947248160839080811e-01
3.947248160839080811e-01
3.947248160839080811e-01
3.947248160839080811e-01
3.947248160839080811e-01
3.947248160839080811e-01
3.947248160839080811e-01
3.947248160839080811e-01
3.947248160839080811e-01
3.947248160839080811e-01
3.947248160839080811e-01
3.947248160839080811e-01
3.947248160839080811e-01
3.947248160839080811e-01
3.947248160839080811e-01
3.947248160839080811e-01
3.947248160839080811e-01
3.889640048146247864e-02
3.947248160839080811e-01
5.654124170541763306e-02
3.947248160839080811e-01
2.511067502200603485e-02
1.116729229688644409e-01
3.947248160839080811e-01
3.947248160839080811e-01
3.947248160839080811e-01
3.947248160839080811e-01
3.947248160839080811e-01
3.947248160839080811e-01
3.947248160839080811e-01
3.947248160839080811e-01
3.947248160839080811e-01
3.947248160839080811e-01
3.947248160839080811e-01
3.947248160839080811e-01
3.947248160839080811e-01
3.947248160839080811e-01
3.947248160839080811e-01
3.947248160839080811e-01
3.947248160839080811e-01
3.947248160839080811e-01
3.947248160839080811e-01
3.947248160839080811e-01
3.947248160839080811e-01
3.947248160839080811e-01
6.669204682111740112e-02
3.947248160839080811e-01
3.947248160839080811e-01
3.947248160839080811e-01
3.947248160839080811e-01
3.947248160839080811e-01
3.947248160839080811e-01
3.947248160839080811e-01
3.947248160839080811e-01
3.947248160839080811e-01
3.947248160839080811e-01
4.645983874797821045e-01
3.947248160839080811e-01
3.947248160839080811e-01
3.947248160839080811e-01
3.947248160839080811e-01
3.037306368350982666e-01
3.947248160839080811e-01
3.947248160839080811e-01
3.947248160839080811e-01
3.947248160839080811e-01
4.768251776695251465e-01
3.947248160839080811e-01
3.947248160839080811e-01
3.947248160839080811e-01
5.406954512000083923e-02
3.947248160839080811e-01
3.947248160839080811e-01
3.947248160839080811e-01
3.947248160839080811e-01
3.947248160839080811e-01
3.947248160839080811e-01
3.947248160839080811e-01
3.947248160839080811e-01
3.947248160839080811e-01
3.947248160839080811e-01
3.947248160839080811e-01
3.947248160839080811e-01
3.862636908888816833e-02
9.267394244670867920e-02
3.947248160839080811e-01
3.393548130989074707e-01
3.947248160839080811e-01
3.947248160839080811e-01
3.947248160839080811e-01
3.947248160839080811e-01
3.947248160839080811e-01
3.947248160839080811e-01
3.947248160839080811e-01
3.947248160839080811e-01
3.947248160839080811e-01
3.947248160839080811e-01
3.947248160839080811e-01
4.336883425712585449e-01
3.947248160839080811e-01
3.947248160839080811e-01
4.900716841220855713e-01
3.947248160839080811e-01
3.947248160839080811e-01
6.898780167102813721e-02
3.947248160839080811e-01
3.947248160839080811e-01
3.947248160839080811e-01
4.926306307315826416e-01
3.947248160839080811e-01
3.947248160839080811e-01
3.947248160839080811e-01
3.947248160839080811e-01
3.947248160839080811e-01
3.947248160839080811e-01
6.730384230613708496e-01
3.947248160839080811e-01
3.947248160839080811e-01
3.947248160839080811e-01
3.947248160839080811e-01
3.947248160839080811e-01
3.947248160839080811e-01
3.947248160839080811e-01
3.947248160839080811e-01
4.916196763515472412e-01
3.947248160839080811e-01
3.947248160839080811e-01
3.947248160839080811e-01
3.947248160839080811e-01
1.122159361839294434e-01
3.947248160839080811e-01
3.947248160839080811e-01
3.947248160839080811e-01
3.947248160839080811e-01
3.947248160839080811e-01
3.947248160839080811e-01
4.927137792110443115e-01
3.947248160839080811e-01
3.947248160839080811e-01
3.947248160839080811e-01
3.947248160839080811e-01
8.083652704954147339e-02
3.947248160839080811e-01
3.947248160839080811e-01
3.947248160839080811e-01
3.947248160839080811e-01
3.550668805837631226e-02
3.947248160839080811e-01
3.947248160839080811e-01
3.947248160839080811e-01
3.947248160839080811e-01
3.947248160839080811e-01
3.947248160839080811e-01
3.947248160839080811e-01
3.947248160839080811e-01
3.947248160839080811e-01
3.947248160839080811e-01
3.947248160839080811e-01
3.947248160839080811e-01
3.947248160839080811e-01
3.947248160839080811e-01
3.947248160839080811e-01
3.947248160839080811e-01
3.947248160839080811e-01
3.947248160839080811e-01
3.947248160839080811e-01
3.947248160839080811e-01
3.947248160839080811e-01
3.947248160839080811e-01
3.947248160839080811e-01
3.947248160839080811e-01
4.927495718002319336e-01
6.369422078132629395e-01
3.947248160839080811e-01
3.947248160839080811e-01
3.947248160839080811e-01
3.947248160839080811e-01
3.947248160839080811e-01
3.947248160839080811e-01
3.947248160839080811e-01
3.947248160839080811e-01
3.947248160839080811e-01
3.947248160839080811e-01
3.947248160839080811e-01
4.912098050117492676e-01
3.947248160839080811e-01
3.947248160839080811e-01
3.947248160839080811e-01
3.947248160839080811e-01
2.446308732032775879e-01
3.947248160839080811e-01
3.947248160839080811e-01
2.503960430622100830e-01
9.028534591197967529e-02
1.302841454744338989e-01
3.947248160839080811e-01
3.947248160839080811e-01
3.947248160839080811e-01
3.947248160839080811e-01
3.947248160839080811e-01
3.947248160839080811e-01
3.947248160839080811e-01
3.947248160839080811e-01
3.947248160839080811e-01
3.947248160839080811e-01
3.947248160839080811e-01
3.947248160839080811e-01
3.947248160839080811e-01
3.947248160839080811e-01
3.947248160839080811e-01
1.545109599828720093e-01
3.947248160839080811e-01
3.947248160839080811e-01
3.947248160839080811e-01
3.947248160839080811e-01
3.947248160839080811e-01
3.947248160839080811e-01
3.947248160839080811e-01
3.947248160839080811e-01
3.947248160839080811e-01
3.947248160839080811e-01
3.947248160839080811e-01
3.947248160839080811e-01
3.947248160839080811e-01
3.947248160839080811e-01
3.947248160839080811e-01
3.947248160839080811e-01
3.494431823492050171e-02
3.947248160839080811e-01
3.947248160839080811e-01
3.947248160839080811e-01
3.947248160839080811e-01
3.947248160839080811e-01
3.947248160839080811e-01
3.947248160839080811e-01
3.947248160839080811e-01
3.947248160839080811e-01
3.947248160839080811e-01
3.947248160839080811e-01
3.947248160839080811e-01
3.947248160839080811e-01
3.947248160839080811e-01
3.947248160839080811e-01
3.947248160839080811e-01
3.947248160839080811e-01
3.947248160839080811e-01
3.947248160839080811e-01
3.947248160839080811e-01
3.947248160839080811e-01
1.128150150179862976e-01
1.368483453989028931e-01
3.947248160839080811e-01
2.153673917055130005e-01
5.114955902099609375e-01
3.947248160839080811e-01
3.947248160839080811e-01
3.947248160839080811e-01
4.919786453247070312e-01
3.947248160839080811e-01
3.947248160839080811e-01
5.550526380538940430e-01
4.879444465041160583e-02
3.947248160839080811e-01
3.947248160839080811e-01
5.199326276779174805e-01
3.947248160839080811e-01
3.947248160839080811e-01
3.947248160839080811e-01
8.957525342702865601e-02
3.947248160839080811e-01
3.947248160839080811e-01
7.751066982746124268e-02
3.947248160839080811e-01
3.947248160839080811e-01
4.307392984628677368e-03
3.947248160839080811e-01
3.947248160839080811e-01
3.947248160839080811e-01
3.947248160839080811e-01
3.947248160839080811e-01
3.947248160839080811e-01
3.947248160839080811e-01
3.947248160839080811e-01
3.947248160839080811e-01
3.947248160839080811e-01
3.947248160839080811e-01
3.947248160839080811e-01
7.705688476562500000e-01
3.947248160839080811e-01
3.947248160839080811e-01
3.947248160839080811e-01
3.947248160839080811e-01
3.947248160839080811e-01
3.947248160839080811e-01
3.947248160839080811e-01
3.947248160839080811e-01
3.947248160839080811e-01
3.947248160839080811e-01
3.947248160839080811e-01
3.947248160839080811e-01
3.947248160839080811e-01
3.947248160839080811e-01
6.835861802101135254e-01
3.947248160839080811e-01
6.501401774585247040e-03
3.947248160839080811e-01
4.956144690513610840e-01
3.947248160839080811e-01
3.947248160839080811e-01
3.947248160839080811e-01
