9.969310164451599121e-01
9.996434450149536133e-01
9.868952035903930664e-01
8.793553113937377930e-01
9.361898303031921387e-01
9.832356572151184082e-01
8.863353133201599121e-01
8.376969099044799805e-01
9.676160216331481934e-01
9.968321919441223145e-01
9.950946569442749023e-01
5.509700775146484375e-01
9.960409402847290039e-01
9.983153343200683594e-01
9.708755016326904297e-01
9.679225087165832520e-01
9.922985434532165527e-01
9.835547804832458496e-01
6.304107308387756348e-01
9.863334298133850098e-01
9.746333956718444824e-01
9.896618127822875977e-01
9.650841355323791504e-01
9.991256594657897949e-01
9.060502052307128906e-01
9.899498224258422852e-01
9.939773082733154297e-01
9.963390827178955078e-01
9.937171936035156250e-01
9.660477638244628906e-01
9.976465106010437012e-01
8.784394860267639160e-01
9.950578212738037109e-01
9.664612412452697754e-01
9.913086891174316406e-01
9.911051392555236816e-01
9.994361996650695801e-01
9.919541478157043457e-01
8.900337219238281250e-01
9.728001952171325684e-01
9.715726971626281738e-01
8.551186323165893555e-01
9.966616630554199219e-01
6.891977787017822266e-01
9.517688751220703125e-01
7.251256704330444336e-01
7.714334130287170410e-01
8.374502658843994141e-01
9.754554033279418945e-01
6.188177466392517090e-01
9.914530515670776367e-01
8.315144777297973633e-01
9.907904863357543945e-01
9.907711744308471680e-01
8.087552189826965332e-01
9.710548520088195801e-01
9.757364392280578613e-01
9.631860852241516113e-01
9.855917692184448242e-01
9.997920393943786621e-01
9.986128807067871094e-01
9.953579306602478027e-01
9.954407215118408203e-01
9.316120743751525879e-01
9.679081439971923828e-01
6.294245719909667969e-01
9.053736329078674316e-01
9.872822165489196777e-01
9.646155238151550293e-01
9.184998869895935059e-01
9.898316264152526855e-01
9.989334940910339355e-01
9.581185579299926758e-01
9.678699374198913574e-01
9.200920462608337402e-01
8.620343804359436035e-01
9.190624952316284180e-01
9.601415395736694336e-01
9.952978491783142090e-01
9.897072315216064453e-01
9.112449288368225098e-01
9.747436642646789551e-01
9.918882250785827637e-01
9.393989443778991699e-01
9.747934937477111816e-01
9.718474149703979492e-01
9.995997548103332520e-01
9.936700463294982910e-01
9.988114833831787109e-01
8.604937195777893066e-01
9.955221414566040039e-01
9.982773065567016602e-01
9.653005003929138184e-01
9.948403239250183105e-01
9.988601207733154297e-01
9.993017911911010742e-01
9.905666708946228027e-01
9.994250535964965820e-01
9.816333651542663574e-01
9.557019472122192383e-01
9.933061003684997559e-01
9.983506202697753906e-01
8.981249332427978516e-01
9.946692585945129395e-01
9.923622608184814453e-01
9.974132180213928223e-01
9.780054688453674316e-01
9.665247797966003418e-01
9.801243543624877930e-01
9.456248879432678223e-01
9.553852081298828125e-01
5.147946476936340332e-01
9.658395051956176758e-01
8.729290366172790527e-01
9.934066534042358398e-01
9.652804136276245117e-01
6.811473965644836426e-01
9.997455477714538574e-01
9.993624091148376465e-01
9.987335801124572754e-01
9.976173043251037598e-01
9.991692304611206055e-01
9.994124174118041992e-01
9.901255369186401367e-01
9.947077035903930664e-01
9.909182786941528320e-01
9.859554767608642578e-01
9.630826711654663086e-01
9.874646663665771484e-01
9.992341995239257812e-01
9.999736547470092773e-01
9.960220456123352051e-01
9.916617870330810547e-01
9.701765179634094238e-01
9.997918009757995605e-01
8.777566552162170410e-01
9.989300370216369629e-01
9.995043277740478516e-01
9.995732903480529785e-01
9.944372177124023438e-01
9.611920118331909180e-01
9.990591406822204590e-01
9.996325969696044922e-01
9.970849156379699707e-01
9.986769556999206543e-01
9.524637460708618164e-01
9.819736480712890625e-01
9.505530595779418945e-01
9.911967515945434570e-01
9.981657862663269043e-01
9.918372035026550293e-01
4.372831881046295166e-01
9.877763986587524414e-01
7.548794150352478027e-01
9.986188411712646484e-01
9.999998807907104492e-01
9.857953786849975586e-01
9.501599669456481934e-01
9.603298306465148926e-01
6.601744294166564941e-01
3.474876582622528076e-01
9.861466288566589355e-01
8.065192103385925293e-01
9.899409413337707520e-01
9.791985750198364258e-01
9.699032902717590332e-01
7.006042599678039551e-01
6.770857572555541992e-01
9.951016306877136230e-01
7.311596274375915527e-01
9.106966257095336914e-01
9.992245435714721680e-01
6.376271247863769531e-01
9.876406788825988770e-01
9.363089203834533691e-01
5.572980642318725586e-01
9.214836955070495605e-01
3.270743191242218018e-01
7.465257048606872559e-01
9.732014536857604980e-01
5.226857066154479980e-01
4.385441839694976807e-01
9.561533927917480469e-01
4.167722165584564209e-01
9.781870245933532715e-01
9.928361773490905762e-01
6.072437763214111328e-01
5.817814469337463379e-01
9.782525897026062012e-01
9.970966577529907227e-01
5.655621886253356934e-01
3.246293067932128906e-01
9.908822774887084961e-01
9.984464049339294434e-01
3.303079009056091309e-01
9.972072243690490723e-01
5.718412995338439941e-01
4.277168214321136475e-01
6.432776451110839844e-01
9.975002408027648926e-01
2.208606004714965820e-01
9.995123147964477539e-01
5.062215328216552734e-01
9.997369647026062012e-01
9.974493384361267090e-01
3.437941670417785645e-01
4.331946969032287598e-01
3.347609639167785645e-01
9.886325001716613770e-01
3.779440522193908691e-01
2.795140743255615234e-01
6.223810911178588867e-01
3.833253979682922363e-01
9.969642758369445801e-01
9.972811937332153320e-01
9.873424768447875977e-01
9.999928474426269531e-01
5.822777748107910156e-01
9.939897060394287109e-01
9.900695681571960449e-01
9.814363121986389160e-01
9.995387792587280273e-01
9.678826332092285156e-01
8.419760465621948242e-01
9.824762344360351562e-01
5.943681001663208008e-01
4.508681893348693848e-01
5.467777252197265625e-01
9.906965494155883789e-01
9.987645149230957031e-01
2.167791873216629028e-01
4.082628190517425537e-01
5.308640003204345703e-01
9.792585968971252441e-01
9.922681450843811035e-01
9.987695813179016113e-01
8.057841658592224121e-01
9.764420986175537109e-01
9.962330460548400879e-01
9.997159838676452637e-01
7.562722563743591309e-01
9.843685030937194824e-01
7.406575083732604980e-01
9.898325204849243164e-01
8.813235163688659668e-01
1.577227413654327393e-01
9.854895472526550293e-01
9.989044666290283203e-01
9.885438084602355957e-01
8.278832435607910156e-01
8.725723028182983398e-01
9.837473034858703613e-01
9.576911330223083496e-01
9.999053478240966797e-01
3.743342161178588867e-01
9.997232556343078613e-01
9.985332489013671875e-01
9.976639747619628906e-01
9.982947707176208496e-01
9.658330678939819336e-01
9.962210655212402344e-01
9.638286828994750977e-01
8.022056221961975098e-01
3.175368309020996094e-01
9.775731563568115234e-01
9.658340811729431152e-01
9.999225139617919922e-01
9.977964162826538086e-01
3.471867442131042480e-01
9.953925609588623047e-01
9.754957556724548340e-01
9.996268749237060547e-01
9.972299933433532715e-01
9.925634264945983887e-01
9.999355077743530273e-01
9.776186347007751465e-01
9.646504521369934082e-01
9.538193941116333008e-01
9.868612885475158691e-01
9.745465517044067383e-01
9.997689127922058105e-01
9.854749441146850586e-01
7.493944168090820312e-01
9.789704680442810059e-01
9.901345372200012207e-01
9.953657388687133789e-01
9.828948974609375000e-01
9.995151758193969727e-01
9.997779726982116699e-01
9.789581298828125000e-01
9.860992431640625000e-01
9.972804784774780273e-01
9.369413256645202637e-01
9.999988079071044922e-01
9.981765747070312500e-01
9.628898501396179199e-01
9.721654653549194336e-01
9.827325344085693359e-01
9.853284955024719238e-01
9.820481538772583008e-01
9.864727258682250977e-01
9.999756813049316406e-01
9.677172899246215820e-01
5.674519538879394531e-01
9.872373342514038086e-01
9.998480081558227539e-01
9.049982428550720215e-01
9.670069217681884766e-01
9.997351765632629395e-01
9.547581076622009277e-01
8.890841603279113770e-01
9.749206304550170898e-01
9.945425987243652344e-01
9.992123842239379883e-01
9.816708564758300781e-01
9.299451112747192383e-01
9.957430958747863770e-01
9.966897964477539062e-01
9.999638795852661133e-01
9.987896084785461426e-01
6.905587315559387207e-01
9.933422207832336426e-01
9.997397065162658691e-01
9.982619881629943848e-01
5.154680609703063965e-01
9.546960592269897461e-01
9.922556877136230469e-01
8.924582004547119141e-01
9.943823814392089844e-01
9.987307190895080566e-01
9.837306737899780273e-01
9.958770275115966797e-01
6.242856383323669434e-01
7.909016609191894531e-01
8.276825547218322754e-01
9.979130625724792480e-01
9.861525297164916992e-01
8.631277084350585938e-01
9.966372251510620117e-01
9.855785369873046875e-01
9.997938275337219238e-01
9.990521073341369629e-01
8.379672765731811523e-01
9.953001737594604492e-01
8.402555584907531738e-01
9.695795178413391113e-01
9.748056530952453613e-01
9.873375892639160156e-01
9.933422207832336426e-01
9.639148712158203125e-01
9.996887445449829102e-01
9.476800560951232910e-01
9.988253712654113770e-01
9.071085453033447266e-01
6.674292683601379395e-01
9.995772242546081543e-01
9.381215572357177734e-01
9.587812423706054688e-01
9.982330799102783203e-01
6.344712972640991211e-01
9.670207500457763672e-01
8.501854538917541504e-01
8.489490151405334473e-01
9.999922513961791992e-01
8.837051987648010254e-01
9.950357675552368164e-01
7.835598587989807129e-01
9.986567497253417969e-01
8.567847609519958496e-01
8.823567628860473633e-01
9.893718361854553223e-01
9.859840273857116699e-01
9.634096026420593262e-01
9.620372653007507324e-01
7.759326100349426270e-01
7.403972744941711426e-01
9.836980104446411133e-01
9.918116331100463867e-01
6.695074439048767090e-01
9.488925933837890625e-01
9.740064144134521484e-01
5.956748127937316895e-01
8.011749982833862305e-01
5.631700158119201660e-01
9.972504973411560059e-01
6.101965308189392090e-01
7.665809392929077148e-01
9.033206701278686523e-01
9.662372469902038574e-01
9.769687056541442871e-01
8.670827746391296387e-01
6.919343471527099609e-01
4.285703599452972412e-01
8.139214515686035156e-01
8.574226498603820801e-01
9.369696974754333496e-01
9.389899969100952148e-01
9.584459066390991211e-01
4.330273866653442383e-01
9.562765359878540039e-01
6.544943451881408691e-01
9.944952130317687988e-01
9.639528393745422363e-01
9.819285869598388672e-01
9.080080389976501465e-01
9.867534041404724121e-01
7.518144845962524414e-01
9.285470247268676758e-01
5.525201559066772461e-01
9.814828038215637207e-01
9.459921121597290039e-01
9.254227876663208008e-01
5.420041680335998535e-01
7.151700258255004883e-01
7.129691243171691895e-01
7.760338783264160156e-01
5.083155632019042969e-01
6.326041817665100098e-01
9.927439689636230469e-01
9.420048594474792480e-01
6.537663340568542480e-01
8.164484500885009766e-01
6.568388342857360840e-01
7.471277117729187012e-01
8.308402895927429199e-01
3.413779139518737793e-01
9.292946457862854004e-01
9.981056451797485352e-01
9.990118741989135742e-01
9.924806356430053711e-01
9.950597286224365234e-01
9.823142290115356445e-01
9.915025234222412109e-01
9.607711434364318848e-01
8.047137260437011719e-01
9.952080845832824707e-01
9.895935058593750000e-01
9.941271543502807617e-01
9.976527094841003418e-01
9.580354094505310059e-01
9.454318881034851074e-01
9.541636705398559570e-01
9.704595804214477539e-01
9.468694329261779785e-01
9.980916380882263184e-01
9.875665903091430664e-01
9.968275427818298340e-01
9.070114493370056152e-01
9.842958450317382812e-01
9.772870540618896484e-01
9.020602107048034668e-01
5.314034223556518555e-01
9.999829530715942383e-01
1.904145181179046631e-01
9.702581167221069336e-01
9.991254210472106934e-01
9.769580364227294922e-01
9.695379137992858887e-01
9.675927162170410156e-01
9.987618923187255859e-01
9.412642121315002441e-01
9.975329637527465820e-01
9.741058349609375000e-01
9.210122227668762207e-01
9.677414894104003906e-01
8.604048490524291992e-01
9.892215728759765625e-01
9.186503887176513672e-01
8.588494658470153809e-01
9.962538480758666992e-01
9.400901794433593750e-01
9.959226846694946289e-01
9.757646918296813965e-01
9.228506088256835938e-01
9.976360797882080078e-01
9.960218071937561035e-01
9.986714124679565430e-01
9.989662170410156250e-01
9.188693165779113770e-01
9.781508445739746094e-01
9.624261260032653809e-01
9.951781034469604492e-01
9.967014193534851074e-01
9.932839870452880859e-01
9.635667800903320312e-01
9.780192375183105469e-01
9.993064403533935547e-01
9.469230771064758301e-01
9.896228313446044922e-01
9.950177073478698730e-01
9.962866306304931641e-01
9.578490257263183594e-01
9.972376823425292969e-01
9.902680516242980957e-01
9.993340373039245605e-01
9.480838775634765625e-01
9.985418319702148438e-01
9.680433869361877441e-01
9.853233098983764648e-01
7.431333065032958984e-01
3.867273405194282532e-02
2.157978480681777000e-03
1.378216221928596497e-02
1.038953009992837906e-02
4.578243475407361984e-03
2.010100632905960083e-01
4.187525212764739990e-01
2.125151269137859344e-02
2.954685688018798828e-02
1.283074170351028442e-01
2.253519147634506226e-01
2.348371893167495728e-01
2.042755931615829468e-01
5.171365663409233093e-02
3.354509547352790833e-02
2.533226460218429565e-02
3.631078600883483887e-01
2.769776284694671631e-01
4.274222850799560547e-01
8.425366133451461792e-03
1.026364602148532867e-02
7.630574516952037811e-03
1.647074706852436066e-02
3.907293081283569336e-02
1.900413422845304012e-03
9.652832895517349243e-02
1.085674390196800232e-03
5.902881175279617310e-02
6.855380721390247345e-03
4.326271300669759512e-04
6.962618324905633926e-03
3.568057715892791748e-02
2.085819840431213379e-02
1.831206679344177246e-02
4.266384523361921310e-03
6.360992789268493652e-03
5.013351440429687500e-01
6.310684680938720703e-01
1.862135715782642365e-02
1.258419007062911987e-01
5.098110530525445938e-03
4.096809029579162598e-01
3.349756821990013123e-02
4.171103239059448242e-02
9.859362989664077759e-02
3.609797358512878418e-02
5.840936303138732910e-02
3.961974754929542542e-02
8.325851522386074066e-03
5.056555271148681641e-01
3.773552924394607544e-02
3.073059255257248878e-03
3.280647797510027885e-03
3.161236643791198730e-02
2.688188571482896805e-03
1.959299668669700623e-02
8.406274020671844482e-03
2.079107984900474548e-02
7.663233578205108643e-02
1.289082691073417664e-03
2.217616438865661621e-01
3.008919022977352142e-02
2.525392547249794006e-02
6.064189597964286804e-02
5.021166205406188965e-01
3.218907862901687622e-02
5.550392903387546539e-03
4.015049338340759277e-01
1.750315167009830475e-02
9.008982218801975250e-03
4.819615557789802551e-02
9.068117476999759674e-03
5.257459357380867004e-03
2.385164946317672729e-01
5.654162727296352386e-03
1.899895444512367249e-02
1.877498440444469452e-02
5.212912801653146744e-03
3.813102468848228455e-02
4.633988067507743835e-02
1.106755062937736511e-02
4.633988067507743835e-02
1.643677800893783569e-02
1.665167063474655151e-01
1.584815606474876404e-02
1.490703504532575607e-02
2.029043734073638916e-01
1.840923167765140533e-02
4.066110774874687195e-02
3.705693408846855164e-02
1.938458532094955444e-01
3.241986036300659180e-02
1.643677800893783569e-02
2.090208604931831360e-02
3.427628055214881897e-02
9.946660138666629791e-03
2.204052545130252838e-02
1.452113986015319824e-01
1.643677800893783569e-02
9.946660138666629791e-03
2.111846767365932465e-02
1.072220131754875183e-02
2.040294371545314789e-02
1.196621637791395187e-02
1.929094828665256500e-02
3.706904947757720947e-01
2.360281348228454590e-01
6.397395581007003784e-02
5.212912801653146744e-03
7.585629075765609741e-02
8.175838738679885864e-02
7.537303119897842407e-02
7.537303119897842407e-02
1.005157176405191422e-02
1.813850738108158112e-02
1.877498440444469452e-02
1.005157176405191422e-02
1.938458532094955444e-01
4.656122252345085144e-02
9.946660138666629791e-03
1.490703504532575607e-02
2.940558493137359619e-01
1.153631415218114853e-02
9.543616324663162231e-02
2.300147898495197296e-02
2.111846767365932465e-02
9.006480127573013306e-02
1.262377295643091202e-02
4.633988067507743835e-02
7.585629075765609741e-02
7.585629075765609741e-02
1.975183933973312378e-02
3.425494581460952759e-02
1.490703504532575607e-02
3.229090273380279541e-01
4.894344136118888855e-02
2.649485878646373749e-02
1.842421852052211761e-02
2.326316386461257935e-02
4.570170119404792786e-02
1.072220131754875183e-02
7.787638902664184570e-01
2.700731530785560608e-02
1.106755062937736511e-02
1.795119792222976685e-01
4.623841866850852966e-02
3.412324562668800354e-02
3.130050897598266602e-01
5.255903676152229309e-02
1.383379660546779633e-02
2.567826211452484131e-01
2.970883846282958984e-01
3.999990224838256836e-01
4.448495432734489441e-02
4.903020709753036499e-02
1.558470875024795532e-01
1.795334070920944214e-01
1.541402637958526611e-01
1.761291027069091797e-01
5.060211420059204102e-01
5.897246673703193665e-02
8.507755398750305176e-02
2.719915509223937988e-01
1.072107926011085510e-01
2.098180949687957764e-01
3.609083890914916992e-01
1.941142231225967407e-01
2.271164357662200928e-01
3.609943091869354248e-01
6.000491976737976074e-01
5.409149825572967529e-02
1.055572647601366043e-02
1.314666867256164551e-01
5.727961659431457520e-02
4.365344345569610596e-01
9.095504879951477051e-02
1.304687708616256714e-01
1.368093639612197876e-01
1.728110611438751221e-01
3.177174627780914307e-01
2.170304208993911743e-01
1.347155719995498657e-01
3.131664991378784180e-01
1.767792403697967529e-01
2.141413986682891846e-01
1.473165452480316162e-01
9.107643365859985352e-02
5.164444074034690857e-02
1.449414491653442383e-01
3.027094900608062744e-01
6.962520629167556763e-02
9.537509083747863770e-02
6.580202281475067139e-02
1.483071148395538330e-01
8.416590280830860138e-03
1.689955294132232666e-01
1.528154611587524414e-01
1.826241612434387207e-01
3.587653860449790955e-02
1.262501031160354614e-01
2.220038622617721558e-01
3.525100648403167725e-02
5.591021105647087097e-02
3.650258481502532959e-02
1.073945462703704834e-01
9.778209775686264038e-02
1.779222190380096436e-01
1.983784884214401245e-01
3.815502673387527466e-02
2.858603596687316895e-01
8.590988814830780029e-02
5.871672555804252625e-02
1.991487443447113037e-01
1.155254542827606201e-01
5.794091150164604187e-02
8.590631186962127686e-02
7.873670756816864014e-02
2.168830782175064087e-01
1.430148035287857056e-01
1.202347874641418457e-01
6.852539628744125366e-02
3.956188261508941650e-01
8.330153673887252808e-02
5.776146426796913147e-02
1.833653450012207031e-01
2.401155382394790649e-01
1.269690245389938354e-01
2.486429959535598755e-01
2.933739423751831055e-01
4.438115358352661133e-01
2.490299642086029053e-01
1.414766460657119751e-01
7.629857957363128662e-02
3.136984705924987793e-01
3.009118139743804932e-01
8.866017311811447144e-02
1.377906799316406250e-01
3.317617177963256836e-01
1.619744449853897095e-01
1.021677702665328979e-01
5.037603974342346191e-01
6.252782046794891357e-02
4.388132318854331970e-02
1.605160832405090332e-01
4.193341135978698730e-01
6.990760564804077148e-02
1.913688480854034424e-01
6.760407090187072754e-01
4.238997399806976318e-01
2.077164351940155029e-01
1.648426502943038940e-01
1.148719787597656250e-01
6.034115329384803772e-02
1.241290569305419922e-01
1.197580099105834961e-01
1.482844445854425430e-02
1.164212971925735474e-01
1.072317659854888916e-01
1.593167185783386230e-01
9.838017076253890991e-02
5.442538261413574219e-01
2.732404172420501709e-01
3.407875299453735352e-01
1.042383909225463867e-01
1.155682578682899475e-01
4.167727380990982056e-02
1.725197583436965942e-01
6.317223608493804932e-02
1.467622369527816772e-01
2.435760200023651123e-01
1.341151446104049683e-01
6.978989392518997192e-02
1.044508665800094604e-01
1.513540595769882202e-01
7.982475310564041138e-02
8.040272444486618042e-02
2.533248662948608398e-01
6.760482490062713623e-02
5.105299875140190125e-02
1.147590801119804382e-01
3.687302470207214355e-01
1.300378143787384033e-01
3.652255609631538391e-02
8.566107600927352905e-02
1.043017208576202393e-01
3.574024438858032227e-01
9.331298470497131348e-01
1.889547258615493774e-01
1.650058627128601074e-01
7.477272152900695801e-01
2.429052144289016724e-01
9.914577007293701172e-02
1.254415214061737061e-01
3.031757846474647522e-02
1.106654331088066101e-01
2.548452615737915039e-01
9.702759236097335815e-02
2.311263792216777802e-02
1.772039532661437988e-01
8.839894086122512817e-02
8.621978759765625000e-02
1.435868442058563232e-01
2.128686308860778809e-01
5.756210684776306152e-01
8.922811597585678101e-02
1.037280336022377014e-01
6.824485957622528076e-02
7.640451192855834961e-01
4.044658243656158447e-01
9.990972280502319336e-02
6.551685184240341187e-02
1.172977909445762634e-01
1.631676256656646729e-01
8.841061592102050781e-01
1.434267014265060425e-01
5.566482543945312500e-01
4.352797567844390869e-01
4.889690503478050232e-02
5.525862798094749451e-02
3.212797641754150391e-01
3.297845721244812012e-01
1.200367417186498642e-02
2.154961228370666504e-02
3.402710556983947754e-01
1.786086410284042358e-01
4.159835577011108398e-01
1.098718643188476562e-01
1.009648516774177551e-01
2.066770382225513458e-02
3.070534169673919678e-01
9.088169038295745850e-02
3.684042766690254211e-02
1.917383261024951935e-02
1.512117683887481689e-01
8.101608604192733765e-02
2.576175518333911896e-02
6.894325464963912964e-02
6.815852969884872437e-02
3.704799339175224304e-02
2.916122414171695709e-02
8.963424712419509888e-02
2.635316736996173859e-02
2.382258325815200806e-01
4.704676270484924316e-01
2.857099771499633789e-01
1.056932210922241211e-01
2.140866369009017944e-01
2.043027877807617188e-01
2.941357195377349854e-01
2.562977746129035950e-02
1.611314341425895691e-02
1.483713835477828979e-01
2.131382822990417480e-01
4.931790530681610107e-01
4.872684925794601440e-02
1.723145097494125366e-01
3.368506431579589844e-01
9.647394716739654541e-02
1.835834383964538574e-01
4.169665649533271790e-02
1.831259876489639282e-01
2.168964743614196777e-01
3.549430668354034424e-01
1.137503534555435181e-01
4.123823046684265137e-01
1.743034124374389648e-01
5.282624959945678711e-01
3.850681185722351074e-01
4.077859222888946533e-01
2.793784141540527344e-01
9.960762411355972290e-02
2.503347694873809814e-01
2.001723647117614746e-01
3.099159598350524902e-01
3.254859149456024170e-01
1.046536117792129517e-01
1.106823831796646118e-01
1.465320885181427002e-01
4.628660678863525391e-01
2.691337466239929199e-01
2.288121879100799561e-01
1.201037392020225525e-01
4.904996752738952637e-01
3.458818197250366211e-01
5.968966484069824219e-01
5.735078454017639160e-01
4.776229262351989746e-01
6.395886838436126709e-02
3.418662846088409424e-01
8.903715759515762329e-02
4.102508425712585449e-01
2.112380117177963257e-01
5.636346340179443359e-01
2.540920972824096680e-01
7.096165418624877930e-02
1.131965070962905884e-01
3.640429973602294922e-01
4.119153618812561035e-01
5.711840391159057617e-01
8.415417373180389404e-02
3.984581232070922852e-01
4.155613481998443604e-01
3.674976229667663574e-01
4.291981458663940430e-01
5.418338179588317871e-01
2.443958520889282227e-01
2.040704488754272461e-01
1.255982816219329834e-01
1.639923453330993652e-01
2.375355064868927002e-01
2.087336927652359009e-01
2.301734834909439087e-01
6.761294603347778320e-02
5.872889161109924316e-01
2.226558923721313477e-01
6.281263232231140137e-01
7.205538153648376465e-01
3.821872472763061523e-01
4.055286645889282227e-01
3.633853197097778320e-01
8.195718377828598022e-02
5.749516487121582031e-01
6.277186274528503418e-01
2.458132654428482056e-01
4.054745435714721680e-01
3.882614895701408386e-02
5.991451907902956009e-03
3.289689496159553528e-02
6.576514244079589844e-02
4.666898865252733231e-03
5.359113216400146484e-03
1.289577484130859375e-01
8.407156169414520264e-02
3.221820667386054993e-02
6.650355458259582520e-01
8.425772190093994141e-03
3.650647103786468506e-01
8.946645259857177734e-02
4.974199458956718445e-02
4.734872654080390930e-02
3.034707391634583473e-03
2.662718892097473145e-01
1.738766431808471680e-01
1.228588912636041641e-02
1.240915432572364807e-01
3.687794134020805359e-02
4.214491695165634155e-02
5.737300515174865723e-01
7.504982501268386841e-02
3.941297531127929688e-02
4.461541771888732910e-02
2.023327630013227463e-03
1.392889618873596191e-01
1.523141399957239628e-03
5.434712171554565430e-01
2.593075158074498177e-03
4.867659509181976318e-02
2.680530771613121033e-02
6.661660037934780121e-03
4.764113109558820724e-03
2.813993254676461220e-03
2.239498868584632874e-02
6.920089125633239746e-01
1.426862180233001709e-02
2.563204430043697357e-02
1.299146469682455063e-02
1.476221252232789993e-02
1.551030576229095459e-01
5.004146695137023926e-02
3.601959720253944397e-02
8.234407752752304077e-03
4.379010573029518127e-02
5.749587714672088623e-02
4.593621473759412766e-03
4.580559954047203064e-02
5.014134198427200317e-02
8.957733958959579468e-02
3.737995401024818420e-02
3.293538000434637070e-03
1.078787520527839661e-01
2.678587101399898529e-02
5.788713321089744568e-02
2.173278182744979858e-01
5.252566188573837280e-02
5.121114850044250488e-02
6.861025094985961914e-02
6.267297547310590744e-03
5.892799794673919678e-02
7.044428493827581406e-04
7.430003955960273743e-03
1.910709775984287262e-02
5.229722708463668823e-02
8.027138561010360718e-02
2.358956784009933472e-01
9.335393086075782776e-03
5.594236254692077637e-01
1.887409761548042297e-02
3.111818805336952209e-02
5.524935200810432434e-03
2.928867340087890625e-01
