5.058702230453491211e-01
4.685634970664978027e-01
4.557345807552337646e-01
4.792432188987731934e-01
4.802206754684448242e-01
4.820313155651092529e-01
4.760217666625976562e-01
4.977967441082000732e-01
4.862545132637023926e-01
4.854978024959564209e-01
4.812254905700683594e-01
4.718348383903503418e-01
4.572153091430664062e-01
4.754365980625152588e-01
4.771542251110076904e-01
4.780882000923156738e-01
4.987601935863494873e-01
4.351392388343811035e-01
4.570166468620300293e-01
4.623103439807891846e-01
4.930619001388549805e-01
4.741953015327453613e-01
4.741213321685791016e-01
4.705273807048797607e-01
4.790606498718261719e-01
4.817598164081573486e-01
4.751957058906555176e-01
4.740091860294342041e-01
4.832848012447357178e-01
4.930183589458465576e-01
4.705527126789093018e-01
4.991039633750915527e-01
4.503408968448638916e-01
4.720591008663177490e-01
4.964084625244140625e-01
4.703429043292999268e-01
4.862635731697082520e-01
4.741753637790679932e-01
4.709112644195556641e-01
4.805892109870910645e-01
4.914172291755676270e-01
4.745953083038330078e-01
4.489646553993225098e-01
4.876717031002044678e-01
4.630549848079681396e-01
4.916499555110931396e-01
4.752596318721771240e-01
4.530060887336730957e-01
4.579955339431762695e-01
4.867441952228546143e-01
4.625001251697540283e-01
4.945354461669921875e-01
4.563794136047363281e-01
4.671494364738464355e-01
4.979845285415649414e-01
4.954430460929870605e-01
4.777599573135375977e-01
5.093607306480407715e-01
4.895876348018646240e-01
4.951075911521911621e-01
4.994603991508483887e-01
4.750621318817138672e-01
4.718166887760162354e-01
4.686851799488067627e-01
4.556989669799804688e-01
4.997842013835906982e-01
4.700360894203186035e-01
4.826429188251495361e-01
4.819924533367156982e-01
4.914437234401702881e-01
5.077212452888488770e-01
4.829078614711761475e-01
4.906099438667297363e-01
4.560970366001129150e-01
4.966821670532226562e-01
4.850328266620635986e-01
4.847071766853332520e-01
4.537265002727508545e-01
4.910233616828918457e-01
4.886625409126281738e-01
4.791221022605895996e-01
5.008877515792846680e-01
4.980506896972656250e-01
4.898918271064758301e-01
4.712255299091339111e-01
5.091347694396972656e-01
4.621040523052215576e-01
4.734264910221099854e-01
4.841721653938293457e-01
4.669269621372222900e-01
4.929589927196502686e-01
4.766891598701477051e-01
4.719802141189575195e-01
4.992882609367370605e-01
4.937456250190734863e-01
4.959648847579956055e-01
4.831262528896331787e-01
4.733348190784454346e-01
4.725225567817687988e-01
4.535555541515350342e-01
4.900195896625518799e-01
4.821392595767974854e-01
4.705004394054412842e-01
4.589960277080535889e-01
4.804146587848663330e-01
4.686486423015594482e-01
4.676354229450225830e-01
4.508004188537597656e-01
4.609999656677246094e-01
4.881884157657623291e-01
4.734425246715545654e-01
4.775218963623046875e-01
4.674963653087615967e-01
4.699148535728454590e-01
4.939940571784973145e-01
4.879948496818542480e-01
4.664601683616638184e-01
4.575901329517364502e-01
4.632621705532073975e-01
4.333299398422241211e-01
4.706881940364837646e-01
4.420540034770965576e-01
4.174998104572296143e-01
4.427746832370758057e-01
4.775410294532775879e-01
4.254082441329956055e-01
4.541629552841186523e-01
4.587335884571075439e-01
4.820716679096221924e-01
4.651948213577270508e-01
4.342191815376281738e-01
4.448298215866088867e-01
4.986533522605895996e-01
4.392026960849761963e-01
4.735857844352722168e-01
4.490522146224975586e-01
4.526075720787048340e-01
4.553067982196807861e-01
4.714604020118713379e-01
4.622473418712615967e-01
4.593608081340789795e-01
4.848704636096954346e-01
4.460299909114837646e-01
4.631100594997406006e-01
4.806328415870666504e-01
4.761125445365905762e-01
4.636639952659606934e-01
4.193754494190216064e-01
4.804879128932952881e-01
4.619061946868896484e-01
4.441461563110351562e-01
4.685166180133819580e-01
4.440784454345703125e-01
4.726639986038208008e-01
4.524421989917755127e-01
4.818003177642822266e-01
4.970039725303649902e-01
4.602669477462768555e-01
4.454587697982788086e-01
4.558108150959014893e-01
4.670851230621337891e-01
4.242386221885681152e-01
4.019487202167510986e-01
4.729762375354766846e-01
4.740752577781677246e-01
4.792204201221466064e-01
4.686488807201385498e-01
4.689927995204925537e-01
5.086249113082885742e-01
4.522454142570495605e-01
4.530790448188781738e-01
4.856203496456146240e-01
4.781210422515869141e-01
4.833225607872009277e-01
4.897299706935882568e-01
4.600454270839691162e-01
4.700071215629577637e-01
4.710596799850463867e-01
4.845132827758789062e-01
4.509413838386535645e-01
4.759230315685272217e-01
4.849204123020172119e-01
4.773633182048797607e-01
4.722796380519866943e-01
4.826871752738952637e-01
4.921646714210510254e-01
3.971484005451202393e-01
4.603300392627716064e-01
4.562973976135253906e-01
4.682751595973968506e-01
4.793914854526519775e-01
4.788647890090942383e-01
4.928500652313232422e-01
4.649719893932342529e-01
4.651907384395599365e-01
4.691332876682281494e-01
4.424534738063812256e-01
4.692381620407104492e-01
4.803233444690704346e-01
4.339623153209686279e-01
4.683213829994201660e-01
4.778803288936614990e-01
4.389584362506866455e-01
4.688777923583984375e-01
4.759108424186706543e-01
4.728121161460876465e-01
