5.098772048950195312e-01
4.870185554027557373e-01
5.454455018043518066e-01
5.114915966987609863e-01
5.153962373733520508e-01
5.219032168388366699e-01
5.439224839210510254e-01
5.040113329887390137e-01
5.099709630012512207e-01
5.558927059173583984e-01
5.285534858703613281e-01
4.909862577915191650e-01
5.051613450050354004e-01
5.145105123519897461e-01
5.299554467201232910e-01
4.640587866306304932e-01
5.241782069206237793e-01
5.261710286140441895e-01
5.293127298355102539e-01
5.241738557815551758e-01
5.107592344284057617e-01
5.254641771316528320e-01
5.161432623863220215e-01
5.158476829528808594e-01
5.267894864082336426e-01
5.257949233055114746e-01
5.032222867012023926e-01
5.066081285476684570e-01
5.232396125793457031e-01
5.066278576850891113e-01
4.735073149204254150e-01
5.119982957839965820e-01
5.366749167442321777e-01
5.443096160888671875e-01
5.027589797973632812e-01
5.147511363029479980e-01
5.004289746284484863e-01
5.107427239418029785e-01
5.287870764732360840e-01
5.292867422103881836e-01
5.256199240684509277e-01
5.411787033081054688e-01
5.453038811683654785e-01
4.981494843959808350e-01
5.025581121444702148e-01
5.124400258064270020e-01
5.452055335044860840e-01
5.106786489486694336e-01
5.024103522300720215e-01
4.925853908061981201e-01
5.184817910194396973e-01
5.164245367050170898e-01
5.144689083099365234e-01
4.583844542503356934e-01
5.445528030395507812e-01
5.032213926315307617e-01
5.091957449913024902e-01
5.135497450828552246e-01
5.073307156562805176e-01
5.490876436233520508e-01
5.465462207794189453e-01
5.396795868873596191e-01
5.289798974990844727e-01
5.068563818931579590e-01
5.456763505935668945e-01
5.002380013465881348e-01
5.121490359306335449e-01
5.423983335494995117e-01
5.338266491889953613e-01
4.836429059505462646e-01
5.406933426856994629e-01
5.083611011505126953e-01
5.109818577766418457e-01
5.213344693183898926e-01
5.203558802604675293e-01
5.201978683471679688e-01
5.755417346954345703e-01
5.680183768272399902e-01
5.004198551177978516e-01
5.858253240585327148e-01
5.860489606857299805e-01
5.682324171066284180e-01
5.847828984260559082e-01
5.216630697250366211e-01
5.817708373069763184e-01
5.795445442199707031e-01
5.207489728927612305e-01
5.771378874778747559e-01
4.773280024528503418e-01
5.010772347450256348e-01
5.297936797142028809e-01
5.235559344291687012e-01
5.695286989212036133e-01
5.218979120254516602e-01
5.824618935585021973e-01
5.673927664756774902e-01
4.973607659339904785e-01
5.707401633262634277e-01
5.799121856689453125e-01
5.540037751197814941e-01
6.026795506477355957e-01
5.726031661033630371e-01
5.475850701332092285e-01
5.885230302810668945e-01
5.646500587463378906e-01
5.388332009315490723e-01
4.421012699604034424e-01
4.943577349185943604e-01
5.780103802680969238e-01
5.758762955665588379e-01
5.651519298553466797e-01
4.979886114597320557e-01
5.614565610885620117e-01
5.739389061927795410e-01
5.311564207077026367e-01
5.862220525741577148e-01
5.416645407676696777e-01
4.682186841964721680e-01
4.937227964401245117e-01
5.342845916748046875e-01
5.916869640350341797e-01
4.813466966152191162e-01
5.911425948143005371e-01
5.636593699455261230e-01
4.940352439880371094e-01
5.947957038879394531e-01
4.943538904190063477e-01
5.237993001937866211e-01
5.611252188682556152e-01
5.786021351814270020e-01
5.981772541999816895e-01
5.897149443626403809e-01
4.981761574745178223e-01
5.754515528678894043e-01
5.275631546974182129e-01
5.123499035835266113e-01
5.751632452011108398e-01
5.947604775428771973e-01
5.023148655891418457e-01
5.904824733734130859e-01
5.728462934494018555e-01
5.023001432418823242e-01
5.621191263198852539e-01
5.790871381759643555e-01
5.095373988151550293e-01
4.892056584358215332e-01
5.871607065200805664e-01
4.707787632942199707e-01
5.625528693199157715e-01
5.667587518692016602e-01
5.184601545333862305e-01
5.478475689888000488e-01
5.232459306716918945e-01
4.910080730915069580e-01
5.194821953773498535e-01
5.549644231796264648e-01
4.796131849288940430e-01
5.135303139686584473e-01
5.186109542846679688e-01
4.823546111583709717e-01
4.912537634372711182e-01
5.563989877700805664e-01
4.884876012802124023e-01
5.223265290260314941e-01
4.902440905570983887e-01
5.165495872497558594e-01
5.184625983238220215e-01
5.345765948295593262e-01
5.107350349426269531e-01
5.221446156501770020e-01
5.304979681968688965e-01
5.461932420730590820e-01
5.596403479576110840e-01
5.660262703895568848e-01
5.195293426513671875e-01
5.455183982849121094e-01
5.417965650558471680e-01
4.948234856128692627e-01
5.621976852416992188e-01
5.600444674491882324e-01
5.525457262992858887e-01
5.524548292160034180e-01
5.579115152359008789e-01
5.689598321914672852e-01
5.615818500518798828e-01
5.541233420372009277e-01
5.664319396018981934e-01
5.591629743576049805e-01
5.603992342948913574e-01
5.597941875457763672e-01
5.527176260948181152e-01
5.659775733947753906e-01
5.525641441345214844e-01
5.538975596427917480e-01
5.592485666275024414e-01
5.604142546653747559e-01
5.412086844444274902e-01
5.334081649780273438e-01
5.566017031669616699e-01
5.424521565437316895e-01
4.564539194107055664e-01
5.673103332519531250e-01
5.447338819503784180e-01
5.658986568450927734e-01
5.200556516647338867e-01
5.473763942718505859e-01
5.701425671577453613e-01
5.644677281379699707e-01
5.597637891769409180e-01
5.554391145706176758e-01
5.439004898071289062e-01
5.650660991668701172e-01
5.644134879112243652e-01
5.691803097724914551e-01
5.617327690124511719e-01
5.753209590911865234e-01
5.606731772422790527e-01
5.690510272979736328e-01
5.605090856552124023e-01
5.707762241363525391e-01
5.558231472969055176e-01
5.547451376914978027e-01
5.592860579490661621e-01
5.632166862487792969e-01
5.616164803504943848e-01
5.558244585990905762e-01
5.671923160552978516e-01
5.547649264335632324e-01
5.484811067581176758e-01
5.675886869430541992e-01
5.485088825225830078e-01
5.659853219985961914e-01
5.537376403808593750e-01
5.638562440872192383e-01
5.597265958786010742e-01
5.570186376571655273e-01
5.681892633438110352e-01
5.393835306167602539e-01
4.319454729557037354e-01
5.462710261344909668e-01
5.353283882141113281e-01
5.517424941062927246e-01
5.684586167335510254e-01
5.017928481101989746e-01
5.059749484062194824e-01
4.613002240657806396e-01
5.341749191284179688e-01
5.032163858413696289e-01
5.419567823410034180e-01
5.445882678031921387e-01
5.003295540809631348e-01
5.252729654312133789e-01
5.296059846878051758e-01
5.456162691116333008e-01
5.389985442161560059e-01
5.047870278358459473e-01
5.239537954330444336e-01
5.097267627716064453e-01
5.210843086242675781e-01
5.138378143310546875e-01
5.053288340568542480e-01
5.300931930541992188e-01
5.141925215721130371e-01
5.381135940551757812e-01
5.026489496231079102e-01
5.137313604354858398e-01
5.198355913162231445e-01
5.260874032974243164e-01
5.260062813758850098e-01
5.195057988166809082e-01
5.086365938186645508e-01
4.845454692840576172e-01
4.604204297065734863e-01
5.421820282936096191e-01
5.090037584304809570e-01
5.316227078437805176e-01
5.077811479568481445e-01
5.306290984153747559e-01
5.336244702339172363e-01
5.050328969955444336e-01
5.118837952613830566e-01
5.227782130241394043e-01
4.852178990840911865e-01
5.276543498039245605e-01
5.155531167984008789e-01
5.294802188873291016e-01
5.337952971458435059e-01
4.897550046443939209e-01
5.453836917877197266e-01
5.299909114837646484e-01
5.148342847824096680e-01
4.985049366950988770e-01
4.882693588733673096e-01
5.030074119567871094e-01
5.296917557716369629e-01
5.292912125587463379e-01
5.228731632232666016e-01
5.294820666313171387e-01
5.328409671783447266e-01
5.203705430030822754e-01
5.494226813316345215e-01
5.270320177078247070e-01
5.261017084121704102e-01
4.929691851139068604e-01
5.071445703506469727e-01
5.296555161476135254e-01
5.251539945602416992e-01
4.970015585422515869e-01
5.411686897277832031e-01
4.839372038841247559e-01
5.421988964080810547e-01
5.153037905693054199e-01
5.209658145904541016e-01
5.178628563880920410e-01
5.184202194213867188e-01
5.255655646324157715e-01
5.363499522209167480e-01
5.241492390632629395e-01
5.490052700042724609e-01
5.514703392982482910e-01
5.530425310134887695e-01
5.565347075462341309e-01
5.593602657318115234e-01
5.214284062385559082e-01
5.467003583908081055e-01
5.009735822677612305e-01
5.299047827720642090e-01
5.989611148834228516e-01
5.517019033432006836e-01
4.637520611286163330e-01
5.717262625694274902e-01
5.191977620124816895e-01
5.339613556861877441e-01
5.294507145881652832e-01
5.294951796531677246e-01
5.258189439773559570e-01
4.979346692562103271e-01
5.449140667915344238e-01
5.756767392158508301e-01
5.262891054153442383e-01
5.516895055770874023e-01
5.837504267692565918e-01
5.333120822906494141e-01
5.253045558929443359e-01
5.583363771438598633e-01
5.291597247123718262e-01
4.917821884155273438e-01
5.277728438377380371e-01
5.565347075462341309e-01
5.152195096015930176e-01
5.187329053878784180e-01
4.874378144741058350e-01
5.167955160140991211e-01
5.132341980934143066e-01
5.115441083908081055e-01
5.340743064880371094e-01
5.287581682205200195e-01
5.252684354782104492e-01
5.338292717933654785e-01
4.813534915447235107e-01
5.366418361663818359e-01
5.134772658348083496e-01
4.905899763107299805e-01
5.365620255470275879e-01
4.856119155883789062e-01
5.420659184455871582e-01
5.297914743423461914e-01
5.327005386352539062e-01
5.199035406112670898e-01
5.664568543434143066e-01
5.342118740081787109e-01
5.160841941833496094e-01
5.233660936355590820e-01
5.351853966712951660e-01
5.104880928993225098e-01
5.054428577423095703e-01
5.549063682556152344e-01
5.154367089271545410e-01
5.195606946945190430e-01
5.046333074569702148e-01
5.188903212547302246e-01
5.314750075340270996e-01
5.134304165840148926e-01
5.389102101325988770e-01
4.953830242156982422e-01
5.266770720481872559e-01
5.194301605224609375e-01
5.356826782226562500e-01
5.453709363937377930e-01
5.068788528442382812e-01
5.215027332305908203e-01
5.154581665992736816e-01
5.081270337104797363e-01
4.991031289100646973e-01
5.190803408622741699e-01
4.910683333873748779e-01
5.183674693107604980e-01
5.181869268417358398e-01
4.379051923751831055e-01
5.410666465759277344e-01
4.862892925739288330e-01
5.075231790542602539e-01
5.074377059936523438e-01
5.267421603202819824e-01
5.251855850219726562e-01
5.262777805328369141e-01
5.167757868766784668e-01
5.416809916496276855e-01
5.099802017211914062e-01
5.209968686103820801e-01
5.204065442085266113e-01
5.178476572036743164e-01
5.151991844177246094e-01
5.445407629013061523e-01
5.341879725456237793e-01
5.510630607604980469e-01
5.298227071762084961e-01
4.925734102725982666e-01
5.038622021675109863e-01
5.182821154594421387e-01
5.177600979804992676e-01
5.226709246635437012e-01
5.053166747093200684e-01
5.184234380722045898e-01
5.356768369674682617e-01
4.957563579082489014e-01
5.150182843208312988e-01
5.178889036178588867e-01
5.518889427185058594e-01
5.108454227447509766e-01
5.057892799377441406e-01
5.155882835388183594e-01
5.232350826263427734e-01
4.739044308662414551e-01
5.254194140434265137e-01
5.185029506683349609e-01
5.541901588439941406e-01
4.761474728584289551e-01
4.886960685253143311e-01
5.297817587852478027e-01
5.059652328491210938e-01
5.346954464912414551e-01
5.332759618759155273e-01
5.130587816238403320e-01
5.300474166870117188e-01
5.135785341262817383e-01
5.096693634986877441e-01
5.344877839088439941e-01
5.170998573303222656e-01
5.215960741043090820e-01
4.982890784740447998e-01
5.141406059265136719e-01
4.888048470020294189e-01
5.073625445365905762e-01
4.990873336791992188e-01
5.326868891716003418e-01
5.142580270767211914e-01
5.069576501846313477e-01
5.313038825988769531e-01
4.831599593162536621e-01
5.136489272117614746e-01
4.632979035377502441e-01
5.418131351470947266e-01
5.549758672714233398e-01
4.952017664909362793e-01
5.153229832649230957e-01
5.112144947052001953e-01
5.382932424545288086e-01
5.071915388107299805e-01
5.193676352500915527e-01
5.185111761093139648e-01
5.036455392837524414e-01
5.107995271682739258e-01
5.130307674407958984e-01
4.919496774673461914e-01
5.115168690681457520e-01
5.012844800949096680e-01
5.135613679885864258e-01
4.819494485855102539e-01
5.184330940246582031e-01
5.246565937995910645e-01
4.998040497303009033e-01
5.193737745285034180e-01
5.163414478302001953e-01
5.136976838111877441e-01
5.619422197341918945e-01
5.554607510566711426e-01
4.691852033138275146e-01
5.405613780021667480e-01
5.480159521102905273e-01
5.252402424812316895e-01
5.144001245498657227e-01
5.101009011268615723e-01
5.485448241233825684e-01
5.327407121658325195e-01
5.453842282295227051e-01
5.447464585304260254e-01
5.192385315895080566e-01
5.214865803718566895e-01
5.167935490608215332e-01
4.235881865024566650e-01
5.265883207321166992e-01
5.150935649871826172e-01
4.325899481773376465e-01
5.196535587310791016e-01
5.434470772743225098e-01
5.096699595451354980e-01
3.787339329719543457e-01
4.206718802452087402e-01
5.276992321014404297e-01
4.894062876701354980e-01
4.730259478092193604e-01
5.104260444641113281e-01
5.266962051391601562e-01
4.473915696144104004e-01
4.325138926506042480e-01
5.538603067398071289e-01
3.576805591583251953e-01
4.480163156986236572e-01
4.241766035556793213e-01
4.233117401599884033e-01
4.334029257297515869e-01
5.086253285408020020e-01
5.156110525131225586e-01
4.867366254329681396e-01
5.131888389587402344e-01
5.294690132141113281e-01
4.680440127849578857e-01
5.268608927726745605e-01
4.767022728919982910e-01
5.273926854133605957e-01
4.429434239864349365e-01
4.914680123329162598e-01
5.307079553604125977e-01
4.672323763370513916e-01
4.258017241954803467e-01
4.289914667606353760e-01
4.346768558025360107e-01
3.712264299392700195e-01
5.062594413757324219e-01
4.604772925376892090e-01
4.547472596168518066e-01
3.576898276805877686e-01
5.037852525711059570e-01
4.005716443061828613e-01
5.072123408317565918e-01
3.630357086658477783e-01
3.552953302860260010e-01
5.415076017379760742e-01
5.175163149833679199e-01
5.074712038040161133e-01
5.062594413757324219e-01
5.496063232421875000e-01
5.135947465896606445e-01
5.189130902290344238e-01
5.118310451507568359e-01
3.726751804351806641e-01
4.682175517082214355e-01
3.977321386337280273e-01
4.912653267383575439e-01
4.582634270191192627e-01
4.232130050659179688e-01
3.966531455516815186e-01
4.502477347850799561e-01
4.239869117736816406e-01
5.293872356414794922e-01
4.878719449043273926e-01
4.612752497196197510e-01
5.171354413032531738e-01
4.772480428218841553e-01
5.051431059837341309e-01
5.149909257888793945e-01
5.555562376976013184e-01
3.721589744091033936e-01
5.060101151466369629e-01
5.381363034248352051e-01
4.453029036521911621e-01
4.503000080585479736e-01
5.504167675971984863e-01
5.074156522750854492e-01
3.930149972438812256e-01
4.314106702804565430e-01
5.001064538955688477e-01
3.724959194660186768e-01
3.849903941154479980e-01
3.758911192417144775e-01
5.580598115921020508e-01
4.575189352035522461e-01
5.457502007484436035e-01
5.414115786552429199e-01
5.480764508247375488e-01
5.523338913917541504e-01
4.314106702804565430e-01
5.587112903594970703e-01
4.132409989833831787e-01
4.264618456363677979e-01
5.459741353988647461e-01
4.132409989833831787e-01
5.174320340156555176e-01
5.145061612129211426e-01
5.066440701484680176e-01
5.001064538955688477e-01
3.900981545448303223e-01
4.326515495777130127e-01
3.860582113265991211e-01
5.453251600265502930e-01
5.352463126182556152e-01
5.366562604904174805e-01
4.073726534843444824e-01
4.575189352035522461e-01
4.551816284656524658e-01
3.398447036743164062e-01
4.551816284656524658e-01
5.382150411605834961e-01
4.033545851707458496e-01
4.832049608230590820e-01
3.724959194660186768e-01
5.611110925674438477e-01
4.834445416927337646e-01
4.409610629081726074e-01
4.274706542491912842e-01
4.132409989833831787e-01
4.033545851707458496e-01
3.726623654365539551e-01
5.325877070426940918e-01
3.880512416362762451e-01
5.503913164138793945e-01
5.325877070426940918e-01
3.860582113265991211e-01
4.832049608230590820e-01
3.398447036743164062e-01
3.771298527717590332e-01
5.426652431488037109e-01
4.811994135379791260e-01
5.310435891151428223e-01
5.410528779029846191e-01
4.105946421623229980e-01
4.834445416927337646e-01
5.313391089439392090e-01
5.001064538955688477e-01
3.915464282035827637e-01
5.299792885780334473e-01
3.940325677394866943e-01
4.073726534843444824e-01
3.961280882358551025e-01
5.571368336677551270e-01
5.166751146316528320e-01
5.435971617698669434e-01
3.628950417041778564e-01
3.849903941154479980e-01
4.968853294849395752e-01
4.927920699119567871e-01
4.422091245651245117e-01
4.727298915386199951e-01
4.849837124347686768e-01
4.382565915584564209e-01
4.727298915386199951e-01
4.532864689826965332e-01
5.261192321777343750e-01
5.093536972999572754e-01
4.772672057151794434e-01
5.262194275856018066e-01
5.279750823974609375e-01
5.028319358825683594e-01
4.814954996109008789e-01
5.356956124305725098e-01
4.715639650821685791e-01
5.175860524177551270e-01
4.812549054622650146e-01
5.319160819053649902e-01
5.600268244743347168e-01
5.085763335227966309e-01
5.588991045951843262e-01
5.313634872436523438e-01
4.899684190750122070e-01
5.401737689971923828e-01
5.301834344863891602e-01
5.376659631729125977e-01
5.641503930091857910e-01
5.614463090896606445e-01
4.782934486865997314e-01
4.566291868686676025e-01
5.189455747604370117e-01
5.603786706924438477e-01
5.571125149726867676e-01
5.339108109474182129e-01
5.686143636703491211e-01
5.654274821281433105e-01
5.488487482070922852e-01
5.025887489318847656e-01
5.399837493896484375e-01
4.353345632553100586e-01
5.587422847747802734e-01
4.170662164688110352e-01
5.541678667068481445e-01
5.531998872756958008e-01
5.452532768249511719e-01
5.340844988822937012e-01
5.225089192390441895e-01
5.724760293960571289e-01
5.424795746803283691e-01
5.622267723083496094e-01
5.461717844009399414e-01
5.578948259353637695e-01
5.532847046852111816e-01
5.563680529594421387e-01
5.539122819900512695e-01
5.632053613662719727e-01
5.515807271003723145e-01
5.590839385986328125e-01
5.183483362197875977e-01
4.721073806285858154e-01
4.829092621803283691e-01
5.507755279541015625e-01
4.859226346015930176e-01
5.623840093612670898e-01
4.812838435173034668e-01
5.722339749336242676e-01
5.502048730850219727e-01
5.493931770324707031e-01
5.473259687423706055e-01
5.140709280967712402e-01
4.793488085269927979e-01
5.307530164718627930e-01
5.671926736831665039e-01
5.277392268180847168e-01
5.326864123344421387e-01
4.829603433609008789e-01
5.520690679550170898e-01
5.129542946815490723e-01
5.321204662322998047e-01
5.455673933029174805e-01
5.580027103424072266e-01
5.379698872566223145e-01
5.145129561424255371e-01
5.707139372825622559e-01
5.267584919929504395e-01
4.778823852539062500e-01
5.627288222312927246e-01
4.763742089271545410e-01
4.981553852558135986e-01
4.475054740905761719e-01
4.311222732067108154e-01
4.751475751399993896e-01
5.037157535552978516e-01
4.583253562450408936e-01
4.185507595539093018e-01
4.980956315994262695e-01
5.199098587036132812e-01
5.152835845947265625e-01
5.104110240936279297e-01
4.078023135662078857e-01
5.038238763809204102e-01
4.485827088356018066e-01
5.155991911888122559e-01
4.855999946594238281e-01
4.930752217769622803e-01
5.070757865905761719e-01
5.169186592102050781e-01
4.790500998497009277e-01
5.388146638870239258e-01
4.910466074943542480e-01
4.852787554264068604e-01
4.853512346744537354e-01
5.010420680046081543e-01
5.143902897834777832e-01
5.259936451911926270e-01
4.950186014175415039e-01
4.179790914058685303e-01
4.564164280891418457e-01
4.386010468006134033e-01
4.929348826408386230e-01
4.442881941795349121e-01
4.706522226333618164e-01
4.459864795207977295e-01
5.249437689781188965e-01
5.400263667106628418e-01
5.340818762779235840e-01
4.575113654136657715e-01
4.488526880741119385e-01
4.476863443851470947e-01
5.189489126205444336e-01
4.419494867324829102e-01
5.210860967636108398e-01
4.468236863613128662e-01
5.235896706581115723e-01
4.646608531475067139e-01
5.003383159637451172e-01
5.209119915962219238e-01
4.500373601913452148e-01
5.067218542098999023e-01
5.493018627166748047e-01
5.058234333992004395e-01
4.296772480010986328e-01
5.244688987731933594e-01
5.313441157341003418e-01
5.390741825103759766e-01
5.222778916358947754e-01
4.532603025436401367e-01
4.613156020641326904e-01
5.062950849533081055e-01
5.390218496322631836e-01
4.886620342731475830e-01
5.312326550483703613e-01
5.214924216270446777e-01
5.289025306701660156e-01
5.307245850563049316e-01
4.325477182865142822e-01
5.314090847969055176e-01
5.326778888702392578e-01
4.799527227878570557e-01
5.052493810653686523e-01
4.985847175121307373e-01
5.235742330551147461e-01
5.308184027671813965e-01
5.086873769760131836e-01
4.603466987609863281e-01
4.391672313213348389e-01
5.187527537345886230e-01
4.756232798099517822e-01
3.901940882205963135e-01
5.263923406600952148e-01
5.414770245552062988e-01
5.252038836479187012e-01
5.046746134757995605e-01
5.098879933357238770e-01
4.838948845863342285e-01
4.499870538711547852e-01
5.097177624702453613e-01
5.068680047988891602e-01
5.179416537284851074e-01
4.438595473766326904e-01
5.442299246788024902e-01
4.337919056415557861e-01
5.378573536872863770e-01
4.431055188179016113e-01
4.568267464637756348e-01
4.756044745445251465e-01
5.254257321357727051e-01
4.907532930374145508e-01
5.158243179321289062e-01
4.901320934295654297e-01
5.347481369972229004e-01
4.757381081581115723e-01
4.032408893108367920e-01
4.697538018226623535e-01
5.109052658081054688e-01
4.855791330337524414e-01
5.219492912292480469e-01
5.325186252593994141e-01
4.951839447021484375e-01
4.338277876377105713e-01
5.120010375976562500e-01
5.143247246742248535e-01
5.156704783439636230e-01
4.880141615867614746e-01
4.438526034355163574e-01
4.841218590736389160e-01
5.081543922424316406e-01
5.351489186286926270e-01
5.365315079689025879e-01
5.342682600021362305e-01
4.759928286075592041e-01
5.190121531486511230e-01
4.769981503486633301e-01
4.463239610195159912e-01
5.230877399444580078e-01
5.364312529563903809e-01
4.792478680610656738e-01
4.606549739837646484e-01
5.153380036354064941e-01
5.272327065467834473e-01
5.257757306098937988e-01
4.907331466674804688e-01
5.092515945434570312e-01
5.207503437995910645e-01
4.877097606658935547e-01
5.068171620368957520e-01
4.993137121200561523e-01
4.963886141777038574e-01
5.004245638847351074e-01
5.289367437362670898e-01
5.196130275726318359e-01
5.265037417411804199e-01
4.205779135227203369e-01
5.189524292945861816e-01
4.714726805686950684e-01
5.346492528915405273e-01
5.055056810379028320e-01
5.074765682220458984e-01
5.338677763938903809e-01
5.114302039146423340e-01
4.319895505905151367e-01
4.406186044216156006e-01
5.189917683601379395e-01
5.137397050857543945e-01
5.257500410079956055e-01
4.962065517902374268e-01
4.944208860397338867e-01
4.882004559040069580e-01
5.168166756629943848e-01
5.239859223365783691e-01
5.209309458732604980e-01
5.155876874923706055e-01
5.061166882514953613e-01
5.150703787803649902e-01
4.497931003570556641e-01
5.161623954772949219e-01
4.791496396064758301e-01
4.609676897525787354e-01
5.063624978065490723e-01
5.151311755180358887e-01
5.282135605812072754e-01
5.282331705093383789e-01
4.396658837795257568e-01
5.173143148422241211e-01
3.905451595783233643e-01
4.716748595237731934e-01
5.234371423721313477e-01
5.290589332580566406e-01
4.958102107048034668e-01
5.193535089492797852e-01
4.518715143203735352e-01
5.110498070716857910e-01
3.966051340103149414e-01
4.121477007865905762e-01
5.074590444564819336e-01
5.181637406349182129e-01
3.441422283649444580e-01
3.976485729217529297e-01
4.082680940628051758e-01
4.320898950099945068e-01
5.066073536872863770e-01
3.987076580524444580e-01
5.052162408828735352e-01
3.590472936630249023e-01
3.977159857749938965e-01
5.080312490463256836e-01
5.119649767875671387e-01
3.568840622901916504e-01
4.231035709381103516e-01
5.180834531784057617e-01
4.180014729499816895e-01
4.574714303016662598e-01
4.663029909133911133e-01
5.140395164489746094e-01
4.404443502426147461e-01
4.013522565364837646e-01
5.197060704231262207e-01
3.878795504570007324e-01
5.098270177841186523e-01
5.041354298591613770e-01
5.201700329780578613e-01
4.545728862285614014e-01
3.751292228698730469e-01
4.038946032524108887e-01
4.476937949657440186e-01
4.686335623264312744e-01
3.614476323127746582e-01
5.451705455780029297e-01
4.258183538913726807e-01
5.180585384368896484e-01
4.097368717193603516e-01
5.296871066093444824e-01
5.488035082817077637e-01
4.209449887275695801e-01
4.831704497337341309e-01
5.134786367416381836e-01
5.400771498680114746e-01
4.524040520191192627e-01
4.086725711822509766e-01
5.298518538475036621e-01
5.286478400230407715e-01
5.078464150428771973e-01
4.584306478500366211e-01
3.474034368991851807e-01
4.721693694591522217e-01
3.560717403888702393e-01
5.065037608146667480e-01
5.037046074867248535e-01
4.622819125652313232e-01
4.340667724609375000e-01
5.113232731819152832e-01
5.209277272224426270e-01
4.613863825798034668e-01
3.365349173545837402e-01
4.924917519092559814e-01
5.180209875106811523e-01
5.106185078620910645e-01
3.820060789585113525e-01
