5.839776992797851562e-01
6.195398569107055664e-01
5.986902117729187012e-01
5.487537980079650879e-01
5.571064949035644531e-01
5.497649312019348145e-01
5.357831716537475586e-01
5.707052946090698242e-01
5.866003036499023438e-01
6.028215289115905762e-01
5.846971273422241211e-01
5.580857396125793457e-01
5.543604493141174316e-01
6.091419458389282227e-01
5.890402793884277344e-01
5.805248618125915527e-01
5.599669814109802246e-01
5.289194583892822266e-01
5.190548300743103027e-01
5.545314550399780273e-01
5.861814022064208984e-01
6.197375059127807617e-01
6.151188015937805176e-01
5.661942958831787109e-01
5.557029843330383301e-01
5.370275974273681641e-01
5.242549777030944824e-01
5.907802581787109375e-01
5.478786826133728027e-01
5.754550695419311523e-01
5.978665947914123535e-01
5.526881814002990723e-01
5.234931707382202148e-01
4.869693517684936523e-01
6.054740548133850098e-01
5.512186288833618164e-01
5.462632179260253906e-01
5.404202342033386230e-01
5.427375435829162598e-01
5.282054543495178223e-01
5.790364146232604980e-01
5.573361515998840332e-01
5.566046237945556641e-01
5.551325082778930664e-01
6.000384688377380371e-01
5.599715709686279297e-01
5.489794611930847168e-01
5.706844925880432129e-01
5.060147643089294434e-01
5.466212034225463867e-01
5.885297656059265137e-01
5.240774154663085938e-01
5.845143198966979980e-01
5.337323546409606934e-01
5.607010126113891602e-01
6.025603413581848145e-01
5.589022636413574219e-01
6.070051789283752441e-01
6.069112420082092285e-01
6.088241934776306152e-01
5.306271314620971680e-01
5.787655115127563477e-01
5.886873006820678711e-01
5.663979053497314453e-01
5.379593372344970703e-01
4.724076092243194580e-01
5.509835481643676758e-01
5.362759828567504883e-01
5.810236334800720215e-01
6.056122779846191406e-01
5.697785615921020508e-01
5.899366140365600586e-01
5.723731517791748047e-01
6.021896004676818848e-01
5.581264495849609375e-01
5.076488852500915527e-01
5.794900655746459961e-01
5.908046364784240723e-01
5.111335515975952148e-01
5.755386948585510254e-01
5.799240469932556152e-01
5.675883889198303223e-01
5.803235173225402832e-01
5.505076646804809570e-01
5.745957493782043457e-01
5.719780921936035156e-01
5.128307342529296875e-01
5.728009939193725586e-01
5.118011832237243652e-01
5.137612223625183105e-01
5.051602125167846680e-01
5.056203007698059082e-01
5.746511220932006836e-01
5.002051591873168945e-01
5.741751194000244141e-01
5.891361832618713379e-01
5.095389485359191895e-01
5.611696243286132812e-01
5.696564912796020508e-01
5.550742149353027344e-01
5.841248035430908203e-01
5.896182060241699219e-01
5.759463310241699219e-01
5.823367834091186523e-01
5.680550932884216309e-01
5.313361883163452148e-01
5.299393534660339355e-01
5.093319416046142578e-01
5.815241336822509766e-01
5.752961039543151855e-01
5.670846104621887207e-01
5.471650362014770508e-01
5.785947442054748535e-01
5.593055486679077148e-01
5.591496825218200684e-01
5.823582410812377930e-01
5.590940713882446289e-01
5.091041326522827148e-01
5.077240467071533203e-01
5.455051660537719727e-01
5.815204977989196777e-01
5.104201436042785645e-01
5.741518735885620117e-01
5.735792517662048340e-01
5.067393779754638672e-01
5.811320543289184570e-01
5.082235932350158691e-01
5.145223140716552734e-01
5.747218728065490723e-01
5.715382695198059082e-01
5.933452844619750977e-01
5.641576647758483887e-01
5.110691785812377930e-01
5.834861397743225098e-01
5.099418163299560547e-01
5.102450251579284668e-01
5.802781581878662109e-01
5.843294858932495117e-01
5.087041258811950684e-01
5.742980837821960449e-01
5.792281031608581543e-01
5.098682045936584473e-01
5.550197362899780273e-01
5.814867019653320312e-01
5.105065703392028809e-01
5.149469375610351562e-01
5.732193589210510254e-01
5.179239511489868164e-01
5.813328623771667480e-01
5.822176337242126465e-01
4.770366847515106201e-01
5.162784457206726074e-01
4.854601621627807617e-01
4.905517101287841797e-01
4.986971020698547363e-01
5.103949904441833496e-01
5.070609450340270996e-01
4.840274453163146973e-01
4.830805063247680664e-01
4.937576055526733398e-01
4.857869446277618408e-01
4.925436973571777344e-01
5.342431664466857910e-01
5.000715255737304688e-01
5.203775763511657715e-01
4.818274378776550293e-01
5.053673982620239258e-01
5.025767683982849121e-01
4.864867627620697021e-01
4.972969591617584229e-01
5.208278894424438477e-01
5.159040093421936035e-01
4.889047443866729736e-01
5.065041780471801758e-01
4.900144338607788086e-01
4.954041540622711182e-01
4.868081510066986084e-01
4.830695986747741699e-01
5.069309473037719727e-01
5.081313848495483398e-01
5.205543041229248047e-01
5.056322216987609863e-01
5.138140916824340820e-01
5.233790278434753418e-01
5.052438378334045410e-01
4.883666634559631348e-01
5.080839395523071289e-01
5.183097720146179199e-01
5.411316752433776855e-01
5.009381771087646484e-01
5.456287860870361328e-01
5.119115710258483887e-01
4.983826875686645508e-01
4.948860704898834229e-01
5.057396292686462402e-01
4.999107420444488525e-01
4.895160794258117676e-01
4.858143031597137451e-01
4.999369978904724121e-01
4.998590052127838135e-01
4.735494256019592285e-01
5.167688727378845215e-01
5.049233436584472656e-01
4.939177334308624268e-01
4.908288717269897461e-01
4.842992722988128662e-01
5.166094899177551270e-01
5.036868453025817871e-01
5.117018818855285645e-01
5.069438815116882324e-01
5.083312392234802246e-01
5.013296604156494141e-01
5.069380998611450195e-01
5.141635537147521973e-01
5.324759483337402344e-01
5.203191637992858887e-01
5.063775777816772461e-01
4.996154904365539551e-01
5.004450678825378418e-01
5.020399689674377441e-01
5.159903764724731445e-01
5.361184477806091309e-01
5.112742185592651367e-01
5.050491690635681152e-01
5.179421901702880859e-01
5.014682412147521973e-01
5.001460313796997070e-01
5.005927681922912598e-01
5.042731165885925293e-01
4.993026554584503174e-01
4.986854791641235352e-01
4.976333975791931152e-01
5.109487771987915039e-01
5.278359055519104004e-01
4.895181357860565186e-01
5.351699590682983398e-01
5.050961375236511230e-01
5.111764073371887207e-01
4.654246270656585693e-01
5.140385031700134277e-01
5.153734683990478516e-01
4.896870851516723633e-01
5.081303715705871582e-01
5.054697394371032715e-01
5.326253771781921387e-01
4.900792539119720459e-01
6.304425597190856934e-01
6.136977076530456543e-01
6.315974593162536621e-01
5.366083383560180664e-01
5.153597593307495117e-01
6.299270987510681152e-01
5.688201189041137695e-01
6.280730366706848145e-01
4.768885076045989990e-01
6.227005124092102051e-01
6.288399100303649902e-01
5.738260149955749512e-01
6.271239519119262695e-01
6.214601397514343262e-01
6.323770284652709961e-01
6.246621608734130859e-01
5.198823809623718262e-01
4.951576888561248779e-01
5.177333354949951172e-01
6.250188350677490234e-01
6.298748850822448730e-01
6.386250257492065430e-01
4.935491383075714111e-01
6.251754760742187500e-01
6.254473924636840820e-01
6.471851468086242676e-01
5.306608676910400391e-01
6.009993553161621094e-01
6.373581290245056152e-01
6.221745610237121582e-01
6.292873620986938477e-01
6.277531981468200684e-01
6.341487169265747070e-01
6.287682652473449707e-01
6.282248497009277344e-01
6.269205212593078613e-01
5.594071149826049805e-01
5.140079259872436523e-01
5.070047974586486816e-01
6.336481571197509766e-01
6.321148872375488281e-01
6.459708213806152344e-01
6.289783716201782227e-01
6.313827633857727051e-01
6.261740326881408691e-01
6.408469080924987793e-01
5.281877517700195312e-01
5.055864453315734863e-01
6.222790479660034180e-01
6.260208487510681152e-01
6.325510740280151367e-01
6.267607212066650391e-01
6.280614733695983887e-01
6.214432716369628906e-01
6.264414787292480469e-01
6.321911811828613281e-01
6.299968957901000977e-01
4.998904764652252197e-01
4.939864873886108398e-01
6.344582438468933105e-01
5.645217299461364746e-01
5.223924517631530762e-01
6.313822865486145020e-01
6.357635855674743652e-01
5.557699203491210938e-01
6.229907870292663574e-01
4.912492632865905762e-01
6.339322924613952637e-01
6.285334229469299316e-01
6.270702481269836426e-01
5.128533244132995605e-01
6.299924850463867188e-01
6.298785805702209473e-01
5.158064961433410645e-01
5.056519508361816406e-01
6.415452957153320312e-01
5.102036595344543457e-01
6.359141469001770020e-01
4.889722168445587158e-01
5.410289168357849121e-01
6.383293867111206055e-01
5.198711156845092773e-01
5.613066554069519043e-01
6.298012137413024902e-01
6.008564829826354980e-01
5.597736835479736328e-01
5.050412416458129883e-01
5.887596011161804199e-01
5.334984064102172852e-01
6.383249163627624512e-01
6.423788070678710938e-01
5.095337033271789551e-01
5.392289757728576660e-01
5.460868477821350098e-01
6.383668184280395508e-01
5.106721520423889160e-01
5.284812450408935547e-01
6.256047487258911133e-01
5.218185782432556152e-01
5.341904759407043457e-01
5.545627474784851074e-01
6.333585977554321289e-01
6.415452957153320312e-01
5.395783782005310059e-01
6.300351023674011230e-01
5.329492092132568359e-01
6.456655263900756836e-01
5.515658855438232422e-01
5.255843997001647949e-01
4.825166463851928711e-01
5.215739011764526367e-01
5.359866023063659668e-01
6.407445669174194336e-01
5.296532511711120605e-01
5.029195547103881836e-01
5.183836817741394043e-01
5.174024105072021484e-01
5.088005661964416504e-01
5.791211724281311035e-01
5.494947433471679688e-01
4.968688488006591797e-01
4.969780743122100830e-01
4.624672234058380127e-01
4.826582968235015869e-01
5.090048313140869141e-01
4.919688403606414795e-01
4.957367777824401855e-01
4.763030409812927246e-01
4.974817037582397461e-01
4.739537537097930908e-01
5.007342100143432617e-01
5.005170106887817383e-01
4.682163894176483154e-01
4.822227954864501953e-01
5.088292956352233887e-01
4.650039970874786377e-01
5.081715583801269531e-01
5.011425614356994629e-01
4.604173004627227783e-01
5.014383196830749512e-01
4.736606478691101074e-01
5.032424926757812500e-01
5.124782919883728027e-01
4.976286590099334717e-01
4.947585761547088623e-01
5.061492323875427246e-01
4.694734513759613037e-01
4.538078010082244873e-01
4.932243525981903076e-01
4.811096787452697754e-01
4.859859943389892578e-01
5.225964784622192383e-01
4.885257184505462646e-01
4.967133402824401855e-01
4.916389286518096924e-01
4.864517748355865479e-01
5.197303295135498047e-01
4.989736378192901611e-01
4.850478768348693848e-01
4.960629940032958984e-01
4.790335893630981445e-01
4.882028996944427490e-01
5.007264614105224609e-01
4.977252185344696045e-01
4.792895019054412842e-01
4.696722328662872314e-01
4.678344726562500000e-01
4.966367483139038086e-01
5.049398541450500488e-01
5.119475126266479492e-01
5.009856820106506348e-01
4.748566150665283203e-01
4.930239915847778320e-01
5.719858407974243164e-01
4.844062924385070801e-01
5.437859892845153809e-01
4.755280613899230957e-01
4.919803142547607422e-01
4.863593876361846924e-01
4.587076604366302490e-01
5.701926350593566895e-01
5.919615626335144043e-01
6.169641613960266113e-01
4.769068360328674316e-01
5.717640519142150879e-01
5.710421204566955566e-01
6.066051125526428223e-01
6.028445363044738770e-01
5.583887100219726562e-01
5.963290929794311523e-01
6.165916919708251953e-01
5.940220355987548828e-01
5.927579402923583984e-01
5.647378563880920410e-01
5.656601190567016602e-01
5.499447584152221680e-01
5.883551836013793945e-01
5.613662600517272949e-01
5.940490961074829102e-01
5.828145742416381836e-01
5.493896603584289551e-01
5.422958731651306152e-01
5.792402029037475586e-01
5.922743678092956543e-01
6.296317577362060547e-01
5.465034246444702148e-01
5.904765725135803223e-01
3.600167632102966309e-01
6.034995317459106445e-01
6.187317967414855957e-01
5.637484788894653320e-01
6.095939874649047852e-01
5.720120668411254883e-01
5.814674496650695801e-01
5.818951129913330078e-01
5.991168022155761719e-01
5.777340531349182129e-01
5.448122024536132812e-01
6.111970543861389160e-01
5.683311223983764648e-01
5.152236223220825195e-01
5.882090330123901367e-01
5.622548460960388184e-01
6.125552058219909668e-01
4.568760991096496582e-01
6.294715404510498047e-01
5.934975147247314453e-01
5.634609460830688477e-01
5.894017219543457031e-01
6.482815742492675781e-01
6.096741557121276855e-01
6.103718876838684082e-01
6.037204861640930176e-01
5.946221351623535156e-01
5.697709918022155762e-01
6.140391826629638672e-01
5.881952047348022461e-01
6.155474781990051270e-01
5.833783149719238281e-01
5.986533164978027344e-01
6.206781268119812012e-01
6.024685502052307129e-01
6.081176400184631348e-01
5.932742357254028320e-01
5.640439987182617188e-01
5.799385905265808105e-01
5.523707866668701172e-01
5.545033216476440430e-01
5.122386217117309570e-01
5.634458065032958984e-01
4.790201783180236816e-01
5.833421349525451660e-01
5.910416245460510254e-01
5.449397563934326172e-01
4.314104914665222168e-01
3.927253186702728271e-01
4.293576776981353760e-01
5.341466069221496582e-01
3.610043823719024658e-01
3.802883028984069824e-01
5.461631417274475098e-01
3.608299195766448975e-01
4.174849092960357666e-01
5.358309149742126465e-01
3.578951954841613770e-01
4.285331368446350098e-01
5.398163795471191406e-01
3.531712889671325684e-01
3.754968345165252686e-01
3.639959990978240967e-01
4.783260226249694824e-01
4.962993264198303223e-01
5.247800350189208984e-01
4.297449588775634766e-01
4.197100400924682617e-01
4.493067264556884766e-01
3.981197774410247803e-01
4.444113969802856445e-01
3.930864632129669189e-01
5.005421638488769531e-01
3.966691195964813232e-01
4.343420565128326416e-01
4.242713749408721924e-01
3.579226136207580566e-01
5.507593750953674316e-01
3.607701063156127930e-01
3.767001926898956299e-01
3.909124135971069336e-01
4.865559637546539307e-01
5.289461016654968262e-01
5.711144208908081055e-01
5.502074360847473145e-01
5.242558121681213379e-01
3.866360187530517578e-01
5.337756872177124023e-01
3.900721967220306396e-01
4.307547807693481445e-01
5.377790927886962891e-01
4.835449755191802979e-01
3.778996765613555908e-01
4.050973951816558838e-01
3.782109916210174561e-01
3.890879154205322266e-01
4.247373342514038086e-01
4.372783601284027100e-01
5.167605280876159668e-01
5.316734910011291504e-01
4.226402640342712402e-01
3.982456326484680176e-01
4.366747140884399414e-01
5.368382930755615234e-01
3.575122654438018799e-01
3.653802275657653809e-01
5.656910538673400879e-01
5.330621600151062012e-01
3.486805558204650879e-01
3.665512204170227051e-01
3.554799258708953857e-01
5.303400158882141113e-01
3.667147159576416016e-01
4.033458232879638672e-01
5.511739850044250488e-01
3.617469966411590576e-01
3.778800666332244873e-01
5.495489239692687988e-01
3.953871130943298340e-01
3.705623745918273926e-01
3.686869740486145020e-01
5.272727012634277344e-01
5.166923999786376953e-01
4.772512912750244141e-01
4.791571497917175293e-01
5.153757333755493164e-01
4.779051542282104492e-01
4.737318158149719238e-01
4.999009072780609131e-01
4.835038483142852783e-01
5.160722136497497559e-01
5.392708182334899902e-01
4.757426381111145020e-01
5.078877806663513184e-01
4.729238450527191162e-01
5.146533250808715820e-01
5.011118650436401367e-01
5.358161926269531250e-01
5.231296420097351074e-01
4.846211671829223633e-01
5.061417222023010254e-01
4.866413176059722900e-01
4.891688525676727295e-01
5.128597617149353027e-01
5.271958112716674805e-01
4.743425846099853516e-01
4.783591926097869873e-01
4.626719057559967041e-01
4.728921949863433838e-01
4.828743338584899902e-01
4.779531359672546387e-01
4.854160547256469727e-01
5.014636516571044922e-01
5.352565646171569824e-01
5.197269916534423828e-01
4.881125092506408691e-01
4.701806604862213135e-01
4.872244596481323242e-01
5.027838349342346191e-01
4.853005409240722656e-01
4.851021766662597656e-01
5.357785224914550781e-01
4.777770042419433594e-01
4.948321282863616943e-01
4.944063425064086914e-01
5.006129741668701172e-01
4.919724166393280029e-01
4.819187819957733154e-01
4.980408847332000732e-01
4.835144281387329102e-01
4.933542609214782715e-01
5.068540573120117188e-01
4.798914492130279541e-01
5.205730795860290527e-01
5.086176991462707520e-01
4.821309447288513184e-01
4.778919219970703125e-01
4.773359298706054688e-01
5.301435589790344238e-01
5.024106502532958984e-01
4.760930836200714111e-01
5.038989186286926270e-01
5.128229260444641113e-01
4.716446697711944580e-01
4.726568460464477539e-01
5.065345168113708496e-01
4.685097336769104004e-01
4.774698019027709961e-01
5.114331841468811035e-01
4.794595539569854736e-01
4.824372828006744385e-01
5.031306743621826172e-01
5.105256438255310059e-01
4.667130112648010254e-01
5.285558700561523438e-01
4.903159737586975098e-01
4.816865622997283936e-01
4.778410196304321289e-01
5.058596134185791016e-01
4.838535785675048828e-01
4.962478876113891602e-01
4.966011345386505127e-01
5.008769631385803223e-01
4.664967358112335205e-01
4.657839238643646240e-01
4.612538516521453857e-01
4.756233990192413330e-01
4.965373873710632324e-01
4.919457733631134033e-01
4.695986509323120117e-01
4.785009026527404785e-01
4.804738461971282959e-01
4.679629206657409668e-01
4.898630678653717041e-01
4.854008257389068604e-01
4.828351438045501709e-01
4.869895875453948975e-01
5.135800242424011230e-01
5.203508734703063965e-01
4.867010414600372314e-01
5.080574750900268555e-01
5.031477212905883789e-01
5.203988552093505859e-01
5.013839602470397949e-01
4.802001714706420898e-01
4.977583587169647217e-01
4.881483018398284912e-01
5.040565729141235352e-01
4.895203113555908203e-01
4.797778129577636719e-01
5.066249370574951172e-01
4.876136183738708496e-01
4.864408373832702637e-01
5.088768601417541504e-01
5.035151839256286621e-01
5.125919580459594727e-01
4.873410761356353760e-01
4.957910478115081787e-01
5.034679770469665527e-01
4.944330155849456787e-01
5.326040983200073242e-01
4.959971904754638672e-01
4.899045825004577637e-01
4.834237098693847656e-01
5.048226714134216309e-01
4.884203672409057617e-01
4.719636440277099609e-01
5.132324099540710449e-01
5.001954436302185059e-01
4.982421398162841797e-01
5.176558494567871094e-01
4.916308522224426270e-01
5.013374686241149902e-01
4.903059899806976318e-01
5.074570775032043457e-01
5.255959630012512207e-01
5.062274336814880371e-01
5.069530606269836426e-01
4.899313747882843018e-01
5.066550374031066895e-01
5.196045041084289551e-01
5.079948902130126953e-01
4.987120628356933594e-01
5.108763575553894043e-01
5.293862819671630859e-01
4.968820810317993164e-01
5.040271282196044922e-01
5.066288113594055176e-01
5.246366858482360840e-01
5.046733617782592773e-01
4.925077557563781738e-01
4.909761250019073486e-01
5.005729794502258301e-01
4.905890822410583496e-01
4.932002425193786621e-01
4.895517230033874512e-01
4.966006577014923096e-01
4.963985979557037354e-01
5.019649267196655273e-01
5.010343790054321289e-01
4.952635169029235840e-01
5.035845637321472168e-01
5.087844133377075195e-01
4.981685280799865723e-01
4.953324794769287109e-01
5.068045854568481445e-01
5.004365444183349609e-01
5.033416748046875000e-01
5.071462392807006836e-01
5.032130479812622070e-01
4.915587306022644043e-01
4.703783988952636719e-01
5.207883119583129883e-01
4.703796207904815674e-01
4.665817618370056152e-01
4.917309284210205078e-01
4.707405567169189453e-01
4.864463508129119873e-01
5.101247429847717285e-01
4.982878267765045166e-01
4.793567955493927002e-01
4.789965450763702393e-01
4.851719737052917480e-01
5.628532171249389648e-01
4.903784990310668945e-01
4.912975430488586426e-01
5.214565396308898926e-01
6.200200915336608887e-01
4.893840253353118896e-01
4.732014238834381104e-01
4.856507182121276855e-01
4.852687418460845947e-01
5.176444053649902344e-01
4.703729152679443359e-01
4.857204556465148926e-01
4.995585978031158447e-01
4.865088164806365967e-01
4.896942377090454102e-01
5.041122436523437500e-01
5.096315145492553711e-01
4.972929358482360840e-01
5.664549469947814941e-01
4.777049720287322998e-01
4.920826554298400879e-01
4.781131446361541748e-01
4.839053750038146973e-01
4.979720413684844971e-01
4.855855107307434082e-01
4.774127602577209473e-01
5.162929296493530273e-01
5.106161236763000488e-01
4.957451522350311279e-01
4.941061437129974365e-01
4.679097235202789307e-01
4.782048463821411133e-01
4.756035506725311279e-01
4.800090789794921875e-01
4.919620454311370850e-01
5.416882634162902832e-01
5.177382826805114746e-01
4.513028562068939209e-01
5.025862455368041992e-01
4.979072511196136475e-01
4.780213832855224609e-01
4.931937456130981445e-01
4.863390922546386719e-01
5.314884185791015625e-01
4.685864150524139404e-01
4.967608749866485596e-01
5.309714078903198242e-01
5.070782303810119629e-01
5.339260101318359375e-01
4.796034693717956543e-01
5.068140625953674316e-01
4.824619889259338379e-01
4.837165176868438721e-01
5.199602842330932617e-01
5.061165690422058105e-01
5.259993672370910645e-01
4.992170631885528564e-01
4.724842309951782227e-01
4.849538803100585938e-01
4.995326697826385498e-01
5.111029148101806641e-01
4.868710935115814209e-01
5.115559697151184082e-01
5.113860368728637695e-01
4.888552725315093994e-01
5.019573569297790527e-01
5.292760133743286133e-01
5.106523633003234863e-01
5.224391818046569824e-01
4.781200289726257324e-01
4.854477047920227051e-01
5.158393383026123047e-01
5.396248102188110352e-01
5.098173618316650391e-01
5.425463318824768066e-01
5.309999585151672363e-01
5.290691852569580078e-01
4.918384552001953125e-01
5.118368864059448242e-01
5.182980895042419434e-01
5.102813839912414551e-01
5.133308768272399902e-01
4.898997843265533447e-01
5.338696241378784180e-01
5.067850351333618164e-01
4.961394667625427246e-01
6.259628534317016602e-01
4.972372949123382568e-01
4.886556565761566162e-01
5.048093795776367188e-01
4.988284111022949219e-01
5.236390233039855957e-01
5.194145441055297852e-01
4.945716559886932373e-01
4.724644422531127930e-01
5.362206697463989258e-01
4.981262683868408203e-01
5.048230886459350586e-01
4.750298857688903809e-01
5.103638768196105957e-01
5.491185784339904785e-01
4.867779910564422607e-01
5.105660557746887207e-01
5.318677425384521484e-01
4.824417233467102051e-01
4.984693527221679688e-01
4.972557425498962402e-01
5.166293978691101074e-01
5.424903035163879395e-01
4.938731193542480469e-01
4.605306386947631836e-01
4.958259165287017822e-01
4.553910791873931885e-01
4.943810403347015381e-01
4.473052024841308594e-01
4.620659649372100830e-01
4.788798987865447998e-01
4.697884321212768555e-01
5.020967125892639160e-01
4.950534701347351074e-01
4.722730815410614014e-01
4.950506687164306641e-01
4.718953371047973633e-01
4.912835061550140381e-01
4.669538736343383789e-01
5.055283904075622559e-01
4.638311862945556641e-01
4.774954319000244141e-01
4.955795705318450928e-01
4.530923664569854736e-01
4.577407836914062500e-01
4.930440485477447510e-01
4.884915947914123535e-01
4.450940787792205811e-01
5.071129798889160156e-01
4.653693437576293945e-01
4.991120398044586182e-01
4.570456147193908691e-01
4.652053117752075195e-01
4.824657440185546875e-01
4.667749702930450439e-01
4.563000798225402832e-01
5.006134510040283203e-01
4.587840735912322998e-01
4.544614851474761963e-01
4.768989086151123047e-01
4.556187391281127930e-01
4.669324755668640137e-01
4.784772694110870361e-01
4.924982786178588867e-01
4.519617557525634766e-01
4.447271823883056641e-01
4.734733998775482178e-01
4.715045988559722900e-01
4.914392828941345215e-01
4.864125251770019531e-01
4.840357601642608643e-01
4.864632785320281982e-01
5.039561390876770020e-01
4.723660051822662354e-01
4.619201719760894775e-01
4.838106930255889893e-01
4.488357007503509521e-01
4.879364967346191406e-01
4.903104603290557861e-01
4.914462566375732422e-01
4.434800446033477783e-01
4.912779927253723145e-01
4.433822631835937500e-01
4.437387585639953613e-01
3.415034711360931396e-01
3.762930929660797119e-01
5.498902201652526855e-01
4.359162151813507080e-01
3.748308420181274414e-01
4.169200360774993896e-01
3.803854584693908691e-01
5.041454434394836426e-01
3.767617642879486084e-01
3.721655905246734619e-01
3.748529851436614990e-01
4.088222682476043701e-01
5.274298787117004395e-01
4.580752849578857422e-01
3.997237682342529297e-01
5.399249792098999023e-01
4.057155251502990723e-01
3.591597378253936768e-01
5.502211451530456543e-01
5.426937937736511230e-01
5.366733074188232422e-01
3.862687647342681885e-01
4.078338146209716797e-01
4.228259027004241943e-01
4.035183787345886230e-01
5.512799620628356934e-01
5.294134020805358887e-01
4.665803909301757812e-01
4.353980123996734619e-01
4.214461445808410645e-01
4.964312613010406494e-01
3.915236890316009521e-01
3.729873299598693848e-01
4.129257500171661377e-01
4.402838349342346191e-01
4.026899337768554688e-01
3.529319465160369873e-01
4.564141035079956055e-01
5.483152866363525391e-01
5.099774599075317383e-01
4.264294803142547607e-01
5.304518342018127441e-01
5.055160522460937500e-01
4.184222817420959473e-01
4.047703146934509277e-01
4.750817716121673584e-01
4.445264041423797607e-01
3.956229686737060547e-01
4.538681507110595703e-01
4.354953765869140625e-01
3.929143548011779785e-01
4.035896658897399902e-01
3.591243028640747070e-01
5.160182118415832520e-01
4.089995324611663818e-01
3.672900497913360596e-01
4.532052874565124512e-01
4.955920875072479248e-01
4.381688535213470459e-01
4.536298811435699463e-01
5.668064355850219727e-01
4.223079085350036621e-01
4.443593025207519531e-01
3.571062386035919189e-01
4.065699875354766846e-01
4.665985703468322754e-01
5.083392262458801270e-01
4.842375516891479492e-01
3.565942049026489258e-01
4.791969954967498779e-01
4.177542328834533691e-01
3.945088088512420654e-01
3.770541846752166748e-01
