9.985632300376892090e-01
9.999991655349731445e-01
8.848164677619934082e-01
5.112265348434448242e-01
5.112265348434448242e-01
9.574040770530700684e-01
5.112265348434448242e-01
5.112265348434448242e-01
5.112265348434448242e-01
9.998925924301147461e-01
9.960252046585083008e-01
5.112265348434448242e-01
9.848557114601135254e-01
9.415233731269836426e-01
5.112265348434448242e-01
5.112265348434448242e-01
9.937199354171752930e-01
9.907026290893554688e-01
5.015689730644226074e-01
9.609929323196411133e-01
5.112265348434448242e-01
9.182527661323547363e-01
5.112265348434448242e-01
9.976592063903808594e-01
5.112265348434448242e-01
8.689504861831665039e-01
9.702995419502258301e-01
9.999797344207763672e-01
9.725301265716552734e-01
5.112265348434448242e-01
9.998688697814941406e-01
5.101081132888793945e-01
9.780310988426208496e-01
9.986100196838378906e-01
9.557721018791198730e-01
9.295803904533386230e-01
7.595316171646118164e-01
9.965491294860839844e-01
5.112265348434448242e-01
9.021760821342468262e-01
5.112265348434448242e-01
5.112265348434448242e-01
6.299533843994140625e-01
5.112095475196838379e-01
5.112265348434448242e-01
5.112265348434448242e-01
5.112265348434448242e-01
5.112265348434448242e-01
6.222417950630187988e-01
5.112265348434448242e-01
9.924224019050598145e-01
5.112265348434448242e-01
5.112265348434448242e-01
9.962526559829711914e-01
5.112265348434448242e-01
5.112265348434448242e-01
9.941917061805725098e-01
5.112265348434448242e-01
5.112265348434448242e-01
9.966944456100463867e-01
9.911740422248840332e-01
9.995790123939514160e-01
6.425917744636535645e-01
5.112265348434448242e-01
8.415543437004089355e-01
3.491902947425842285e-01
5.112265348434448242e-01
9.247298240661621094e-01
5.112265348434448242e-01
5.112265348434448242e-01
6.125004291534423828e-01
8.711575865745544434e-01
5.112265348434448242e-01
5.112265348434448242e-01
9.263107180595397949e-01
3.491902947425842285e-01
3.491902947425842285e-01
3.491902947425842285e-01
9.962736368179321289e-01
3.491902947425842285e-01
3.491902947425842285e-01
8.856172561645507812e-01
3.491902947425842285e-01
3.491902947425842285e-01
3.491902947425842285e-01
3.491902947425842285e-01
9.999723434448242188e-01
3.491902947425842285e-01
9.988034963607788086e-01
3.491902947425842285e-01
9.982617497444152832e-01
9.993983507156372070e-01
3.491902947425842285e-01
9.760472774505615234e-01
9.964529275894165039e-01
9.998855590820312500e-01
9.468819499015808105e-01
9.890543222427368164e-01
3.491902947425842285e-01
3.491902947425842285e-01
3.491902947425842285e-01
9.991526603698730469e-01
3.491902947425842285e-01
3.491902947425842285e-01
9.629697799682617188e-01
9.969563484191894531e-01
9.999722242355346680e-01
3.491902947425842285e-01
3.491902947425842285e-01
3.491902947425842285e-01
9.815047383308410645e-01
3.491902947425842285e-01
3.491902947425842285e-01
3.491902947425842285e-01
9.995332956314086914e-01
3.491902947425842285e-01
3.491902947425842285e-01
9.993224143981933594e-01
9.095613956451416016e-01
9.999930858612060547e-01
8.773484826087951660e-01
9.994789958000183105e-01
9.373340010643005371e-01
3.491902947425842285e-01
9.977335929870605469e-01
3.491902947425842285e-01
9.951671361923217773e-01
3.491902947425842285e-01
9.761714339256286621e-01
9.999674558639526367e-01
9.996984004974365234e-01
9.851585030555725098e-01
9.964141249656677246e-01
3.491902947425842285e-01
9.999492168426513672e-01
3.491902947425842285e-01
9.968082308769226074e-01
9.950340986251831055e-01
9.983415603637695312e-01
9.849466085433959961e-01
3.491902947425842285e-01
9.998475313186645508e-01
9.690421223640441895e-01
3.491902947425842285e-01
9.998880624771118164e-01
3.491902947425842285e-01
3.491902947425842285e-01
3.491902947425842285e-01
9.802693724632263184e-01
9.962002635002136230e-01
9.472433328628540039e-01
3.491902947425842285e-01
9.489317536354064941e-01
3.491902947425842285e-01
8.658254742622375488e-01
7.600896954536437988e-01
9.843469858169555664e-01
9.703521728515625000e-01
7.412865161895751953e-01
3.491902947425842285e-01
3.491902947425842285e-01
3.491902947425842285e-01
3.491902947425842285e-01
9.637523889541625977e-01
7.844664454460144043e-01
8.504164218902587891e-01
3.491902947425842285e-01
3.491902947425842285e-01
9.851197600364685059e-01
3.491902947425842285e-01
3.491902947425842285e-01
9.999988079071044922e-01
3.491902947425842285e-01
9.952771663665771484e-01
9.986147880554199219e-01
3.491902947425842285e-01
9.860495924949645996e-01
3.491902947425842285e-01
3.491902947425842285e-01
9.933614730834960938e-01
3.491902947425842285e-01
3.491902947425842285e-01
9.178364276885986328e-01
3.491902947425842285e-01
9.988712668418884277e-01
9.989270567893981934e-01
3.491902947425842285e-01
3.491902947425842285e-01
9.774459004402160645e-01
9.999992847442626953e-01
3.491902947425842285e-01
3.491902947425842285e-01
9.989192485809326172e-01
9.966925382614135742e-01
3.491902947425842285e-01
9.999928474426269531e-01
3.491902947425842285e-01
3.491902947425842285e-01
3.491902947425842285e-01
9.961238503456115723e-01
3.491902947425842285e-01
9.999835491180419922e-01
3.491902947425842285e-01
9.958006739616394043e-01
1.000000000000000000e+00
3.491902947425842285e-01
3.491902947425842285e-01
3.491902947425842285e-01
1.000000000000000000e+00
3.491902947425842285e-01
3.491902947425842285e-01
3.491902947425842285e-01
3.491902947425842285e-01
9.726557135581970215e-01
9.989097118377685547e-01
8.751462101936340332e-01
9.990241527557373047e-01
3.491902947425842285e-01
9.999995231628417969e-01
9.979076385498046875e-01
9.251580834388732910e-01
9.999233484268188477e-01
9.980521202087402344e-01
3.491902947425842285e-01
9.925634264945983887e-01
3.491902947425842285e-01
3.491902947425842285e-01
3.491902947425842285e-01
9.995911717414855957e-01
9.817858338356018066e-01
3.491902947425842285e-01
3.491902947425842285e-01
3.491902947425842285e-01
9.867205619812011719e-01
9.999293088912963867e-01
9.995597004890441895e-01
3.491902947425842285e-01
9.995188713073730469e-01
9.999327659606933594e-01
9.999788999557495117e-01
3.491902947425842285e-01
9.997853636741638184e-01
3.491902947425842285e-01
9.992522597312927246e-01
3.491902947425842285e-01
3.491902947425842285e-01
5.112265348434448242e-01
9.940477609634399414e-01
5.112265348434448242e-01
3.491902947425842285e-01
3.491902947425842285e-01
5.112265348434448242e-01
4.006151854991912842e-01
6.620958447456359863e-01
3.491902947425842285e-01
8.834425806999206543e-01
9.782731533050537109e-01
9.701913595199584961e-01
9.258797168731689453e-01
5.112265348434448242e-01
3.486371338367462158e-01
5.112265348434448242e-01
3.491902947425842285e-01
3.491902947425842285e-01
9.033910036087036133e-01
5.112265348434448242e-01
9.780499339103698730e-01
8.471482992172241211e-01
3.491902947425842285e-01
9.568976759910583496e-01
5.112265348434448242e-01
7.671510577201843262e-01
9.991014003753662109e-01
8.152835369110107422e-01
9.383767843246459961e-01
5.112265348434448242e-01
5.112265348434448242e-01
5.112265348434448242e-01
5.112265348434448242e-01
5.112265348434448242e-01
9.995173215866088867e-01
5.112265348434448242e-01
3.491902947425842285e-01
3.491902947425842285e-01
9.998308420181274414e-01
8.638848066329956055e-01
5.112265348434448242e-01
7.671510577201843262e-01
9.869938492774963379e-01
5.112265348434448242e-01
5.112265348434448242e-01
5.112265348434448242e-01
3.491902947425842285e-01
9.033822417259216309e-01
7.933964133262634277e-01
5.112265348434448242e-01
9.794914722442626953e-01
5.112265348434448242e-01
5.112265348434448242e-01
8.090612888336181641e-01
5.112265348434448242e-01
8.444678783416748047e-01
5.112265348434448242e-01
3.491902947425842285e-01
9.479225873947143555e-01
9.953784942626953125e-01
4.006151854991912842e-01
9.742893576622009277e-01
7.812120318412780762e-01
5.112265348434448242e-01
3.491902947425842285e-01
5.109619498252868652e-01
9.604041576385498047e-01
9.877754449844360352e-01
5.112265348434448242e-01
5.112265348434448242e-01
9.996812343597412109e-01
5.112265348434448242e-01
6.662234067916870117e-01
9.968061447143554688e-01
3.491902947425842285e-01
5.112265348434448242e-01
9.973986148834228516e-01
4.777593314647674561e-01
3.491902947425842285e-01
3.491902947425842285e-01
5.112265348434448242e-01
3.491902947425842285e-01
3.491902947425842285e-01
9.412593841552734375e-01
9.629982113838195801e-01
9.741042852401733398e-01
3.491902947425842285e-01
3.491902947425842285e-01
3.491902947425842285e-01
5.112265348434448242e-01
5.112265348434448242e-01
3.491902947425842285e-01
3.491902947425842285e-01
3.491902947425842285e-01
9.881525635719299316e-01
9.815199375152587891e-01
3.491902947425842285e-01
8.410121202468872070e-01
3.491902947425842285e-01
3.491902947425842285e-01
3.491902947425842285e-01
5.112265348434448242e-01
5.112265348434448242e-01
9.830358624458312988e-01
9.572526812553405762e-01
3.491902947425842285e-01
5.112265348434448242e-01
3.491902947425842285e-01
3.491902947425842285e-01
9.720364212989807129e-01
3.491902947425842285e-01
3.491902947425842285e-01
9.373999238014221191e-01
3.491902947425842285e-01
9.592114090919494629e-01
3.491902947425842285e-01
3.491902947425842285e-01
9.596624374389648438e-01
3.491902947425842285e-01
3.491902947425842285e-01
3.491902947425842285e-01
8.922666311264038086e-01
3.491902947425842285e-01
3.491902947425842285e-01
7.813842296600341797e-01
9.780751466751098633e-01
3.491902947425842285e-01
3.491902947425842285e-01
3.491902947425842285e-01
3.491902947425842285e-01
9.463742971420288086e-01
9.857287406921386719e-01
3.491902947425842285e-01
3.491902947425842285e-01
3.491902947425842285e-01
3.491902947425842285e-01
3.491902947425842285e-01
3.491902947425842285e-01
8.540570139884948730e-01
3.491902947425842285e-01
3.491902947425842285e-01
3.491902947425842285e-01
3.491902947425842285e-01
3.491902947425842285e-01
3.491902947425842285e-01
3.491902947425842285e-01
3.491902947425842285e-01
3.491902947425842285e-01
3.491902947425842285e-01
3.491902947425842285e-01
3.491902947425842285e-01
8.716374039649963379e-01
3.491902947425842285e-01
3.491902947425842285e-01
3.491902947425842285e-01
9.924082756042480469e-01
8.812747001647949219e-01
3.491902947425842285e-01
3.491902947425842285e-01
9.255978465080261230e-01
3.491902947425842285e-01
3.491902947425842285e-01
3.491902947425842285e-01
9.639970660209655762e-01
3.491902947425842285e-01
3.491902947425842285e-01
3.491902947425842285e-01
3.491902947425842285e-01
3.491902947425842285e-01
3.491902947425842285e-01
3.491902947425842285e-01
3.491902947425842285e-01
9.560168385505676270e-01
3.491902947425842285e-01
3.491902947425842285e-01
3.491902947425842285e-01
3.491902947425842285e-01
3.491902947425842285e-01
3.491902947425842285e-01
3.491902947425842285e-01
5.112265348434448242e-01
9.787312746047973633e-01
9.999952316284179688e-01
9.948109388351440430e-01
9.679589271545410156e-01
9.874117374420166016e-01
9.983136653900146484e-01
5.112265348434448242e-01
5.112265348434448242e-01
5.112265348434448242e-01
9.998416900634765625e-01
9.941518902778625488e-01
9.810175895690917969e-01
5.112265348434448242e-01
5.112265348434448242e-01
6.838921308517456055e-01
5.112265348434448242e-01
5.112265348434448242e-01
4.118043184280395508e-01
9.673239588737487793e-01
9.891257286071777344e-01
7.281734943389892578e-01
9.232749938964843750e-01
5.112265348434448242e-01
5.112265348434448242e-01
5.112265348434448242e-01
9.943889975547790527e-01
3.491902947425842285e-01
5.112265348434448242e-01
9.673543572425842285e-01
9.921925663948059082e-01
5.112265348434448242e-01
5.112265348434448242e-01
9.507019519805908203e-01
5.112265348434448242e-01
9.860868453979492188e-01
5.112265348434448242e-01
5.112102031707763672e-01
5.112265348434448242e-01
5.112265348434448242e-01
9.703659415245056152e-01
5.112265348434448242e-01
5.112265348434448242e-01
9.968388080596923828e-01
9.874933362007141113e-01
4.887770116329193115e-01
5.112265348434448242e-01
5.112265348434448242e-01
9.892225265502929688e-01
5.112265348434448242e-01
8.978056907653808594e-01
9.879398345947265625e-01
5.112265348434448242e-01
3.491902947425842285e-01
5.112265348434448242e-01
5.112265348434448242e-01
9.997842907905578613e-01
5.112265348434448242e-01
5.112265348434448242e-01
5.112265348434448242e-01
9.927425384521484375e-01
5.112265348434448242e-01
8.272669911384582520e-01
9.997054934501647949e-01
9.960072636604309082e-01
5.112265348434448242e-01
9.576393961906433105e-01
9.996719360351562500e-01
9.998716115951538086e-01
5.112265348434448242e-01
9.993764758110046387e-01
5.112265348434448242e-01
5.112265348434448242e-01
5.097458958625793457e-01
3.491902947425842285e-01
3.491902947425842285e-01
3.491902947425842285e-01
3.491902947425842285e-01
3.491902947425842285e-01
6.198420375585556030e-02
5.111841559410095215e-01
3.491902947425842285e-01
3.491902947425842285e-01
1.330091357231140137e-01
5.103291273117065430e-01
6.900178790092468262e-01
4.041356444358825684e-01
3.491902947425842285e-01
3.491902947425842285e-01
3.491902947425842285e-01
5.108820199966430664e-01
5.112265348434448242e-01
5.112265348434448242e-01
3.491902947425842285e-01
3.491902947425842285e-01
3.491902947425842285e-01
3.491902947425842285e-01
3.491902947425842285e-01
3.491902947425842285e-01
1.457187235355377197e-01
3.491902947425842285e-01
3.917324244976043701e-01
3.491902947425842285e-01
3.491902947425842285e-01
3.491902947425842285e-01
3.491902947425842285e-01
3.491902947425842285e-01
3.491902947425842285e-01
3.491902947425842285e-01
3.491902947425842285e-01
4.045528769493103027e-01
5.015773773193359375e-01
3.491902947425842285e-01
1.292203664779663086e-01
3.491902947425842285e-01
5.112261176109313965e-01
3.953647911548614502e-01
4.045528769493103027e-01
3.491902947425842285e-01
8.468013256788253784e-02
1.022853255271911621e-01
3.491902947425842285e-01
3.491902947425842285e-01
5.075251460075378418e-01
3.491902947425842285e-01
3.491902947425842285e-01
3.491902947425842285e-01
3.491902947425842285e-01
3.491902947425842285e-01
3.491902947425842285e-01
3.491902947425842285e-01
3.491902947425842285e-01
3.491902947425842285e-01
3.491902947425842285e-01
4.423400387167930603e-03
3.491902947425842285e-01
3.491902947425842285e-01
3.491902947425842285e-01
5.096895694732666016e-01
3.491902947425842285e-01
3.491902947425842285e-01
5.102512240409851074e-01
3.491902947425842285e-01
3.491902947425842285e-01
4.266166687011718750e-01
3.491902947425842285e-01
3.491902947425842285e-01
4.082201123237609863e-01
4.122131168842315674e-01
3.491902947425842285e-01
3.491902947425842285e-01
3.491902947425842285e-01
3.491902947425842285e-01
3.491902947425842285e-01
3.491902947425842285e-01
3.491902947425842285e-01
3.491902947425842285e-01
3.491902947425842285e-01
3.491902947425842285e-01
3.491902947425842285e-01
3.491902947425842285e-01
3.491902947425842285e-01
3.491902947425842285e-01
3.491902947425842285e-01
3.491902947425842285e-01
3.491902947425842285e-01
3.491902947425842285e-01
3.491902947425842285e-01
3.491902947425842285e-01
3.491902947425842285e-01
3.491902947425842285e-01
3.491902947425842285e-01
3.491902947425842285e-01
3.491902947425842285e-01
3.491902947425842285e-01
3.491902947425842285e-01
3.491902947425842285e-01
3.491902947425842285e-01
3.491902947425842285e-01
3.491902947425842285e-01
3.491902947425842285e-01
3.491902947425842285e-01
3.491902947425842285e-01
3.491902947425842285e-01
3.491902947425842285e-01
3.491902947425842285e-01
3.491902947425842285e-01
3.491902947425842285e-01
3.491902947425842285e-01
3.491902947425842285e-01
3.491902947425842285e-01
3.491902947425842285e-01
3.491902947425842285e-01
3.491902947425842285e-01
3.491902947425842285e-01
3.491902947425842285e-01
3.491902947425842285e-01
3.491902947425842285e-01
3.491902947425842285e-01
3.491902947425842285e-01
3.835130929946899414e-01
3.491902947425842285e-01
3.491902947425842285e-01
3.491902947425842285e-01
3.491902947425842285e-01
3.491902947425842285e-01
3.491902947425842285e-01
3.491902947425842285e-01
3.491902947425842285e-01
3.491902947425842285e-01
3.491902947425842285e-01
3.491902947425842285e-01
3.491902947425842285e-01
3.491902947425842285e-01
3.491902947425842285e-01
3.491902947425842285e-01
3.491902947425842285e-01
3.491902947425842285e-01
3.491902947425842285e-01
3.491902947425842285e-01
3.491902947425842285e-01
3.491902947425842285e-01
3.491902947425842285e-01
3.491902947425842285e-01
3.491902947425842285e-01
3.491902947425842285e-01
3.491902947425842285e-01
3.491902947425842285e-01
3.491902947425842285e-01
3.491902947425842285e-01
3.491902947425842285e-01
3.057059645652770996e-01
3.491902947425842285e-01
3.491902947425842285e-01
3.491902947425842285e-01
3.491902947425842285e-01
3.491902947425842285e-01
3.491902947425842285e-01
3.491902947425842285e-01
3.491902947425842285e-01
3.491902947425842285e-01
3.491902947425842285e-01
3.491902947425842285e-01
3.491902947425842285e-01
3.491902947425842285e-01
3.491902947425842285e-01
3.491902947425842285e-01
3.491902947425842285e-01
3.491902947425842285e-01
4.790421128273010254e-01
3.491902947425842285e-01
3.491902947425842285e-01
3.491902947425842285e-01
3.491902947425842285e-01
3.491902947425842285e-01
3.491902947425842285e-01
3.491902947425842285e-01
3.491902947425842285e-01
3.491902947425842285e-01
3.491902947425842285e-01
3.491902947425842285e-01
3.491902947425842285e-01
3.491902947425842285e-01
3.491902947425842285e-01
3.491902947425842285e-01
3.491902947425842285e-01
3.491902947425842285e-01
3.491902947425842285e-01
3.491902947425842285e-01
3.491902947425842285e-01
3.491902947425842285e-01
3.491902947425842285e-01
3.491902947425842285e-01
3.491902947425842285e-01
3.491902947425842285e-01
3.491902947425842285e-01
3.491902947425842285e-01
3.491902947425842285e-01
3.491902947425842285e-01
3.491902947425842285e-01
3.491902947425842285e-01
3.491902947425842285e-01
3.491902947425842285e-01
3.491902947425842285e-01
3.491902947425842285e-01
3.491902947425842285e-01
3.491902947425842285e-01
3.491902947425842285e-01
3.491902947425842285e-01
3.491902947425842285e-01
3.491902947425842285e-01
3.491902947425842285e-01
3.491902947425842285e-01
3.491902947425842285e-01
3.491902947425842285e-01
3.491902947425842285e-01
3.491902947425842285e-01
3.491902947425842285e-01
3.491902947425842285e-01
3.491902947425842285e-01
3.491902947425842285e-01
3.491902947425842285e-01
3.491902947425842285e-01
3.491902947425842285e-01
3.491902947425842285e-01
3.491902947425842285e-01
3.491902947425842285e-01
3.491902947425842285e-01
3.491902947425842285e-01
3.491902947425842285e-01
3.491902947425842285e-01
3.491902947425842285e-01
3.491902947425842285e-01
3.491902947425842285e-01
3.491902947425842285e-01
3.491902947425842285e-01
3.491902947425842285e-01
3.491902947425842285e-01
3.491902947425842285e-01
3.491902947425842285e-01
3.491902947425842285e-01
3.491902947425842285e-01
3.491902947425842285e-01
3.491902947425842285e-01
3.491902947425842285e-01
3.491902947425842285e-01
3.491902947425842285e-01
3.491902947425842285e-01
3.491902947425842285e-01
3.491902947425842285e-01
3.491902947425842285e-01
3.491902947425842285e-01
3.491902947425842285e-01
3.491902947425842285e-01
3.491902947425842285e-01
3.491902947425842285e-01
3.491902947425842285e-01
3.491902947425842285e-01
3.491902947425842285e-01
3.491902947425842285e-01
3.491902947425842285e-01
3.491902947425842285e-01
3.491902947425842285e-01
3.491902947425842285e-01
3.491902947425842285e-01
3.491902947425842285e-01
3.491902947425842285e-01
3.491902947425842285e-01
3.491902947425842285e-01
3.491902947425842285e-01
3.491902947425842285e-01
3.491902947425842285e-01
2.473235726356506348e-01
3.491902947425842285e-01
3.491902947425842285e-01
3.491902947425842285e-01
3.491902947425842285e-01
3.491902947425842285e-01
3.491902947425842285e-01
3.491902947425842285e-01
4.006151854991912842e-01
3.491902947425842285e-01
3.491902947425842285e-01
3.491902947425842285e-01
3.491902947425842285e-01
3.491902947425842285e-01
3.481300175189971924e-01
3.491902947425842285e-01
3.491902947425842285e-01
3.491902947425842285e-01
3.491902947425842285e-01
3.491902947425842285e-01
3.491902947425842285e-01
3.491902947425842285e-01
3.491902947425842285e-01
8.203180506825447083e-03
3.491902947425842285e-01
3.491902947425842285e-01
3.491902947425842285e-01
3.491902947425842285e-01
3.491902947425842285e-01
3.908467590808868408e-01
3.491902947425842285e-01
3.491902947425842285e-01
3.491902947425842285e-01
3.491902947425842285e-01
3.491902947425842285e-01
5.003054141998291016e-01
3.491902947425842285e-01
3.491902947425842285e-01
3.491902947425842285e-01
3.491902947425842285e-01
3.491902947425842285e-01
3.491902947425842285e-01
3.491902947425842285e-01
3.491902947425842285e-01
3.491902947425842285e-01
3.491902947425842285e-01
3.491902947425842285e-01
3.491902947425842285e-01
3.491902947425842285e-01
3.491902947425842285e-01
3.491902947425842285e-01
3.491902947425842285e-01
3.491902947425842285e-01
3.491902947425842285e-01
3.491902947425842285e-01
3.491902947425842285e-01
3.491902947425842285e-01
3.491902947425842285e-01
3.491902947425842285e-01
3.491902947425842285e-01
3.491902947425842285e-01
3.491902947425842285e-01
3.491902947425842285e-01
3.491902947425842285e-01
3.491902947425842285e-01
3.491902947425842285e-01
4.777593314647674561e-01
3.491902947425842285e-01
3.491902947425842285e-01
3.491902947425842285e-01
3.491902947425842285e-01
3.491902947425842285e-01
3.491902947425842285e-01
3.491902947425842285e-01
3.491902947425842285e-01
3.491902947425842285e-01
3.491902947425842285e-01
3.491902947425842285e-01
3.491902947425842285e-01
3.491902947425842285e-01
3.491902947425842285e-01
3.491902947425842285e-01
3.491902947425842285e-01
3.491902947425842285e-01
3.491902947425842285e-01
3.491902947425842285e-01
3.491902947425842285e-01
3.491902947425842285e-01
3.491902947425842285e-01
3.491902947425842285e-01
3.491902947425842285e-01
3.491902947425842285e-01
3.491902947425842285e-01
3.491902947425842285e-01
3.491902947425842285e-01
3.491902947425842285e-01
3.491902947425842285e-01
3.491902947425842285e-01
1.790386438369750977e-01
3.491902947425842285e-01
3.491902947425842285e-01
3.491902947425842285e-01
3.491902947425842285e-01
3.491902947425842285e-01
3.491902947425842285e-01
3.491902947425842285e-01
3.491902947425842285e-01
3.491902947425842285e-01
3.491902947425842285e-01
3.491902947425842285e-01
3.491902947425842285e-01
3.491902947425842285e-01
3.491902947425842285e-01
3.491902947425842285e-01
3.491902947425842285e-01
3.491902947425842285e-01
3.491902947425842285e-01
3.491902947425842285e-01
3.491902947425842285e-01
3.491902947425842285e-01
3.491902947425842285e-01
3.491902947425842285e-01
3.491902947425842285e-01
3.491902947425842285e-01
3.491902947425842285e-01
3.491902947425842285e-01
3.491902947425842285e-01
3.491902947425842285e-01
3.491902947425842285e-01
3.491902947425842285e-01
3.491902947425842285e-01
3.491902947425842285e-01
3.491902947425842285e-01
3.491902947425842285e-01
3.491902947425842285e-01
3.491902947425842285e-01
3.491902947425842285e-01
3.491902947425842285e-01
3.491902947425842285e-01
3.491902947425842285e-01
3.491902947425842285e-01
3.491902947425842285e-01
3.491902947425842285e-01
3.491902947425842285e-01
3.491902947425842285e-01
3.491902947425842285e-01
3.491902947425842285e-01
3.491902947425842285e-01
3.491902947425842285e-01
3.491902947425842285e-01
3.491902947425842285e-01
3.491902947425842285e-01
3.491902947425842285e-01
3.491902947425842285e-01
3.491902947425842285e-01
3.491902947425842285e-01
4.856687188148498535e-01
3.491902947425842285e-01
4.755207896232604980e-01
4.150784611701965332e-01
3.491902947425842285e-01
3.491902947425842285e-01
3.491902947425842285e-01
4.858214557170867920e-01
4.082100093364715576e-01
3.491902947425842285e-01
3.491902947425842285e-01
3.491902947425842285e-01
3.491902947425842285e-01
4.781931042671203613e-01
3.491902947425842285e-01
3.491902947425842285e-01
3.491902947425842285e-01
3.491902947425842285e-01
3.992946743965148926e-01
3.491902947425842285e-01
3.992946743965148926e-01
3.491902947425842285e-01
3.491902947425842285e-01
3.491902947425842285e-01
3.491902947425842285e-01
3.491902947425842285e-01
3.491902947425842285e-01
2.154563516378402710e-01
3.956706821918487549e-01
3.491902947425842285e-01
3.491902947425842285e-01
3.491902947425842285e-01
3.491902947425842285e-01
4.007841646671295166e-01
3.491902947425842285e-01
3.491902947425842285e-01
3.491902947425842285e-01
3.491902947425842285e-01
3.491902947425842285e-01
3.491902947425842285e-01
4.037704169750213623e-01
3.491902947425842285e-01
3.491902947425842285e-01
3.491902947425842285e-01
3.491902947425842285e-01
3.491902947425842285e-01
3.491902947425842285e-01
3.491902947425842285e-01
3.982105553150177002e-01
3.491902947425842285e-01
3.491902947425842285e-01
3.491902947425842285e-01
3.491902947425842285e-01
3.982105553150177002e-01
3.491902947425842285e-01
2.751398980617523193e-01
3.491902947425842285e-01
3.491902947425842285e-01
2.320357412099838257e-01
1.290955692529678345e-01
3.491902947425842285e-01
4.037704169750213623e-01
9.191988706588745117e-01
3.491902947425842285e-01
3.491902947425842285e-01
4.535804688930511475e-01
