7.645086646080017090e-01
4.852793216705322266e-01
4.367576241493225098e-01
6.374302506446838379e-01
7.075280547142028809e-01
6.371670961380004883e-01
7.308496832847595215e-01
7.291373014450073242e-01
6.095536351203918457e-01
9.381266832351684570e-01
7.776369452476501465e-01
4.475585520267486572e-01
6.570795774459838867e-01
6.125690937042236328e-01
6.518463492393493652e-01
6.000612378120422363e-01
7.474977374076843262e-01
2.039909362792968750e-01
2.136293649673461914e-01
7.000421881675720215e-01
7.511734962463378906e-01
4.873418807983398438e-01
6.628269553184509277e-01
7.965630888938903809e-01
3.995103240013122559e-01
5.837115049362182617e-01
1.725149750709533691e-01
6.517328619956970215e-01
4.334505200386047363e-01
3.636877536773681641e-01
8.605796694755554199e-01
3.397089838981628418e-01
2.527911365032196045e-01
7.026360034942626953e-01
9.370607137680053711e-01
1.841997802257537842e-01
4.342603087425231934e-01
6.651117801666259766e-01
4.764700531959533691e-01
2.570191919803619385e-01
6.603541970252990723e-01
2.603887617588043213e-01
2.937768995761871338e-01
8.256255835294723511e-02
8.101298809051513672e-01
4.117655456066131592e-01
7.035145163536071777e-01
5.169615149497985840e-01
1.921721994876861572e-01
8.403868675231933594e-01
4.937174618244171143e-01
4.431815743446350098e-01
4.913162589073181152e-01
3.947835266590118408e-01
4.207055568695068359e-01
3.509101867675781250e-01
6.642964482307434082e-01
6.721817255020141602e-01
6.688752174377441406e-01
3.995289802551269531e-01
4.342743754386901855e-01
8.213935494422912598e-01
5.505858659744262695e-01
7.097914218902587891e-01
5.199484229087829590e-01
7.900478243827819824e-01
3.312309086322784424e-01
4.290054142475128174e-01
2.674759626388549805e-01
5.620717406272888184e-01
6.705729365348815918e-01
6.346206068992614746e-01
8.018370866775512695e-01
6.948763728141784668e-01
8.018797039985656738e-01
9.825499653816223145e-01
9.614629149436950684e-01
9.689553380012512207e-01
9.660232663154602051e-01
9.477767348289489746e-01
9.584470987319946289e-01
9.638124108314514160e-01
9.793069362640380859e-01
9.918738007545471191e-01
9.763398766517639160e-01
9.627081155776977539e-01
9.801369309425354004e-01
9.501637220382690430e-01
9.876127839088439941e-01
9.870814681053161621e-01
9.647858142852783203e-01
9.833168387413024902e-01
9.720720052719116211e-01
9.802974462509155273e-01
9.296063780784606934e-01
9.480203390121459961e-01
9.773226976394653320e-01
9.425587654113769531e-01
9.864224791526794434e-01
9.525545835494995117e-01
9.722514748573303223e-01
9.516427516937255859e-01
9.681853652000427246e-01
9.316399097442626953e-01
9.626383781433105469e-01
9.924525618553161621e-01
9.655355811119079590e-01
9.355888962745666504e-01
9.730185270309448242e-01
9.702540636062622070e-01
9.527269005775451660e-01
9.059172272682189941e-01
9.581456184387207031e-01
9.711043238639831543e-01
9.741579890251159668e-01
9.325416088104248047e-01
9.452859163284301758e-01
9.642062783241271973e-01
9.802425503730773926e-01
9.060097336769104004e-01
9.713770151138305664e-01
9.786382317543029785e-01
9.433411955833435059e-01
9.374499917030334473e-01
9.807408452033996582e-01
9.620407819747924805e-01
8.610418438911437988e-01
9.800696372985839844e-01
9.445952177047729492e-01
9.496593475341796875e-01
9.795637726783752441e-01
9.706281423568725586e-01
9.676399230957031250e-01
9.672672748565673828e-01
9.845602512359619141e-01
9.859450459480285645e-01
8.491503000259399414e-01
9.610945582389831543e-01
9.862599968910217285e-01
9.655421376228332520e-01
8.402640223503112793e-01
9.752056598663330078e-01
9.327734708786010742e-01
9.431754350662231445e-01
9.833912849426269531e-01
9.821357727050781250e-01
9.751225709915161133e-01
9.380106925964355469e-01
9.749051928520202637e-01
9.805306196212768555e-01
9.129701256752014160e-01
9.373663067817687988e-01
9.768117070198059082e-01
9.323469400405883789e-01
9.868307113647460938e-01
9.310472607612609863e-01
9.480388760566711426e-01
9.761341810226440430e-01
9.784206748008728027e-01
9.767013788223266602e-01
9.752899408340454102e-01
9.571231007575988770e-01
7.623933553695678711e-01
9.800787568092346191e-01
9.622210860252380371e-01
9.726377725601196289e-01
9.831553697586059570e-01
9.828928112983703613e-01
9.740084409713745117e-01
9.814421534538269043e-01
9.808433651924133301e-01
9.682071805000305176e-01
9.918878674507141113e-01
9.843148589134216309e-01
9.706616997718811035e-01
9.753883481025695801e-01
9.722304940223693848e-01
9.781518578529357910e-01
9.839178323745727539e-01
9.831867218017578125e-01
9.931963682174682617e-01
9.934123158454895020e-01
9.875566959381103516e-01
9.852323532104492188e-01
9.915042519569396973e-01
9.752424955368041992e-01
9.830850958824157715e-01
9.940192699432373047e-01
9.844286441802978516e-01
9.664104580879211426e-01
9.899449944496154785e-01
9.800388216972351074e-01
9.906134605407714844e-01
9.686592221260070801e-01
9.841492772102355957e-01
9.768097996711730957e-01
9.713727235794067383e-01
9.767879247665405273e-01
9.874010682106018066e-01
9.766725301742553711e-01
9.837597608566284180e-01
9.853562712669372559e-01
9.876905679702758789e-01
9.732687473297119141e-01
9.855631589889526367e-01
9.732787609100341797e-01
9.867162704467773438e-01
9.877023100852966309e-01
9.833703041076660156e-01
9.824544787406921387e-01
9.898108243942260742e-01
9.665849208831787109e-01
9.906473755836486816e-01
9.809617400169372559e-01
9.867413640022277832e-01
9.898508787155151367e-01
9.906982779502868652e-01
9.763935208320617676e-01
9.775556325912475586e-01
9.849258065223693848e-01
9.797714352607727051e-01
9.819307923316955566e-01
9.882345199584960938e-01
9.889430999755859375e-01
9.864256381988525391e-01
9.727225899696350098e-01
9.850494265556335449e-01
9.825825691223144531e-01
9.820700883865356445e-01
9.850025773048400879e-01
9.867345094680786133e-01
9.800059795379638672e-01
9.882271885871887207e-01
9.893149137496948242e-01
9.785692691802978516e-01
9.953624606132507324e-01
9.761157631874084473e-01
9.921858310699462891e-01
9.444113373756408691e-01
9.737417697906494141e-01
9.914685487747192383e-01
9.603364467620849609e-01
9.862650036811828613e-01
9.868506789207458496e-01
9.012120366096496582e-01
9.871734380722045898e-01
9.941960573196411133e-01
9.941992759704589844e-01
9.951893091201782227e-01
9.881793260574340820e-01
9.913417696952819824e-01
9.925640225410461426e-01
9.906381368637084961e-01
9.864410758018493652e-01
9.732270836830139160e-01
9.907647371292114258e-01
9.919195175170898438e-01
9.878673553466796875e-01
9.941096305847167969e-01
9.942888021469116211e-01
9.945527911186218262e-01
9.866983890533447266e-01
9.927039146423339844e-01
9.758122563362121582e-01
9.752384424209594727e-01
9.761168956756591797e-01
9.955096244812011719e-01
9.909453392028808594e-01
9.778510928153991699e-01
9.912398457527160645e-01
9.913635253906250000e-01
9.930959343910217285e-01
9.932942390441894531e-01
9.948409199714660645e-01
9.941278696060180664e-01
9.904332160949707031e-01
9.939777851104736328e-01
9.912486076354980469e-01
9.923195242881774902e-01
9.888187050819396973e-01
9.937725663185119629e-01
9.942162036895751953e-01
9.833319187164306641e-01
9.605938792228698730e-01
9.706013798713684082e-01
9.884777665138244629e-01
9.930524230003356934e-01
9.881733059883117676e-01
9.902250170707702637e-01
9.931918978691101074e-01
9.881233572959899902e-01
9.963293671607971191e-01
9.662055373191833496e-01
9.562237858772277832e-01
9.984430670738220215e-01
9.941257238388061523e-01
9.957199692726135254e-01
9.904031753540039062e-01
9.933593869209289551e-01
9.904282093048095703e-01
9.904820919036865234e-01
9.952765703201293945e-01
9.901234507560729980e-01
9.720463156700134277e-01
9.609540700912475586e-01
9.948176741600036621e-01
9.837827086448669434e-01
9.747365117073059082e-01
9.910891056060791016e-01
9.939105510711669922e-01
9.812780022621154785e-01
9.933338761329650879e-01
9.534409642219543457e-01
9.954962730407714844e-01
9.920994043350219727e-01
9.921950101852416992e-01
9.817788600921630859e-01
9.967864751815795898e-01
9.960073828697204590e-01
8.565576076507568359e-01
8.592876195907592773e-01
9.853820800781250000e-01
9.647831320762634277e-01
9.949735403060913086e-01
9.541928768157958984e-01
9.812021255493164062e-01
9.821349382400512695e-01
6.663401126861572266e-01
9.765709638595581055e-01
9.950100183486938477e-01
8.720435500144958496e-01
9.709424972534179688e-01
8.777577280998229980e-01
9.894075989723205566e-01
9.876658916473388672e-01
9.834369421005249023e-01
9.820910096168518066e-01
9.365615844726562500e-01
9.573560357093811035e-01
9.714945554733276367e-01
9.027700424194335938e-01
9.313346147537231445e-01
9.615765213966369629e-01
9.849825501441955566e-01
8.414145708084106445e-01
9.829192161560058594e-01
9.194669723510742188e-01
9.822555780410766602e-01
9.853820800781250000e-01
9.885142445564270020e-01
9.466718435287475586e-01
8.911663889884948730e-01
9.864009022712707520e-01
9.681458473205566406e-01
9.134827256202697754e-01
9.080688357353210449e-01
9.723071455955505371e-01
9.637881517410278320e-01
9.814272522926330566e-01
9.570175409317016602e-01
9.837377071380615234e-01
9.747750759124755859e-01
9.329317808151245117e-01
8.791151046752929688e-01
9.217622280120849609e-01
9.441820383071899414e-01
9.233586192131042480e-01
9.766255617141723633e-01
9.751372933387756348e-01
9.135363698005676270e-01
9.443835616111755371e-01
9.524998664855957031e-01
9.977986216545104980e-01
9.891449809074401855e-01
9.752764105796813965e-01
9.463133811950683594e-01
9.418357610702514648e-01
9.849047660827636719e-01
9.142656922340393066e-01
9.611049890518188477e-01
9.918756484985351562e-01
9.484421014785766602e-01
9.923418760299682617e-01
8.369484543800354004e-01
9.595690369606018066e-01
9.164548516273498535e-01
9.472551941871643066e-01
9.875818490982055664e-01
9.564501047134399414e-01
9.724895358085632324e-01
9.876356720924377441e-01
9.697833061218261719e-01
9.682263731956481934e-01
8.982550501823425293e-01
9.868227243423461914e-01
9.703655242919921875e-01
9.828212261199951172e-01
9.774829149246215820e-01
9.413331151008605957e-01
9.744914174079895020e-01
9.416592717170715332e-01
9.480765461921691895e-01
9.664373993873596191e-01
9.866173267364501953e-01
9.961546063423156738e-01
9.682325720787048340e-01
9.774150252342224121e-01
9.847321510314941406e-01
9.752401113510131836e-01
9.788647890090942383e-01
9.652983546257019043e-01
9.893502593040466309e-01
8.796010017395019531e-01
8.948901295661926270e-01
9.081922769546508789e-01
8.918941617012023926e-01
9.601838588714599609e-01
9.549787640571594238e-01
9.506037831306457520e-01
9.812790155410766602e-01
9.460753798484802246e-01
9.653460383415222168e-01
9.799205660820007324e-01
9.342719316482543945e-01
9.847598671913146973e-01
8.122632503509521484e-01
7.441651821136474609e-01
9.344124197959899902e-01
9.417222142219543457e-01
6.514475345611572266e-01
6.385711431503295898e-01
6.506597995758056641e-01
8.739373087882995605e-01
9.663828611373901367e-01
4.429370760917663574e-01
8.927289843559265137e-01
9.697689414024353027e-01
9.676181674003601074e-01
9.740381240844726562e-01
8.982096314430236816e-01
8.117675185203552246e-01
8.508433699607849121e-01
7.964574694633483887e-01
7.324914932250976562e-01
9.307959079742431641e-01
9.187453389167785645e-01
7.774451375007629395e-01
4.759115874767303467e-01
7.970477342605590820e-01
9.377720355987548828e-01
9.165266156196594238e-01
8.447920083999633789e-01
9.826870560646057129e-01
2.581137418746948242e-01
9.609705805778503418e-01
8.326233625411987305e-01
8.331556916236877441e-01
9.850634336471557617e-01
8.331997990608215332e-01
9.291766881942749023e-01
9.334399104118347168e-01
8.964912891387939453e-01
9.741761088371276855e-01
4.513934254646301270e-01
9.647436141967773438e-01
7.494941353797912598e-01
3.992203474044799805e-01
7.512921690940856934e-01
8.322337865829467773e-01
9.502638578414916992e-01
7.201473116874694824e-01
9.734659194946289062e-01
9.587997198104858398e-01
8.620944023132324219e-01
9.590894579887390137e-01
9.327470064163208008e-01
3.996309340000152588e-01
8.059346675872802734e-01
9.319726228713989258e-01
7.356408834457397461e-01
7.655351161956787109e-01
9.889432191848754883e-01
8.723517656326293945e-01
9.854174852371215820e-01
8.608878254890441895e-01
7.966710329055786133e-01
8.471726775169372559e-01
9.783379435539245605e-01
9.513380527496337891e-01
7.748551368713378906e-01
8.789182901382446289e-01
7.957124710083007812e-01
4.721120595932006836e-01
5.444253683090209961e-01
9.283196330070495605e-01
5.325399637222290039e-01
5.061169266700744629e-01
8.753488659858703613e-01
9.207676053047180176e-01
8.722072243690490723e-01
7.225297689437866211e-01
4.737360402941703796e-03
5.789496935904026031e-03
4.812782630324363708e-03
4.117583110928535461e-02
6.707562715746462345e-04
1.362953800708055496e-02
6.995178293436765671e-03
4.961824417114257812e-01
1.210572849959135056e-02
2.541229478083550930e-04
1.193308853544294834e-03
3.529234090819954872e-03
1.489833084633573890e-04
4.531209822744131088e-03
1.614604229871474672e-06
2.191919600591063499e-03
1.443300279788672924e-04
6.723134902131278068e-06
1.984961703419685364e-02
1.146529428660869598e-02
2.929301444964949042e-06
3.119600471109151840e-03
4.344577714800834656e-02
5.450295284390449524e-04
1.193318422883749008e-02
4.163394216448068619e-03
2.570962905883789062e-01
9.264384425478056073e-05
2.195837348699569702e-01
5.816346779465675354e-02
1.061859205365180969e-01
3.881762095261365175e-04
2.669150671863462776e-05
1.910457736812531948e-03
1.370667517185211182e-01
4.572018980979919434e-03
2.576745464466512203e-04
1.063510216772556305e-02
2.713590301573276520e-02
5.672254483215510845e-04
1.617006361484527588e-01
4.580445121973752975e-03
1.632225583307445049e-03
4.470150768756866455e-01
1.602882519364356995e-02
4.369594156742095947e-02
2.787112491205334663e-03
3.198798596858978271e-01
2.061043120920658112e-02
2.691254485398530960e-03
4.920007086184341460e-06
8.781478740274906158e-03
2.161409892141819000e-02
4.831714089959859848e-03
4.479582607746124268e-02
1.654254738241434097e-04
1.599070528754964471e-04
2.599406242370605469e-01
6.917353253811597824e-03
3.743846435099840164e-03
1.069527119398117065e-02
7.008496671915054321e-02
1.004301477223634720e-03
2.774025313556194305e-03
2.136267954483628273e-03
3.252280293963849545e-04
3.344595897942781448e-03
2.630562335252761841e-02
4.036235157400369644e-03
2.949778689071536064e-03
3.055518260225653648e-03
5.339302151696756482e-05
2.675899537280201912e-03
8.905182592570781708e-03
6.901072629261761904e-05
9.359019808471202850e-03
3.374477382749319077e-03
3.712537139654159546e-02
4.054980236105620861e-04
1.950064324773848057e-04
9.660131181590259075e-04
1.486472901888191700e-03
1.117707462981343269e-03
1.019548997282981873e-02
3.059861250221729279e-03
2.346694236621260643e-03
4.399619137984700501e-05
1.200336482725106180e-04
1.037603765726089478e-01
3.056612098589539528e-03
1.222897786647081375e-03
9.593366849003359675e-05
1.904782489873468876e-03
3.651466453447937965e-03
1.187081506941467524e-04
3.540822071954607964e-03
7.356895133852958679e-03
8.536689728498458862e-02
4.568602424114942551e-03
2.430065302178263664e-03
1.096210908144712448e-03
4.274751059710979462e-03
3.094981657341122627e-04
9.626109385862946510e-04
2.269988181069493294e-03
1.921993447467684746e-03
1.109230870497412980e-04
7.038505747914314270e-03
1.112797064706683159e-03
2.269274322316050529e-03
2.128442190587520599e-02
2.882775850594043732e-03
1.322269090451300144e-03
9.097678703255951405e-04
1.015927083790302277e-02
1.200662736664526165e-04
1.962214242666959763e-03
3.891488909721374512e-02
4.325708840042352676e-03
3.449490526691079140e-03
2.702783048152923584e-02
1.528350170701742172e-02
1.020871773362159729e-01
2.564256265759468079e-02
1.796720176935195923e-02
4.116895433980971575e-05
5.459922249428927898e-05
2.446908317506313324e-02
3.904693221556954086e-05
4.312232602387666702e-03
1.006467482511652634e-05
2.000177119043655694e-05
4.343488812446594238e-02
7.584900595247745514e-03
5.738242063671350479e-03
9.299226850271224976e-02
5.818346049636602402e-03
2.749237976968288422e-02
3.552858484908938408e-03
3.758798993658274412e-05
2.152994973585009575e-03
3.228885354474186897e-03
3.540117526426911354e-03
4.623073618859052658e-03
1.246734708547592163e-02
9.475512430071830750e-03
3.622885851655155420e-04
1.163298220490105450e-04
1.455255504697561264e-02
2.946874126791954041e-03
2.107726904796436429e-04
4.601684212684631348e-02
1.398992608301341534e-03
2.581120235845446587e-03
7.839029654860496521e-03
4.143405705690383911e-03
2.160711446776986122e-03
2.339648082852363586e-02
1.916720357257872820e-04
6.707890424877405167e-03
2.931472379714250565e-03
1.981880050152540207e-03
1.768745598383247852e-03
1.809814828447997570e-03
4.572492558509111404e-03
5.449626129120588303e-03
3.018318675458431244e-02
1.443059649318456650e-02
5.999344284646213055e-05
3.535274416208267212e-02
1.982369273900985718e-02
3.680479526519775391e-02
7.323492318391799927e-03
7.305190898478031158e-03
3.982500493293628097e-05
1.814098283648490906e-02
3.724754555150866508e-03
1.470841560512781143e-02
6.266454234719276428e-03
3.948343545198440552e-02
1.016934588551521301e-02
5.347087426343932748e-05
5.590256303548812866e-03
8.440215606242418289e-05
4.725356400012969971e-02
9.969592094421386719e-02
1.366464234888553619e-02
2.872788608074188232e-01
1.557510718703269958e-02
6.253541912883520126e-03
1.621872506802901626e-04
1.541832555085420609e-02
2.880989760160446167e-02
4.655525553971529007e-03
5.736565217375755310e-04
1.123804785311222076e-02
4.491010680794715881e-03
9.256474673748016357e-03
2.020577900111675262e-02
4.038706247229129076e-04
6.526888813823461533e-03
1.545368228107690811e-02
5.252860486507415771e-03
2.635723212733864784e-04
4.767471458762884140e-03
5.499368533492088318e-03
2.165530808269977570e-02
1.339071895927190781e-03
4.775574197992682457e-04
6.111049558967351913e-03
4.613625817000865936e-03
5.898072267882525921e-04
3.975102736148983240e-04
3.483597887679934502e-03
6.593146827071905136e-03
4.423180129379034042e-03
2.986146137118339539e-03
3.769132774323225021e-03
1.038717688061296940e-03
9.877622360363602638e-04
1.261156401596963406e-03
2.592037897557020187e-03
7.066407706588506699e-03
5.555085372179746628e-03
2.931969938799738884e-03
1.795980060705915093e-04
7.745262701064348221e-04
1.023371936753392220e-03
2.374500734731554985e-03
6.462380406446754932e-04
4.614547826349735260e-03
3.773833159357309341e-04
9.662817232310771942e-03
1.389871817082166672e-02
9.427552577108144760e-04
6.130685796961188316e-04
2.664065454155206680e-03
5.042330594733357430e-04
1.750606897985562682e-04
4.156630486249923706e-03
1.336171175353229046e-03
3.313412889838218689e-03
5.582085577771067619e-04
2.131984801962971687e-03
6.344845169223845005e-04
7.933116867206990719e-04
4.202692070975899696e-04
5.253171548247337341e-04
2.574660116806626320e-03
4.933886695653200150e-03
1.221668627113103867e-02
2.280989574501290917e-04
2.186571509810164571e-04
2.292237186338752508e-04
8.034122176468372345e-03
1.573911868035793304e-02
2.597207436338067055e-03
6.638992577791213989e-03
7.137877983041107655e-04
4.032289434690028429e-04
2.847666386514902115e-03
4.700151737779378891e-03
2.847281750291585922e-03
5.860466044396162033e-03
6.467513157986104488e-04
2.874747442547231913e-04
3.385474847164005041e-04
5.041011609137058258e-04
7.041787612251937389e-04
9.171714191325008869e-04
8.985899039544165134e-04
7.181575521826744080e-03
1.352726109325885773e-02
8.325091563165187836e-03
9.899363794829696417e-05
3.343724878504872322e-03
5.858076037839055061e-04
2.916863188147544861e-03
6.624495144933462143e-03
8.316632360219955444e-02
5.387173587223514915e-05
1.420331245753914118e-04
1.605288271093741059e-04
7.973815081641077995e-05
1.368939317762851715e-02
8.933158242143690586e-04
4.404005012474954128e-04
8.923365967348217964e-04
1.012191828340291977e-02
8.038619533181190491e-03
3.107906086370348930e-03
2.411551959812641144e-02
1.182427396997809410e-03
1.827779633458703756e-04
4.451487213373184204e-03
1.725269365124404430e-03
9.187667747028172016e-04
1.518238423159345984e-04
4.025476519018411636e-03
1.362801063805818558e-03
8.308363612741231918e-04
2.857812796719372272e-04
5.664133932441473007e-04
1.652128179557621479e-03
5.407125572673976421e-04
2.222374314442276955e-04
3.137158975005149841e-02
2.124013192951679230e-02
3.144527552649378777e-03
1.864263089373707771e-03
9.437341243028640747e-03
4.124275874346494675e-03
4.598101077135652304e-04
8.643565815873444080e-04
2.507353900000452995e-03
1.068661586032249033e-04
3.365116892382502556e-03
1.535842381417751312e-02
1.578107359819114208e-03
2.199537353590130806e-03
4.608815070241689682e-04
1.951313018798828125e-02
3.903358476236462593e-03
6.497056456282734871e-04
1.850095693953335285e-03
3.023602184839546680e-04
3.776660014409571886e-04
5.207354202866554260e-03
1.016356796026229858e-02
4.917764570564031601e-03
2.007810107897967100e-04
1.118039712309837341e-03
3.345403238199651241e-04
2.296576276421546936e-03
2.218038029968738556e-02
3.610224230214953423e-04
1.286108978092670441e-02
1.356442517135292292e-04
1.557371288072317839e-04
8.461571298539638519e-03
7.791956304572522640e-04
2.837213687598705292e-03
1.335320062935352325e-03
9.627164690755307674e-04
1.122583867982029915e-03
9.116044384427368641e-05
5.748565890826284885e-04
6.485995370894670486e-03
9.765954688191413879e-03
1.843427121639251709e-02
1.749846887832973152e-05
2.670856883923988789e-05
1.581390853971242905e-03
6.942627369426190853e-04
1.096452237106859684e-03
1.764933549566194415e-04
5.137865897268056870e-03
4.092547897016629577e-05
8.585107512772083282e-03
2.447387203574180603e-03
5.148007534444332123e-03
9.234006516635417938e-03
3.708535106852650642e-03
2.487031277269124985e-03
9.624009253457188606e-04
1.202107034623622894e-02
1.643565883568953723e-05
2.607458372949622571e-05
3.757460275664925575e-03
1.658085820963606238e-04
2.492662519216537476e-03
2.397505380213260651e-02
1.256928662769496441e-04
1.201406680047512054e-02
2.951593778561800718e-04
2.643227390944957733e-02
5.081849638372659683e-03
1.177278254181146622e-02
5.816018208861351013e-03
3.103551716776564717e-05
4.241627539158798754e-05
1.706836163066327572e-03
6.263911491259932518e-04
8.701194892637431622e-04
3.374336287379264832e-03
2.049586182693019509e-04
6.458883290179073811e-04
6.112540513277053833e-02
1.408149749040603638e-01
6.248423364013433456e-03
7.446999661624431610e-04
1.545749604701995850e-01
3.291765227913856506e-02
1.629534526728093624e-03
2.471747109666466713e-03
4.331534728407859802e-02
1.840063370764255524e-03
5.057442188262939453e-02
1.789974980056285858e-02
8.222526870667934418e-03
7.910666754469275475e-04
3.014387004077434540e-02
9.390429407358169556e-02
2.201796974986791611e-03
5.151317454874515533e-03
2.825838280841708183e-03
2.452057320624589920e-03
2.673869254067540169e-03
2.203214913606643677e-03
6.036225240677595139e-03
7.658634334802627563e-03
3.132473444566130638e-03
2.391795860603451729e-03
1.939138174057006836e-01
4.732582718133926392e-02
4.042306914925575256e-02
3.246396034955978394e-02
3.093065926805138588e-03
6.223721057176589966e-02
1.689630909822881222e-03
1.130175404250621796e-02
5.752378609031438828e-03
5.591332912445068359e-03
2.756917104125022888e-02
3.308385377749800682e-03
3.900667186826467514e-03
1.172407719423063099e-04
4.821853362955152988e-04
1.960757188498973846e-03
1.211304479511454701e-04
1.004608348011970520e-02
1.035698316991329193e-02
4.242685157805681229e-03
3.581437841057777405e-02
2.005505375564098358e-02
1.979866810142993927e-02
3.167732851579785347e-03
1.063837185502052307e-01
4.060328064952045679e-04
2.521756337955594063e-03
9.967429796233773232e-04
2.511519705876708031e-03
9.506111033260822296e-03
8.935188874602317810e-03
4.718151874840259552e-03
2.762899696826934814e-01
3.195772296749055386e-05
1.769850105047225952e-01
4.322163295000791550e-03
1.000014040619134903e-02
3.864512592554092407e-02
3.123129019513726234e-03
1.320229843258857727e-03
1.757692079991102219e-04
2.369984984397888184e-02
8.301500231027603149e-02
1.471243595005944371e-04
7.634356152266263962e-03
1.964864786714315414e-04
3.934700973331928253e-03
6.098093837499618530e-02
1.065100915729999542e-02
1.235206727869808674e-03
9.747093543410301208e-03
1.100152381695806980e-03
4.158780910074710846e-03
2.448395267128944397e-02
2.630439028143882751e-02
8.285855874419212341e-03
4.452599023352377117e-05
1.092232987284660339e-01
1.571565307676792145e-02
4.777999129146337509e-03
3.051147563382983208e-03
2.356971055269241333e-01
2.943957038223743439e-02
7.684558659093454480e-05
1.099838875234127045e-02
1.995160058140754700e-02
5.516659468412399292e-03
1.505397260189056396e-02
2.025292720645666122e-03
4.489959217607975006e-03
1.723233237862586975e-02
6.898733772686682642e-06
1.178660914301872253e-01
6.343401037156581879e-03
5.978711415082216263e-03
5.422515794634819031e-03
5.364120472222566605e-03
1.383200142299756408e-04
1.423313766717910767e-01
7.987303659319877625e-03
7.167303003370761871e-03
3.486287081614136696e-03
6.184253375977277756e-03
1.987196272239089012e-03
7.481756061315536499e-02
1.570137217640876770e-02
2.399120712652802467e-04
3.758921055123209953e-03
2.637858390808105469e-01
3.352390369400382042e-03
1.622031815350055695e-02
1.384208630770444870e-02
8.254913985729217529e-02
1.415528915822505951e-02
1.389569602906703949e-03
8.127718232572078705e-03
3.496445342898368835e-02
3.112537413835525513e-02
1.925672404468059540e-02
9.442398732062429190e-05
3.626394551247358322e-03
4.906401154585182667e-04
2.707609019125811756e-05
4.140669479966163635e-03
6.715939525747671723e-05
2.928929752670228481e-04
1.202782336622476578e-02
2.472028972988482565e-05
5.050759500591084361e-05
1.486281156539916992e-01
7.878308743238449097e-02
1.246285066008567810e-02
5.739341489970684052e-03
7.722894224571064115e-06
2.832883596420288086e-02
7.833687961101531982e-02
1.259755517821758986e-04
2.278665779158473015e-03
