5.926579236984252930e-01
6.946941018104553223e-01
6.057867407798767090e-01
6.586913466453552246e-01
5.185631513595581055e-01
6.386225819587707520e-01
5.672138333320617676e-01
7.051191926002502441e-01
7.169238924980163574e-01
6.630150079727172852e-01
6.213686466217041016e-01
5.852742791175842285e-01
4.990670382976531982e-01
5.996628999710083008e-01
6.768071651458740234e-01
7.063353657722473145e-01
5.866346359252929688e-01
6.010748744010925293e-01
5.243757963180541992e-01
6.406483650207519531e-01
6.925823092460632324e-01
6.494625806808471680e-01
7.472546100616455078e-01
6.006884574890136719e-01
6.108154058456420898e-01
5.307543277740478516e-01
5.555744767189025879e-01
6.652101874351501465e-01
5.271277427673339844e-01
6.569492816925048828e-01
7.630926370620727539e-01
6.457323431968688965e-01
5.414721369743347168e-01
4.159666597843170166e-01
7.102152109146118164e-01
6.038513779640197754e-01
6.616191267967224121e-01
5.420197248458862305e-01
5.772590041160583496e-01
5.523767471313476562e-01
6.507080197334289551e-01
5.596300363540649414e-01
6.092044115066528320e-01
5.971080660820007324e-01
7.392843961715698242e-01
6.840455532073974609e-01
6.232096552848815918e-01
6.643123626708984375e-01
4.233316481113433838e-01
5.847823619842529297e-01
7.067885994911193848e-01
5.335378050804138184e-01
6.580582857131958008e-01
3.998268246650695801e-01
6.372472643852233887e-01
6.452773809432983398e-01
5.094565153121948242e-01
6.823006272315979004e-01
5.997486710548400879e-01
6.634918451309204102e-01
5.581675767898559570e-01
6.184456348419189453e-01
6.267489194869995117e-01
6.263643503189086914e-01
5.986977815628051758e-01
4.839298129081726074e-01
6.427417397499084473e-01
5.538241863250732422e-01
6.457447409629821777e-01
6.925030350685119629e-01
6.080747842788696289e-01
5.608044862747192383e-01
7.132092118263244629e-01
5.901525020599365234e-01
6.010021567344665527e-01
6.890683770179748535e-01
7.036317586898803711e-01
7.624179720878601074e-01
6.651030182838439941e-01
7.254649400711059570e-01
6.887717843055725098e-01
6.802209615707397461e-01
7.378531098365783691e-01
7.186744809150695801e-01
7.415447831153869629e-01
7.251066565513610840e-01
6.312316060066223145e-01
7.134349346160888672e-01
6.832038164138793945e-01
7.222879528999328613e-01
6.167729496955871582e-01
5.226336121559143066e-01
7.441399693489074707e-01
7.214509248733520508e-01
7.351803779602050781e-01
7.486697435379028320e-01
6.982325911521911621e-01
6.601515412330627441e-01
7.394530773162841797e-01
6.961696147918701172e-01
6.497012972831726074e-01
7.585427761077880859e-01
7.407278418540954590e-01
6.957142949104309082e-01
7.317476868629455566e-01
7.263670563697814941e-01
6.801607608795166016e-01
6.827204227447509766e-01
7.361504435539245605e-01
6.884424686431884766e-01
7.107670903205871582e-01
6.717114448547363281e-01
7.493956089019775391e-01
7.079500555992126465e-01
6.956769824028015137e-01
7.011099457740783691e-01
6.811392307281494141e-01
6.695974469184875488e-01
6.914646029472351074e-01
6.701909303665161133e-01
7.124143838882446289e-01
6.707573533058166504e-01
7.218952178955078125e-01
7.423197627067565918e-01
6.528702974319458008e-01
6.743933558464050293e-01
5.553560853004455566e-01
6.701930761337280273e-01
7.445169091224670410e-01
7.072659134864807129e-01
6.780823469161987305e-01
7.294965982437133789e-01
6.802065968513488770e-01
7.372491359710693359e-01
6.241433024406433105e-01
6.895417571067810059e-01
7.248163223266601562e-01
6.495356559753417969e-01
7.002857923507690430e-01
7.283865809440612793e-01
7.075472474098205566e-01
6.832583546638488770e-01
6.956788897514343262e-01
7.166408896446228027e-01
6.772174239158630371e-01
6.700750589370727539e-01
7.108502984046936035e-01
6.860544681549072266e-01
7.460051774978637695e-01
7.569990754127502441e-01
6.127173900604248047e-01
6.139890551567077637e-01
6.584204435348510742e-01
6.976910829544067383e-01
6.589105725288391113e-01
6.572218537330627441e-01
7.191470265388488770e-01
6.159365773200988770e-01
6.654453873634338379e-01
6.989035010337829590e-01
6.516510844230651855e-01
6.942282915115356445e-01
6.669347882270812988e-01
6.668716669082641602e-01
6.721468567848205566e-01
6.503333449363708496e-01
6.830127239227294922e-01
6.590045094490051270e-01
6.591294407844543457e-01
6.991761922836303711e-01
6.107891201972961426e-01
5.920436978340148926e-01
5.940021276473999023e-01
5.459002256393432617e-01
5.029529333114624023e-01
5.210124850273132324e-01
5.302044749259948730e-01
5.264943838119506836e-01
5.536063909530639648e-01
5.635672211647033691e-01
5.903509259223937988e-01
5.987373590469360352e-01
5.921427607536315918e-01
5.700058937072753906e-01
5.546121597290039062e-01
5.189364552497863770e-01
5.907388329505920410e-01
5.643197298049926758e-01
6.413709521293640137e-01
5.802053809165954590e-01
6.325370669364929199e-01
5.470101237297058105e-01
5.759735703468322754e-01
5.323786735534667969e-01
5.480766296386718750e-01
5.616202354431152344e-01
5.617257356643676758e-01
5.407431721687316895e-01
5.382019877433776855e-01
5.487802028656005859e-01
5.077782273292541504e-01
5.745508670806884766e-01
5.683209300041198730e-01
5.346956849098205566e-01
5.650366544723510742e-01
5.375650525093078613e-01
5.538431406021118164e-01
5.368772745132446289e-01
5.951616168022155762e-01
5.459223985671997070e-01
5.785986185073852539e-01
5.328749418258666992e-01
5.571853518486022949e-01
5.727022290229797363e-01
6.146241426467895508e-01
5.753652453422546387e-01
5.674132704734802246e-01
5.253109931945800781e-01
5.489753484725952148e-01
5.416086912155151367e-01
5.850355029106140137e-01
6.004539132118225098e-01
5.685405135154724121e-01
5.678578019142150879e-01
5.837831497192382812e-01
5.815123915672302246e-01
5.335308313369750977e-01
5.568696856498718262e-01
5.886756777763366699e-01
5.558278560638427734e-01
5.381373167037963867e-01
5.317177176475524902e-01
5.693750977516174316e-01
6.277779936790466309e-01
5.191581249237060547e-01
6.129650473594665527e-01
5.724018216133117676e-01
5.894854664802551270e-01
4.950293004512786865e-01
6.044445633888244629e-01
6.334493756294250488e-01
5.229136943817138672e-01
5.532889962196350098e-01
6.040862798690795898e-01
5.863319039344787598e-01
5.019580125808715820e-01
7.686849832534790039e-01
7.834600210189819336e-01
7.829591035842895508e-01
5.975371003150939941e-01
5.933476686477661133e-01
7.746834754943847656e-01
6.156384944915771484e-01
7.338541746139526367e-01
4.832639694213867188e-01
7.975868582725524902e-01
7.634981870651245117e-01
5.460203289985656738e-01
7.702035307884216309e-01
7.860974669456481934e-01
7.870488762855529785e-01
7.453072667121887207e-01
6.405075788497924805e-01
4.717569351196289062e-01
6.117690801620483398e-01
7.595472335815429688e-01
7.776451110839843750e-01
7.655543088912963867e-01
4.728069603443145752e-01
7.927248477935791016e-01
7.773571610450744629e-01
8.212552070617675781e-01
6.345922946929931641e-01
7.435041069984436035e-01
7.963404655456542969e-01
7.463339567184448242e-01
7.728182077407836914e-01
7.588327527046203613e-01
7.789195179939270020e-01
7.642892003059387207e-01
7.893862724304199219e-01
7.680569887161254883e-01
6.723110675811767578e-01
5.970863103866577148e-01
5.664944052696228027e-01
7.645577192306518555e-01
7.827758789062500000e-01
8.193637132644653320e-01
7.498396635055541992e-01
7.794266939163208008e-01
7.534971833229064941e-01
8.043587803840637207e-01
6.525585055351257324e-01
5.647324323654174805e-01
7.915903329849243164e-01
7.641039490699768066e-01
7.690841555595397949e-01
7.470409274101257324e-01
7.804031968116760254e-01
7.793959975242614746e-01
7.647401690483093262e-01
7.706153988838195801e-01
7.541207075119018555e-01
5.599256753921508789e-01
5.772612094879150391e-01
7.782594561576843262e-01
5.907003879547119141e-01
5.942216515541076660e-01
7.496071457862854004e-01
7.911649346351623535e-01
6.237369775772094727e-01
7.851555347442626953e-01
4.318108558654785156e-01
7.870077490806579590e-01
7.772800922393798828e-01
7.563797831535339355e-01
5.452366471290588379e-01
8.054992556571960449e-01
7.512977719306945801e-01
5.709518194198608398e-01
6.104398369789123535e-01
8.722096681594848633e-01
6.319576501846313477e-01
8.687120079994201660e-01
5.046328902244567871e-01
7.570844888687133789e-01
8.858812451362609863e-01
3.654153645038604736e-01
7.467160224914550781e-01
9.014686346054077148e-01
6.783682107925415039e-01
7.046383619308471680e-01
5.501958131790161133e-01
7.494247555732727051e-01
6.778531670570373535e-01
8.787538409233093262e-01
8.773600459098815918e-01
6.248492598533630371e-01
7.324407100677490234e-01
7.681753039360046387e-01
8.342311382293701172e-01
6.056546568870544434e-01
6.246058940887451172e-01
8.457948565483093262e-01
5.554645657539367676e-01
7.100861072540283203e-01
7.432150840759277344e-01
8.810394406318664551e-01
8.722096681594848633e-01
7.100846767425537109e-01
8.404164314270019531e-01
6.849355101585388184e-01
8.807007670402526855e-01
6.996462941169738770e-01
5.958717465400695801e-01
3.893459439277648926e-01
6.849040389060974121e-01
6.901397109031677246e-01
8.826560974121093750e-01
6.646151542663574219e-01
5.486742258071899414e-01
6.370508670806884766e-01
6.088464856147766113e-01
5.958700776100158691e-01
7.342871427536010742e-01
7.075415253639221191e-01
6.363067030906677246e-01
6.172936558723449707e-01
5.899711251258850098e-01
5.331360697746276855e-01
6.551466584205627441e-01
5.844688415527343750e-01
6.725119352340698242e-01
6.620075702667236328e-01
6.443424224853515625e-01
6.153484582901000977e-01
6.548392772674560547e-01
6.163015961647033691e-01
6.090836524963378906e-01
5.914452075958251953e-01
6.563422679901123047e-01
5.584961771965026855e-01
6.631023287773132324e-01
5.831370353698730469e-01
5.848988294601440430e-01
5.775899291038513184e-01
6.014918088912963867e-01
6.826674342155456543e-01
7.242218255996704102e-01
6.769668459892272949e-01
6.073532700538635254e-01
5.942459106445312500e-01
5.595272183418273926e-01
5.436227917671203613e-01
6.232173442840576172e-01
6.465166807174682617e-01
6.634076237678527832e-01
6.540259718894958496e-01
6.475988030433654785e-01
6.174842119216918945e-01
6.264588832855224609e-01
6.251221895217895508e-01
6.352252364158630371e-01
6.821599602699279785e-01
6.516672372817993164e-01
6.485131978988647461e-01
5.981770157814025879e-01
6.657301783561706543e-01
6.108455061912536621e-01
5.549448728561401367e-01
5.812071561813354492e-01
6.228634715080261230e-01
5.798733830451965332e-01
5.740872621536254883e-01
6.332176923751831055e-01
6.273741126060485840e-01
6.440590023994445801e-01
5.988125205039978027e-01
6.065271496772766113e-01
7.695090770721435547e-01
6.082406640052795410e-01
7.062812447547912598e-01
6.139032244682312012e-01
5.738167166709899902e-01
6.154793500900268555e-01
2.658211290836334229e-01
6.915453672409057617e-01
7.126192450523376465e-01
6.457738280296325684e-01
3.374589681625366211e-01
6.484954357147216797e-01
5.579550266265869141e-01
6.227181553840637207e-01
6.733120083808898926e-01
7.158420085906982422e-01
7.255730032920837402e-01
6.917793154716491699e-01
6.841068267822265625e-01
7.221848964691162109e-01
5.499237775802612305e-01
6.669611930847167969e-01
6.650360822677612305e-01
6.892638206481933594e-01
6.466621756553649902e-01
6.139162182807922363e-01
6.893074512481689453e-01
6.766577959060668945e-01
5.915870666503906250e-01
6.447261571884155273e-01
6.691789627075195312e-01
8.037859797477722168e-01
6.270153522491455078e-01
6.810309290885925293e-01
1.613711118698120117e-01
6.657398343086242676e-01
6.362987756729125977e-01
6.970657110214233398e-01
7.441814541816711426e-01
6.662478446960449219e-01
7.071269750595092773e-01
6.864604949951171875e-01
6.369687914848327637e-01
6.776625514030456543e-01
5.990838408470153809e-01
7.339740991592407227e-01
6.890920400619506836e-01
4.969858825206756592e-01
6.491347551345825195e-01
6.529333591461181641e-01
6.420340538024902344e-01
3.049560189247131348e-01
6.961807608604431152e-01
7.138112187385559082e-01
6.872693300247192383e-01
7.174305319786071777e-01
7.516917586326599121e-01
6.711729764938354492e-01
6.316983103752136230e-01
7.096136212348937988e-01
5.803512930870056152e-01
6.522178053855895996e-01
7.207574844360351562e-01
6.822794675827026367e-01
6.812915802001953125e-01
7.049297690391540527e-01
6.447563767433166504e-01
6.845537424087524414e-01
7.171205878257751465e-01
6.877596974372863770e-01
6.128979921340942383e-01
6.612676978111267090e-01
6.876378655433654785e-01
6.577389836311340332e-01
5.764876008033752441e-01
4.460679590702056885e-01
6.161585450172424316e-01
3.330470025539398193e-01
5.980738401412963867e-01
6.829789280891418457e-01
6.284870505332946777e-01
2.550850389525294304e-03
5.262992978096008301e-01
6.891681998968124390e-02
1.173788905143737793e-01
3.098740987479686737e-02
4.834374785423278809e-02
1.957245916128158569e-01
3.255339711904525757e-02
2.477348223328590393e-02
1.042952015995979309e-01
3.846825659275054932e-02
8.034583926200866699e-02
1.205962300300598145e-01
9.967961907386779785e-02
1.205045823007822037e-02
1.315835118293762207e-01
3.110190033912658691e-01
2.428180165588855743e-02
2.030849605798721313e-01
2.519231736660003662e-01
4.832372069358825684e-03
1.112995743751525879e-01
9.660820662975311279e-02
6.879049539566040039e-02
6.807571649551391602e-02
2.696570754051208496e-01
1.469819694757461548e-01
8.426497876644134521e-02
2.810050919651985168e-02
2.644606679677963257e-02
3.035672754049301147e-02
3.066798904910683632e-03
9.810205549001693726e-02
6.190360337495803833e-02
1.160339731723070145e-02
1.265782117843627930e-02
7.758469134569168091e-02
1.030092760920524597e-01
3.507434576749801636e-02
6.270809471607208252e-02
7.432973384857177734e-02
4.500868264585733414e-03
7.108100503683090210e-02
1.243162378668785095e-01
1.475168317556381226e-01
1.557957939803600311e-02
2.080180644989013672e-01
1.008903682231903076e-01
4.237462207674980164e-02
4.516061767935752869e-02
2.120875939726829529e-02
3.613686859607696533e-01
1.883744597434997559e-01
6.968527287244796753e-02
1.727631874382495880e-02
2.356432676315307617e-01
3.277892991900444031e-02
1.542781852185726166e-02
2.792199607938528061e-03
1.941966116428375244e-01
2.490262985229492188e-01
5.357003957033157349e-02
3.765736892819404602e-02
2.840254008769989014e-01
4.177407175302505493e-02
6.335251778364181519e-02
1.907917088828980923e-03
2.837443165481090546e-02
4.387810453772544861e-02
4.073508083820343018e-03
1.697425842285156250e-01
1.197975277900695801e-01
2.202129215002059937e-01
1.791413128376007080e-02
1.994369029998779297e-01
5.171197280287742615e-02
3.083027303218841553e-01
9.016588330268859863e-02
1.848222315311431885e-02
1.172347832471132278e-02
3.943781554698944092e-01
1.879676282405853271e-01
2.863974496722221375e-02
2.832257747650146484e-02
1.026731655001640320e-01
3.993562757968902588e-01
9.722553938627243042e-02
1.039939373731613159e-02
7.026871293783187866e-02
2.374360524117946625e-02
6.775909662246704102e-02
5.664007738232612610e-03
1.272320598363876343e-01
6.794843822717666626e-02
1.169620081782341003e-02
6.553415209054946899e-02
3.825807943940162659e-03
7.587141543626785278e-02
2.035817950963973999e-01
1.220978796482086182e-01
2.059870362281799316e-01
5.247313380241394043e-01
8.859591186046600342e-02
9.053456038236618042e-02
9.556751698255538940e-02
1.278817057609558105e-01
1.320497095584869385e-01
5.919139385223388672e-01
1.518176794052124023e-01
2.608438134193420410e-01
1.081368625164031982e-01
1.973028630018234253e-01
4.620338082313537598e-01
1.896272748708724976e-01
4.031086564064025879e-01
2.952309250831604004e-01
3.790328800678253174e-01
1.178604066371917725e-01
3.707492351531982422e-01
4.466197192668914795e-01
1.223649084568023682e-01
4.329384565353393555e-01
2.040688991546630859e-01
1.896272748708724976e-01
2.840600311756134033e-01
5.942960977554321289e-01
6.289049983024597168e-01
6.512008905410766602e-01
5.375512242317199707e-01
5.616770982742309570e-01
5.943784713745117188e-01
5.411691665649414062e-01
5.282017588615417480e-01
4.759402573108673096e-01
5.383790135383605957e-01
5.545919537544250488e-01
5.829053521156311035e-01
5.600737929344177246e-01
5.937258601188659668e-01
6.171961426734924316e-01
5.628231763839721680e-01
2.832489609718322754e-01
5.614172816276550293e-01
4.441760182380676270e-01
5.353701710700988770e-01
3.761711418628692627e-01
4.589809775352478027e-01
4.589358866214752197e-01
5.682882070541381836e-01
4.340133666992187500e-01
5.167807936668395996e-01
5.081571936607360840e-01
4.894155561923980713e-01
5.657446384429931641e-01
2.279755175113677979e-01
4.746269583702087402e-01
4.197151064872741699e-01
3.737269043922424316e-01
3.675349652767181396e-01
5.825845599174499512e-01
5.995449423789978027e-01
6.313014626502990723e-01
6.423975229263305664e-01
5.458965301513671875e-01
5.008493661880493164e-01
5.248188376426696777e-01
6.534017920494079590e-01
5.408271551132202148e-01
4.895515143871307373e-01
5.747300982475280762e-01
6.235101819038391113e-01
9.515948593616485596e-02
1.060380488634109497e-01
3.362040817737579346e-01
1.691761612892150879e-01
1.839432418346405029e-01
2.190881818532943726e-01
2.058563828468322754e-01
1.894482225179672241e-01
5.351883918046951294e-02
4.018842875957489014e-01
2.138797342777252197e-01
2.161622643470764160e-01
6.636444926261901855e-01
7.169238924980163574e-01
5.996628999710083008e-01
6.768071651458740234e-01
7.063353657722473145e-01
5.555744767189025879e-01
5.414721369743347168e-01
5.772590041160583496e-01
5.523767471313476562e-01
5.596300363540649414e-01
3.998268246650695801e-01
5.094565153121948242e-01
5.997486710548400879e-01
5.901525020599365234e-01
6.802209615707397461e-01
6.832038164138793945e-01
5.226336121559143066e-01
7.394530773162841797e-01
6.497012972831726074e-01
7.263670563697814941e-01
7.124143838882446289e-01
6.743933558464050293e-01
7.372491359710693359e-01
6.241433024406433105e-01
7.248163223266601562e-01
7.166408896446228027e-01
7.460051774978637695e-01
6.654453873634338379e-01
6.668716669082641602e-01
5.940021276473999023e-01
5.459002256393432617e-01
5.210124850273132324e-01
5.802053809165954590e-01
5.487802028656005859e-01
5.077782273292541504e-01
5.368772745132446289e-01
5.951616168022155762e-01
5.253109931945800781e-01
5.489753484725952148e-01
5.381373167037963867e-01
5.693750977516174316e-01
5.191581249237060547e-01
6.156384944915771484e-01
7.338541746139526367e-01
5.460203289985656738e-01
7.655543088912963867e-01
7.963404655456542969e-01
7.463339567184448242e-01
7.728182077407836914e-01
7.794266939163208008e-01
7.690841555595397949e-01
7.793959975242614746e-01
7.541207075119018555e-01
4.318108558654785156e-01
7.512977719306945801e-01
5.709518194198608398e-01
5.046328902244567871e-01
6.783682107925415039e-01
5.501958131790161133e-01
8.807007670402526855e-01
6.370508670806884766e-01
7.342871427536010742e-01
6.172936558723449707e-01
6.163015961647033691e-01
6.563422679901123047e-01
6.014918088912963867e-01
5.595272183418273926e-01
6.232173442840576172e-01
5.988125205039978027e-01
6.082406640052795410e-01
3.374589681625366211e-01
6.484954357147216797e-01
6.917793154716491699e-01
5.499237775802612305e-01
1.613711118698120117e-01
6.369687914848327637e-01
6.522178053855895996e-01
6.812915802001953125e-01
6.447563767433166504e-01
6.877596974372863770e-01
6.128979921340942383e-01
6.161585450172424316e-01
5.980738401412963867e-01
6.197097897529602051e-01
5.247313380241394043e-01
9.708678722381591797e-02
1.330374777317047119e-01
1.970362514257431030e-01
8.226064592599868774e-02
1.389750093221664429e-01
5.660184621810913086e-01
5.586078166961669922e-01
2.548255026340484619e-01
4.827655851840972900e-01
4.938613176345825195e-01
1.026767492294311523e-01
2.837034165859222412e-01
3.341862559318542480e-01
3.511162698268890381e-01
1.637354493141174316e-01
1.675416231155395508e-01
2.082234472036361694e-01
1.001937165856361389e-01
3.924373090267181396e-01
9.546454995870590210e-02
1.793552637100219727e-01
1.195452362298965454e-01
4.368245601654052734e-02
2.678934335708618164e-01
6.638386249542236328e-01
6.238865256309509277e-01
6.344671249389648438e-01
6.257647275924682617e-01
6.548102498054504395e-01
5.493719577789306641e-01
5.588513016700744629e-01
5.461804866790771484e-01
5.901407599449157715e-01
5.385596752166748047e-01
5.586944222450256348e-01
5.461188554763793945e-01
5.641102194786071777e-01
5.678000450134277344e-01
5.171300172805786133e-01
5.534040927886962891e-01
5.453546643257141113e-01
5.454664826393127441e-01
4.731780290603637695e-01
5.152283906936645508e-01
7.314479351043701172e-01
4.653990864753723145e-01
5.060687661170959473e-01
5.836071968078613281e-01
4.594222903251647949e-01
6.157695055007934570e-01
5.241839289665222168e-01
3.216127157211303711e-01
5.289715528488159180e-01
6.016605496406555176e-01
5.050502419471740723e-01
5.153765082359313965e-01
6.213611960411071777e-01
2.990413308143615723e-01
6.430594921112060547e-01
5.406215786933898926e-01
4.341637492179870605e-01
3.372429907321929932e-01
6.282196640968322754e-01
2.405727207660675049e-01
5.918980836868286133e-01
5.674687623977661133e-01
6.001893877983093262e-01
5.304065942764282227e-01
5.240875482559204102e-01
6.166165471076965332e-01
6.328319907188415527e-01
5.456937551498413086e-01
5.412746071815490723e-01
6.035910248756408691e-01
6.215438246726989746e-01
6.571832895278930664e-01
1.925774961709976196e-01
2.949895262718200684e-01
2.289733737707138062e-01
1.873558461666107178e-01
4.057493805885314941e-01
5.476165935397148132e-02
1.988120079040527344e-01
8.828476816415786743e-02
2.330583930015563965e-01
5.025237798690795898e-02
1.211037784814834595e-01
6.299776583909988403e-02
1.083977073431015015e-01
5.346146821975708008e-01
1.650572121143341064e-01
1.975911259651184082e-01
4.746384546160697937e-02
1.034181714057922363e-01
7.922177016735076904e-02
1.498742494732141495e-02
2.295007854700088501e-01
3.785418272018432617e-01
5.219865441322326660e-01
1.279127448797225952e-01
9.729403257369995117e-02
1.212030723690986633e-01
1.789556443691253662e-01
1.201796680688858032e-01
2.952309250831604004e-01
5.872399210929870605e-01
2.950116395950317383e-01
2.350242882966995239e-01
1.884601712226867676e-01
6.918579936027526855e-01
3.004396259784698486e-01
2.148758322000503540e-01
1.053142920136451721e-01
1.053311303257942200e-01
2.637079954147338867e-01
6.873567104339599609e-01
5.452180504798889160e-01
5.893108844757080078e-01
5.322087407112121582e-01
6.057197451591491699e-01
4.701009988784790039e-01
5.768980383872985840e-01
5.443150401115417480e-01
5.774130225181579590e-01
5.713191628456115723e-01
5.381963253021240234e-01
5.392434597015380859e-01
5.469319820404052734e-01
5.361475944519042969e-01
4.873678088188171387e-01
4.866622090339660645e-01
5.187464356422424316e-01
5.571783781051635742e-01
7.314479351043701172e-01
4.448503851890563965e-01
5.239256024360656738e-01
5.146802663803100586e-01
5.021716952323913574e-01
4.234673082828521729e-01
5.884656310081481934e-01
5.636466741561889648e-01
6.338352560997009277e-01
3.879777491092681885e-01
4.175052940845489502e-01
5.842617154121398926e-01
3.934871256351470947e-01
5.492216944694519043e-01
1.239029914140701294e-01
6.052690744400024414e-01
5.888848304748535156e-01
6.158264279365539551e-01
6.078732609748840332e-01
4.987304210662841797e-01
6.522532105445861816e-01
5.555125474929809570e-01
6.499475836753845215e-01
5.287034809589385986e-02
1.237104386091232300e-01
9.330633282661437988e-02
1.230927854776382446e-01
4.620711207389831543e-01
1.786076426506042480e-01
1.783529072999954224e-01
1.087914109230041504e-01
1.798758059740066528e-01
3.042775690555572510e-01
3.929557502269744873e-01
5.864471197128295898e-01
1.898869276046752930e-01
8.207422681152820587e-03
6.151487585157155991e-03
7.550393790006637573e-02
1.474426477216184139e-03
2.163063138723373413e-01
8.350383490324020386e-02
6.126917600631713867e-01
5.457824841141700745e-02
3.116219677031040192e-02
2.290754392743110657e-02
3.422426432371139526e-02
1.803437620401382446e-01
1.855646967887878418e-01
1.582153439521789551e-01
1.537026315927505493e-01
1.739946193993091583e-02
2.006248086690902710e-01
1.886239051818847656e-01
2.625459730625152588e-01
7.092886418104171753e-02
2.203864008188247681e-01
3.660975769162178040e-02
1.450026873499155045e-02
1.826420985162258148e-02
2.883460372686386108e-02
2.373326011002063751e-02
2.535429038107395172e-02
5.963284373283386230e-01
1.171819567680358887e-01
4.155588522553443909e-02
4.759489744901657104e-02
1.256334483623504639e-01
1.548902839422225952e-01
6.679879035800695419e-03
6.663560122251510620e-02
6.976629793643951416e-02
1.577331312000751495e-02
4.884758964180946350e-02
4.356718808412551880e-02
8.709881454706192017e-03
1.367668341845273972e-02
3.971369564533233643e-02
8.172181248664855957e-02
4.773918911814689636e-02
1.975699327886104584e-02
6.219967007637023926e-01
1.380699425935745239e-01
1.948518902063369751e-01
2.714733183383941650e-01
1.914294362068176270e-01
1.886205524206161499e-01
1.332553178071975708e-01
5.620011687278747559e-01
3.823038041591644287e-01
5.422949045896530151e-02
5.090619325637817383e-01
3.009417653083801270e-01
4.500406682491302490e-01
6.849494576454162598e-02
4.898714721202850342e-01
4.028930068016052246e-01
6.765200197696685791e-02
4.573230072855949402e-02
7.146475464105606079e-02
4.940569102764129639e-01
1.572217792272567749e-01
3.162630498409271240e-01
8.219985663890838623e-02
1.307742893695831299e-01
1.540390104055404663e-01
5.830117315053939819e-02
2.498400211334228516e-02
1.840668469667434692e-01
7.107626646757125854e-02
1.948800683021545410e-01
4.925809428095817566e-02
1.236430630087852478e-01
8.629529178142547607e-02
2.807408571243286133e-02
6.696309894323348999e-02
8.077464997768402100e-02
6.097625494003295898e-01
5.964115858078002930e-01
1.658508181571960449e-01
1.581450551748275757e-01
6.394114494323730469e-01
2.413796028122305870e-03
6.910873576998710632e-03
