9.330880641937255859e-01
9.579441547393798828e-01
8.982920050621032715e-01
7.958080768585205078e-01
9.086534976959228516e-01
8.351634740829467773e-01
8.345485329627990723e-01
7.091872096061706543e-01
8.774319291114807129e-01
9.368805289268493652e-01
9.146333932876586914e-01
7.959945797920227051e-01
8.900948166847229004e-01
9.518507122993469238e-01
9.153481125831604004e-01
6.792252659797668457e-01
9.148871898651123047e-01
6.687002182006835938e-01
7.178109884262084961e-01
7.576289176940917969e-01
8.906776905059814453e-01
9.388597011566162109e-01
9.256931543350219727e-01
8.896355032920837402e-01
8.037344813346862793e-01
8.175390362739562988e-01
6.953461170196533203e-01
8.975237607955932617e-01
8.896341919898986816e-01
8.747984766960144043e-01
9.104183912277221680e-01
8.085604310035705566e-01
7.635287046432495117e-01
2.848770022392272949e-01
9.262279868125915527e-01
7.091847062110900879e-01
7.268899679183959961e-01
8.396643400192260742e-01
8.495191931724548340e-01
7.372810840606689453e-01
8.493568897247314453e-01
8.501652479171752930e-01
8.129934072494506836e-01
6.539585590362548828e-01
8.705850243568420410e-01
6.386238336563110352e-01
8.396509289741516113e-01
8.267825245857238770e-01
7.380936294794082642e-02
8.487241864204406738e-01
8.762288689613342285e-01
7.682914733886718750e-01
8.914272785186767578e-01
1.158586218953132629e-01
7.550904750823974609e-01
9.305720329284667969e-01
9.115833640098571777e-01
9.210056662559509277e-01
9.525389075279235840e-01
9.486635923385620117e-01
8.310431241989135742e-01
9.144724011421203613e-01
9.071191549301147461e-01
8.444167375564575195e-01
7.890902757644653320e-01
5.192270874977111816e-02
8.058618307113647461e-01
8.119367957115173340e-01
9.017822146415710449e-01
9.125522971153259277e-01
8.352834582328796387e-01
9.326632022857666016e-01
8.225072026252746582e-01
9.545314908027648926e-01
8.872642517089843750e-01
4.885289072990417480e-01
8.607476353645324707e-01
8.054189085960388184e-01
4.910592436790466309e-01
8.634104132652282715e-01
8.802539706230163574e-01
8.235055804252624512e-01
8.357158303260803223e-01
3.827199041843414307e-01
8.706892728805541992e-01
8.544695377349853516e-01
4.986311197280883789e-01
9.097742438316345215e-01
3.399466872215270996e-01
4.820580780506134033e-01
4.427972137928009033e-01
3.970949947834014893e-01
8.342792987823486328e-01
4.225520789623260498e-01
8.835583329200744629e-01
7.875330448150634766e-01
5.184488296508789062e-01
8.915744423866271973e-01
7.302901744842529297e-01
8.455104827880859375e-01
9.105503559112548828e-01
8.359503746032714844e-01
6.732039451599121094e-01
9.056255817413330078e-01
8.208792209625244141e-01
4.212706387042999268e-01
2.465205192565917969e-01
4.317565262317657471e-01
8.530576229095458984e-01
8.514094948768615723e-01
7.781709432601928711e-01
5.251185894012451172e-01
7.519995570182800293e-01
7.763550281524658203e-01
6.114907860755920410e-01
8.585766553878784180e-01
7.335124015808105469e-01
3.154272139072418213e-01
4.355677366256713867e-01
7.404852509498596191e-01
8.956547379493713379e-01
3.045398592948913574e-01
8.874369859695434570e-01
8.814210295677185059e-01
4.765112102031707764e-01
9.073050022125244141e-01
6.454961895942687988e-01
5.426732897758483887e-01
8.396562933921813965e-01
8.687452673912048340e-01
9.029200673103332520e-01
8.086503744125366211e-01
4.576499462127685547e-01
8.653025627136230469e-01
4.944218993186950684e-01
5.143516063690185547e-01
7.723076343536376953e-01
9.247801899909973145e-01
3.790310621261596680e-01
9.001538753509521484e-01
8.311250209808349609e-01
5.116114616394042969e-01
8.737803697586059570e-01
8.960222601890563965e-01
5.269631147384643555e-01
3.939552903175354004e-01
8.668619990348815918e-01
2.954766750335693359e-01
7.946907877922058105e-01
7.741845250129699707e-01
4.729560017585754395e-01
5.726469159126281738e-01
4.574290215969085693e-01
3.837714195251464844e-01
3.996658325195312500e-01
6.944117546081542969e-01
3.090672492980957031e-01
3.987262845039367676e-01
4.587630331516265869e-01
3.495096564292907715e-01
3.172599673271179199e-01
6.225903630256652832e-01
3.184848725795745850e-01
4.734877347946166992e-01
4.499610662460327148e-01
4.244611859321594238e-01
4.007063806056976318e-01
4.295164346694946289e-01
3.599964976310729980e-01
4.398594498634338379e-01
5.595378875732421875e-01
5.215212702751159668e-01
6.174922585487365723e-01
6.305561661720275879e-01
4.127358198165893555e-01
4.946325421333312988e-01
4.280828237533569336e-01
3.354848325252532959e-01
5.701252818107604980e-01
6.105328202247619629e-01
5.385676622390747070e-01
5.541136264801025391e-01
5.311111807823181152e-01
6.440008282661437988e-01
5.748001933097839355e-01
5.706070661544799805e-01
6.435946822166442871e-01
6.172357797622680664e-01
6.205568909645080566e-01
6.338865160942077637e-01
6.344519257545471191e-01
6.087597012519836426e-01
5.299984812736511230e-01
4.968948662281036377e-01
5.592976212501525879e-01
5.886038541793823242e-01
3.860315680503845215e-01
4.070887565612792969e-01
5.647518038749694824e-01
5.216897130012512207e-01
2.243866771459579468e-01
5.174575448036193848e-01
6.116536259651184082e-01
5.323745012283325195e-01
4.011054039001464844e-01
5.197538733482360840e-01
7.454832792282104492e-01
5.828531980514526367e-01
5.869454741477966309e-01
5.081080794334411621e-01
5.447414517402648926e-01
5.307210087776184082e-01
6.171408295631408691e-01
6.810649633407592773e-01
5.832137465476989746e-01
7.053870558738708496e-01
4.704468846321105957e-01
6.877931356430053711e-01
5.208563804626464844e-01
6.753389239311218262e-01
6.712022423744201660e-01
5.380513072013854980e-01
4.552727937698364258e-01
6.214081048965454102e-01
5.374063849449157715e-01
4.518295526504516602e-01
5.686402916908264160e-01
5.271813273429870605e-01
5.528069734573364258e-01
6.441246271133422852e-01
5.282751321792602539e-01
6.404798626899719238e-01
4.910565912723541260e-01
7.017651200294494629e-01
5.969243049621582031e-01
6.308112144470214844e-01
5.954995751380920410e-01
5.248625874519348145e-01
1.359837353229522705e-01
5.662404894828796387e-01
4.840205311775207520e-01
4.984058439731597900e-01
6.642197370529174805e-01
3.785448372364044189e-01
3.203556835651397705e-01
1.076318770647048950e-01
9.721043109893798828e-01
9.461109042167663574e-01
9.657068848609924316e-01
5.162556767463684082e-01
5.483110547065734863e-01
9.632030129432678223e-01
8.077927827835083008e-01
9.673658609390258789e-01
2.254629731178283691e-01
9.482952952384948730e-01
9.682511091232299805e-01
8.317537307739257812e-01
9.521473050117492676e-01
9.559128284454345703e-01
9.527502655982971191e-01
9.577460289001464844e-01
4.135849475860595703e-01
8.251018077135086060e-02
3.382936120033264160e-01
9.649763703346252441e-01
9.499712586402893066e-01
9.666866660118103027e-01
6.937763839960098267e-02
9.566238522529602051e-01
9.583243727684020996e-01
9.722967743873596191e-01
3.921390175819396973e-01
9.537827372550964355e-01
9.690258502960205078e-01
9.594499468803405762e-01
9.586204886436462402e-01
9.665940999984741211e-01
9.674149751663208008e-01
9.535117149353027344e-01
9.537560939788818359e-01
9.671406745910644531e-01
6.784399151802062988e-01
2.870362997055053711e-01
1.751173138618469238e-01
9.648597240447998047e-01
9.635634422302246094e-01
9.682002663612365723e-01
9.695085883140563965e-01
9.642015099525451660e-01
9.571334123611450195e-01
9.800345897674560547e-01
2.396877706050872803e-01
2.995668351650238037e-01
9.743791222572326660e-01
9.679157137870788574e-01
9.662523865699768066e-01
9.603065252304077148e-01
9.590041637420654297e-01
9.536198973655700684e-01
9.649184346199035645e-01
9.577860236167907715e-01
9.644628167152404785e-01
1.482979208230972290e-01
2.038347721099853516e-01
9.718227982521057129e-01
7.929483056068420410e-01
1.668937951326370239e-01
9.676299095153808594e-01
9.623544812202453613e-01
5.125374197959899902e-01
9.577870368957519531e-01
1.396971195936203003e-01
9.706677794456481934e-01
9.587262272834777832e-01
9.668936729431152344e-01
2.040586173534393311e-01
9.713619351387023926e-01
9.660148024559020996e-01
7.935634255409240723e-01
5.642152428627014160e-01
9.726030826568603516e-01
6.159662604331970215e-01
9.759745001792907715e-01
4.273646771907806396e-01
4.662267863750457764e-01
9.695731401443481445e-01
7.560176253318786621e-01
8.172542452812194824e-01
9.638482928276062012e-01
8.885493874549865723e-01
7.033035159111022949e-01
6.658968925476074219e-01
7.955402731895446777e-01
6.412951946258544922e-01
9.766502380371093750e-01
9.673511385917663574e-01
4.903000295162200928e-01
8.352985978126525879e-01
5.912985205650329590e-01
9.825375676155090332e-01
7.341390252113342285e-01
5.758593082427978516e-01
9.724932312965393066e-01
5.772143006324768066e-01
7.199769616127014160e-01
6.410990357398986816e-01
9.767795205116271973e-01
9.726030826568603516e-01
7.226998805999755859e-01
9.703510403633117676e-01
4.199409186840057373e-01
9.807749986648559570e-01
6.222859621047973633e-01
3.568255007266998291e-01
1.208306252956390381e-01
3.482268452644348145e-01
2.249101698398590088e-01
9.729044437408447266e-01
5.045170783996582031e-01
3.953425288200378418e-01
3.903974294662475586e-01
4.699303209781646729e-01
4.194559752941131592e-01
7.273835539817810059e-01
5.892960429191589355e-01
3.822399377822875977e-01
3.874484896659851074e-01
4.561916887760162354e-01
5.584331750869750977e-01
3.500043749809265137e-01
2.530165314674377441e-01
4.693875908851623535e-01
4.952543973922729492e-01
3.219434022903442383e-01
3.781344294548034668e-01
4.180470705032348633e-01
3.029231429100036621e-01
3.208350837230682373e-01
3.177764117717742920e-01
6.006734967231750488e-01
3.530842959880828857e-01
2.236736416816711426e-01
3.829619288444519043e-01
3.409278094768524170e-01
2.425371110439300537e-01
3.207768201828002930e-01
4.732007682323455811e-01
6.992605328559875488e-01
3.195978701114654541e-01
3.069995343685150146e-01
3.782355189323425293e-01
2.880435883998870850e-01
2.633323967456817627e-01
4.312610924243927002e-01
3.210266828536987305e-01
3.320494592189788818e-01
3.264421522617340088e-01
2.345590293407440186e-01
4.684840142726898193e-01
3.096837997436523438e-01
2.581797838211059570e-01
2.014299482107162476e-01
4.616888165473937988e-01
4.788680672645568848e-01
4.668690562248229980e-01
2.572678327560424805e-01
4.870710372924804688e-01
3.450242578983306885e-01
3.081474602222442627e-01
2.487750500440597534e-01
3.988858759403228760e-01
2.770418226718902588e-01
3.939455747604370117e-01
3.383768796920776367e-01
3.399706482887268066e-01
3.608464300632476807e-01
3.021714985370635986e-01
2.143858969211578369e-01
4.615695774555206299e-01
3.419507443904876709e-01
5.590949058532714844e-01
3.702179789543151855e-01
2.210237979888916016e-01
4.797390699386596680e-01
5.115562677383422852e-02
8.597046732902526855e-01
9.129702448844909668e-01
9.714556336402893066e-01
1.340475380420684814e-01
8.202483654022216797e-01
9.379034042358398438e-01
9.614011645317077637e-01
9.290313720703125000e-01
6.553505063056945801e-01
9.196197986602783203e-01
9.569865465164184570e-01
8.620579242706298828e-01
8.502703309059143066e-01
9.140065908432006836e-01
8.823970556259155273e-01
7.641829252243041992e-01
8.973723649978637695e-01
8.637141585350036621e-01
8.871421813964843750e-01
9.154886603355407715e-01
7.831029295921325684e-01
8.268808126449584961e-01
9.278113842010498047e-01
9.297822713851928711e-01
9.482131004333496094e-01
6.626921296119689941e-01
8.846854567527770996e-01
5.802196450531482697e-03
9.407336115837097168e-01
9.707437157630920410e-01
8.727818131446838379e-01
9.239577651023864746e-01
9.141418337821960449e-01
8.377899527549743652e-01
8.950955271720886230e-01
9.353783726692199707e-01
8.928729891777038574e-01
8.957744836807250977e-01
9.001350402832031250e-01
8.892621994018554688e-01
6.505889296531677246e-01
9.169298410415649414e-01
8.009000420570373535e-01
9.609728455543518066e-01
5.095307156443595886e-02
9.518487453460693359e-01
9.250903129577636719e-01
8.790272474288940430e-01
8.679093718528747559e-01
9.671481847763061523e-01
9.533969759941101074e-01
9.645798802375793457e-01
8.680422306060791016e-01
6.452295184135437012e-01
9.115332365036010742e-01
9.182289242744445801e-01
8.928323388099670410e-01
9.321342706680297852e-01
9.206050038337707520e-01
9.283059835433959961e-01
9.704988598823547363e-01
8.274258375167846680e-01
9.402920007705688477e-01
9.319149255752563477e-01
6.791064143180847168e-01
8.969724178314208984e-01
7.031904458999633789e-01
8.641745448112487793e-01
3.721616864204406738e-01
8.666600584983825684e-01
3.218090832233428955e-01
9.386766552925109863e-01
9.359373450279235840e-01
7.872923612594604492e-01
1.968864351511001587e-02
5.974538624286651611e-03
2.509218640625476837e-03
4.299333319067955017e-02
7.402758002281188965e-01
7.850220799446105957e-01
2.710334658622741699e-01
1.158087700605392456e-02
9.372172877192497253e-03
6.332514882087707520e-01
8.730825036764144897e-03
2.439526319503784180e-01
6.885984446853399277e-03
7.766906619071960449e-01
2.931825118139386177e-03
1.885955967009067535e-02
8.706577420234680176e-01
8.627022616565227509e-04
2.231141552329063416e-03
9.414911270141601562e-03
3.239926183596253395e-03
6.745967548340559006e-03
2.849956750869750977e-01
1.926916837692260742e-02
2.702733501791954041e-03
3.303081728518009186e-03
6.189918145537376404e-03
7.796005811542272568e-03
5.310733318328857422e-01
1.242640707641839981e-02
6.370375752449035645e-01
3.624506993219256401e-03
3.719304502010345459e-01
6.755462847650051117e-03
1.418999116867780685e-02
7.421663962304592133e-03
1.091872691176831722e-03
3.429489908739924431e-03
5.075673689134418964e-04
4.907517228275537491e-03
9.399295784533023834e-03
1.274308711290359497e-01
4.915517754852771759e-03
1.473242044448852539e-02
2.926834858953952789e-03
3.908235728740692139e-01
8.314799051731824875e-04
4.528509974479675293e-01
8.202265948057174683e-03
8.910767436027526855e-01
1.242535375058650970e-02
4.907517228275537491e-03
5.723735783249139786e-03
5.004574656486511230e-01
8.762638084590435028e-03
3.551418893039226532e-03
8.867859840393066406e-03
6.340592503547668457e-01
2.450647763907909393e-03
1.976744830608367920e-02
9.110050275921821594e-03
2.656481415033340454e-02
4.508166108280420303e-03
7.559593766927719116e-02
6.432870402932167053e-03
7.608186006546020508e-01
5.631234049797058105e-01
4.502342548221349716e-03
1.051325071603059769e-02
3.583849640563130379e-03
5.252193212509155273e-01
3.551607718691229820e-03
6.252137478440999985e-03
3.281789598986506462e-03
1.988461799919605255e-02
6.692197918891906738e-02
2.327870726585388184e-01
2.609072625637054443e-01
1.407945156097412109e-01
3.891590833663940430e-01
4.984910786151885986e-02
8.821456879377365112e-02
2.713766694068908691e-01
4.856388270854949951e-02
6.044211983680725098e-02
3.580697625875473022e-02
1.983784437179565430e-01
1.418311744928359985e-01
1.410811096429824829e-01
1.166678369045257568e-01
1.503335386514663696e-01
4.434867203235626221e-01
8.821456879377365112e-02
3.050180971622467041e-01
1.049834117293357849e-01
1.300232857465744019e-01
9.764722734689712524e-02
1.049834117293357849e-01
4.811795353889465332e-01
5.014762878417968750e-01
3.205565810203552246e-01
2.713766694068908691e-01
8.458913117647171021e-02
1.684612631797790527e-01
8.452973514795303345e-02
1.660780608654022217e-01
2.664939463138580322e-01
1.775711327791213989e-01
5.971214175224304199e-02
1.418311744928359985e-01
1.439403742551803589e-01
3.078617155551910400e-02
1.439403742551803589e-01
4.460466206073760986e-01
7.021235674619674683e-02
2.623659074306488037e-01
4.856388270854949951e-02
2.719739675521850586e-01
2.183431088924407959e-01
1.159661188721656799e-01
1.402215063571929932e-01
1.049834117293357849e-01
7.021235674619674683e-02
4.324445128440856934e-02
1.134262755513191223e-01
6.777832657098770142e-02
9.486351907253265381e-02
1.134262755513191223e-01
8.452973514795303345e-02
2.623659074306488037e-01
3.078617155551910400e-02
5.287713930010795593e-02
8.885134011507034302e-02
2.722472250461578369e-01
2.574032247066497803e-01
1.852930337190628052e-01
1.138817518949508667e-01
2.183431088924407959e-01
9.786241501569747925e-02
2.713766694068908691e-01
4.344686865806579590e-02
1.110787913203239441e-01
8.283788710832595825e-02
5.971214175224304199e-02
8.004628866910934448e-02
4.294475317001342773e-01
4.207853376865386963e-01
1.272042095661163330e-01
4.168171808123588562e-02
6.044211983680725098e-02
3.038173615932464600e-01
3.195710480213165283e-01
2.668990194797515869e-01
2.693209350109100342e-01
2.595058679580688477e-01
1.842113882303237915e-01
2.693209350109100342e-01
3.593693375587463379e-01
4.025619328022003174e-01
4.897035360336303711e-01
3.104630112648010254e-01
4.243398010730743408e-01
4.858662486076354980e-01
3.380253612995147705e-01
3.309055566787719727e-01
4.159983396530151367e-01
3.793110549449920654e-01
3.855010867118835449e-01
4.055097699165344238e-01
4.178433418273925781e-01
4.091995954513549805e-01
4.337831437587738037e-01
5.192838311195373535e-01
4.699579179286956787e-01
3.616507947444915771e-01
4.702298045158386230e-01
4.482203125953674316e-01
4.825017750263214111e-01
5.748229026794433594e-01
5.151099562644958496e-01
2.778013944625854492e-01
4.344685375690460205e-01
4.669829905033111572e-01
4.778851270675659180e-01
5.193830728530883789e-01
4.629409313201904297e-01
5.558273196220397949e-01
6.570388674736022949e-01
4.606928229331970215e-01
4.117888212203979492e-01
4.901781082153320312e-01
2.653747797012329102e-01
4.622104167938232422e-01
1.825401186943054199e-01
4.613218903541564941e-01
3.877380788326263428e-01
4.725578129291534424e-01
3.193208277225494385e-01
5.057563185691833496e-01
6.793240308761596680e-01
4.411207437515258789e-01
4.532069265842437744e-01
4.602489173412322998e-01
6.113854050636291504e-01
4.007867276668548584e-01
4.116928875446319580e-01
4.216592013835906982e-01
5.570921897888183594e-01
4.524598717689514160e-01
4.306688010692596436e-01
4.126273989677429199e-01
3.574743568897247314e-01
4.526804983615875244e-01
6.173632144927978516e-01
4.362425804138183594e-01
5.723905563354492188e-01
2.077124714851379395e-01
6.152824163436889648e-01
5.524192452430725098e-01
6.153343319892883301e-01
4.442746341228485107e-01
3.898057043552398682e-01
2.936066985130310059e-01
4.117846190929412842e-01
5.643793344497680664e-01
4.501561820507049561e-01
4.273248016834259033e-01
3.729533851146697998e-01
6.265864372253417969e-01
3.647722303867340088e-01
5.455923676490783691e-01
4.464499056339263916e-01
5.048640370368957520e-01
4.709559381008148193e-01
4.119902253150939941e-01
6.703938245773315430e-01
3.916417658329010010e-01
3.004428744316101074e-01
5.982074141502380371e-01
1.040680557489395142e-01
5.935155972838401794e-02
7.720974832773208618e-02
8.826736360788345337e-02
4.519125819206237793e-02
1.618984341621398926e-01
8.231865614652633667e-02
5.605448409914970398e-02
6.775663793087005615e-02
8.029294759035110474e-02
1.833171546459197998e-01
4.877140000462532043e-02
6.405895948410034180e-02
6.847147643566131592e-02
1.776480227708816528e-01
7.109051197767257690e-02
1.805358231067657471e-01
9.176049381494522095e-02
7.112361490726470947e-02
1.162843480706214905e-01
6.395514309406280518e-02
4.194846749305725098e-01
5.821517109870910645e-02
6.963042914867401123e-02
1.085986867547035217e-01
1.799635142087936401e-01
6.658099591732025146e-02
9.499955773353576660e-01
2.609401941299438477e-01
1.010273471474647522e-01
5.363884940743446350e-02
5.409698933362960815e-02
1.516662985086441040e-01
5.458164215087890625e-02
7.589925825595855713e-02
1.089814379811286926e-01
8.688459545373916626e-02
7.655235379934310913e-02
6.313423812389373779e-02
1.033052653074264526e-01
6.331326067447662354e-02
1.160727813839912415e-01
4.604482278227806091e-02
6.073169037699699402e-02
7.372946292161941528e-02
5.256337299942970276e-02
1.885465532541275024e-01
1.512540280818939209e-01
8.851079642772674561e-02
7.938826084136962891e-01
2.911497056484222412e-01
1.558302491903305054e-01
9.095938503742218018e-02
1.161743775010108948e-01
1.009320318698883057e-01
3.447930812835693359e-01
1.088155508041381836e-01
8.360860496759414673e-02
6.157167628407478333e-02
1.174723729491233826e-01
9.057897329330444336e-02
2.922112643718719482e-01
9.397427439689636230e-01
4.708119109272956848e-02
1.642711311578750610e-01
5.472860485315322876e-02
7.209981232881546021e-02
7.566891908645629883e-01
1.335123330354690552e-01
3.516454100608825684e-01
1.118159741163253784e-01
1.895992308855056763e-01
4.951824620366096497e-02
6.246230751276016235e-02
7.359050214290618896e-02
4.083941280841827393e-01
3.263427317142486572e-01
2.113226056098937988e-01
9.384321421384811401e-02
3.712409436702728271e-01
1.033466830849647522e-01
2.840403839945793152e-02
3.114976584911346436e-01
3.902699649333953857e-01
1.061851456761360168e-01
1.377466171979904175e-01
9.698964357376098633e-01
6.160983443260192871e-02
1.811929047107696533e-01
2.668305933475494385e-01
8.654016256332397461e-02
1.694001704454421997e-01
1.220866963267326355e-01
2.387022525072097778e-01
8.500403165817260742e-02
5.534525513648986816e-01
4.594322293996810913e-02
3.145837485790252686e-01
2.177190780639648438e-01
3.854793906211853027e-01
5.211100578308105469e-01
2.382432073354721069e-01
1.266364306211471558e-01
1.681007295846939087e-01
9.129869192838668823e-02
4.478791728615760803e-02
2.627177834510803223e-01
5.087428092956542969e-01
2.939408421516418457e-01
9.403684735298156738e-02
3.339698910713195801e-01
3.473895490169525146e-01
6.202834472060203552e-02
2.307193130254745483e-01
1.218661516904830933e-01
5.796955898404121399e-02
1.332802176475524902e-01
1.085716187953948975e-01
2.206693589687347412e-01
2.365638762712478638e-01
3.201820850372314453e-01
2.501879930496215820e-01
4.935258030891418457e-01
2.145360410213470459e-01
1.932045221328735352e-01
1.675540208816528320e-01
1.013640761375427246e-01
3.102337718009948730e-01
2.751667499542236328e-01
3.001102507114410400e-01
1.768096089363098145e-01
1.867549866437911987e-01
2.753322422504425049e-01
2.485923022031784058e-01
3.569928705692291260e-01
1.688908040523529053e-01
3.170959949493408203e-01
2.736020684242248535e-01
2.690109014511108398e-01
1.219016760587692261e-01
3.479987978935241699e-01
2.890303134918212891e-01
3.199575841426849365e-01
1.546572446823120117e-01
3.536109626293182373e-01
1.028302386403083801e-01
3.891474902629852295e-01
3.284195363521575928e-01
2.877271175384521484e-01
3.588320612907409668e-01
2.464805841445922852e-01
3.885571360588073730e-01
3.045823276042938232e-01
2.543804347515106201e-01
2.130246162414550781e-01
3.084744811058044434e-01
4.438166618347167969e-01
3.619358837604522705e-01
3.455893695354461670e-01
3.243471980094909668e-01
3.840160071849822998e-01
2.482553571462631226e-01
4.088507294654846191e-01
3.673659861087799072e-01
3.716360032558441162e-01
2.577140927314758301e-01
2.974193394184112549e-01
1.240741834044456482e-01
4.558235704898834229e-01
2.068715840578079224e-01
2.084214091300964355e-01
2.804031968116760254e-01
4.222234785556793213e-01
2.567598223686218262e-01
3.939189910888671875e-01
1.379296481609344482e-01
8.300079032778739929e-03
2.575606107711791992e-02
5.569980479776859283e-03
1.577135175466537476e-02
2.321227267384529114e-02
1.954115368425846100e-02
4.025036934763193130e-03
2.220929414033889771e-02
1.695206947624683380e-02
5.117963999509811401e-03
2.760007791221141815e-02
1.382268406450748444e-02
5.345859099179506302e-03
6.745602935552597046e-02
2.838205313310027122e-03
1.354751177132129669e-03
2.194310426712036133e-01
2.499085366725921631e-01
3.033928573131561279e-03
3.362226486206054688e-02
1.486397348344326019e-03
2.534038387238979340e-03
4.206541925668716431e-03
6.145561337471008301e-01
1.211377326399087906e-03
7.567799687385559082e-01
8.594090938568115234e-01
1.987734735012054443e-01
8.715976960957050323e-03
1.504556182771921158e-02
9.657406248152256012e-03
1.713997498154640198e-02
2.532544918358325958e-02
3.067789673805236816e-01
2.512006461620330811e-01
1.343792304396629333e-02
3.722122684121131897e-02
7.930929064750671387e-01
2.256764471530914307e-02
1.056604180485010147e-02
1.648539118468761444e-02
2.057237550616264343e-02
7.108360528945922852e-02
6.291637197136878967e-03
1.251415908336639404e-02
1.347059477120637894e-02
5.828723777085542679e-03
4.191245883703231812e-03
1.209398079663515091e-02
3.731577470898628235e-02
6.680413335561752319e-02
1.082642283290624619e-02
2.288914024829864502e-01
4.782551527023315430e-01
1.303889788687229156e-02
1.321819331496953964e-02
1.097440421581268311e-01
6.864026784896850586e-01
6.893678102642297745e-03
2.018602192401885986e-02
2.811079146340489388e-03
1.159880980849266052e-01
5.194217432290315628e-03
1.039579696953296661e-02
2.471451647579669952e-02
3.648190991953015327e-03
2.909324765205383301e-01
9.765064343810081482e-03
7.486789487302303314e-03
8.419331908226013184e-01
4.531543236225843430e-03
3.132635354995727539e-02
6.018809974193572998e-03
8.862152695655822754e-03
4.696049261838197708e-03
