9.921132326126098633e-01
9.998441934585571289e-01
9.575703144073486328e-01
3.896791636943817139e-01
3.896791636943817139e-01
9.310699701309204102e-01
3.896791636943817139e-01
3.896791636943817139e-01
3.896791636943817139e-01
9.782560467720031738e-01
9.974014759063720703e-01
3.896791636943817139e-01
9.962568283081054688e-01
9.833088517189025879e-01
3.896791636943817139e-01
3.896791636943817139e-01
9.935522079467773438e-01
9.917322397232055664e-01
3.896791636943817139e-01
9.778793454170227051e-01
3.896791636943817139e-01
9.882494211196899414e-01
3.896791636943817139e-01
9.820017814636230469e-01
3.896791636943817139e-01
9.854878783226013184e-01
9.578157663345336914e-01
9.318321943283081055e-01
9.839821457862854004e-01
3.896791636943817139e-01
9.992691874504089355e-01
3.896791636943817139e-01
9.886128306388854980e-01
9.822825193405151367e-01
9.996726512908935547e-01
9.855226278305053711e-01
9.892486333847045898e-01
9.931390881538391113e-01
3.896791636943817139e-01
9.682216048240661621e-01
3.896791636943817139e-01
3.896791636943817139e-01
9.878532886505126953e-01
3.896791636943817139e-01
3.896791636943817139e-01
3.896791636943817139e-01
3.896791636943817139e-01
3.896791636943817139e-01
9.546043872833251953e-01
3.896791636943817139e-01
9.784622192382812500e-01
3.896791636943817139e-01
3.896791636943817139e-01
9.965745210647583008e-01
3.896791636943817139e-01
3.896791636943817139e-01
9.948482513427734375e-01
3.896791636943817139e-01
3.896791636943817139e-01
9.961493015289306641e-01
9.918482303619384766e-01
9.978550076484680176e-01
9.605053663253784180e-01
3.896791636943817139e-01
9.579342007637023926e-01
3.896791636943817139e-01
3.896791636943817139e-01
9.758383631706237793e-01
3.896791636943817139e-01
3.896791636943817139e-01
9.900452494621276855e-01
9.551428556442260742e-01
3.896791636943817139e-01
3.896791636943817139e-01
9.634068608283996582e-01
3.896791636943817139e-01
3.896791636943817139e-01
3.896791636943817139e-01
9.790046215057373047e-01
3.896791636943817139e-01
3.896791636943817139e-01
9.949752092361450195e-01
3.896791636943817139e-01
3.896791636943817139e-01
3.896791636943817139e-01
3.896791636943817139e-01
9.791183471679687500e-01
3.896791636943817139e-01
9.915575981140136719e-01
3.896791636943817139e-01
9.928991794586181641e-01
9.956837892532348633e-01
3.896791636943817139e-01
9.818653464317321777e-01
9.753053188323974609e-01
9.966334700584411621e-01
9.733279943466186523e-01
9.905917048454284668e-01
3.896791636943817139e-01
3.896791636943817139e-01
3.896791636943817139e-01
9.901106953620910645e-01
3.896791636943817139e-01
3.896791636943817139e-01
9.968203306198120117e-01
9.921042919158935547e-01
9.940358400344848633e-01
3.896791636943817139e-01
3.896791636943817139e-01
3.896791636943817139e-01
9.951039552688598633e-01
3.896791636943817139e-01
3.896791636943817139e-01
3.896791636943817139e-01
9.920850396156311035e-01
3.896791636943817139e-01
3.896791636943817139e-01
9.897397160530090332e-01
9.811244606971740723e-01
9.953439831733703613e-01
9.870482087135314941e-01
9.907558560371398926e-01
9.817726016044616699e-01
3.896791636943817139e-01
9.975048899650573730e-01
3.896791636943817139e-01
9.898124337196350098e-01
3.896791636943817139e-01
9.185193777084350586e-01
9.996738433837890625e-01
9.896775484085083008e-01
9.746764898300170898e-01
9.871658682823181152e-01
3.896791636943817139e-01
9.855815768241882324e-01
3.896791636943817139e-01
9.964866638183593750e-01
9.947172999382019043e-01
9.885281324386596680e-01
9.801152944564819336e-01
3.896791636943817139e-01
9.963209629058837891e-01
9.929153919219970703e-01
3.896791636943817139e-01
9.945618510246276855e-01
3.896791636943817139e-01
3.896791636943817139e-01
3.896791636943817139e-01
9.951468110084533691e-01
9.919678568840026855e-01
9.933930039405822754e-01
3.896791636943817139e-01
9.665713310241699219e-01
3.896791636943817139e-01
9.995704293251037598e-01
8.856130242347717285e-01
9.440733194351196289e-01
9.559459090232849121e-01
9.254176020622253418e-01
3.896791636943817139e-01
3.896791636943817139e-01
3.896791636943817139e-01
3.896791636943817139e-01
9.917244315147399902e-01
9.701786637306213379e-01
8.429814577102661133e-01
3.896791636943817139e-01
3.896791636943817139e-01
9.823079109191894531e-01
3.896791636943817139e-01
3.896791636943817139e-01
9.895351529121398926e-01
3.896791636943817139e-01
9.808995723724365234e-01
9.836969971656799316e-01
3.896791636943817139e-01
9.814510941505432129e-01
3.896791636943817139e-01
3.896791636943817139e-01
9.440861940383911133e-01
3.896791636943817139e-01
3.896791636943817139e-01
9.676514267921447754e-01
3.896791636943817139e-01
9.949336647987365723e-01
9.957715868949890137e-01
3.896791636943817139e-01
3.896791636943817139e-01
9.907864928245544434e-01
9.887514710426330566e-01
3.896791636943817139e-01
3.896791636943817139e-01
9.904468059539794922e-01
9.977263808250427246e-01
3.896791636943817139e-01
9.990235567092895508e-01
3.896791636943817139e-01
3.896791636943817139e-01
3.896791636943817139e-01
9.997380375862121582e-01
3.896791636943817139e-01
9.994143247604370117e-01
3.896791636943817139e-01
9.983316063880920410e-01
9.936622381210327148e-01
3.896791636943817139e-01
3.896791636943817139e-01
3.896791636943817139e-01
9.986268281936645508e-01
3.896791636943817139e-01
3.896791636943817139e-01
3.896791636943817139e-01
3.896791636943817139e-01
9.483775496482849121e-01
9.938980937004089355e-01
9.621116518974304199e-01
9.973645806312561035e-01
3.896791636943817139e-01
9.938209652900695801e-01
9.922123551368713379e-01
9.815924763679504395e-01
9.590822458267211914e-01
9.930977225303649902e-01
3.896791636943817139e-01
9.961261153221130371e-01
3.896791636943817139e-01
3.896791636943817139e-01
3.896791636943817139e-01
9.985942244529724121e-01
9.756579995155334473e-01
3.896791636943817139e-01
3.896791636943817139e-01
3.896791636943817139e-01
9.423715472221374512e-01
9.487329125404357910e-01
9.952770471572875977e-01
3.896791636943817139e-01
9.873833060264587402e-01
9.932355284690856934e-01
9.818826317787170410e-01
3.896791636943817139e-01
9.657163023948669434e-01
3.896791636943817139e-01
9.790013432502746582e-01
3.896791636943817139e-01
3.896791636943817139e-01
3.896791636943817139e-01
9.759509563446044922e-01
3.896791636943817139e-01
3.896791636943817139e-01
3.896791636943817139e-01
3.896791636943817139e-01
3.896791636943817139e-01
9.891853332519531250e-01
3.896791636943817139e-01
9.872608184814453125e-01
9.266642928123474121e-01
9.687682390213012695e-01
9.989696741104125977e-01
3.896791636943817139e-01
9.917469024658203125e-01
3.896791636943817139e-01
3.896791636943817139e-01
3.896791636943817139e-01
9.814179539680480957e-01
3.896791636943817139e-01
9.963640570640563965e-01
9.645681381225585938e-01
3.896791636943817139e-01
9.644329547882080078e-01
3.896791636943817139e-01
9.756715297698974609e-01
9.980726242065429688e-01
9.998675584793090820e-01
9.978646636009216309e-01
3.896791636943817139e-01
3.896791636943817139e-01
3.896791636943817139e-01
3.896791636943817139e-01
3.896791636943817139e-01
9.769486784934997559e-01
3.896791636943817139e-01
3.896791636943817139e-01
3.896791636943817139e-01
9.947670698165893555e-01
9.944221377372741699e-01
3.896791636943817139e-01
9.756715297698974609e-01
9.352391362190246582e-01
3.896791636943817139e-01
3.896791636943817139e-01
3.896791636943817139e-01
3.896791636943817139e-01
9.857327938079833984e-01
9.914333820343017578e-01
3.896791636943817139e-01
9.911952018737792969e-01
3.896791636943817139e-01
3.896791636943817139e-01
9.872980117797851562e-01
3.896791636943817139e-01
9.999291896820068359e-01
3.896791636943817139e-01
3.896791636943817139e-01
9.873030185699462891e-01
9.839648008346557617e-01
3.896791636943817139e-01
9.687135815620422363e-01
8.953619003295898438e-01
3.896791636943817139e-01
3.896791636943817139e-01
3.896791636943817139e-01
9.852750301361083984e-01
9.939978122711181641e-01
3.896791636943817139e-01
3.896791636943817139e-01
9.981484413146972656e-01
3.896791636943817139e-01
9.961547255516052246e-01
9.819184541702270508e-01
3.896791636943817139e-01
3.896791636943817139e-01
9.843276739120483398e-01
3.896791636943817139e-01
3.896791636943817139e-01
3.896791636943817139e-01
3.896791636943817139e-01
3.896791636943817139e-01
3.896791636943817139e-01
9.915511608123779297e-01
9.700788259506225586e-01
9.593270421028137207e-01
3.896791636943817139e-01
3.896791636943817139e-01
3.896791636943817139e-01
3.896791636943817139e-01
3.896791636943817139e-01
3.896791636943817139e-01
3.896791636943817139e-01
3.896791636943817139e-01
9.995897412300109863e-01
9.855589866638183594e-01
3.896791636943817139e-01
9.789059162139892578e-01
3.896791636943817139e-01
3.896791636943817139e-01
3.896791636943817139e-01
3.896791636943817139e-01
3.896791636943817139e-01
9.931250810623168945e-01
9.775924086570739746e-01
3.896791636943817139e-01
3.896791636943817139e-01
3.896791636943817139e-01
3.896791636943817139e-01
9.985577464103698730e-01
3.896791636943817139e-01
3.896791636943817139e-01
9.613035917282104492e-01
3.896791636943817139e-01
9.351156949996948242e-01
3.896791636943817139e-01
3.896791636943817139e-01
9.250642061233520508e-01
3.896791636943817139e-01
3.896791636943817139e-01
3.896791636943817139e-01
9.263628125190734863e-01
3.896791636943817139e-01
3.896791636943817139e-01
9.623029232025146484e-01
9.697517752647399902e-01
3.896791636943817139e-01
3.896791636943817139e-01
3.896791636943817139e-01
3.896791636943817139e-01
9.443194866180419922e-01
9.469441771507263184e-01
3.896791636943817139e-01
3.896791636943817139e-01
3.896791636943817139e-01
3.896791636943817139e-01
3.896791636943817139e-01
3.896791636943817139e-01
9.448838829994201660e-01
3.896791636943817139e-01
3.896791636943817139e-01
3.896791636943817139e-01
3.896791636943817139e-01
3.896791636943817139e-01
3.896791636943817139e-01
3.896791636943817139e-01
3.896791636943817139e-01
3.896791636943817139e-01
3.896791636943817139e-01
3.896791636943817139e-01
3.896791636943817139e-01
9.579107165336608887e-01
3.896791636943817139e-01
3.896791636943817139e-01
3.896791636943817139e-01
9.768498539924621582e-01
9.329720139503479004e-01
3.896791636943817139e-01
3.896791636943817139e-01
9.828657507896423340e-01
3.896791636943817139e-01
3.896791636943817139e-01
3.896791636943817139e-01
9.828465580940246582e-01
3.896791636943817139e-01
3.896791636943817139e-01
3.896791636943817139e-01
3.896791636943817139e-01
3.896791636943817139e-01
3.896791636943817139e-01
3.896791636943817139e-01
3.896791636943817139e-01
9.845087528228759766e-01
3.896791636943817139e-01
3.896791636943817139e-01
3.896791636943817139e-01
3.896791636943817139e-01
3.896791636943817139e-01
3.896791636943817139e-01
3.896791636943817139e-01
3.896791636943817139e-01
9.534583687782287598e-01
9.926943778991699219e-01
9.893819093704223633e-01
9.906747937202453613e-01
9.987844824790954590e-01
9.603915214538574219e-01
3.896791636943817139e-01
3.896791636943817139e-01
3.896791636943817139e-01
9.977576136589050293e-01
9.952554106712341309e-01
9.717288613319396973e-01
3.896791636943817139e-01
3.896791636943817139e-01
9.775094985961914062e-01
3.896791636943817139e-01
3.896791636943817139e-01
3.896791636943817139e-01
9.589691758155822754e-01
9.917876124382019043e-01
9.704027771949768066e-01
9.383242130279541016e-01
3.896791636943817139e-01
3.896791636943817139e-01
3.896791636943817139e-01
9.993155002593994141e-01
3.896791636943817139e-01
3.896791636943817139e-01
9.907363057136535645e-01
9.921568632125854492e-01
3.896791636943817139e-01
3.896791636943817139e-01
9.905968904495239258e-01
3.896791636943817139e-01
9.847674965858459473e-01
3.896791636943817139e-01
3.896791636943817139e-01
3.896791636943817139e-01
3.896791636943817139e-01
9.922176599502563477e-01
3.896791636943817139e-01
3.896791636943817139e-01
9.764655828475952148e-01
9.929271340370178223e-01
3.896791636943817139e-01
3.896791636943817139e-01
3.896791636943817139e-01
9.838633537292480469e-01
3.896791636943817139e-01
9.886937737464904785e-01
9.941748976707458496e-01
3.896791636943817139e-01
3.896791636943817139e-01
3.896791636943817139e-01
3.896791636943817139e-01
9.866937994956970215e-01
3.896791636943817139e-01
3.896791636943817139e-01
3.896791636943817139e-01
9.701355695724487305e-01
3.896791636943817139e-01
9.315804243087768555e-01
9.966668486595153809e-01
9.807885289192199707e-01
3.896791636943817139e-01
9.620828032493591309e-01
9.886974096298217773e-01
9.744579792022705078e-01
3.896791636943817139e-01
9.928446412086486816e-01
3.896791636943817139e-01
3.896791636943817139e-01
3.896791636943817139e-01
3.896791636943817139e-01
3.896791636943817139e-01
3.896791636943817139e-01
3.896791636943817139e-01
3.896791636943817139e-01
3.896791636943817139e-01
3.896791636943817139e-01
3.896791636943817139e-01
3.896791636943817139e-01
3.896791636943817139e-01
3.896791636943817139e-01
3.896791636943817139e-01
3.896791636943817139e-01
3.896791636943817139e-01
3.896791636943817139e-01
3.896791636943817139e-01
3.896791636943817139e-01
3.896791636943817139e-01
3.896791636943817139e-01
3.896791636943817139e-01
3.896791636943817139e-01
3.896791636943817139e-01
3.896791636943817139e-01
3.896791636943817139e-01
3.896791636943817139e-01
3.896791636943817139e-01
3.896791636943817139e-01
3.896791636943817139e-01
3.896791636943817139e-01
3.896791636943817139e-01
3.896791636943817139e-01
3.896791636943817139e-01
3.896791636943817139e-01
3.896791636943817139e-01
3.896791636943817139e-01
3.633386790752410889e-01
3.896791636943817139e-01
3.896791636943817139e-01
3.896791636943817139e-01
3.896791636943817139e-01
3.896791636943817139e-01
3.896791636943817139e-01
3.896791636943817139e-01
3.896791636943817139e-01
3.896791636943817139e-01
3.896791636943817139e-01
3.896791636943817139e-01
3.896791636943817139e-01
3.896791636943817139e-01
3.896791636943817139e-01
3.896791636943817139e-01
3.896791636943817139e-01
3.896791636943817139e-01
3.896791636943817139e-01
3.896791636943817139e-01
3.896791636943817139e-01
3.896791636943817139e-01
3.896791636943817139e-01
3.896791636943817139e-01
3.896791636943817139e-01
3.896791636943817139e-01
3.896791636943817139e-01
3.896791636943817139e-01
3.896791636943817139e-01
3.896791636943817139e-01
3.896791636943817139e-01
3.896791636943817139e-01
3.896791636943817139e-01
3.896791636943817139e-01
3.896791636943817139e-01
3.896791636943817139e-01
3.896791636943817139e-01
3.896791636943817139e-01
3.896791636943817139e-01
3.896791636943817139e-01
3.896791636943817139e-01
3.896791636943817139e-01
3.896791636943817139e-01
3.896791636943817139e-01
3.896791636943817139e-01
3.896791636943817139e-01
3.896791636943817139e-01
3.896791636943817139e-01
3.896791636943817139e-01
3.896791636943817139e-01
3.896791636943817139e-01
3.896791636943817139e-01
3.896791636943817139e-01
3.896791636943817139e-01
3.896791636943817139e-01
3.896791636943817139e-01
3.896791636943817139e-01
3.896791636943817139e-01
3.896791636943817139e-01
3.896791636943817139e-01
3.896791636943817139e-01
3.896791636943817139e-01
3.896791636943817139e-01
3.896791636943817139e-01
3.896791636943817139e-01
3.896791636943817139e-01
3.896791636943817139e-01
3.896791636943817139e-01
3.896791636943817139e-01
3.896791636943817139e-01
3.896791636943817139e-01
3.896791636943817139e-01
3.896791636943817139e-01
3.896791636943817139e-01
3.896791636943817139e-01
3.896791636943817139e-01
3.896791636943817139e-01
3.896791636943817139e-01
3.896791636943817139e-01
3.896791636943817139e-01
3.896791636943817139e-01
3.896791636943817139e-01
3.896791636943817139e-01
3.896791636943817139e-01
3.896791636943817139e-01
3.896791636943817139e-01
3.896791636943817139e-01
3.896791636943817139e-01
3.896791636943817139e-01
3.896791636943817139e-01
3.896791636943817139e-01
3.896791636943817139e-01
3.896791636943817139e-01
3.896791636943817139e-01
3.896791636943817139e-01
3.896791636943817139e-01
3.896791636943817139e-01
3.896791636943817139e-01
3.896791636943817139e-01
3.896791636943817139e-01
3.896791636943817139e-01
3.896791636943817139e-01
3.896791636943817139e-01
3.896791636943817139e-01
3.896791636943817139e-01
3.896791636943817139e-01
3.896791636943817139e-01
3.896791636943817139e-01
3.896791636943817139e-01
3.896791636943817139e-01
3.896791636943817139e-01
3.896791636943817139e-01
3.896791636943817139e-01
3.896791636943817139e-01
3.896791636943817139e-01
3.896791636943817139e-01
3.896791636943817139e-01
3.896791636943817139e-01
3.896791636943817139e-01
3.896791636943817139e-01
3.896791636943817139e-01
3.896791636943817139e-01
3.896791636943817139e-01
3.896791636943817139e-01
3.896791636943817139e-01
3.896791636943817139e-01
3.896791636943817139e-01
3.896791636943817139e-01
3.896791636943817139e-01
3.896791636943817139e-01
3.896791636943817139e-01
3.896791636943817139e-01
3.896791636943817139e-01
3.896791636943817139e-01
3.896791636943817139e-01
3.896791636943817139e-01
3.896791636943817139e-01
3.896791636943817139e-01
3.896791636943817139e-01
3.896791636943817139e-01
3.896791636943817139e-01
3.896791636943817139e-01
3.896791636943817139e-01
3.896791636943817139e-01
3.896791636943817139e-01
3.896791636943817139e-01
3.896791636943817139e-01
3.896791636943817139e-01
3.896791636943817139e-01
3.896791636943817139e-01
3.896791636943817139e-01
3.896791636943817139e-01
3.896791636943817139e-01
3.896791636943817139e-01
3.896791636943817139e-01
3.896791636943817139e-01
3.896791636943817139e-01
3.896791636943817139e-01
3.896791636943817139e-01
3.896791636943817139e-01
3.896791636943817139e-01
3.896791636943817139e-01
3.896791636943817139e-01
3.896791636943817139e-01
3.896791636943817139e-01
3.896791636943817139e-01
3.896791636943817139e-01
3.896791636943817139e-01
3.896791636943817139e-01
3.896791636943817139e-01
3.896791636943817139e-01
3.896791636943817139e-01
3.896791636943817139e-01
3.896791636943817139e-01
3.896791636943817139e-01
3.896791636943817139e-01
3.896791636943817139e-01
3.896791636943817139e-01
3.896791636943817139e-01
3.896791636943817139e-01
3.896791636943817139e-01
3.896791636943817139e-01
3.896791636943817139e-01
3.896791636943817139e-01
3.896791636943817139e-01
3.896791636943817139e-01
3.896791636943817139e-01
3.896791636943817139e-01
3.896791636943817139e-01
3.896791636943817139e-01
3.896791636943817139e-01
3.896791636943817139e-01
3.896791636943817139e-01
3.896791636943817139e-01
3.896791636943817139e-01
3.896791636943817139e-01
3.896791636943817139e-01
3.896791636943817139e-01
3.896791636943817139e-01
3.896791636943817139e-01
3.896791636943817139e-01
3.896791636943817139e-01
3.896791636943817139e-01
3.896791636943817139e-01
3.896791636943817139e-01
7.658369094133377075e-02
3.896791636943817139e-01
3.896791636943817139e-01
3.896791636943817139e-01
3.896791636943817139e-01
3.896791636943817139e-01
3.896791636943817139e-01
3.896791636943817139e-01
3.896791636943817139e-01
3.896791636943817139e-01
3.896791636943817139e-01
3.896791636943817139e-01
3.896791636943817139e-01
3.896791636943817139e-01
3.896791636943817139e-01
3.896791636943817139e-01
3.896791636943817139e-01
3.896791636943817139e-01
3.896791636943817139e-01
2.830772697925567627e-01
3.896791636943817139e-01
3.896791636943817139e-01
3.896791636943817139e-01
3.896791636943817139e-01
3.896791636943817139e-01
3.896791636943817139e-01
3.896791636943817139e-01
3.896791636943817139e-01
3.896791636943817139e-01
3.896791636943817139e-01
3.896791636943817139e-01
3.896791636943817139e-01
3.896791636943817139e-01
3.896791636943817139e-01
3.896791636943817139e-01
3.896791636943817139e-01
3.896791636943817139e-01
3.896791636943817139e-01
3.896791636943817139e-01
3.896791636943817139e-01
3.896791636943817139e-01
3.896791636943817139e-01
3.896791636943817139e-01
3.896791636943817139e-01
3.896791636943817139e-01
3.896791636943817139e-01
3.896791636943817139e-01
3.896791636943817139e-01
3.896791636943817139e-01
3.896791636943817139e-01
3.896791636943817139e-01
3.896791636943817139e-01
3.896791636943817139e-01
3.896791636943817139e-01
3.896791636943817139e-01
3.896791636943817139e-01
3.896791636943817139e-01
3.896791636943817139e-01
3.896791636943817139e-01
3.896791636943817139e-01
3.751313388347625732e-01
3.896791636943817139e-01
3.896791636943817139e-01
3.896791636943817139e-01
3.896791636943817139e-01
3.896791636943817139e-01
3.896791636943817139e-01
3.896791636943817139e-01
3.896791636943817139e-01
3.896791636943817139e-01
3.896791636943817139e-01
3.896791636943817139e-01
3.896791636943817139e-01
3.896791636943817139e-01
3.896791636943817139e-01
3.896791636943817139e-01
3.896791636943817139e-01
3.896791636943817139e-01
3.896791636943817139e-01
3.896791636943817139e-01
3.896791636943817139e-01
3.896791636943817139e-01
3.896791636943817139e-01
3.896791636943817139e-01
3.896791636943817139e-01
3.896791636943817139e-01
3.896791636943817139e-01
3.896791636943817139e-01
3.896791636943817139e-01
3.896791636943817139e-01
3.896791636943817139e-01
3.896791636943817139e-01
3.896791636943817139e-01
3.896791636943817139e-01
3.896791636943817139e-01
3.896791636943817139e-01
3.896791636943817139e-01
3.896791636943817139e-01
3.896791636943817139e-01
3.896791636943817139e-01
3.896791636943817139e-01
3.896791636943817139e-01
3.896791636943817139e-01
3.896791636943817139e-01
3.896791636943817139e-01
3.896791636943817139e-01
3.896791636943817139e-01
3.896791636943817139e-01
3.896791636943817139e-01
3.896791636943817139e-01
3.896791636943817139e-01
3.896791636943817139e-01
3.896791636943817139e-01
3.896791636943817139e-01
3.896791636943817139e-01
3.896791636943817139e-01
3.896791636943817139e-01
3.896791636943817139e-01
3.896791636943817139e-01
3.896791636943817139e-01
3.896791636943817139e-01
3.896791636943817139e-01
3.896791636943817139e-01
3.896791636943817139e-01
3.896791636943817139e-01
3.896791636943817139e-01
3.324100673198699951e-01
3.896791636943817139e-01
3.896791636943817139e-01
3.896791636943817139e-01
3.896791636943817139e-01
3.896791636943817139e-01
3.896791636943817139e-01
3.896791636943817139e-01
3.896791636943817139e-01
3.896791636943817139e-01
3.896791636943817139e-01
3.896791636943817139e-01
3.896791636943817139e-01
3.896791636943817139e-01
3.896791636943817139e-01
3.896791636943817139e-01
3.896791636943817139e-01
3.896791636943817139e-01
3.896791636943817139e-01
3.896791636943817139e-01
3.896791636943817139e-01
3.896791636943817139e-01
3.896791636943817139e-01
3.896791636943817139e-01
3.896791636943817139e-01
3.896791636943817139e-01
3.896791636943817139e-01
3.896791636943817139e-01
3.896791636943817139e-01
3.896791636943817139e-01
3.896791636943817139e-01
3.896791636943817139e-01
3.896791636943817139e-01
3.896791636943817139e-01
3.896791636943817139e-01
3.896791636943817139e-01
3.896791636943817139e-01
3.896791636943817139e-01
3.896791636943817139e-01
3.896791636943817139e-01
3.896791636943817139e-01
3.896791636943817139e-01
3.896791636943817139e-01
3.896791636943817139e-01
3.896791636943817139e-01
3.896791636943817139e-01
3.896791636943817139e-01
3.896791636943817139e-01
3.896791636943817139e-01
3.896791636943817139e-01
3.896791636943817139e-01
3.896791636943817139e-01
3.896791636943817139e-01
3.896791636943817139e-01
3.896791636943817139e-01
3.896791636943817139e-01
3.896791636943817139e-01
3.896791636943817139e-01
3.896791636943817139e-01
3.896791636943817139e-01
3.510509431362152100e-01
3.896791636943817139e-01
3.804699480533599854e-01
3.896791636943817139e-01
3.896791636943817139e-01
3.896791636943817139e-01
3.896791636943817139e-01
3.896791636943817139e-01
3.896791636943817139e-01
3.896791636943817139e-01
3.896791636943817139e-01
3.896791636943817139e-01
3.896791636943817139e-01
3.896791636943817139e-01
3.896791636943817139e-01
3.896791636943817139e-01
3.896791636943817139e-01
3.896791636943817139e-01
3.896791636943817139e-01
3.896791636943817139e-01
3.896791636943817139e-01
3.896791636943817139e-01
3.896791636943817139e-01
3.896791636943817139e-01
3.896791636943817139e-01
9.265350103378295898e-01
3.896791636943817139e-01
3.896791636943817139e-01
3.896791636943817139e-01
3.896791636943817139e-01
3.781478404998779297e-01
3.896791636943817139e-01
3.896791636943817139e-01
3.896791636943817139e-01
3.896791636943817139e-01
3.896791636943817139e-01
3.896791636943817139e-01
3.896791636943817139e-01
3.896791636943817139e-01
3.896791636943817139e-01
3.896791636943817139e-01
3.896791636943817139e-01
3.896791636943817139e-01
3.896791636943817139e-01
3.896791636943817139e-01
3.896791636943817139e-01
3.896791636943817139e-01
3.896791636943817139e-01
3.896791636943817139e-01
3.896791636943817139e-01
3.896791636943817139e-01
3.896791636943817139e-01
3.896791636943817139e-01
3.896791636943817139e-01
3.896791636943817139e-01
3.896791636943817139e-01
3.896791636943817139e-01
3.896791636943817139e-01
3.896791636943817139e-01
3.896791636943817139e-01
3.896791636943817139e-01
3.896791636943817139e-01
3.896791636943817139e-01
3.896791636943817139e-01
3.896791636943817139e-01
3.896791636943817139e-01
3.896791636943817139e-01
3.896791636943817139e-01
3.896791636943817139e-01
3.896791636943817139e-01
3.896791636943817139e-01
3.896791636943817139e-01
3.896791636943817139e-01
