8.528391122817993164e-01
8.528391122817993164e-01
8.528391122817993164e-01
8.528391122817993164e-01
8.528391122817993164e-01
8.528345227241516113e-01
8.528391122817993164e-01
8.528391122817993164e-01
8.528391122817993164e-01
8.528391122817993164e-01
8.260214328765869141e-01
8.528391122817993164e-01
8.528391122817993164e-01
8.528391122817993164e-01
8.528391122817993164e-01
8.528391122817993164e-01
8.528391122817993164e-01
8.528389930725097656e-01
8.466296195983886719e-01
8.528391122817993164e-01
8.528391122817993164e-01
8.528391122817993164e-01
8.528391122817993164e-01
8.528391122817993164e-01
8.528391122817993164e-01
8.528391122817993164e-01
8.528391122817993164e-01
8.528391122817993164e-01
8.528391122817993164e-01
8.528391122817993164e-01
8.528391122817993164e-01
8.521334528923034668e-01
8.516629338264465332e-01
7.281274199485778809e-01
8.528391122817993164e-01
8.528391122817993164e-01
8.528391122817993164e-01
8.528391122817993164e-01
8.528391122817993164e-01
8.528391122817993164e-01
8.528391122817993164e-01
8.528391122817993164e-01
8.528391122817993164e-01
8.528284430503845215e-01
8.528391122817993164e-01
8.528391122817993164e-01
8.528391122817993164e-01
8.528391122817993164e-01
3.829143941402435303e-01
8.528391122817993164e-01
8.528391122817993164e-01
8.528391122817993164e-01
8.528391122817993164e-01
3.829143941402435303e-01
8.528391122817993164e-01
8.528391122817993164e-01
8.528391122817993164e-01
8.528391122817993164e-01
8.528391122817993164e-01
8.528391122817993164e-01
8.528391122817993164e-01
8.528391122817993164e-01
8.528391122817993164e-01
8.528391122817993164e-01
8.528391122817993164e-01
3.829143941402435303e-01
8.528391122817993164e-01
8.528391122817993164e-01
8.528391122817993164e-01
8.528391122817993164e-01
8.528391122817993164e-01
8.528391122817993164e-01
8.528391122817993164e-01
8.528391122817993164e-01
8.528391122817993164e-01
3.829143941402435303e-01
3.829143941402435303e-01
3.829143941402435303e-01
3.829143941402435303e-01
3.829143941402435303e-01
3.829143941402435303e-01
3.829143941402435303e-01
3.829143941402435303e-01
3.829143941402435303e-01
3.829143941402435303e-01
3.829143941402435303e-01
3.829143941402435303e-01
3.829143941402435303e-01
3.829143941402435303e-01
3.829143941402435303e-01
3.829143941402435303e-01
3.829143941402435303e-01
3.829143941402435303e-01
3.829143941402435303e-01
3.829143941402435303e-01
3.829143941402435303e-01
3.829143941402435303e-01
3.829143941402435303e-01
3.829143941402435303e-01
3.829143941402435303e-01
3.829143941402435303e-01
3.829143941402435303e-01
3.829143941402435303e-01
3.829143941402435303e-01
3.829143941402435303e-01
3.829143941402435303e-01
3.829143941402435303e-01
3.829143941402435303e-01
3.829143941402435303e-01
3.829143941402435303e-01
3.829143941402435303e-01
3.829143941402435303e-01
3.829143941402435303e-01
3.829143941402435303e-01
3.829143941402435303e-01
3.829143941402435303e-01
3.829143941402435303e-01
3.829143941402435303e-01
3.829143941402435303e-01
3.829143941402435303e-01
3.829143941402435303e-01
3.829143941402435303e-01
3.829143941402435303e-01
3.829143941402435303e-01
3.829143941402435303e-01
3.829143941402435303e-01
3.829143941402435303e-01
3.829143941402435303e-01
3.829143941402435303e-01
3.829143941402435303e-01
3.829143941402435303e-01
3.829143941402435303e-01
3.829143941402435303e-01
3.829143941402435303e-01
3.829143941402435303e-01
3.829143941402435303e-01
3.829143941402435303e-01
3.829143941402435303e-01
3.829143941402435303e-01
3.829143941402435303e-01
3.829143941402435303e-01
3.829143941402435303e-01
3.829143941402435303e-01
3.829143941402435303e-01
3.829143941402435303e-01
3.829143941402435303e-01
3.829143941402435303e-01
3.829143941402435303e-01
3.829143941402435303e-01
3.829143941402435303e-01
3.829143941402435303e-01
3.829143941402435303e-01
3.829143941402435303e-01
3.829143941402435303e-01
3.829143941402435303e-01
3.829143941402435303e-01
3.829143941402435303e-01
3.829143941402435303e-01
3.829143941402435303e-01
3.829143941402435303e-01
3.829143941402435303e-01
3.829143941402435303e-01
3.829143941402435303e-01
3.829143941402435303e-01
3.829143941402435303e-01
3.829143941402435303e-01
3.829143941402435303e-01
3.829143941402435303e-01
3.829143941402435303e-01
3.829143941402435303e-01
3.829143941402435303e-01
3.829143941402435303e-01
3.829143941402435303e-01
3.829143941402435303e-01
3.829143941402435303e-01
3.829143941402435303e-01
3.829143941402435303e-01
3.829143941402435303e-01
3.829143941402435303e-01
3.829143941402435303e-01
3.829143941402435303e-01
3.829143941402435303e-01
3.829143941402435303e-01
3.829143941402435303e-01
3.829143941402435303e-01
3.829143941402435303e-01
3.829143941402435303e-01
3.829143941402435303e-01
3.829143941402435303e-01
3.829143941402435303e-01
3.829143941402435303e-01
3.829143941402435303e-01
3.829143941402435303e-01
3.829143941402435303e-01
3.829143941402435303e-01
3.829143941402435303e-01
3.829143941402435303e-01
3.829143941402435303e-01
3.829143941402435303e-01
3.829143941402435303e-01
3.829143941402435303e-01
3.829143941402435303e-01
3.829143941402435303e-01
3.829143941402435303e-01
3.829143941402435303e-01
3.829143941402435303e-01
3.829143941402435303e-01
3.829143941402435303e-01
3.829143941402435303e-01
3.829143941402435303e-01
3.829143941402435303e-01
3.829143941402435303e-01
3.829143941402435303e-01
3.829143941402435303e-01
3.829143941402435303e-01
3.829143941402435303e-01
3.829143941402435303e-01
3.829143941402435303e-01
3.829143941402435303e-01
3.829143941402435303e-01
3.829143941402435303e-01
3.829143941402435303e-01
3.829143941402435303e-01
3.829143941402435303e-01
3.829143941402435303e-01
3.829143941402435303e-01
3.829143941402435303e-01
3.829143941402435303e-01
3.829143941402435303e-01
3.829143941402435303e-01
3.829143941402435303e-01
3.829143941402435303e-01
3.829143941402435303e-01
3.829143941402435303e-01
3.829143941402435303e-01
3.829143941402435303e-01
3.829143941402435303e-01
3.829143941402435303e-01
3.829143941402435303e-01
3.829143941402435303e-01
3.829143941402435303e-01
3.829143941402435303e-01
3.829143941402435303e-01
3.829143941402435303e-01
3.829143941402435303e-01
3.829143941402435303e-01
8.528391122817993164e-01
8.528391122817993164e-01
8.528391122817993164e-01
3.829143941402435303e-01
3.829143941402435303e-01
8.528391122817993164e-01
7.460387945175170898e-01
8.528391122817993164e-01
3.829143941402435303e-01
8.528391122817993164e-01
8.528391122817993164e-01
7.460387945175170898e-01
8.528391122817993164e-01
8.528391122817993164e-01
8.528391122817993164e-01
8.528391122817993164e-01
3.829143941402435303e-01
3.829143941402435303e-01
3.829143941402435303e-01
8.528391122817993164e-01
8.528391122817993164e-01
8.528391122817993164e-01
3.829143941402435303e-01
8.528391122817993164e-01
8.528391122817993164e-01
8.528391122817993164e-01
3.829143941402435303e-01
8.285760283470153809e-01
8.528391122817993164e-01
8.528391122817993164e-01
8.528391122817993164e-01
8.528391122817993164e-01
8.528391122817993164e-01
8.528391122817993164e-01
8.528391122817993164e-01
8.528391122817993164e-01
3.829143941402435303e-01
3.829143941402435303e-01
3.829143941402435303e-01
8.528391122817993164e-01
8.528391122817993164e-01
8.528391122817993164e-01
8.528391122817993164e-01
8.528391122817993164e-01
8.528391122817993164e-01
8.528391122817993164e-01
3.829143941402435303e-01
3.829143941402435303e-01
8.528391122817993164e-01
8.528391122817993164e-01
8.528391122817993164e-01
8.528391122817993164e-01
8.528391122817993164e-01
8.528391122817993164e-01
8.528391122817993164e-01
8.528391122817993164e-01
8.528391122817993164e-01
3.829143941402435303e-01
3.829143941402435303e-01
8.528391122817993164e-01
7.460387945175170898e-01
3.829143941402435303e-01
8.528391122817993164e-01
8.528391122817993164e-01
3.829143941402435303e-01
8.526735305786132812e-01
3.829143941402435303e-01
8.528391122817993164e-01
8.528391122817993164e-01
8.528391122817993164e-01
3.829143941402435303e-01
8.528391122817993164e-01
8.528391122817993164e-01
3.829143941402435303e-01
3.829143941402435303e-01
8.528391122817993164e-01
3.829143941402435303e-01
8.300932049751281738e-01
3.829143941402435303e-01
3.829143941402435303e-01
8.528391122817993164e-01
3.829143941402435303e-01
3.829143941402435303e-01
8.528391122817993164e-01
3.829143941402435303e-01
3.829143941402435303e-01
3.829143941402435303e-01
3.829143941402435303e-01
3.829143941402435303e-01
8.528391122817993164e-01
8.528391122817993164e-01
3.829143941402435303e-01
3.829143941402435303e-01
3.829143941402435303e-01
8.528391122817993164e-01
3.829143941402435303e-01
3.829143941402435303e-01
8.528391122817993164e-01
3.829143941402435303e-01
3.829143941402435303e-01
3.829143941402435303e-01
8.528391122817993164e-01
8.528391122817993164e-01
3.829143941402435303e-01
8.528391122817993164e-01
3.829143941402435303e-01
8.528391122817993164e-01
3.829143941402435303e-01
3.829143941402435303e-01
3.829143941402435303e-01
3.829143941402435303e-01
3.829143941402435303e-01
8.528391122817993164e-01
3.829143941402435303e-01
3.829143941402435303e-01
3.829143941402435303e-01
3.829143941402435303e-01
3.829143941402435303e-01
3.829143941402435303e-01
3.829143941402435303e-01
3.829143941402435303e-01
3.829143941402435303e-01
3.829143941402435303e-01
3.829143941402435303e-01
3.829143941402435303e-01
3.829143941402435303e-01
3.829143941402435303e-01
3.829143941402435303e-01
3.829143941402435303e-01
3.829143941402435303e-01
3.829143941402435303e-01
3.829143941402435303e-01
3.829143941402435303e-01
3.829143941402435303e-01
3.829143941402435303e-01
3.829143941402435303e-01
3.829143941402435303e-01
3.829143941402435303e-01
3.829143941402435303e-01
3.829143941402435303e-01
3.829143941402435303e-01
3.829143941402435303e-01
3.829143941402435303e-01
3.829143941402435303e-01
3.829143941402435303e-01
3.829143941402435303e-01
3.829143941402435303e-01
3.829143941402435303e-01
3.829143941402435303e-01
3.829143941402435303e-01
3.829143941402435303e-01
3.829143941402435303e-01
3.829143941402435303e-01
3.829143941402435303e-01
3.829143941402435303e-01
3.829143941402435303e-01
3.829143941402435303e-01
3.829143941402435303e-01
3.829143941402435303e-01
3.829143941402435303e-01
3.829143941402435303e-01
3.829143941402435303e-01
3.829143941402435303e-01
3.829143941402435303e-01
3.829143941402435303e-01
3.829143941402435303e-01
3.829143941402435303e-01
3.829143941402435303e-01
3.829143941402435303e-01
3.829143941402435303e-01
3.829143941402435303e-01
3.829143941402435303e-01
3.829143941402435303e-01
3.829143941402435303e-01
3.829143941402435303e-01
3.829143941402435303e-01
3.829143941402435303e-01
3.829143941402435303e-01
3.829143941402435303e-01
3.829143941402435303e-01
8.528391122817993164e-01
8.528391122817993164e-01
8.528364300727844238e-01
3.829143941402435303e-01
8.528391122817993164e-01
8.528391122817993164e-01
8.528391122817993164e-01
8.528391122817993164e-01
8.528391122817993164e-01
8.528391122817993164e-01
8.528385758399963379e-01
8.528391122817993164e-01
8.528391122817993164e-01
8.528391122817993164e-01
8.528391122817993164e-01
8.528391122817993164e-01
8.528391122817993164e-01
8.528391122817993164e-01
7.631474733352661133e-01
8.528391122817993164e-01
8.528391122817993164e-01
8.528391122817993164e-01
8.528391122817993164e-01
8.528391122817993164e-01
8.528391122817993164e-01
8.528391122817993164e-01
8.528391122817993164e-01
3.829143941402435303e-01
8.528391122817993164e-01
8.528391122817993164e-01
8.528295755386352539e-01
8.528391122817993164e-01
8.528391122817993164e-01
8.528391122817993164e-01
8.528391122817993164e-01
8.528391122817993164e-01
8.528391122817993164e-01
8.528288602828979492e-01
8.528391122817993164e-01
8.528391122817993164e-01
7.510480284690856934e-01
8.528391122817993164e-01
8.528391122817993164e-01
8.528391122817993164e-01
3.829143941402435303e-01
8.379987478256225586e-01
8.528391122817993164e-01
8.528391122817993164e-01
8.528391122817993164e-01
8.528391122817993164e-01
8.528391122817993164e-01
8.528391122817993164e-01
8.528391122817993164e-01
3.829143941402435303e-01
8.528391122817993164e-01
8.528391122817993164e-01
8.528391122817993164e-01
8.528391122817993164e-01
8.528391122817993164e-01
8.528391122817993164e-01
8.528391122817993164e-01
8.528391122817993164e-01
8.528391122817993164e-01
8.345863819122314453e-01
8.279402852058410645e-01
8.528391122817993164e-01
8.528391122817993164e-01
8.528391122817993164e-01
3.829143941402435303e-01
8.528391122817993164e-01
3.829143941402435303e-01
8.528391122817993164e-01
8.528391122817993164e-01
8.519037961959838867e-01
8.528388142585754395e-01
3.829143941402435303e-01
3.829143941402435303e-01
3.829143941402435303e-01
3.829143941402435303e-01
3.829143941402435303e-01
3.829143941402435303e-01
3.829143941402435303e-01
8.526563644409179688e-01
3.829143941402435303e-01
3.829143941402435303e-01
3.829143941402435303e-01
3.829143941402435303e-01
3.829143941402435303e-01
3.829143941402435303e-01
3.829143941402435303e-01
3.829143941402435303e-01
3.829143941402435303e-01
3.829143941402435303e-01
3.829143941402435303e-01
3.829143941402435303e-01
3.829143941402435303e-01
3.829143941402435303e-01
3.829143941402435303e-01
3.829143941402435303e-01
3.829143941402435303e-01
3.829143941402435303e-01
8.528391122817993164e-01
3.829143941402435303e-01
8.527373671531677246e-01
8.528391122817993164e-01
3.829143941402435303e-01
3.829143941402435303e-01
3.829143941402435303e-01
3.829143941402435303e-01
8.474148511886596680e-01
3.829143941402435303e-01
3.829143941402435303e-01
3.829143941402435303e-01
3.829143941402435303e-01
3.829143941402435303e-01
3.829143941402435303e-01
3.829143941402435303e-01
3.829143941402435303e-01
8.524684309959411621e-01
3.829143941402435303e-01
3.829143941402435303e-01
3.829143941402435303e-01
8.324824571609497070e-01
3.829143941402435303e-01
3.829143941402435303e-01
3.829143941402435303e-01
3.829143941402435303e-01
3.829143941402435303e-01
3.829143941402435303e-01
8.474148511886596680e-01
3.829143941402435303e-01
3.829143941402435303e-01
8.474148511886596680e-01
3.829143941402435303e-01
3.829143941402435303e-01
3.829143941402435303e-01
3.829143941402435303e-01
3.829143941402435303e-01
3.829143941402435303e-01
3.829143941402435303e-01
3.829143941402435303e-01
3.829143941402435303e-01
3.829143941402435303e-01
3.829143941402435303e-01
3.829143941402435303e-01
3.829143941402435303e-01
3.829143941402435303e-01
3.829143941402435303e-01
3.829143941402435303e-01
3.829143941402435303e-01
3.829143941402435303e-01
3.829143941402435303e-01
3.829143941402435303e-01
3.829143941402435303e-01
3.829143941402435303e-01
3.829143941402435303e-01
3.829143941402435303e-01
3.829143941402435303e-01
3.829143941402435303e-01
3.829143941402435303e-01
3.829143941402435303e-01
3.829143941402435303e-01
3.829143941402435303e-01
3.829143941402435303e-01
3.829143941402435303e-01
3.829143941402435303e-01
3.829143941402435303e-01
3.829143941402435303e-01
3.829143941402435303e-01
3.829143941402435303e-01
3.829143941402435303e-01
3.829143941402435303e-01
3.829143941402435303e-01
3.829143941402435303e-01
3.829143941402435303e-01
3.829143941402435303e-01
3.829143941402435303e-01
3.829143941402435303e-01
3.829143941402435303e-01
3.829143941402435303e-01
3.829143941402435303e-01
3.829143941402435303e-01
3.829143941402435303e-01
3.829143941402435303e-01
3.829143941402435303e-01
3.829143941402435303e-01
3.829143941402435303e-01
3.829143941402435303e-01
3.829143941402435303e-01
3.829143941402435303e-01
3.829143941402435303e-01
3.829143941402435303e-01
3.829143941402435303e-01
3.829143941402435303e-01
3.829143941402435303e-01
3.829143941402435303e-01
3.829143941402435303e-01
3.829143941402435303e-01
3.829143941402435303e-01
3.829143941402435303e-01
3.829143941402435303e-01
3.829143941402435303e-01
3.829143941402435303e-01
3.829143941402435303e-01
3.829143941402435303e-01
3.829143941402435303e-01
3.829143941402435303e-01
3.829143941402435303e-01
3.829143941402435303e-01
3.829143941402435303e-01
3.829143941402435303e-01
8.528391122817993164e-01
3.829143941402435303e-01
3.829143941402435303e-01
3.829143941402435303e-01
3.829143941402435303e-01
3.829143941402435303e-01
3.829143941402435303e-01
8.528391122817993164e-01
3.829143941402435303e-01
3.829143941402435303e-01
3.829143941402435303e-01
3.829143941402435303e-01
3.829143941402435303e-01
3.829143941402435303e-01
3.829143941402435303e-01
8.494372367858886719e-01
3.829143941402435303e-01
3.829143941402435303e-01
3.829143941402435303e-01
8.528391122817993164e-01
3.829143941402435303e-01
3.829143941402435303e-01
3.829143941402435303e-01
3.829143941402435303e-01
3.829143941402435303e-01
3.829143941402435303e-01
3.829143941402435303e-01
3.829143941402435303e-01
3.829143941402435303e-01
3.829143941402435303e-01
3.829143941402435303e-01
3.829143941402435303e-01
3.829143941402435303e-01
8.528317809104919434e-01
3.829143941402435303e-01
3.829143941402435303e-01
8.528391122817993164e-01
8.528391122817993164e-01
3.829143941402435303e-01
3.829143941402435303e-01
3.829143941402435303e-01
3.829143941402435303e-01
3.829143941402435303e-01
3.829143941402435303e-01
3.829143941402435303e-01
3.829143941402435303e-01
3.829143941402435303e-01
3.829143941402435303e-01
3.829143941402435303e-01
8.527968525886535645e-01
3.829143941402435303e-01
3.829143941402435303e-01
3.829143941402435303e-01
3.829143941402435303e-01
3.829143941402435303e-01
3.829143941402435303e-01
3.829143941402435303e-01
3.829143941402435303e-01
3.829143941402435303e-01
8.528391122817993164e-01
3.829143941402435303e-01
3.829143941402435303e-01
8.528391122817993164e-01
3.829143941402435303e-01
3.829143941402435303e-01
3.829143941402435303e-01
3.829143941402435303e-01
3.829143941402435303e-01
3.829143941402435303e-01
3.829143941402435303e-01
3.829143941402435303e-01
3.829143941402435303e-01
3.829143941402435303e-01
3.829143941402435303e-01
3.829143941402435303e-01
3.829143941402435303e-01
3.829143941402435303e-01
3.829143941402435303e-01
3.829143941402435303e-01
3.829143941402435303e-01
3.829143941402435303e-01
3.829143941402435303e-01
3.829143941402435303e-01
3.829143941402435303e-01
3.829143941402435303e-01
3.829143941402435303e-01
3.829143941402435303e-01
3.829143941402435303e-01
3.829143941402435303e-01
3.829143941402435303e-01
3.829143941402435303e-01
3.829143941402435303e-01
3.829143941402435303e-01
3.829143941402435303e-01
3.829143941402435303e-01
3.829143941402435303e-01
3.829143941402435303e-01
3.829143941402435303e-01
3.829143941402435303e-01
3.829143941402435303e-01
3.829143941402435303e-01
3.829143941402435303e-01
3.829143941402435303e-01
3.829143941402435303e-01
3.829143941402435303e-01
3.829143941402435303e-01
3.829143941402435303e-01
3.829143941402435303e-01
3.829143941402435303e-01
3.829143941402435303e-01
3.829143941402435303e-01
3.829143941402435303e-01
3.829143941402435303e-01
3.829143941402435303e-01
3.829143941402435303e-01
3.829143941402435303e-01
3.829143941402435303e-01
3.829143941402435303e-01
3.829143941402435303e-01
3.829143941402435303e-01
3.829143941402435303e-01
3.829143941402435303e-01
3.829143941402435303e-01
3.829143941402435303e-01
3.829143941402435303e-01
3.829143941402435303e-01
3.829143941402435303e-01
3.829143941402435303e-01
3.829143941402435303e-01
3.829143941402435303e-01
3.829143941402435303e-01
3.829143941402435303e-01
3.829143941402435303e-01
3.829143941402435303e-01
3.829143941402435303e-01
3.829143941402435303e-01
3.829143941402435303e-01
3.829143941402435303e-01
3.829143941402435303e-01
3.829143941402435303e-01
3.829143941402435303e-01
3.829143941402435303e-01
3.829143941402435303e-01
3.829143941402435303e-01
3.829143941402435303e-01
3.829143941402435303e-01
3.829143941402435303e-01
3.829143941402435303e-01
3.829143941402435303e-01
3.829143941402435303e-01
3.829143941402435303e-01
3.829143941402435303e-01
3.829143941402435303e-01
3.829143941402435303e-01
3.829143941402435303e-01
3.829143941402435303e-01
3.829143941402435303e-01
3.829143941402435303e-01
3.829143941402435303e-01
3.829143941402435303e-01
3.829143941402435303e-01
3.829143941402435303e-01
3.829143941402435303e-01
3.829143941402435303e-01
3.829143941402435303e-01
3.829143941402435303e-01
3.829143941402435303e-01
3.829143941402435303e-01
3.829143941402435303e-01
3.829143941402435303e-01
3.829143941402435303e-01
3.829143941402435303e-01
3.829143941402435303e-01
3.829143941402435303e-01
3.829143941402435303e-01
3.829143941402435303e-01
3.829143941402435303e-01
3.829143941402435303e-01
3.829143941402435303e-01
3.829143941402435303e-01
3.829143941402435303e-01
3.829143941402435303e-01
3.829143941402435303e-01
3.829143941402435303e-01
3.829143941402435303e-01
3.829143941402435303e-01
3.829143941402435303e-01
3.829143941402435303e-01
3.829143941402435303e-01
3.829143941402435303e-01
3.829143941402435303e-01
3.829143941402435303e-01
3.829143941402435303e-01
3.829143941402435303e-01
3.829143941402435303e-01
3.829143941402435303e-01
3.829143941402435303e-01
3.829143941402435303e-01
3.829143941402435303e-01
3.829143941402435303e-01
3.829143941402435303e-01
3.829143941402435303e-01
3.829143941402435303e-01
3.829143941402435303e-01
3.829143941402435303e-01
3.829143941402435303e-01
3.829143941402435303e-01
3.829143941402435303e-01
3.829143941402435303e-01
3.829143941402435303e-01
3.829143941402435303e-01
3.829143941402435303e-01
3.829143941402435303e-01
3.829143941402435303e-01
3.829143941402435303e-01
3.829143941402435303e-01
3.829143941402435303e-01
3.829143941402435303e-01
3.829143941402435303e-01
3.829143941402435303e-01
3.829143941402435303e-01
3.829143941402435303e-01
3.829143941402435303e-01
3.829143941402435303e-01
3.829143941402435303e-01
3.829143941402435303e-01
3.829143941402435303e-01
3.829143941402435303e-01
3.829143941402435303e-01
3.829143941402435303e-01
3.829143941402435303e-01
3.829143941402435303e-01
3.829143941402435303e-01
3.829143941402435303e-01
3.829143941402435303e-01
3.829143941402435303e-01
3.829143941402435303e-01
3.829143941402435303e-01
3.829143941402435303e-01
3.829143941402435303e-01
3.829143941402435303e-01
3.829143941402435303e-01
3.829143941402435303e-01
3.829143941402435303e-01
3.829143941402435303e-01
3.829143941402435303e-01
3.829143941402435303e-01
3.829143941402435303e-01
3.829143941402435303e-01
3.829143941402435303e-01
3.829143941402435303e-01
3.829143941402435303e-01
3.829143941402435303e-01
3.829143941402435303e-01
3.829143941402435303e-01
3.829143941402435303e-01
3.829143941402435303e-01
3.829143941402435303e-01
3.829143941402435303e-01
3.829143941402435303e-01
3.829143941402435303e-01
3.829143941402435303e-01
3.829143941402435303e-01
3.829143941402435303e-01
3.829143941402435303e-01
3.829143941402435303e-01
3.829143941402435303e-01
3.829143941402435303e-01
3.829143941402435303e-01
3.829143941402435303e-01
3.829143941402435303e-01
3.829143941402435303e-01
3.829143941402435303e-01
3.829143941402435303e-01
3.829143941402435303e-01
3.829143941402435303e-01
3.829143941402435303e-01
3.829143941402435303e-01
3.829143941402435303e-01
3.829143941402435303e-01
3.829143941402435303e-01
3.829143941402435303e-01
3.829143941402435303e-01
3.829143941402435303e-01
3.829143941402435303e-01
3.829143941402435303e-01
3.829143941402435303e-01
3.829143941402435303e-01
3.829143941402435303e-01
3.829143941402435303e-01
3.829143941402435303e-01
3.829143941402435303e-01
3.829143941402435303e-01
3.829143941402435303e-01
3.829143941402435303e-01
3.829143941402435303e-01
3.829143941402435303e-01
3.829143941402435303e-01
3.829143941402435303e-01
3.829143941402435303e-01
3.829143941402435303e-01
3.829143941402435303e-01
3.829143941402435303e-01
3.829143941402435303e-01
3.829143941402435303e-01
3.829143941402435303e-01
3.829143941402435303e-01
3.829143941402435303e-01
3.829143941402435303e-01
3.829143941402435303e-01
3.829143941402435303e-01
3.829143941402435303e-01
3.829143941402435303e-01
3.829143941402435303e-01
3.829143941402435303e-01
3.829143941402435303e-01
3.829143941402435303e-01
3.829143941402435303e-01
3.829143941402435303e-01
3.829143941402435303e-01
3.829143941402435303e-01
3.829143941402435303e-01
3.829143941402435303e-01
3.829143941402435303e-01
3.829143941402435303e-01
3.829143941402435303e-01
3.829143941402435303e-01
3.829143941402435303e-01
3.829143941402435303e-01
3.829143941402435303e-01
3.829143941402435303e-01
3.829143941402435303e-01
3.829143941402435303e-01
3.829143941402435303e-01
3.829143941402435303e-01
3.829143941402435303e-01
3.829143941402435303e-01
3.829143941402435303e-01
8.476930260658264160e-01
3.829143941402435303e-01
3.829143941402435303e-01
3.829143941402435303e-01
3.829143941402435303e-01
3.829143941402435303e-01
3.829143941402435303e-01
3.829143941402435303e-01
3.829143941402435303e-01
3.829143941402435303e-01
3.829143941402435303e-01
8.528391122817993164e-01
3.829143941402435303e-01
3.829143941402435303e-01
3.829143941402435303e-01
3.829143941402435303e-01
3.829143941402435303e-01
8.528110980987548828e-01
3.829143941402435303e-01
3.829143941402435303e-01
3.829143941402435303e-01
3.829143941402435303e-01
3.829143941402435303e-01
8.528051972389221191e-01
3.829143941402435303e-01
3.829143941402435303e-01
3.829143941402435303e-01
3.829143941402435303e-01
3.829143941402435303e-01
3.829143941402435303e-01
3.829143941402435303e-01
3.829143941402435303e-01
3.829143941402435303e-01
3.829143941402435303e-01
3.829143941402435303e-01
7.690227627754211426e-01
8.513154387474060059e-01
3.829143941402435303e-01
3.829143941402435303e-01
3.829143941402435303e-01
3.829143941402435303e-01
3.829143941402435303e-01
3.829143941402435303e-01
3.829143941402435303e-01
3.829143941402435303e-01
3.829143941402435303e-01
3.829143941402435303e-01
3.829143941402435303e-01
8.481453657150268555e-01
8.528087139129638672e-01
3.829143941402435303e-01
3.829143941402435303e-01
3.829143941402435303e-01
3.829143941402435303e-01
3.829143941402435303e-01
3.829143941402435303e-01
3.829143941402435303e-01
