8.064219355583190918e-01
9.785925745964050293e-01
9.490488767623901367e-01
7.730219960212707520e-01
7.194029092788696289e-01
7.502235770225524902e-01
6.837953925132751465e-01
7.350994944572448730e-01
8.854520320892333984e-01
9.664807319641113281e-01
9.276947975158691406e-01
7.876706123352050781e-01
7.315117716789245605e-01
9.323135614395141602e-01
8.182818889617919922e-01
8.531090617179870605e-01
7.402167916297912598e-01
7.044253349304199219e-01
6.381081342697143555e-01
8.512843847274780273e-01
8.449623584747314453e-01
9.917765855789184570e-01
9.070994257926940918e-01
7.204872965812683105e-01
7.691729664802551270e-01
6.526082158088684082e-01
6.373998522758483887e-01
8.628946542739868164e-01
7.077170014381408691e-01
8.717817068099975586e-01
9.675340056419372559e-01
7.743738889694213867e-01
7.056002020835876465e-01
2.877652943134307861e-01
9.632740020751953125e-01
7.392075061798095703e-01
6.814370155334472656e-01
6.399111151695251465e-01
7.003293633460998535e-01
7.017751932144165039e-01
8.647946119308471680e-01
7.316581606864929199e-01
7.588547468185424805e-01
6.471330523490905762e-01
8.720044493675231934e-01
6.981187462806701660e-01
7.261872291564941406e-01
7.736110687255859375e-01
5.794499516487121582e-01
6.759178042411804199e-01
9.417262077331542969e-01
6.027444601058959961e-01
8.974460959434509277e-01
8.223403096199035645e-01
7.619282007217407227e-01
9.753972887992858887e-01
7.726700305938720703e-01
9.318337440490722656e-01
9.420101642608642578e-01
9.602838754653930664e-01
6.906780004501342773e-01
7.807922363281250000e-01
9.527707099914550781e-01
7.868382334709167480e-01
6.592729687690734863e-01
7.446144819259643555e-01
7.837184667587280273e-01
6.304776668548583984e-01
7.987693548202514648e-01
9.332927465438842773e-01
8.116216659545898438e-01
8.954402804374694824e-01
8.264877796173095703e-01
9.280628561973571777e-01
7.255061268806457520e-01
8.882981538772583008e-01
9.547601938247680664e-01
9.877392649650573730e-01
7.960816025733947754e-01
9.737497568130493164e-01
9.491876363754272461e-01
9.645901322364807129e-01
9.729664325714111328e-01
9.217284321784973145e-01
9.524218440055847168e-01
9.374111890792846680e-01
9.067420363426208496e-01
9.664371609687805176e-01
8.647409677505493164e-01
9.319850206375122070e-01
7.487232089042663574e-01
8.434414267539978027e-01
9.624848365783691406e-01
6.466541886329650879e-01
9.618978500366210938e-01
9.858834147453308105e-01
8.682547807693481445e-01
8.961705565452575684e-01
9.335216879844665527e-01
8.169475793838500977e-01
9.359983205795288086e-01
9.781756997108459473e-01
9.570780396461486816e-01
9.765715599060058594e-01
9.544016122817993164e-01
8.535820245742797852e-01
8.838223218917846680e-01
9.209009408950805664e-01
9.726526737213134766e-01
9.466732740402221680e-01
9.579591751098632812e-01
8.280768394470214844e-01
9.678144454956054688e-01
9.483057260513305664e-01
9.392118453979492188e-01
9.675841331481933594e-01
9.579886198043823242e-01
8.224285244941711426e-01
8.671553134918212891e-01
6.768107414245605469e-01
9.592380523681640625e-01
8.692842721939086914e-01
9.536854028701782227e-01
9.663630127906799316e-01
8.917911052703857422e-01
9.693171381950378418e-01
7.483358383178710938e-01
8.807824254035949707e-01
9.767909049987792969e-01
9.572470784187316895e-01
9.710600376129150391e-01
9.461526274681091309e-01
9.109067916870117188e-01
9.823264479637145996e-01
7.383657693862915039e-01
8.930393457412719727e-01
9.693273305892944336e-01
9.654148221015930176e-01
9.110191464424133301e-01
9.465443491935729980e-01
9.722151756286621094e-01
8.827698826789855957e-01
8.210920691490173340e-01
9.680387973785400391e-01
9.310306906700134277e-01
9.165176153182983398e-01
9.614518880844116211e-01
8.918906450271606445e-01
9.867255687713623047e-01
9.490291476249694824e-01
4.959444105625152588e-01
8.302227258682250977e-01
5.838899016380310059e-01
7.206370234489440918e-01
5.899261236190795898e-01
7.247682213783264160e-01
6.699457764625549316e-01
4.624643623828887939e-01
5.302522778511047363e-01
7.179688811302185059e-01
5.682786703109741211e-01
8.170096278190612793e-01
9.744936823844909668e-01
6.536424160003662109e-01
8.225682973861694336e-01
5.011024475097656250e-01
7.373095750808715820e-01
6.614190340042114258e-01
5.392121672630310059e-01
8.401222229003906250e-01
5.934471487998962402e-01
5.375025868415832520e-01
4.787541031837463379e-01
5.240530371665954590e-01
4.875023961067199707e-01
5.210208892822265625e-01
4.423008561134338379e-01
4.649820923805236816e-01
5.082502365112304688e-01
4.868748486042022705e-01
4.915179014205932617e-01
5.189014077186584473e-01
6.019023656845092773e-01
5.013234615325927734e-01
4.821430742740631104e-01
4.590246677398681641e-01
4.964191615581512451e-01
5.151887536048889160e-01
7.574337720870971680e-01
4.875263869762420654e-01
8.421032428741455078e-01
5.453084707260131836e-01
4.867028594017028809e-01
4.704912006855010986e-01
4.875288009643554688e-01
5.010151863098144531e-01
4.701755940914154053e-01
4.883898794651031494e-01
5.256069302558898926e-01
4.821102321147918701e-01
4.110773503780364990e-01
5.196893215179443359e-01
4.650311768054962158e-01
4.704757034778594971e-01
4.496205449104309082e-01
4.892803430557250977e-01
5.528770089149475098e-01
4.638321697711944580e-01
4.844391345977783203e-01
5.495095849037170410e-01
5.540693402290344238e-01
5.348130464553833008e-01
5.402289032936096191e-01
4.693707823753356934e-01
5.252496004104614258e-01
5.207369923591613770e-01
4.755875468254089355e-01
4.985940158367156982e-01
4.789004623889923096e-01
4.883135855197906494e-01
5.638773441314697266e-01
7.536106705665588379e-01
5.361447930335998535e-01
4.777120351791381836e-01
4.853815734386444092e-01
5.351020097732543945e-01
4.922588765621185303e-01
4.539700746536254883e-01
5.241839289665222168e-01
5.067644715309143066e-01
4.769022762775421143e-01
4.945651888847351074e-01
4.869582653045654297e-01
5.328642725944519043e-01
4.549249708652496338e-01
5.859446525573730469e-01
5.470725297927856445e-01
5.631178021430969238e-01
3.422711193561553955e-01
5.237686038017272949e-01
4.804163873195648193e-01
4.494748711585998535e-01
5.721033215522766113e-01
5.594104528427124023e-01
6.419177651405334473e-01
6.659488379955291748e-02
9.026242494583129883e-01
9.187300205230712891e-01
9.258654713630676270e-01
4.582736790180206299e-01
3.825644850730895996e-01
9.307717084884643555e-01
8.280761837959289551e-01
9.068316221237182617e-01
1.997829526662826538e-01
9.686338305473327637e-01
9.016429185867309570e-01
9.501574039459228516e-01
8.900073766708374023e-01
9.456928968429565430e-01
9.178591966629028320e-01
8.771006464958190918e-01
4.679548740386962891e-01
1.178049296140670776e-01
5.654909610748291016e-01
8.461480736732482910e-01
9.684224724769592285e-01
9.338419437408447266e-01
4.288110733032226562e-01
9.446747899055480957e-01
8.965351581573486328e-01
9.913480877876281738e-01
2.678636908531188965e-01
9.461538791656494141e-01
9.728171229362487793e-01
8.598675131797790527e-01
9.409789443016052246e-01
9.017802476882934570e-01
9.598721861839294434e-01
9.530612826347351074e-01
9.738284349441528320e-01
9.336313605308532715e-01
8.960813283920288086e-01
9.223423600196838379e-01
2.876475453376770020e-01
9.275579452514648438e-01
9.702180624008178711e-01
9.931794404983520508e-01
8.967572450637817383e-01
9.322854280471801758e-01
8.950157761573791504e-01
9.775109291076660156e-01
4.016460776329040527e-01
4.632578194141387939e-01
9.625380635261535645e-01
9.323242306709289551e-01
9.484339356422424316e-01
8.905652165412902832e-01
9.371283650398254395e-01
9.366382360458374023e-01
8.993213772773742676e-01
8.930892944335937500e-01
8.255946636199951172e-01
1.567328274250030518e-01
2.759456038475036621e-01
9.703211784362792969e-01
7.079542279243469238e-01
3.878618478775024414e-01
9.044228792190551758e-01
9.357829093933105469e-01
7.682310342788696289e-01
9.458487629890441895e-01
1.110710129141807556e-01
9.684034585952758789e-01
9.478697180747985840e-01
8.839239478111267090e-01
2.630893588066101074e-01
9.797509312629699707e-01
9.438918828964233398e-01
5.150271058082580566e-01
4.266233146190643311e-01
9.503502845764160156e-01
6.656767129898071289e-01
9.869707822799682617e-01
6.629425287246704102e-01
9.475065469741821289e-01
9.521284699440002441e-01
3.441340625286102295e-01
9.030833244323730469e-01
9.522407650947570801e-01
9.695346951484680176e-01
8.492140769958496094e-01
4.314879775047302246e-01
9.493792653083801270e-01
9.065644741058349609e-01
9.544007182121276855e-01
9.709557294845581055e-01
5.798773765563964844e-01
8.840621709823608398e-01
9.119406938552856445e-01
9.047915339469909668e-01
4.530742466449737549e-01
9.082500338554382324e-01
9.774567484855651855e-01
6.407687067985534668e-01
7.508214712142944336e-01
9.183471202850341797e-01
9.830979704856872559e-01
9.503502845764160156e-01
6.895884275436401367e-01
9.800176620483398438e-01
7.150363922119140625e-01
9.886442422866821289e-01
9.310002326965332031e-01
5.629525780677795410e-01
6.382698416709899902e-01
7.230204939842224121e-01
7.417118549346923828e-01
9.331119060516357422e-01
8.619951009750366211e-01
8.313350677490234375e-01
5.238101482391357422e-01
4.941090047359466553e-01
3.054842352867126465e-01
8.258405923843383789e-01
9.057626128196716309e-01
7.793841361999511719e-01
6.156358718872070312e-01
7.594455480575561523e-01
8.357378244400024414e-01
8.432027697563171387e-01
5.101305246353149414e-01
9.368409514427185059e-01
9.069508910179138184e-01
6.131265163421630859e-01
5.358401536941528320e-01
8.689599037170410156e-01
9.851965904235839844e-01
5.130431056022644043e-01
7.444919347763061523e-01
9.015206098556518555e-01
5.212348699569702148e-01
8.186223506927490234e-01
9.698306918144226074e-01
4.368683397769927979e-01
5.936481356620788574e-01
5.179417729377746582e-01
9.001893401145935059e-01
9.468969106674194336e-01
8.839055895805358887e-01
6.990590691566467285e-01
8.102112412452697754e-01
4.921263754367828369e-01
4.159023761749267578e-01
6.167555451393127441e-01
8.737326860427856445e-01
9.293411970138549805e-01
8.250702619552612305e-01
6.114730238914489746e-01
8.230707049369812012e-01
5.777407884597778320e-01
5.265160799026489258e-01
6.096744537353515625e-01
8.925966620445251465e-01
8.545122146606445312e-01
8.008813261985778809e-01
5.435630679130554199e-01
8.909532427787780762e-01
7.557774186134338379e-01
7.273113131523132324e-01
4.731263518333435059e-01
8.133134245872497559e-01
5.173133611679077148e-01
9.606805443763732910e-01
7.932256460189819336e-01
9.795628786087036133e-01
7.242368459701538086e-01
5.728511810302734375e-01
5.124749541282653809e-01
9.316602349281311035e-01
5.090424418449401855e-01
9.802543520927429199e-01
4.717552363872528076e-01
5.281339883804321289e-01
6.171110868453979492e-01
4.262254536151885986e-01
8.510369062423706055e-01
8.649308681488037109e-01
9.857175350189208984e-01
4.378908574581146240e-01
5.616483092308044434e-01
7.621536850929260254e-01
9.244782924652099609e-01
9.688323736190795898e-01
7.834476828575134277e-01
8.905614614486694336e-01
9.729186892509460449e-01
8.373271226882934570e-01
9.000015854835510254e-01
7.153059244155883789e-01
8.269839286804199219e-01
6.289194226264953613e-01
8.605051636695861816e-01
8.559725284576416016e-01
9.892566800117492676e-01
8.362762331962585449e-01
7.128378748893737793e-01
6.546690464019775391e-01
8.961904644966125488e-01
9.116333127021789551e-01
9.773337244987487793e-01
6.242363452911376953e-01
8.667069673538208008e-01
6.939000636339187622e-02
9.601436257362365723e-01
9.805741906166076660e-01
7.737480998039245605e-01
8.745063543319702148e-01
8.170731067657470703e-01
8.998761773109436035e-01
8.520238995552062988e-01
9.280216097831726074e-01
9.471694231033325195e-01
6.857981681823730469e-01
9.679952263832092285e-01
7.335521578788757324e-01
6.109331250190734863e-01
8.360549211502075195e-01
7.347443103790283203e-01
9.402419924736022949e-01
3.127119541168212891e-01
9.820153713226318359e-01
8.559290766716003418e-01
7.901988625526428223e-01
8.777323961257934570e-01
9.894642829895019531e-01
9.439115524291992188e-01
9.010012149810791016e-01
9.049030542373657227e-01
9.418893456459045410e-01
8.271784782409667969e-01
9.426122307777404785e-01
8.574492931365966797e-01
9.716840982437133789e-01
8.797057271003723145e-01
8.499161601066589355e-01
9.751701951026916504e-01
9.075343608856201172e-01
9.655852913856506348e-01
9.136323928833007812e-01
7.709972858428955078e-01
8.459275364875793457e-01
7.542948722839355469e-01
7.487818598747253418e-01
5.816897749900817871e-01
7.575358152389526367e-01
4.052270650863647461e-01
8.112447261810302734e-01
9.018929004669189453e-01
6.783142685890197754e-01
2.050686441361904144e-02
1.491730473935604095e-02
1.353050023317337036e-02
5.803785324096679688e-01
1.428590901196002960e-02
2.005629241466522217e-02
7.318206429481506348e-01
1.874010637402534485e-02
3.913911804556846619e-02
3.514813780784606934e-01
2.225968928541988134e-04
9.056724607944488525e-02
6.228057742118835449e-01
1.048842817544937134e-02
2.332685329020023346e-02
6.503284722566604614e-02
1.175659745931625366e-01
4.323272705078125000e-01
6.034668684005737305e-01
3.609999269247055054e-02
2.292794873937964439e-03
9.046590887010097504e-03
1.845220103859901428e-02
5.859224591404199600e-03
3.104723989963531494e-03
2.774061858654022217e-01
4.259990062564611435e-03
6.004062481224536896e-03
1.321218628436326981e-02
5.450321361422538757e-03
5.034751296043395996e-01
2.925397828221321106e-03
1.912295352667570114e-03
2.300242148339748383e-02
3.719068318605422974e-02
6.505393981933593750e-01
7.432105541229248047e-01
7.075854539871215820e-01
5.840678811073303223e-01
1.056473515927791595e-02
4.211426079273223877e-01
2.643261570483446121e-03
3.983606770634651184e-02
4.790933430194854736e-01
3.307761549949645996e-01
4.982049576938152313e-03
2.116610854864120483e-02
3.512664511799812317e-02
1.927250251173973083e-02
6.204633414745330811e-02
9.714080020785331726e-03
5.251985788345336914e-01
3.543890416622161865e-01
9.284205734729766846e-03
4.794010147452354431e-02
2.061685360968112946e-02
6.858216524124145508e-01
2.553176134824752808e-03
7.355321198701858521e-03
3.366734385490417480e-01
5.324240326881408691e-01
1.380004175007343292e-02
6.479331292212009430e-03
1.489783823490142822e-02
6.529208421707153320e-01
1.572489179670810699e-02
1.541531062684953213e-03
7.062059640884399414e-01
6.173707172274589539e-02
7.929418236017227173e-02
7.231832742691040039e-01
6.147121638059616089e-02
7.278092671185731888e-03
1.029036007821559906e-02
3.335729241371154785e-01
1.075567901134490967e-01
2.545199729502201080e-02
2.730263397097587585e-02
1.969092488288879395e-01
3.571569547057151794e-02
7.507236674427986145e-03
8.947231620550155640e-02
1.975771598517894745e-02
6.571881473064422607e-02
3.899946808815002441e-01
2.690874598920345306e-02
8.691048026084899902e-01
3.043374046683311462e-02
1.436244696378707886e-01
3.620051965117454529e-02
3.104793131351470947e-01
3.931723833084106445e-01
2.522455155849456787e-02
7.507852911949157715e-01
2.806481160223484039e-02
3.750234469771385193e-02
7.130190730094909668e-02
2.693742513656616211e-01
2.689966931939125061e-02
8.335871994495391846e-02
3.089104546234011650e-03
2.269406989216804504e-02
4.909408092498779297e-02
2.476790733635425568e-02
2.536311745643615723e-02
2.669126987457275391e-01
2.849949300289154053e-01
1.349840760231018066e-01
1.615019701421260834e-02
7.834629155695438385e-03
2.880452945828437805e-02
2.889200747013092041e-01
2.671606279909610748e-02
7.471679151058197021e-02
5.145304203033447266e-01
9.645916521549224854e-03
1.339455693960189819e-01
1.437604427337646484e-02
3.007107600569725037e-02
1.909453272819519043e-01
3.441714867949485779e-02
3.404065221548080444e-02
2.720320597290992737e-02
6.450390815734863281e-02
4.527376219630241394e-02
1.190843246877193451e-02
1.634241640567779541e-01
8.086971044540405273e-01
2.160603739321231842e-02
3.743234649300575256e-02
5.222659558057785034e-03
4.219047427177429199e-01
1.811619997024536133e-01
3.611435741186141968e-02
5.933709740638732910e-01
6.917277723550796509e-02
2.671111747622489929e-02
1.057003997266292572e-02
5.488494038581848145e-02
1.098164916038513184e-02
1.812590099871158600e-02
6.903397291898727417e-02
7.471187412738800049e-02
2.068880200386047363e-02
5.977518111467361450e-02
6.815756112337112427e-02
1.221766509115695953e-02
2.276606410741806030e-01
1.087383329868316650e-01
3.151894360780715942e-02
4.306648075580596924e-01
6.525675058364868164e-01
4.938381910324096680e-01
5.726810693740844727e-01
5.229251980781555176e-01
3.496739566326141357e-01
2.341286092996597290e-02
4.154236018657684326e-01
3.839647397398948669e-02
4.198122620582580566e-01
5.896312594413757324e-01
5.612827539443969727e-01
1.790233254432678223e-01
4.662449285387992859e-02
4.921543896198272705e-01
3.636476695537567139e-01
2.891618907451629639e-01
4.599401950836181641e-01
4.446521699428558350e-01
5.274474024772644043e-01
4.433029890060424805e-01
4.788079559803009033e-01
5.207885503768920898e-01
4.735534787178039551e-01
4.879918992519378662e-01
4.907690882682800293e-01
4.478492140769958496e-01
4.365804195404052734e-01
4.925362765789031982e-01
4.575388133525848389e-01
4.986590445041656494e-01
4.673612415790557861e-01
4.665984511375427246e-01
4.740794301033020020e-01
4.685525000095367432e-01
4.280001223087310791e-01
4.781323373317718506e-01
4.466392993927001953e-01
4.950606822967529297e-01
4.643298983573913574e-01
4.606028199195861816e-01
4.931998848915100098e-01
4.522420167922973633e-01
4.460583031177520752e-01
4.713225364685058594e-01
4.541161954402923584e-01
4.428541064262390137e-01
4.495764672756195068e-01
4.572840929031372070e-01
4.079090356826782227e-01
5.005965828895568848e-01
4.592151939868927002e-01
4.602487981319427490e-01
5.124197006225585938e-01
5.109595656394958496e-01
4.525021612644195557e-01
4.825715720653533936e-01
4.602864384651184082e-01
5.014510154724121094e-01
4.914080798625946045e-01
4.994848370552062988e-01
4.818931519985198975e-01
4.311494827270507812e-01
4.983622133731842041e-01
4.736358523368835449e-01
4.623655676841735840e-01
4.723770022392272949e-01
5.662087798118591309e-01
5.037344694137573242e-01
4.412529170513153076e-01
4.834068715572357178e-01
4.831142127513885498e-01
4.540326297283172607e-01
4.758712053298950195e-01
4.612555801868438721e-01
4.856356382369995117e-01
4.493768811225891113e-01
4.646846950054168701e-01
4.726767838001251221e-01
4.546480774879455566e-01
4.926184713840484619e-01
5.129549503326416016e-01
4.781197905540466309e-01
4.841275513172149658e-01
4.410941302776336670e-01
5.379464030265808105e-01
4.687753915786743164e-01
3.269449770450592041e-01
4.600722491741180420e-01
4.719018340110778809e-01
4.750515222549438477e-01
4.548619091510772705e-01
4.892295598983764648e-01
1.501958724111318588e-02
6.149508059024810791e-02
1.034179478883743286e-01
7.407395541667938232e-02
2.623541280627250671e-02
6.869238615036010742e-02
3.058341890573501587e-02
7.791953533887863159e-02
5.546039715409278870e-02
4.364046454429626465e-02
1.282207965850830078e-01
4.666873067617416382e-02
5.630168691277503967e-02
6.820667386054992676e-01
7.233663648366928101e-02
7.512614130973815918e-02
4.700979217886924744e-02
8.496785759925842285e-01
8.216691017150878906e-02
1.076130345463752747e-01
1.346027404069900513e-01
7.368874549865722656e-02
1.444358527660369873e-01
3.919581323862075806e-02
8.195243030786514282e-02
6.975147128105163574e-02
1.027582287788391113e-01
2.188912592828273773e-02
1.073791384696960449e-01
1.574571281671524048e-01
6.784408539533615112e-02
6.835357546806335449e-01
5.370248854160308838e-02
6.462709605693817139e-02
5.289374664425849915e-02
3.225027769804000854e-02
2.712182514369487762e-02
7.036792486906051636e-02
3.450134396553039551e-02
3.591366708278656006e-01
2.120698988437652588e-01
4.808249324560165405e-02
4.769918695092201233e-02
9.746067225933074951e-03
1.201269477605819702e-01
6.708011031150817871e-02
4.012910649180412292e-02
6.643358618021011353e-02
3.291314840316772461e-01
1.813530623912811279e-01
7.767357397824525833e-03
4.447329789400100708e-02
1.112955808639526367e-01
5.256391689181327820e-02
1.161835193634033203e-01
7.657121121883392334e-02
8.323889225721359253e-02
2.028617821633815765e-02
4.280371963977813721e-02
2.896473407745361328e-01
3.684724271297454834e-01
6.218830123543739319e-02
5.459206551313400269e-02
1.686069518327713013e-01
1.449353396892547607e-01
4.288010299205780029e-02
1.049841493368148804e-01
4.029589891433715820e-02
1.047654822468757629e-01
4.732304811477661133e-02
3.659961000084877014e-02
5.174507200717926025e-02
8.734002709388732910e-02
1.593133807182312012e-01
5.992557480931282043e-02
1.605490446090698242e-01
2.722592838108539581e-02
7.256110012531280518e-02
1.681172996759414673e-01
3.333193659782409668e-01
2.453161180019378662e-01
1.819778233766555786e-01
1.348082721233367920e-01
3.757675364613533020e-02
3.241865038871765137e-01
9.790938347578048706e-02
7.933237403631210327e-02
3.317752480506896973e-01
2.234553396701812744e-01
3.236119151115417480e-01
4.583147913217544556e-02
8.582256734371185303e-02
1.627895236015319824e-01
2.681626752018928528e-02
1.395808160305023193e-01
3.234095871448516846e-02
3.532700538635253906e-01
3.164290487766265869e-01
2.145999856293201447e-02
8.158941268920898438e-01
2.941651456058025360e-02
6.025758758187294006e-02
1.942893862724304199e-01
3.214496001601219177e-02
2.066444158554077148e-01
5.116357803344726562e-01
2.676892094314098358e-02
5.070697516202926636e-02
4.499096274375915527e-01
4.984205216169357300e-02
1.120975539088249207e-01
2.150408178567886353e-02
8.161804825067520142e-02
9.295117855072021484e-02
2.226720005273818970e-01
2.096650451421737671e-01
1.253226846456527710e-01
2.173437327146530151e-01
6.659876555204391479e-02
4.119570851325988770e-01
2.153728902339935303e-02
8.233374357223510742e-02
5.303193330764770508e-01
3.792590200901031494e-01
5.042414665222167969e-01
5.170589089393615723e-01
2.882235646247863770e-01
3.733557164669036865e-01
3.508623540401458740e-01
1.387160271406173706e-01
3.809203505516052246e-01
5.237936973571777344e-01
5.101420283317565918e-01
1.896134167909622192e-01
6.799702644348144531e-01
3.640990555286407471e-01
3.851650059223175049e-01
5.012708902359008789e-01
6.043250560760498047e-01
1.100353822112083435e-01
4.986308813095092773e-01
5.422731041908264160e-01
3.826854825019836426e-01
3.777278065681457520e-01
3.903267681598663330e-01
4.258147776126861572e-01
2.193729132413864136e-01
4.915713369846343994e-01
6.162130460143089294e-02
7.425479888916015625e-01
3.890112638473510742e-01
4.482808113098144531e-01
5.901379585266113281e-01
1.996494680643081665e-01
1.815810054540634155e-01
1.475095301866531372e-01
3.667523562908172607e-01
6.125546619296073914e-02
1.634414345026016235e-01
1.372624486684799194e-01
2.391671240329742432e-01
1.728847473859786987e-01
6.324754357337951660e-01
1.494373977184295654e-01
1.591920405626296997e-01
5.338831543922424316e-01
7.454023510217666626e-02
2.519563734531402588e-01
5.213161706924438477e-01
5.540428161621093750e-01
5.596877336502075195e-01
6.343296766281127930e-01
8.385631442070007324e-02
4.342812597751617432e-01
4.963466525077819824e-01
3.086603879928588867e-01
5.844561457633972168e-01
4.899255931377410889e-01
6.057872176170349121e-01
2.499229907989501953e-01
5.769206285476684570e-01
1.184836998581886292e-01
3.729645162820816040e-02
6.934138014912605286e-03
1.219113473780453205e-04
6.258996129035949707e-01
7.545520365238189697e-02
1.944016665220260620e-02
8.709929138422012329e-02
4.504928737878799438e-02
4.878977686166763306e-02
1.824807561933994293e-02
4.543185350485146046e-04
1.711662625893950462e-03
1.459696213714778423e-03
5.258301496505737305e-01
4.101537540555000305e-02
4.971419274806976318e-02
3.403379619121551514e-01
2.367966994643211365e-02
8.345159585587680340e-04
7.176297307014465332e-01
2.072249352931976318e-01
6.233191490173339844e-01
5.612709373235702515e-02
6.078460440039634705e-02
2.796158008277416229e-02
1.290500978939235210e-03
6.306033730506896973e-01
5.297394990921020508e-01
5.127315409481525421e-03
2.700704848393797874e-03
3.160627931356430054e-02
3.034979999065399170e-01
1.677903905510902405e-02
3.534169634804129601e-03
2.595057711005210876e-03
7.912300527095794678e-02
1.138075534254312515e-02
9.907171130180358887e-03
4.450151324272155762e-02
4.900669753551483154e-01
5.401425957679748535e-01
3.106226213276386261e-02
5.876189097762107849e-02
4.453753829002380371e-01
6.130488216876983643e-02
1.967843808233737946e-02
2.000343613326549530e-02
6.417740136384963989e-02
9.010490030050277710e-03
3.815868496894836426e-02
1.594412140548229218e-02
2.909161895513534546e-02
2.352737821638584137e-02
4.152114968746900558e-03
4.595707952976226807e-01
8.539218455553054810e-03
2.592789009213447571e-03
1.256346702575683594e-01
2.155262827873229980e-01
5.606240779161453247e-02
9.429428726434707642e-03
5.842233896255493164e-01
5.380699876695871353e-03
1.192148029804229736e-02
9.248287416994571686e-03
9.029381908476352692e-04
6.856711953878402710e-02
2.301566302776336670e-01
3.466473892331123352e-02
3.346050798427313566e-04
9.272608160972595215e-02
7.441239058971405029e-02
1.766247302293777466e-02
3.715941682457923889e-02
