3.402921259403228760e-01
3.402921259403228760e-01
5.426481962203979492e-01
5.426480770111083984e-01
3.402921259403228760e-01
3.402921259403228760e-01
5.426485538482666016e-01
3.402921259403228760e-01
5.426483154296875000e-01
3.402912914752960205e-01
3.402921855449676514e-01
5.426481962203979492e-01
5.424016118049621582e-01
3.402921259403228760e-01
5.426481962203979492e-01
3.402921259403228760e-01
3.402921259403228760e-01
5.426481962203979492e-01
3.402921259403228760e-01
3.402921259403228760e-01
3.402929306030273438e-01
5.426481962203979492e-01
4.432293474674224854e-01
5.418379902839660645e-01
5.426481962203979492e-01
5.426481962203979492e-01
3.402919173240661621e-01
5.426481962203979492e-01
5.426481962203979492e-01
5.426481962203979492e-01
3.402921259403228760e-01
3.402920663356781006e-01
3.402921259403228760e-01
5.426481962203979492e-01
5.426481962203979492e-01
3.402921259403228760e-01
5.426481962203979492e-01
5.426481962203979492e-01
3.402924835681915283e-01
5.426478981971740723e-01
5.426481962203979492e-01
5.426481962203979492e-01
3.402921259403228760e-01
5.426481962203979492e-01
5.426479578018188477e-01
5.426481962203979492e-01
3.402921259403228760e-01
5.426481962203979492e-01
5.426481962203979492e-01
3.402918577194213867e-01
5.426481962203979492e-01
5.426481962203979492e-01
5.426462888717651367e-01
5.370970368385314941e-01
5.426142811775207520e-01
3.402921259403228760e-01
3.402921259403228760e-01
5.426478981971740723e-01
3.402921259403228760e-01
5.426481962203979492e-01
5.426481962203979492e-01
3.402921259403228760e-01
5.426480770111083984e-01
5.426481962203979492e-01
5.426481962203979492e-01
5.426481962203979492e-01
3.402917385101318359e-01
5.426481366157531738e-01
5.426481962203979492e-01
3.402921259403228760e-01
5.081691741943359375e-01
5.426481962203979492e-01
5.426481962203979492e-01
5.426478385925292969e-01
3.903896212577819824e-01
5.426481962203979492e-01
5.426481962203979492e-01
5.426485538482666016e-01
3.903897404670715332e-01
3.402922451496124268e-01
5.426484346389770508e-01
5.426484942436218262e-01
5.386293530464172363e-01
3.402921259403228760e-01
3.402921259403228760e-01
5.426481962203979492e-01
5.426481962203979492e-01
3.402900397777557373e-01
5.342043638229370117e-01
5.426481962203979492e-01
5.426481962203979492e-01
5.426478385925292969e-01
3.402921259403228760e-01
3.402921259403228760e-01
5.426459312438964844e-01
5.426481366157531738e-01
3.402921855449676514e-01
3.402921259403228760e-01
3.402920067310333252e-01
3.402921259403228760e-01
5.426483750343322754e-01
5.426481962203979492e-01
5.426481962203979492e-01
5.426341295242309570e-01
3.402907550334930420e-01
5.349665284156799316e-01
3.402921259403228760e-01
5.351595282554626465e-01
3.402921259403228760e-01
5.426481366157531738e-01
5.426076650619506836e-01
5.140612125396728516e-01
5.171122550964355469e-01
3.402921259403228760e-01
4.377710819244384766e-01
5.423894524574279785e-01
5.161079764366149902e-01
5.426386594772338867e-01
5.127223134040832520e-01
5.171122550964355469e-01
3.402921259403228760e-01
5.120052695274353027e-01
4.377710819244384766e-01
3.402921259403228760e-01
3.402900397777557373e-01
3.402921259403228760e-01
5.425981879234313965e-01
5.422648787498474121e-01
3.402921855449676514e-01
3.402919173240661621e-01
3.402921259403228760e-01
3.402921259403228760e-01
4.427535831928253174e-01
3.402921259403228760e-01
3.402917385101318359e-01
3.402921259403228760e-01
5.426328778266906738e-01
5.426478981971740723e-01
3.402929306030273438e-01
3.402922451496124268e-01
3.402921259403228760e-01
5.408003330230712891e-01
3.402921259403228760e-01
5.163316726684570312e-01
5.425525903701782227e-01
3.402921259403228760e-01
5.418248772621154785e-01
5.223443508148193359e-01
5.404403209686279297e-01
3.402920067310333252e-01
4.377710819244384766e-01
5.403167009353637695e-01
5.426474809646606445e-01
5.350493788719177246e-01
5.426350235939025879e-01
5.401815176010131836e-01
3.402921259403228760e-01
5.425961613655090332e-01
3.402920067310333252e-01
5.421289801597595215e-01
3.402921259403228760e-01
4.377710819244384766e-01
4.377710819244384766e-01
5.426058769226074219e-01
5.364246368408203125e-01
3.402921259403228760e-01
5.159797072410583496e-01
5.350491404533386230e-01
3.402924835681915283e-01
4.377710819244384766e-01
5.426481366157531738e-01
3.402921259403228760e-01
5.403167605400085449e-01
5.145780444145202637e-01
5.426478981971740723e-01
3.402921259403228760e-01
3.402912914752960205e-01
3.402921855449676514e-01
5.426483154296875000e-01
3.402921259403228760e-01
4.365713298320770264e-01
3.402920663356781006e-01
4.365713298320770264e-01
5.163318514823913574e-01
5.358375310897827148e-01
3.402921259403228760e-01
4.377710819244384766e-01
3.402921259403228760e-01
3.402921259403228760e-01
5.080796480178833008e-01
5.136671066284179688e-01
3.402921259403228760e-01
5.426468849182128906e-01
4.120870232582092285e-01
3.402921259403228760e-01
4.365713298320770264e-01
3.402918577194213867e-01
3.402921259403228760e-01
5.164323449134826660e-01
3.402921259403228760e-01
3.402923047542572021e-01
3.402921259403228760e-01
4.377709031105041504e-01
3.402921259403228760e-01
5.426473617553710938e-01
5.163322091102600098e-01
