9.628667831420898438e-01
9.006042480468750000e-01
9.451705813407897949e-01
6.861962080001831055e-01
6.861962080001831055e-01
9.167860746383666992e-01
6.861962080001831055e-01
6.861962080001831055e-01
6.861962080001831055e-01
8.680410385131835938e-01
8.573176264762878418e-01
6.861962080001831055e-01
9.585900306701660156e-01
4.943562150001525879e-01
6.861962080001831055e-01
6.861962080001831055e-01
9.782152771949768066e-01
9.333956837654113770e-01
6.773566603660583496e-01
9.517332315444946289e-01
6.861962080001831055e-01
9.541170001029968262e-01
6.861962080001831055e-01
9.407771825790405273e-01
6.861962080001831055e-01
9.464846253395080566e-01
5.933849215507507324e-01
9.653251767158508301e-01
9.402038455009460449e-01
6.861962080001831055e-01
9.567251205444335938e-01
6.851832270622253418e-01
4.714348614215850830e-01
9.469223618507385254e-01
9.920561909675598145e-01
8.882206678390502930e-01
8.736977577209472656e-01
9.367859363555908203e-01
6.861962080001831055e-01
4.726451337337493896e-01
6.861962080001831055e-01
6.861962080001831055e-01
9.378697276115417480e-01
6.861810684204101562e-01
6.861962080001831055e-01
6.861962080001831055e-01
6.861962080001831055e-01
6.861962080001831055e-01
9.180674552917480469e-01
6.861962080001831055e-01
8.911361694335937500e-01
6.861962080001831055e-01
6.861962080001831055e-01
6.967535018920898438e-01
6.861962080001831055e-01
6.861962080001831055e-01
4.832062721252441406e-01
6.861962080001831055e-01
6.861962080001831055e-01
9.570457935333251953e-01
9.646482467651367188e-01
9.781824350357055664e-01
9.714415669441223145e-01
6.861962080001831055e-01
9.049537181854248047e-01
3.103995621204376221e-01
6.861962080001831055e-01
9.718232154846191406e-01
6.861962080001831055e-01
6.861962080001831055e-01
8.969902396202087402e-01
9.963948130607604980e-01
6.861962080001831055e-01
6.861962080001831055e-01
9.495382308959960938e-01
3.103995621204376221e-01
3.103995621204376221e-01
3.103995621204376221e-01
9.308527708053588867e-01
3.103995621204376221e-01
3.103995621204376221e-01
4.452155828475952148e-01
3.103995621204376221e-01
3.103995621204376221e-01
3.103995621204376221e-01
3.103995621204376221e-01
9.494208693504333496e-01
3.103995621204376221e-01
6.743212938308715820e-01
3.103995621204376221e-01
8.553275465965270996e-01
5.045342445373535156e-01
3.103995621204376221e-01
9.352545738220214844e-01
9.324336647987365723e-01
8.526918888092041016e-01
9.615200757980346680e-01
9.967261552810668945e-01
3.103995621204376221e-01
3.103995621204376221e-01
3.103995621204376221e-01
9.468428492546081543e-01
3.103995621204376221e-01
3.103995621204376221e-01
9.286626577377319336e-01
4.603269100189208984e-01
9.817029833793640137e-01
3.103995621204376221e-01
3.103995621204376221e-01
3.103995621204376221e-01
9.663799405097961426e-01
3.103995621204376221e-01
3.103995621204376221e-01
3.103995621204376221e-01
9.610145688056945801e-01
3.103995621204376221e-01
3.103995621204376221e-01
9.482293725013732910e-01
9.554535746574401855e-01
9.865344762802124023e-01
3.717086017131805420e-01
9.598714113235473633e-01
9.205740690231323242e-01
3.103995621204376221e-01
9.517604112625122070e-01
3.103995621204376221e-01
9.913277029991149902e-01
3.103995621204376221e-01
9.573395252227783203e-01
9.542505741119384766e-01
9.709776639938354492e-01
9.116177558898925781e-01
9.095263481140136719e-01
3.103995621204376221e-01
4.626415967941284180e-01
3.103995621204376221e-01
5.950837135314941406e-01
8.546194434165954590e-01
9.657143354415893555e-01
9.394912123680114746e-01
3.103995621204376221e-01
9.271712899208068848e-01
8.511651754379272461e-01
3.103995621204376221e-01
9.447174072265625000e-01
3.103995621204376221e-01
3.103995621204376221e-01
3.103995621204376221e-01
4.787529706954956055e-01
9.021552801132202148e-01
8.432250618934631348e-01
3.103995621204376221e-01
8.958342671394348145e-01
3.103995621204376221e-01
7.825558781623840332e-01
8.105137348175048828e-01
9.401999711990356445e-01
8.817863464355468750e-01
4.433619379997253418e-01
3.103995621204376221e-01
3.103995621204376221e-01
3.103995621204376221e-01
3.103995621204376221e-01
4.660981595516204834e-01
9.359308481216430664e-01
9.735260009765625000e-01
3.103995621204376221e-01
3.103995621204376221e-01
9.406995177268981934e-01
3.103995621204376221e-01
3.103995621204376221e-01
9.046303033828735352e-01
3.103995621204376221e-01
4.779403209686279297e-01
8.939076066017150879e-01
3.103995621204376221e-01
9.334333539009094238e-01
3.103995621204376221e-01
3.103995621204376221e-01
8.779699802398681641e-01
3.103995621204376221e-01
3.103995621204376221e-01
8.767333030700683594e-01
3.103995621204376221e-01
9.783461689949035645e-01
9.985978007316589355e-01
3.103995621204376221e-01
3.103995621204376221e-01
9.014816880226135254e-01
6.503827571868896484e-01
3.103995621204376221e-01
3.103995621204376221e-01
9.304257631301879883e-01
9.734153151512145996e-01
3.103995621204376221e-01
9.619436860084533691e-01
3.103995621204376221e-01
3.103995621204376221e-01
3.103995621204376221e-01
4.347243607044219971e-01
3.103995621204376221e-01
9.941609501838684082e-01
3.103995621204376221e-01
8.581494092941284180e-01
9.634031057357788086e-01
3.103995621204376221e-01
3.103995621204376221e-01
3.103995621204376221e-01
5.269118547439575195e-01
3.103995621204376221e-01
3.103995621204376221e-01
3.103995621204376221e-01
3.103995621204376221e-01
9.428491592407226562e-01
9.329240918159484863e-01
9.309703707695007324e-01
8.422978520393371582e-01
3.103995621204376221e-01
4.344983100891113281e-01
9.463139176368713379e-01
9.836042523384094238e-01
9.556528329849243164e-01
8.594909906387329102e-01
3.103995621204376221e-01
9.823420643806457520e-01
3.103995621204376221e-01
3.103995621204376221e-01
3.103995621204376221e-01
9.797862768173217773e-01
8.640906214714050293e-01
3.103995621204376221e-01
3.103995621204376221e-01
3.103995621204376221e-01
9.207022190093994141e-01
4.326295852661132812e-01
9.236083030700683594e-01
3.103995621204376221e-01
9.872716069221496582e-01
9.086894989013671875e-01
9.647792577743530273e-01
3.103995621204376221e-01
9.947162270545959473e-01
3.103995621204376221e-01
8.891953825950622559e-01
3.103995621204376221e-01
3.103995621204376221e-01
6.861962080001831055e-01
9.667057991027832031e-01
6.861962080001831055e-01
3.103995621204376221e-01
3.103995621204376221e-01
6.861962080001831055e-01
5.205523371696472168e-01
4.871874153614044189e-01
3.103995621204376221e-01
9.292185902595520020e-01
9.040350317955017090e-01
4.066818952560424805e-01
9.628943800926208496e-01
6.861962080001831055e-01
9.741554856300354004e-01
6.861962080001831055e-01
3.103995621204376221e-01
3.103995621204376221e-01
9.826929569244384766e-01
6.861962080001831055e-01
9.530174136161804199e-01
5.139724016189575195e-01
3.103995621204376221e-01
8.207597732543945312e-01
6.861962080001831055e-01
9.440529346466064453e-01
9.704114198684692383e-01
9.045352935791015625e-01
8.297890424728393555e-01
6.861962080001831055e-01
6.861962080001831055e-01
6.861962080001831055e-01
6.861962080001831055e-01
6.861962080001831055e-01
9.269291758537292480e-01
6.861962080001831055e-01
3.103995621204376221e-01
3.103995621204376221e-01
9.459391236305236816e-01
9.282506108283996582e-01
6.861962080001831055e-01
9.440529346466064453e-01
9.281545877456665039e-01
6.861962080001831055e-01
6.861962080001831055e-01
6.861962080001831055e-01
3.103995621204376221e-01
9.339345097541809082e-01
9.111279845237731934e-01
6.861962080001831055e-01
5.348967313766479492e-01
6.861962080001831055e-01
6.861962080001831055e-01
4.783182740211486816e-01
6.861962080001831055e-01
9.712835550308227539e-01
6.861962080001831055e-01
3.103995621204376221e-01
9.070026278495788574e-01
9.065431356430053711e-01
5.205523371696472168e-01
9.519415497779846191e-01
9.697631001472473145e-01
6.861962080001831055e-01
3.103995621204376221e-01
6.859583258628845215e-01
4.440232515335083008e-01
9.317535758018493652e-01
6.861962080001831055e-01
6.861962080001831055e-01
9.644360542297363281e-01
6.861962080001831055e-01
7.082540988922119141e-01
4.119275510311126709e-01
3.103995621204376221e-01
6.861962080001831055e-01
9.613702297210693359e-01
6.539427638053894043e-01
3.103995621204376221e-01
3.103995621204376221e-01
6.861962080001831055e-01
3.103995621204376221e-01
3.103995621204376221e-01
9.863101243972778320e-01
6.766933202743530273e-01
9.738324284553527832e-01
3.103995621204376221e-01
3.103995621204376221e-01
3.103995621204376221e-01
6.861962080001831055e-01
6.861962080001831055e-01
3.103995621204376221e-01
3.103995621204376221e-01
3.103995621204376221e-01
9.709708094596862793e-01
9.588234424591064453e-01
3.103995621204376221e-01
9.660694599151611328e-01
3.103995621204376221e-01
3.103995621204376221e-01
3.103995621204376221e-01
6.861962080001831055e-01
6.861962080001831055e-01
9.643769860267639160e-01
9.972655773162841797e-01
3.103995621204376221e-01
6.861962080001831055e-01
3.103995621204376221e-01
3.103995621204376221e-01
9.303183555603027344e-01
3.103995621204376221e-01
3.103995621204376221e-01
9.685184955596923828e-01
3.103995621204376221e-01
9.749549627304077148e-01
3.103995621204376221e-01
3.103995621204376221e-01
9.132207036018371582e-01
3.103995621204376221e-01
3.103995621204376221e-01
3.103995621204376221e-01
4.827229082584381104e-01
3.103995621204376221e-01
3.103995621204376221e-01
9.849682450294494629e-01
9.663624763488769531e-01
3.103995621204376221e-01
3.103995621204376221e-01
3.103995621204376221e-01
3.103995621204376221e-01
9.263554215431213379e-01
3.665234744548797607e-01
3.103995621204376221e-01
3.103995621204376221e-01
3.103995621204376221e-01
3.103995621204376221e-01
3.103995621204376221e-01
3.103995621204376221e-01
9.720344543457031250e-01
3.103995621204376221e-01
3.103995621204376221e-01
3.103995621204376221e-01
3.103995621204376221e-01
3.103995621204376221e-01
3.103995621204376221e-01
3.103995621204376221e-01
3.103995621204376221e-01
3.103995621204376221e-01
3.103995621204376221e-01
3.103995621204376221e-01
3.103995621204376221e-01
9.760244488716125488e-01
3.103995621204376221e-01
3.103995621204376221e-01
3.103995621204376221e-01
9.699165821075439453e-01
8.196455836296081543e-01
3.103995621204376221e-01
3.103995621204376221e-01
9.422968029975891113e-01
3.103995621204376221e-01
3.103995621204376221e-01
3.103995621204376221e-01
8.520613312721252441e-01
3.103995621204376221e-01
3.103995621204376221e-01
3.103995621204376221e-01
3.103995621204376221e-01
3.103995621204376221e-01
3.103995621204376221e-01
3.103995621204376221e-01
3.103995621204376221e-01
9.952304959297180176e-01
3.103995621204376221e-01
3.103995621204376221e-01
3.103995621204376221e-01
3.103995621204376221e-01
3.103995621204376221e-01
3.103995621204376221e-01
3.103995621204376221e-01
6.861962080001831055e-01
9.499917626380920410e-01
9.086181521415710449e-01
3.766161799430847168e-01
7.244813442230224609e-01
9.560434222221374512e-01
9.488861560821533203e-01
6.861962080001831055e-01
6.861962080001831055e-01
6.861962080001831055e-01
4.852341711521148682e-01
9.036704301834106445e-01
9.522808790206909180e-01
6.861962080001831055e-01
6.861962080001831055e-01
8.892817497253417969e-01
6.861962080001831055e-01
6.861962080001831055e-01
5.478641986846923828e-01
9.376514554023742676e-01
9.051473736763000488e-01
9.262361526489257812e-01
9.424020648002624512e-01
6.861962080001831055e-01
6.861962080001831055e-01
6.861962080001831055e-01
8.949720859527587891e-01
3.103995621204376221e-01
6.861962080001831055e-01
8.963618874549865723e-01
9.075960516929626465e-01
6.861962080001831055e-01
6.861962080001831055e-01
9.497269988059997559e-01
6.861962080001831055e-01
5.010101795196533203e-01
6.861962080001831055e-01
6.861816644668579102e-01
6.861962080001831055e-01
6.861962080001831055e-01
7.578361034393310547e-01
6.861962080001831055e-01
6.861962080001831055e-01
9.807674288749694824e-01
8.258448243141174316e-01
6.653015017509460449e-01
6.861962080001831055e-01
6.861962080001831055e-01
9.692183136940002441e-01
6.861962080001831055e-01
8.816757798194885254e-01
9.914352297782897949e-01
6.861962080001831055e-01
3.103995621204376221e-01
6.861962080001831055e-01
6.861962080001831055e-01
9.553572535514831543e-01
6.861962080001831055e-01
6.861962080001831055e-01
6.861962080001831055e-01
9.556139707565307617e-01
6.861962080001831055e-01
4.979209601879119873e-01
4.625309407711029053e-01
8.796710371971130371e-01
6.861962080001831055e-01
9.441362619400024414e-01
9.658655524253845215e-01
7.644359469413757324e-01
6.861962080001831055e-01
6.899591088294982910e-01
6.861962080001831055e-01
6.861962080001831055e-01
6.848539710044860840e-01
3.103995621204376221e-01
5.659081339836120605e-01
3.103995621204376221e-01
3.103995621204376221e-01
3.103995621204376221e-01
3.103995621204376221e-01
3.103995621204376221e-01
3.103995621204376221e-01
3.103995621204376221e-01
3.103995621204376221e-01
3.091232776641845703e-01
3.103995621204376221e-01
3.103995621204376221e-01
3.103995621204376221e-01
3.171492218971252441e-01
3.103995621204376221e-01
3.103995621204376221e-01
3.103995621204376221e-01
5.293442010879516602e-01
3.103995621204376221e-01
3.103995621204376221e-01
3.103995621204376221e-01
3.103995621204376221e-01
3.103995621204376221e-01
3.103995621204376221e-01
3.103995621204376221e-01
3.103995621204376221e-01
3.103995621204376221e-01
3.103995621204376221e-01
3.103995621204376221e-01
3.103995621204376221e-01
3.103995621204376221e-01
3.103995621204376221e-01
3.103995621204376221e-01
3.103995621204376221e-01
3.103995621204376221e-01
3.103995621204376221e-01
3.103995621204376221e-01
3.103995621204376221e-01
3.103995621204376221e-01
3.103995621204376221e-01
3.103995621204376221e-01
3.103995621204376221e-01
3.103995621204376221e-01
3.103995621204376221e-01
3.103995621204376221e-01
3.103995621204376221e-01
3.103995621204376221e-01
3.103995621204376221e-01
3.103995621204376221e-01
3.103995621204376221e-01
3.103995621204376221e-01
3.103995621204376221e-01
3.103995621204376221e-01
3.624061048030853271e-01
3.103995621204376221e-01
3.103995621204376221e-01
3.103995621204376221e-01
3.103995621204376221e-01
3.103995621204376221e-01
3.243046700954437256e-01
3.058261573314666748e-01
3.103995621204376221e-01
3.103995621204376221e-01
3.103995621204376221e-01
3.103995621204376221e-01
3.103995621204376221e-01
3.103995621204376221e-01
3.103995621204376221e-01
3.103995621204376221e-01
3.103995621204376221e-01
3.103995621204376221e-01
3.103995621204376221e-01
3.103995621204376221e-01
3.103995621204376221e-01
3.103995621204376221e-01
3.103995621204376221e-01
3.103995621204376221e-01
3.103995621204376221e-01
3.103995621204376221e-01
3.103995621204376221e-01
3.103995621204376221e-01
3.103995621204376221e-01
3.103995621204376221e-01
3.103995621204376221e-01
5.454585552215576172e-01
3.103995621204376221e-01
3.103995621204376221e-01
3.103995621204376221e-01
3.372051715850830078e-01
3.103995621204376221e-01
3.103995621204376221e-01
3.103995621204376221e-01
3.103995621204376221e-01
3.103995621204376221e-01
3.103995621204376221e-01
3.103995621204376221e-01
3.103995621204376221e-01
3.310562372207641602e-01
3.103995621204376221e-01
3.103995621204376221e-01
6.861582398414611816e-01
3.103995621204376221e-01
3.103995621204376221e-01
3.103995621204376221e-01
3.103995621204376221e-01
3.103995621204376221e-01
6.861959099769592285e-01
3.103995621204376221e-01
3.103995621204376221e-01
3.103995621204376221e-01
3.103995621204376221e-01
3.103995621204376221e-01
3.103995621204376221e-01
3.103995621204376221e-01
3.103995621204376221e-01
3.103995621204376221e-01
3.103995621204376221e-01
3.103995621204376221e-01
3.103995621204376221e-01
3.103995621204376221e-01
3.103995621204376221e-01
3.103995621204376221e-01
3.103995621204376221e-01
3.103995621204376221e-01
3.103995621204376221e-01
3.103995621204376221e-01
3.103995621204376221e-01
3.103995621204376221e-01
3.103995621204376221e-01
3.103995621204376221e-01
3.103995621204376221e-01
3.103995621204376221e-01
3.103995621204376221e-01
3.103995621204376221e-01
3.103995621204376221e-01
3.103995621204376221e-01
3.103995621204376221e-01
3.103995621204376221e-01
3.103995621204376221e-01
3.103995621204376221e-01
3.103995621204376221e-01
3.103995621204376221e-01
3.103995621204376221e-01
3.103995621204376221e-01
3.103995621204376221e-01
3.103995621204376221e-01
3.103995621204376221e-01
3.103995621204376221e-01
2.869141101837158203e-01
3.103995621204376221e-01
3.103995621204376221e-01
3.103995621204376221e-01
3.103995621204376221e-01
3.103995621204376221e-01
3.103995621204376221e-01
3.103995621204376221e-01
3.103995621204376221e-01
3.103995621204376221e-01
3.103995621204376221e-01
3.103995621204376221e-01
3.103995621204376221e-01
3.103995621204376221e-01
3.103995621204376221e-01
3.103995621204376221e-01
3.103995621204376221e-01
3.103995621204376221e-01
3.103995621204376221e-01
3.103995621204376221e-01
3.103995621204376221e-01
3.103995621204376221e-01
3.103995621204376221e-01
3.103995621204376221e-01
5.391213297843933105e-01
3.103995621204376221e-01
3.103995621204376221e-01
3.103995621204376221e-01
3.103995621204376221e-01
3.103995621204376221e-01
3.103995621204376221e-01
3.103995621204376221e-01
3.103995621204376221e-01
3.103995621204376221e-01
4.712810814380645752e-01
6.861962080001831055e-01
4.943562150001525879e-01
6.861962080001831055e-01
6.861962080001831055e-01
5.933849215507507324e-01
4.714348614215850830e-01
6.861962080001831055e-01
4.726451337337493896e-01
6.861962080001831055e-01
6.967535018920898438e-01
4.832062721252441406e-01
6.861962080001831055e-01
6.861962080001831055e-01
4.452155828475952148e-01
6.743212938308715820e-01
5.045342445373535156e-01
3.103995621204376221e-01
3.103995621204376221e-01
4.603269100189208984e-01
3.717086017131805420e-01
3.103995621204376221e-01
3.103995621204376221e-01
4.626415967941284180e-01
5.950837135314941406e-01
3.103995621204376221e-01
4.787529706954956055e-01
4.433619379997253418e-01
4.660981595516204834e-01
3.103995621204376221e-01
4.779403209686279297e-01
3.103995621204376221e-01
6.503827571868896484e-01
4.347243607044219971e-01
3.103995621204376221e-01
3.103995621204376221e-01
5.269118547439575195e-01
3.103995621204376221e-01
4.344983100891113281e-01
3.103995621204376221e-01
3.103995621204376221e-01
4.326295852661132812e-01
5.205523371696472168e-01
4.871874153614044189e-01
4.066818952560424805e-01
5.139724016189575195e-01
8.297890424728393555e-01
6.861962080001831055e-01
6.861962080001831055e-01
6.861962080001831055e-01
5.348967313766479492e-01
4.783182740211486816e-01
6.861962080001831055e-01
4.440232515335083008e-01
7.082540988922119141e-01
4.119275510311126709e-01
3.103995621204376221e-01
6.766933202743530273e-01
3.103995621204376221e-01
6.861962080001831055e-01
3.103995621204376221e-01
3.103995621204376221e-01
4.827229082584381104e-01
3.665234744548797607e-01
3.103995621204376221e-01
3.103995621204376221e-01
3.103995621204376221e-01
3.103995621204376221e-01
3.103995621204376221e-01
3.103995621204376221e-01
3.766161799430847168e-01
7.244813442230224609e-01
4.852341711521148682e-01
6.861962080001831055e-01
3.103995621204376221e-01
5.010101795196533203e-01
6.861962080001831055e-01
6.861962080001831055e-01
6.861962080001831055e-01
4.979209601879119873e-01
4.625309407711029053e-01
6.861962080001831055e-01
6.861962080001831055e-01
6.828354001045227051e-01
6.861582398414611816e-01
3.103995621204376221e-01
3.103995621204376221e-01
3.103995621204376221e-01
3.103995621204376221e-01
3.103995621204376221e-01
4.940204620361328125e-01
6.861272454261779785e-01
3.103995621204376221e-01
6.800258159637451172e-01
6.606655716896057129e-01
3.103995621204376221e-01
3.103995621204376221e-01
3.103995621204376221e-01
3.103995621204376221e-01
3.103995621204376221e-01
3.103995621204376221e-01
3.103995621204376221e-01
3.103995621204376221e-01
3.103995621204376221e-01
3.103995621204376221e-01
3.103995621204376221e-01
3.103995621204376221e-01
3.103995621204376221e-01
3.103995621204376221e-01
3.103995621204376221e-01
3.103995621204376221e-01
3.103995621204376221e-01
3.103995621204376221e-01
3.103995621204376221e-01
3.103995621204376221e-01
3.103995621204376221e-01
3.103995621204376221e-01
3.103995621204376221e-01
3.103995621204376221e-01
3.103995621204376221e-01
3.103995621204376221e-01
3.103995621204376221e-01
3.103995621204376221e-01
3.103995621204376221e-01
3.103995621204376221e-01
3.103995621204376221e-01
3.103995621204376221e-01
3.103995621204376221e-01
3.103995621204376221e-01
6.761745810508728027e-01
3.103995621204376221e-01
3.103995621204376221e-01
5.205523371696472168e-01
3.103995621204376221e-01
3.103995621204376221e-01
3.103995621204376221e-01
3.103995621204376221e-01
3.103995621204376221e-01
3.103995621204376221e-01
3.103995621204376221e-01
3.103995621204376221e-01
3.103995621204376221e-01
3.103995621204376221e-01
3.103995621204376221e-01
3.103995621204376221e-01
3.103995621204376221e-01
3.103995621204376221e-01
3.103995621204376221e-01
3.103995621204376221e-01
3.103995621204376221e-01
3.103995621204376221e-01
3.103995621204376221e-01
3.103995621204376221e-01
3.103995621204376221e-01
3.103995621204376221e-01
3.103995621204376221e-01
3.103995621204376221e-01
3.103995621204376221e-01
3.103995621204376221e-01
3.103995621204376221e-01
3.103995621204376221e-01
3.103995621204376221e-01
3.103995621204376221e-01
3.103995621204376221e-01
3.103995621204376221e-01
5.556296110153198242e-01
3.103995621204376221e-01
3.103995621204376221e-01
3.103995621204376221e-01
3.103995621204376221e-01
3.103995621204376221e-01
3.103995621204376221e-01
3.103995621204376221e-01
3.103995621204376221e-01
6.844313144683837891e-01
3.103995621204376221e-01
3.103995621204376221e-01
3.103995621204376221e-01
3.103995621204376221e-01
3.103995621204376221e-01
3.103995621204376221e-01
3.103995621204376221e-01
5.303593873977661133e-01
6.812862157821655273e-01
3.103995621204376221e-01
3.103995621204376221e-01
3.103995621204376221e-01
3.103995621204376221e-01
3.103995621204376221e-01
3.103995621204376221e-01
3.103995621204376221e-01
3.103995621204376221e-01
3.103995621204376221e-01
3.103995621204376221e-01
3.103995621204376221e-01
3.103995621204376221e-01
3.103995621204376221e-01
3.103995621204376221e-01
3.103995621204376221e-01
3.103995621204376221e-01
3.103995621204376221e-01
3.103995621204376221e-01
3.103995621204376221e-01
3.103995621204376221e-01
3.103995621204376221e-01
3.103995621204376221e-01
3.103995621204376221e-01
3.103995621204376221e-01
2.966855168342590332e-01
3.103995621204376221e-01
3.103995621204376221e-01
3.103995621204376221e-01
3.204302787780761719e-01
3.103995621204376221e-01
3.103995621204376221e-01
3.103995621204376221e-01
3.103995621204376221e-01
3.103995621204376221e-01
6.761745810508728027e-01
3.103995621204376221e-01
3.103995621204376221e-01
3.103995621204376221e-01
3.103995621204376221e-01
3.103995621204376221e-01
3.174936771392822266e-01
3.103995621204376221e-01
3.103995621204376221e-01
3.103995621204376221e-01
3.103995621204376221e-01
3.103995621204376221e-01
3.103995621204376221e-01
3.103995621204376221e-01
3.103995621204376221e-01
3.103995621204376221e-01
3.103995621204376221e-01
3.103995621204376221e-01
3.103995621204376221e-01
3.103995621204376221e-01
3.103995621204376221e-01
3.103995621204376221e-01
3.103995621204376221e-01
3.103995621204376221e-01
3.103995621204376221e-01
3.103995621204376221e-01
3.103995621204376221e-01
5.284507274627685547e-01
3.103995621204376221e-01
3.103995621204376221e-01
3.103995621204376221e-01
3.103995621204376221e-01
3.103995621204376221e-01
5.144217610359191895e-01
6.545472145080566406e-01
3.103995621204376221e-01
3.103995621204376221e-01
3.103995621204376221e-01
3.103995621204376221e-01
3.103995621204376221e-01
3.103995621204376221e-01
3.103995621204376221e-01
6.860501766204833984e-01
3.103995621204376221e-01
3.103995621204376221e-01
3.103995621204376221e-01
3.103995621204376221e-01
3.103995621204376221e-01
3.103995621204376221e-01
3.103995621204376221e-01
3.103995621204376221e-01
3.103995621204376221e-01
3.103995621204376221e-01
3.103995621204376221e-01
3.103995621204376221e-01
3.103995621204376221e-01
3.103995621204376221e-01
3.103995621204376221e-01
3.103995621204376221e-01
3.103995621204376221e-01
3.103995621204376221e-01
3.103995621204376221e-01
3.103995621204376221e-01
6.861858963966369629e-01
3.103995621204376221e-01
3.103995621204376221e-01
3.103995621204376221e-01
3.103995621204376221e-01
3.103995621204376221e-01
3.103995621204376221e-01
3.103995621204376221e-01
3.103995621204376221e-01
3.103995621204376221e-01
3.103995621204376221e-01
3.103995621204376221e-01
3.103995621204376221e-01
3.103995621204376221e-01
3.103995621204376221e-01
3.103995621204376221e-01
3.103995621204376221e-01
3.103995621204376221e-01
3.103995621204376221e-01
3.103995621204376221e-01
3.103995621204376221e-01
3.103995621204376221e-01
3.103995621204376221e-01
3.103995621204376221e-01
3.103995621204376221e-01
3.103995621204376221e-01
3.103995621204376221e-01
3.103995621204376221e-01
3.103995621204376221e-01
3.103995621204376221e-01
3.103995621204376221e-01
3.103995621204376221e-01
3.103995621204376221e-01
3.103995621204376221e-01
3.103995621204376221e-01
3.103995621204376221e-01
3.103995621204376221e-01
3.103995621204376221e-01
3.103995621204376221e-01
3.103995621204376221e-01
3.103995621204376221e-01
3.103995621204376221e-01
3.103995621204376221e-01
3.103995621204376221e-01
3.103995621204376221e-01
3.103995621204376221e-01
3.103995621204376221e-01
3.103995621204376221e-01
3.103995621204376221e-01
3.103995621204376221e-01
3.103995621204376221e-01
3.103995621204376221e-01
3.103995621204376221e-01
3.103995621204376221e-01
6.861560940742492676e-01
6.861477494239807129e-01
3.103995621204376221e-01
3.103995621204376221e-01
6.840115785598754883e-01
3.103995621204376221e-01
3.103995621204376221e-01
