4.770395159721374512e-01
2.294504940509796143e-01
4.101653397083282471e-01
3.710425198078155518e-01
3.300939798355102539e-01
4.510834813117980957e-01
3.406989574432373047e-01
4.180463254451751709e-01
4.206964075565338135e-01
2.802675068378448486e-01
5.299388170242309570e-01
2.756240963935852051e-01
4.659757912158966064e-01
4.610271155834197998e-01
2.409616112709045410e-01
3.215133547782897949e-01
4.131375849246978760e-01
4.249250292778015137e-01
3.894786834716796875e-01
3.837664425373077393e-01
3.380141556262969971e-01
2.798415720462799072e-01
3.823044896125793457e-01
4.471818208694458008e-01
4.057529568672180176e-01
4.979726374149322510e-01
3.910791277885437012e-01
4.927664101123809814e-01
4.307652413845062256e-01
3.139179348945617676e-01
3.156969547271728516e-01
3.587286174297332764e-01
4.490914940834045410e-01
4.734192788600921631e-01
2.938802242279052734e-01
4.943952560424804688e-01
4.140188395977020264e-01
5.205132365226745605e-01
3.971200883388519287e-01
4.459251165390014648e-01
4.543593227863311768e-01
4.465326964855194092e-01
4.773260951042175293e-01
4.865505397319793701e-01
4.370461702346801758e-01
4.360190033912658691e-01
4.361088573932647705e-01
2.804538607597351074e-01
2.985969483852386475e-01
4.432995915412902832e-01
4.694803357124328613e-01
3.376603722572326660e-01
4.438778758049011230e-01
4.494824707508087158e-01
4.878375232219696045e-01
3.046704232692718506e-01
4.440115094184875488e-01
3.464368581771850586e-01
4.194332659244537354e-01
3.185739219188690186e-01
3.092068135738372803e-01
4.466027021408081055e-01
5.039664506912231445e-01
3.820279836654663086e-01
5.463612079620361328e-01
1.809053421020507812e-01
4.006124734878540039e-01
4.579299390316009521e-01
2.448962032794952393e-01
1.236325800418853760e-01
3.325141668319702148e-01
5.150705575942993164e-01
3.310920596122741699e-01
3.919256031513214111e-01
3.854441344738006592e-01
3.180726766586303711e-01
6.387358307838439941e-01
8.873793482780456543e-01
3.329080045223236084e-01
7.275751233100891113e-01
5.885232090950012207e-01
6.358464360237121582e-01
7.642505168914794922e-01
3.741236329078674316e-01
6.792824268341064453e-01
4.664213359355926514e-01
1.860751807689666748e-01
8.036228418350219727e-01
2.844665050506591797e-01
2.406942397356033325e-01
4.825355708599090576e-01
2.128973305225372314e-01
7.986974716186523438e-01
6.187119483947753906e-01
6.918068528175354004e-01
8.859980106353759766e-01
5.098298192024230957e-01
5.903165936470031738e-01
7.448919415473937988e-01
6.332367658615112305e-01
7.707281708717346191e-01
8.912877440452575684e-01
8.143079280853271484e-01
7.996627688407897949e-01
7.679657340049743652e-01
6.169660091400146484e-01
4.939645528793334961e-01
7.075205445289611816e-01
7.025572061538696289e-01
7.597908377647399902e-01
7.063208222389221191e-01
6.544802188873291016e-01
8.495919704437255859e-01
6.573784351348876953e-01
6.583127975463867188e-01
6.340294480323791504e-01
7.737224102020263672e-01
2.230796813964843750e-01
3.535163700580596924e-01
3.873738944530487061e-01
7.363526821136474609e-01
6.442538648843765259e-02
6.614764928817749023e-01
7.694813013076782227e-01
3.402100503444671631e-01
7.313896417617797852e-01
1.054014712572097778e-01
3.581953048706054688e-01
8.302806615829467773e-01
7.238000631332397461e-01
6.915101408958435059e-01
7.085788249969482422e-01
4.354732334613800049e-01
8.680834174156188965e-01
7.012356519699096680e-01
3.370497524738311768e-01
9.144884347915649414e-01
7.796179652214050293e-01
1.707351952791213989e-01
5.282869935035705566e-01
8.672820925712585449e-01
3.188086152076721191e-01
3.701912164688110352e-01
8.246316909790039062e-01
1.639047414064407349e-01
2.846406698226928711e-01
6.975931525230407715e-01
6.892931461334228516e-01
8.871420025825500488e-01
8.859305381774902344e-01
8.111559152603149414e-01
8.060102462768554688e-01
8.068943023681640625e-01
8.158184885978698730e-01
7.837342023849487305e-01
8.276811242103576660e-01
8.875880241394042969e-01
8.446356654167175293e-01
8.481428027153015137e-01
9.007040262222290039e-01
7.394879460334777832e-01
8.958442211151123047e-01
1.393766850233078003e-01
8.895714282989501953e-01
8.848235607147216797e-01
8.457753658294677734e-01
8.645085096359252930e-01
8.812673091888427734e-01
8.547693490982055664e-01
8.664693832397460938e-01
7.452418804168701172e-01
6.855557560920715332e-01
7.725724577903747559e-01
7.825095653533935547e-01
6.711826324462890625e-01
5.418307185173034668e-01
6.194314956665039062e-01
4.719272553920745850e-01
8.384784460067749023e-01
7.327439188957214355e-01
6.248671412467956543e-01
7.333689332008361816e-01
8.193570971488952637e-01
6.301847100257873535e-01
7.899397611618041992e-01
5.593066215515136719e-01
8.595210313796997070e-01
7.796476483345031738e-01
5.023340582847595215e-01
4.703997075557708740e-01
5.357290506362915039e-01
6.904478073120117188e-01
5.822733044624328613e-01
5.946461558341979980e-01
7.022938728332519531e-01
6.951935887336730957e-01
5.664207339286804199e-01
4.220034480094909668e-01
4.330999851226806641e-01
5.583539605140686035e-01
7.073176503181457520e-01
7.189773917198181152e-01
7.909645438194274902e-01
6.612523794174194336e-01
6.590872406959533691e-01
6.910995841026306152e-01
6.668574810028076172e-01
6.609433293342590332e-01
6.962366104125976562e-01
6.554349660873413086e-01
5.529899597167968750e-01
8.130335807800292969e-01
6.805869340896606445e-01
6.372212767601013184e-01
8.233492374420166016e-01
8.006559014320373535e-01
5.367345809936523438e-01
8.228812813758850098e-01
4.069975614547729492e-01
7.170097231864929199e-01
5.189003348350524902e-01
6.755434274673461914e-01
6.754454374313354492e-01
8.583831787109375000e-01
7.335622906684875488e-01
6.691864132881164551e-01
8.142166733741760254e-01
6.364706158638000488e-01
2.601326406002044678e-01
8.108374476432800293e-01
6.746765971183776855e-01
7.208485603332519531e-01
4.051443934440612793e-01
6.951426863670349121e-01
7.088676691055297852e-01
6.643586158752441406e-01
8.929971456527709961e-01
6.313952803611755371e-01
2.048856168985366821e-01
7.816519737243652344e-01
7.420218586921691895e-01
5.201666951179504395e-01
7.830162644386291504e-01
3.595082163810729980e-01
9.823617339134216309e-01
9.878165125846862793e-01
9.860063791275024414e-01
9.769464135169982910e-01
9.844732284545898438e-01
9.887759685516357422e-01
9.866161346435546875e-01
9.850617051124572754e-01
9.901032447814941406e-01
9.853221178054809570e-01
9.870247840881347656e-01
9.829906225204467773e-01
9.824371933937072754e-01
8.585997223854064941e-01
9.818228483200073242e-01
9.747134447097778320e-01
9.873628616333007812e-01
9.842473268508911133e-01
9.823949933052062988e-01
9.886329770088195801e-01
9.838981032371520996e-01
9.760863184928894043e-01
9.854527115821838379e-01
9.908999204635620117e-01
9.876574277877807617e-01
9.816085696220397949e-01
9.829692244529724121e-01
9.850963950157165527e-01
9.846763014793395996e-01
9.801225066184997559e-01
9.895015358924865723e-01
9.847976565361022949e-01
9.863493442535400391e-01
9.867655038833618164e-01
9.827075600624084473e-01
9.845431447029113770e-01
9.811103343963623047e-01
9.820455908775329590e-01
9.848455190658569336e-01
8.592052459716796875e-01
9.824893474578857422e-01
9.906936287879943848e-01
9.871451258659362793e-01
9.822975397109985352e-01
9.822048544883728027e-01
9.851732254028320312e-01
9.840472340583801270e-01
9.848129153251647949e-01
9.847741127014160156e-01
9.839311242103576660e-01
9.815747141838073730e-01
9.883056879043579102e-01
9.871275424957275391e-01
9.813836216926574707e-01
9.828755855560302734e-01
9.827608466148376465e-01
9.836175441741943359e-01
9.866080284118652344e-01
9.874687194824218750e-01
9.818910956382751465e-01
9.844991564750671387e-01
9.897463321685791016e-01
9.850373864173889160e-01
9.863626360893249512e-01
9.902966618537902832e-01
9.871867895126342773e-01
9.782133698463439941e-01
9.718145728111267090e-01
9.823371171951293945e-01
9.895153045654296875e-01
9.850730299949645996e-01
9.871680736541748047e-01
9.847359657287597656e-01
9.897601008415222168e-01
9.793162941932678223e-01
6.911608576774597168e-01
7.578514218330383301e-01
4.284376502037048340e-01
3.689109683036804199e-01
6.425657272338867188e-01
2.741399407386779785e-01
6.537412405014038086e-01
3.515138924121856689e-01
7.567418217658996582e-01
8.307229280471801758e-01
4.037353396415710449e-01
4.263715147972106934e-01
7.284089922904968262e-01
5.295227766036987305e-01
4.405814707279205322e-01
3.700461089611053467e-01
5.472385883331298828e-01
3.017897903919219971e-01
6.952512860298156738e-01
7.589143514633178711e-01
7.047739028930664062e-01
6.977565884590148926e-01
7.860937118530273438e-01
6.006085872650146484e-01
8.003257215023040771e-02
4.193629622459411621e-01
5.501875877380371094e-01
7.961852550506591797e-01
3.264785706996917725e-01
4.284376502037048340e-01
6.854798793792724609e-01
2.921013906598091125e-02
5.098827481269836426e-01
5.795154571533203125e-01
7.432129383087158203e-01
6.221696138381958008e-01
4.757466316223144531e-01
6.261634826660156250e-01
5.654121041297912598e-01
5.382446050643920898e-01
5.101794600486755371e-01
1.462095528841018677e-01
5.622032880783081055e-01
6.347240209579467773e-01
5.881238579750061035e-01
5.796553492546081543e-01
4.954762458801269531e-01
6.846482753753662109e-01
5.142118334770202637e-01
2.769238948822021484e-01
8.140002489089965820e-01
6.467063426971435547e-01
6.072079539299011230e-01
4.538005888462066650e-01
6.137003898620605469e-01
6.195662021636962891e-01
5.652843713760375977e-01
7.758439779281616211e-01
8.105143308639526367e-01
4.609590172767639160e-01
3.442728817462921143e-01
4.951715469360351562e-01
7.257194519042968750e-01
6.288783550262451172e-01
5.917676687240600586e-01
4.612020254135131836e-01
2.951255142688751221e-01
6.031266450881958008e-01
6.214374303817749023e-01
7.936065196990966797e-01
7.912865877151489258e-01
6.440601944923400879e-01
4.961978793144226074e-01
5.559432506561279297e-01
1.985034346580505371e-01
5.761120319366455078e-01
4.282508194446563721e-01
7.290606498718261719e-01
4.261178076267242432e-01
5.307426452636718750e-01
5.534433722496032715e-01
3.463125228881835938e-01
4.121320843696594238e-01
3.585851192474365234e-01
7.204221487045288086e-01
3.191644549369812012e-01
7.547110319137573242e-01
7.092622518539428711e-01
3.971183001995086670e-01
2.718026340007781982e-01
5.725773572921752930e-01
4.922000169754028320e-01
3.649142682552337646e-01
3.304551243782043457e-01
5.731978416442871094e-01
6.006119847297668457e-01
6.438706517219543457e-01
6.854468584060668945e-01
5.971151590347290039e-01
5.452929139137268066e-01
8.472049236297607422e-01
4.042725563049316406e-01
7.836054563522338867e-01
5.605896115303039551e-01
4.834562540054321289e-01
7.663062214851379395e-01
3.196739554405212402e-01
3.383331596851348877e-01
5.155515670776367188e-01
4.465006589889526367e-01
4.671763479709625244e-01
3.663215637207031250e-01
4.215346872806549072e-01
5.412006378173828125e-01
3.820212781429290771e-01
7.126715779304504395e-01
4.399078488349914551e-01
2.921440303325653076e-01
3.706810474395751953e-01
4.663157463073730469e-01
3.578800857067108154e-01
3.935318291187286377e-01
5.037220120429992676e-01
5.015331506729125977e-01
3.853293359279632568e-01
5.201545953750610352e-01
4.546676874160766602e-01
4.861350357532501221e-01
5.161861777305603027e-01
3.803611099720001221e-01
2.995226979255676270e-01
3.520099818706512451e-01
4.333530366420745850e-01
4.132219851016998291e-01
4.470447003841400146e-01
3.678578734397888184e-01
3.902213275432586670e-01
5.095562934875488281e-01
4.538159072399139404e-01
5.151467323303222656e-01
1.300321817398071289e-01
4.115780591964721680e-01
3.801984786987304688e-01
2.069851011037826538e-01
4.701815545558929443e-01
4.950086176395416260e-01
3.501863181591033936e-01
4.065263271331787109e-01
3.249290287494659424e-01
4.334923326969146729e-01
4.763369560241699219e-01
5.310243964195251465e-01
5.359594821929931641e-01
4.402163624763488770e-01
4.607448279857635498e-01
4.993720650672912598e-01
4.428825974464416504e-01
2.911503314971923828e-01
4.755997359752655029e-01
3.756180703639984131e-01
5.277026295661926270e-01
3.903223574161529541e-01
4.487208425998687744e-01
5.307395458221435547e-01
3.956942856311798096e-01
4.511931240558624268e-01
3.185978829860687256e-01
1.933990269899368286e-01
3.953739404678344727e-01
3.403438329696655273e-01
2.311857491731643677e-01
5.258386731147766113e-01
4.236692190170288086e-01
4.386495649814605713e-01
4.798412621021270752e-01
4.668195843696594238e-01
3.863266408443450928e-01
3.867488205432891846e-01
3.450270891189575195e-01
4.113173186779022217e-01
4.474965929985046387e-01
3.511812388896942139e-01
4.020133018493652344e-01
4.485571935219923034e-06
6.200985353643773124e-06
4.479058407014235854e-05
2.913899719715118408e-03
2.749175337157794274e-06
6.928270977368811145e-06
2.763220574706792831e-03
4.187840521335601807e-01
1.136779474109061994e-06
5.473163037095218897e-05
1.073175575584173203e-02
1.748567968606948853e-01
5.856539588421583176e-03
8.556694956496357918e-04
4.302293062210083008e-02
8.297570049762725830e-02
3.608757555484771729e-01
5.658989399671554565e-02
6.245321710593998432e-04
1.505455523729324341e-01
2.869117888621985912e-04
1.510080892330734059e-05
2.612153589725494385e-01
1.109166722744703293e-02
2.070630667731165886e-03
2.173450142145156860e-01
5.799103382742032409e-05
3.473676145076751709e-01
1.325028203427791595e-02
3.953058719635009766e-01
2.524854789953678846e-05
1.354381293058395386e-01
3.025230467319488525e-01
2.889714203774929047e-03
1.768600122886709869e-05
4.856539308093488216e-04
3.313592605991289020e-05
6.657558842562139034e-04
4.658624820876866579e-04
1.011996902525424957e-02
1.506702275946736336e-03
2.782923635095357895e-03
3.263908001827076077e-05
6.866317242383956909e-02
3.721946179866790771e-01
9.792444109916687012e-02
5.999287623126292601e-06
7.568712462671101093e-04
7.930181891424581409e-05
3.615710735321044922e-01
3.137383464490994811e-05
1.845978986239060760e-04
1.830980909289792180e-05
4.029341936111450195e-01
1.352473394945263863e-03
7.150631427066400647e-05
1.142396330833435059e-01
3.703030291944742203e-03
3.516589276841841638e-05
1.563743106089532375e-03
1.514455016149440780e-05
6.410806439816951752e-03
3.219491336494684219e-03
2.325559407472610474e-01
6.796501576900482178e-02
5.557081894949078560e-04
3.487530052661895752e-01
1.330174563918262720e-05
1.672767393756657839e-05
3.220851719379425049e-02
4.266560450196266174e-02
1.012205705046653748e-01
1.616279711015522480e-03
3.158082365989685059e-01
1.195390825159847736e-03
7.262924191309139132e-05
2.961920201778411865e-01
4.833419807255268097e-03
5.388719215989112854e-02
7.219022512435913086e-02
1.199231855571269989e-02
1.277953684329986572e-01
2.059367718175053596e-03
3.345199823379516602e-01
2.885003946721553802e-02
7.123081386089324951e-02
1.539361663162708282e-02
2.250567078590393066e-02
4.147383850067853928e-03
5.598678812384605408e-02
2.033738419413566589e-02
4.830032703466713428e-04
2.488238178193569183e-02
1.404693275690078735e-01
3.640799084678292274e-03
3.931973129510879517e-03
5.082266405224800110e-03
3.116714535281062126e-03
1.378145301714539528e-03
7.052177097648382187e-04
3.675314411520957947e-02
2.360433107241988182e-03
2.817679941654205322e-01
1.047057012328878045e-04
5.389731749892234802e-02
3.760582953691482544e-02
2.956518530845642090e-02
1.068847719579935074e-02
7.435271527356235310e-06
2.300904132425785065e-02
1.020230683934642002e-05
5.756433121860027313e-03
4.968440862285206094e-06
1.546074301004409790e-01
1.731743919663131237e-03
9.073952212929725647e-03
1.777920173481106758e-03
2.084105759859085083e-01
3.675841540098190308e-02
3.252287581562995911e-02
3.489882126450538635e-02
4.386462569236755371e-01
1.816313306335359812e-04
4.288859665393829346e-01
3.720548376441001892e-02
2.520192265510559082e-01
1.668281736783683300e-03
9.535023942589759827e-03
9.246661647921428084e-05
2.262435882585123181e-04
9.031351655721664429e-03
9.891212731599807739e-02
1.351240061921998858e-04
2.217660099267959595e-01
1.138326944783329964e-03
8.621195703744888306e-02
1.665485948324203491e-01
1.188681740313768387e-02
4.611198324710130692e-03
4.181714728474617004e-02
4.270022269338369370e-03
1.817026287317276001e-01
1.586902544659096748e-05
2.184170857071876526e-02
6.784328725188970566e-03
5.408359225839376450e-03
6.035333871841430664e-02
8.651233464479446411e-02
6.562910228967666626e-02
1.964177750051021576e-02
1.067600026726722717e-02
1.966376090422272682e-03
5.088233202695846558e-02
4.024495719932019711e-04
1.549471318721771240e-01
5.316105484962463379e-02
1.291411608690395951e-04
2.200255403295159340e-03
1.749584567733108997e-03
1.009585248539224267e-04
1.121176034212112427e-02
1.963565824553370476e-03
1.610796451568603516e-01
6.128014922142028809e-01
2.197347730398178101e-01
3.523252380546182394e-04
4.263801383785903454e-04
3.271548543125391006e-03
5.157255800440907478e-04
2.022491535171866417e-04
9.151527592621278018e-06
4.792978521436452866e-03
1.426215171813964844e-01
7.932027801871299744e-05
2.744220197200775146e-01
1.404296199325472116e-05
1.113685313612222672e-03
7.479476928710937500e-02
1.900940551422536373e-04
2.036527730524539948e-02
1.608886872418224812e-03
1.753022428601980209e-03
1.073759864084422588e-03
8.700207807123661041e-03
3.215996921062469482e-02
9.273761861550156027e-06
4.006323433713987470e-05
3.406971395015716553e-01
5.773813882115064189e-06
6.211117579368874431e-05
1.469994458602741361e-05
3.009437397122383118e-02
2.522911429405212402e-01
7.842248305678367615e-05
5.195968225598335266e-02
1.269411877728998661e-04
5.318601150065660477e-03
3.388836979866027832e-02
1.047883741557598114e-02
1.322306413203477859e-02
1.439822763204574585e-01
1.397722959518432617e-02
1.037563720274192747e-06
2.631284892559051514e-01
2.667352557182312012e-02
1.756186969578266144e-02
5.579179152846336365e-03
3.985627336078323424e-05
6.908727437257766724e-02
3.875693073496222496e-03
2.120562363415956497e-03
3.493758151307702065e-03
3.995284438133239746e-03
4.199833050370216370e-02
1.119939843192696571e-04
1.532045075691712555e-06
1.228371784090995789e-01
1.394097780575975776e-04
8.387992531061172485e-02
1.583880037069320679e-01
2.709668688476085663e-02
6.905025802552700043e-04
6.450167857110500336e-03
1.768106669187545776e-01
9.399012662470340729e-03
2.294325735419988632e-03
6.760236283298581839e-05
3.279146552085876465e-02
2.541080815717577934e-03
1.425182404091174249e-06
3.635199042037129402e-03
6.536339787999168038e-05
3.567850508261471987e-04
5.205526575446128845e-02
4.090778529644012451e-02
6.805461831390857697e-03
3.024813234806060791e-01
1.275283051654696465e-03
4.035036545246839523e-04
3.049369668588042259e-03
6.192527711391448975e-02
4.797989731741836295e-06
2.025587717071175575e-03
2.997007071971893311e-01
2.714350819587707520e-02
1.671059580985456705e-04
3.649423597380518913e-03
1.246211817488074303e-03
2.014810917899012566e-03
1.894255355000495911e-02
1.397475879639387131e-02
2.153100371360778809e-01
9.981606155633926392e-02
7.283348590135574341e-03
3.732046857476234436e-02
1.503293151472462341e-05
1.844621635973453522e-02
3.267492866143584251e-05
5.545671097934246063e-03
8.764932863414287567e-03
8.019671775400638580e-03
3.214477598667144775e-01
2.922374382615089417e-02
6.369540933519601822e-04
8.365886658430099487e-02
2.702873607631772757e-04
3.391209291294217110e-03
1.145187765359878540e-02
1.572703185956925154e-04
9.255069890059530735e-04
6.915649026632308960e-02
3.204173222184181213e-02
2.082095593214035034e-01
1.394550651311874390e-01
4.701074212789535522e-02
4.299332504160702229e-04
5.025799055147217587e-06
1.116321757435798645e-01
1.958576322067528963e-04
1.130900010466575623e-01
6.669424008578062057e-03
1.125192120671272278e-01
1.118849776685237885e-02
7.211528718471527100e-02
1.199579215608537197e-03
1.473808884620666504e-01
3.901757299900054932e-02
8.192312088795006275e-04
1.378791779279708862e-01
5.405102670192718506e-02
1.006297022104263306e-02
3.242957754991948605e-04
4.351076204329729080e-03
6.982939084991812706e-04
2.287735491991043091e-01
1.803406476974487305e-01
9.006065130233764648e-02
3.675275743007659912e-01
5.887245014309883118e-02
1.772462273947894573e-03
5.565723776817321777e-02
5.869278684258460999e-04
2.290538884699344635e-02
4.009377583861351013e-02
1.507503795437514782e-03
1.412089020013809204e-01
9.586397936800494790e-06
1.995497848838567734e-03
2.901060797739773989e-04
5.087168392492458224e-05
5.677584186196327209e-02
1.195003092288970947e-01
1.348122896160930395e-04
2.142166718840599060e-02
3.314278001198545098e-05
8.519907714799046516e-05
5.446524918079376221e-02
1.017422452569007874e-01
4.126952029764652252e-03
7.556625455617904663e-02
1.092797815799713135e-01
1.116295577958226204e-03
6.823386996984481812e-02
3.371718776179477572e-05
6.235267501324415207e-04
8.855777978897094727e-02
5.291732549667358398e-01
1.046895384788513184e-01
9.381081326864659786e-06
5.132517591118812561e-02
6.512137042591348290e-05
1.046565244905650616e-03
1.908257603645324707e-02
9.238818287849426270e-02
1.016129255294799805e-01
2.578218982307589613e-06
4.811729770153760910e-03
5.426894407719373703e-03
1.725140376947820187e-03
2.694535255432128906e-02
1.393277570605278015e-02
1.840909593738615513e-03
8.181737363338470459e-02
2.027631271630525589e-03
1.013253182172775269e-01
1.627436722628772259e-03
8.063410408794879913e-03
3.725799173116683960e-02
1.585709978826344013e-03
6.976693868637084961e-03
2.994935493916273117e-04
6.231714040040969849e-03
9.034442156553268433e-02
1.410053670406341553e-01
2.971212565898895264e-02
8.416589116677641869e-04
6.094151362776756287e-02
9.779528975486755371e-01
9.968933463096618652e-02
1.301226147916167974e-04
3.876594826579093933e-03
3.066634963033720851e-05
5.210886592976748943e-04
6.946312636137008667e-02
6.740292068570852280e-03
2.249422669410705566e-01
8.691132068634033203e-03
4.879909008741378784e-02
5.353574641048908234e-03
2.608348429203033447e-02
2.571534878370584920e-06
1.827027648687362671e-02
4.137017764151096344e-03
4.555743336677551270e-01
3.418180393055081367e-03
3.871501684188842773e-01
2.341231011087074876e-04
3.211735247532487847e-06
1.377478688955307007e-01
4.489820916205644608e-03
2.613114714622497559e-01
6.410617381334304810e-02
4.091377258300781250e-01
9.086398495128378272e-05
3.456997685134410858e-03
1.532993614673614502e-01
2.118853619322180748e-03
2.487497031688690186e-01
1.415488259226549417e-05
3.878991410601884127e-04
9.685821132734417915e-04
1.035734452307224274e-02
1.541289538145065308e-01
2.275330871343612671e-01
4.578161224344512448e-06
1.572743058204650879e-02
2.341582512599416077e-05
5.884497659280896187e-04
3.357206704095005989e-03
3.179832398891448975e-01
3.641555395006434992e-06
4.244597163051366806e-03
3.866060078144073486e-01
4.463890945771709085e-05
1.684915187070146203e-04
9.896759688854217529e-02
3.910818994045257568e-01
4.518423229455947876e-02
3.828978515230119228e-05
4.930752329528331757e-04
1.107590645551681519e-01
4.289312528271693736e-06
9.046156704425811768e-02
2.970847301185131073e-03
8.167731016874313354e-02
1.932235248386859894e-02
4.152753353118896484e-01
6.355509907007217407e-02
1.891986030386760831e-04
3.029783023521304131e-03
3.214008733630180359e-02
7.073531299829483032e-02
1.260174787603318691e-03
3.926775753498077393e-01
4.631838202476501465e-02
1.303333323448896408e-02
4.396062344312667847e-03
1.518106926232576370e-02
1.353139290586113930e-03
6.171086803078651428e-02
1.462665502913296223e-03
2.525828022044152021e-04
1.394656137563288212e-04
1.484943732066312805e-05
1.545627713203430176e-01
1.207958790473639965e-03
2.436413487885147333e-04
9.783989517018198967e-04
6.712620146572589874e-03
7.766011985950171947e-04
1.294595152139663696e-01
2.474134962540119886e-04
2.348105795681476593e-02
1.552068533783312887e-05
8.975679427385330200e-02
8.615302294492721558e-02
1.207243427634239197e-01
1.210086196660995483e-01
1.238961797207593918e-02
2.110457717208191752e-04
9.881720691919326782e-02
1.929827703861519694e-05
3.752905875444412231e-02
4.692106507718563080e-03
3.724878188222646713e-03
5.210536182858049870e-04
3.218738734722137451e-01
6.215280666947364807e-02
9.901219047605991364e-03
6.192201981320977211e-04
1.592134088277816772e-01
3.641812509158626199e-05
5.049894098192453384e-04
4.116092168260365725e-04
1.552064269781112671e-01
4.061526954174041748e-01
8.611504919826984406e-03
6.183284521102905273e-02
5.330423116683959961e-01
8.461375534534454346e-02
1.822651247493922710e-03
7.988943252712488174e-04
4.111658781766891479e-03
4.747260827571153641e-03
1.930858939886093140e-01
9.075134992599487305e-03
2.117188880220055580e-03
1.231988426297903061e-02
2.367759682238101959e-02
5.592074394226074219e-01
4.538294374942779541e-01
1.131236702203750610e-01
2.590776793658733368e-02
4.910850548185408115e-04
1.986610004678368568e-03
1.244149287231266499e-03
6.117441132664680481e-02
9.106394136324524879e-04
1.809035092592239380e-01
6.416705250740051270e-02
2.491828054189682007e-03
8.738635480403900146e-02
4.333438724279403687e-02
2.079729223623871803e-03
2.033379569184035063e-04
1.577680259943008423e-01
9.349951287731528282e-04
7.388714700937271118e-03
3.078748413827270269e-04
1.111639794544316828e-04
1.820624493120703846e-05
2.681674361228942871e-01
8.093119831755757332e-04
4.267598036676645279e-03
1.644986514293123037e-05
2.056932002305984497e-01
2.629138827323913574e-01
3.990976810455322266e-01
1.462243671994656324e-04
4.090931117534637451e-01
4.126405401621013880e-04
4.012778517790138721e-04
2.996860712300986052e-04
3.299997150897979736e-01
4.148805164732038975e-04
3.597870767116546631e-01
8.150807581841945648e-03
1.862778481154236943e-05
5.140121211297810078e-04
2.152110040187835693e-01
1.040220831782789901e-05
4.251462873071432114e-03
1.136663286160910502e-05
4.516541957855224609e-05
1.182467937469482422e-01
4.553327380563132465e-05
6.082092568249208853e-06
5.992861697450280190e-04
6.299075175775215030e-05
1.078937426209449768e-01
3.455869446042925119e-04
5.870535824215039611e-05
1.625906006665900350e-04
3.924589254893362522e-04
7.239047437906265259e-02
5.839585210196673870e-04
2.514377469196915627e-03
1.140472477345610969e-06
7.876858580857515335e-04
2.848148578777909279e-04
1.353489933535456657e-03
3.546521663665771484e-01
9.276947239413857460e-04
1.154485642910003662e-01
2.117823314620181918e-04
1.116223167628049850e-03
1.575525743646721821e-06
5.907516242587007582e-05
1.996628344058990479e-01
2.912491094321012497e-03
3.265846520662307739e-02
9.670427243690937757e-05
6.473797839134931564e-05
1.459351915400475264e-04
4.516090452671051025e-01
2.902378737926483154e-01
2.837908104993402958e-04
1.430692936992272735e-04
2.739736228249967098e-04
