8.932547569274902344e-01
9.875959157943725586e-01
9.717153906822204590e-01
8.406960368156433105e-01
7.122219204902648926e-01
8.231470584869384766e-01
6.466218829154968262e-01
8.662482500076293945e-01
9.591338634490966797e-01
9.804822206497192383e-01
9.384282231330871582e-01
8.552403450012207031e-01
7.074661850929260254e-01
9.756700396537780762e-01
8.742253184318542480e-01
8.763173818588256836e-01
7.503180503845214844e-01
6.265307664871215820e-01
3.668640851974487305e-01
8.957663178443908691e-01
9.343844056129455566e-01
9.949991703033447266e-01
9.796215295791625977e-01
8.256993293762207031e-01
7.910827398300170898e-01
6.192188858985900879e-01
4.331577420234680176e-01
8.862178921699523926e-01
6.297912597656250000e-01
9.471347928047180176e-01
9.687219262123107910e-01
8.767212033271789551e-01
5.356599688529968262e-01
1.776747256517410278e-01
9.862068891525268555e-01
7.281766533851623535e-01
6.630190610885620117e-01
6.001221537590026855e-01
6.751893758773803711e-01
5.820802450180053711e-01
8.745829463005065918e-01
6.545582413673400879e-01
7.537305951118469238e-01
7.143254280090332031e-01
9.657469987869262695e-01
7.894339561462402344e-01
7.703321576118469238e-01
8.874086141586303711e-01
7.933260798454284668e-01
5.758887529373168945e-01
9.731909036636352539e-01
3.434970676898956299e-01
9.113373756408691406e-01
8.447366952896118164e-01
8.222783803939819336e-01
9.908410310745239258e-01
8.215488195419311523e-01
9.803273081779479980e-01
9.766943454742431641e-01
9.708790779113769531e-01
5.093288421630859375e-01
8.836504817008972168e-01
9.625750780105590820e-01
8.470754027366638184e-01
6.539375782012939453e-01
6.862145662307739258e-01
8.600597381591796875e-01
6.055957078933715820e-01
8.769054412841796875e-01
9.824005365371704102e-01
8.465099334716796875e-01
9.496456980705261230e-01
8.656216859817504883e-01
9.719026088714599609e-01
8.159362673759460449e-01
8.047621250152587891e-01
9.390387535095214844e-01
9.737484455108642578e-01
7.173840403556823730e-01
9.569399952888488770e-01
9.265027642250061035e-01
9.495694637298583984e-01
9.603007435798645020e-01
8.833296298980712891e-01
9.420123696327209473e-01
9.378944635391235352e-01
8.429283499717712402e-01
9.500238299369812012e-01
7.550997138023376465e-01
8.618432283401489258e-01
7.562119960784912109e-01
7.425425648689270020e-01
9.302394390106201172e-01
6.753906011581420898e-01
9.478030800819396973e-01
9.633994698524475098e-01
7.989206910133361816e-01
8.693565130233764648e-01
9.259786009788513184e-01
7.790189981460571289e-01
9.398439526557922363e-01
9.712015986442565918e-01
9.523419737815856934e-01
9.540732502937316895e-01
9.198243021965026855e-01
6.849712729454040527e-01
7.206213474273681641e-01
7.995818853378295898e-01
9.638316035270690918e-01
9.201816916465759277e-01
9.420377612113952637e-01
7.696692347526550293e-01
9.339842200279235840e-01
9.106160998344421387e-01
8.661507964134216309e-01
9.531692266464233398e-01
8.841285109519958496e-01
7.177482247352600098e-01
7.558367848396301270e-01
6.718659400939941406e-01
9.553594589233398438e-01
8.028652071952819824e-01
9.370379447937011719e-01
9.388253092765808105e-01
7.918373942375183105e-01
9.545471668243408203e-01
4.369238615036010742e-01
7.987191081047058105e-01
9.354984164237976074e-01
9.354526400566101074e-01
9.687482118606567383e-01
9.272152185440063477e-01
8.667070865631103516e-01
9.685633182525634766e-01
6.795510649681091309e-01
7.900215387344360352e-01
9.503570795059204102e-01
9.519705176353454590e-01
8.428286910057067871e-01
9.132782816886901855e-01
9.593005180358886719e-01
8.075150847434997559e-01
8.177374005317687988e-01
9.431460499763488770e-01
8.705563545227050781e-01
8.356060981750488281e-01
9.391657710075378418e-01
7.591513991355895996e-01
9.745775461196899414e-01
9.411355257034301758e-01
5.921708345413208008e-01
7.802390456199645996e-01
6.288891434669494629e-01
7.882860898971557617e-01
6.229713559150695801e-01
7.050985097885131836e-01
6.601329445838928223e-01
5.658010840415954590e-01
6.336724758148193359e-01
6.971681714057922363e-01
6.279885768890380859e-01
7.109011411666870117e-01
9.520030021667480469e-01
7.312604188919067383e-01
7.387633919715881348e-01
6.062773466110229492e-01
7.645723223686218262e-01
7.483054995536804199e-01
6.425788998603820801e-01
8.149874806404113770e-01
6.327943801879882812e-01
6.020461916923522949e-01
4.695826768875122070e-01
5.452315211296081543e-01
4.965023100376129150e-01
5.304012298583984375e-01
4.099277853965759277e-01
5.157644748687744141e-01
5.248504877090454102e-01
5.162081122398376465e-01
4.994873404502868652e-01
5.474659800529479980e-01
5.979130864143371582e-01
5.234578251838684082e-01
5.135897994041442871e-01
4.718510806560516357e-01
5.141563415527343750e-01
5.117368698120117188e-01
6.539550423622131348e-01
5.372005105018615723e-01
7.267053723335266113e-01
5.656580924987792969e-01
5.165944695472717285e-01
4.743331372737884521e-01
5.152768492698669434e-01
5.312569737434387207e-01
4.859802424907684326e-01
5.041425228118896484e-01
5.496472716331481934e-01
5.123172402381896973e-01
3.659774959087371826e-01
5.706058144569396973e-01
4.507032036781311035e-01
4.882825314998626709e-01
4.274434149265289307e-01
4.981312453746795654e-01
5.836727619171142578e-01
4.877070486545562744e-01
5.459088087081909180e-01
5.597556829452514648e-01
5.642592906951904297e-01
5.259616374969482422e-01
5.642801523208618164e-01
4.946503937244415283e-01
5.722476840019226074e-01
5.867524743080139160e-01
5.054209828376770020e-01
5.151613354682922363e-01
5.396574735641479492e-01
5.273787975311279297e-01
5.831195116043090820e-01
7.036013007164001465e-01
5.630180239677429199e-01
4.945567846298217773e-01
5.270298719406127930e-01
5.254607200622558594e-01
5.128222703933715820e-01
4.530764818191528320e-01
5.765502452850341797e-01
5.322702527046203613e-01
5.032675266265869141e-01
5.177790522575378418e-01
5.119104981422424316e-01
5.565780401229858398e-01
4.424669146537780762e-01
5.725727081298828125e-01
5.380838513374328613e-01
5.587064027786254883e-01
3.038059473037719727e-01
5.876027345657348633e-01
5.142653584480285645e-01
4.311051964759826660e-01
5.697838664054870605e-01
6.065051555633544922e-01
4.508126378059387207e-01
1.929444819688796997e-01
8.965024352073669434e-01
8.917173743247985840e-01
8.970319032669067383e-01
4.280478656291961670e-01
4.411201775074005127e-01
8.965163230895996094e-01
6.776356697082519531e-01
9.068308472633361816e-01
2.401307374238967896e-01
9.313336610794067383e-01
8.979985713958740234e-01
9.159092903137207031e-01
8.506590127944946289e-01
9.156843423843383789e-01
8.897096514701843262e-01
8.689064383506774902e-01
4.062481224536895752e-01
2.156285345554351807e-01
4.464873075485229492e-01
8.483784794807434082e-01
9.250925779342651367e-01
8.990335464477539062e-01
2.394944429397583008e-01
9.119353890419006348e-01
8.564441800117492676e-01
9.766716957092285156e-01
3.976873457431793213e-01
9.293478727340698242e-01
9.370882511138916016e-01
8.523713350296020508e-01
9.065434336662292480e-01
8.876088261604309082e-01
9.182633757591247559e-01
9.077956080436706543e-01
9.347211122512817383e-01
8.954768776893615723e-01
6.867827773094177246e-01
5.044674277305603027e-01
2.928787767887115479e-01
9.076521992683410645e-01
9.331519007682800293e-01
9.658148288726806641e-01
8.842776417732238770e-01
9.107954502105712891e-01
8.649080395698547363e-01
9.516963958740234375e-01
3.117162287235260010e-01
4.858813881874084473e-01
9.508893489837646484e-01
9.148273468017578125e-01
9.281042218208312988e-01
8.726533651351928711e-01
8.933928012847900391e-01
8.945597410202026367e-01
8.646988868713378906e-01
8.858133554458618164e-01
8.654760122299194336e-01
2.217807322740554810e-01
3.170886039733886719e-01
9.464383721351623535e-01
6.272018551826477051e-01
3.772737979888916016e-01
9.065693020820617676e-01
8.913586139678955078e-01
5.191219449043273926e-01
9.176056981086730957e-01
2.184242159128189087e-01
9.377371072769165039e-01
9.128300547599792480e-01
9.015581011772155762e-01
4.241904914379119873e-01
9.422460198402404785e-01
9.204272031784057617e-01
5.587486624717712402e-01
4.161420166492462158e-01
9.786031842231750488e-01
6.607052683830261230e-01
9.725960493087768555e-01
4.081340730190277100e-01
8.498333096504211426e-01
9.776617884635925293e-01
3.380701541900634766e-01
9.129855632781982422e-01
9.718934893608093262e-01
9.773473143577575684e-01
6.961268186569213867e-01
3.164329230785369873e-01
9.548839926719665527e-01
8.559496402740478516e-01
9.746417403221130371e-01
9.826573729515075684e-01
5.296387076377868652e-01
7.093364000320434570e-01
8.054056763648986816e-01
9.644976258277893066e-01
4.789116680622100830e-01
7.783351540565490723e-01
9.804298877716064453e-01
5.932239890098571777e-01
6.806061267852783203e-01
8.180823326110839844e-01
9.801541566848754883e-01
9.786031842231750488e-01
6.308400630950927734e-01
9.846721291542053223e-01
5.324334502220153809e-01
9.831358790397644043e-01
8.340144157409667969e-01
5.440980195999145508e-01
5.556020140647888184e-01
6.696463227272033691e-01
7.110207080841064453e-01
9.736401438713073730e-01
7.102193832397460938e-01
7.920910716056823730e-01
5.602112412452697754e-01
4.044183790683746338e-01
4.624637663364410400e-01
9.069620370864868164e-01
7.700900435447692871e-01
8.008448481559753418e-01
7.415226101875305176e-01
7.323796749114990234e-01
7.412112355232238770e-01
8.595952987670898438e-01
6.333398222923278809e-01
9.337500929832458496e-01
9.015366435050964355e-01
7.451811432838439941e-01
6.168830990791320801e-01
8.429760336875915527e-01
9.130883216857910156e-01
5.772275924682617188e-01
7.194756269454956055e-01
9.017200469970703125e-01
5.565611720085144043e-01
8.019732236862182617e-01
9.376564025878906250e-01
3.166037499904632568e-01
7.829123139381408691e-01
5.899091362953186035e-01
8.695334792137145996e-01
8.797332048416137695e-01
7.971860766410827637e-01
7.824797034263610840e-01
8.668286204338073730e-01
4.962286353111267090e-01
2.733121216297149658e-01
7.687993645668029785e-01
7.903768420219421387e-01
9.272411465644836426e-01
8.821903467178344727e-01
6.041874885559082031e-01
7.036562561988830566e-01
6.413641571998596191e-01
6.764717102050781250e-01
7.895234227180480957e-01
8.638124465942382812e-01
6.880673766136169434e-01
7.913891077041625977e-01
6.182456612586975098e-01
8.573927283287048340e-01
7.882248163223266602e-01
8.143445253372192383e-01
5.932726860046386719e-01
7.920275926589965820e-01
6.036571264266967773e-01
9.186460375785827637e-01
8.501568436622619629e-01
9.519799351692199707e-01
7.673528790473937988e-01
6.518130302429199219e-01
6.979629397392272949e-01
9.561088085174560547e-01
5.981990694999694824e-01
8.992656469345092773e-01
4.714866280555725098e-01
6.793993711471557617e-01
6.569319963455200195e-01
6.275519132614135742e-01
9.513348340988159180e-01
9.338783621788024902e-01
9.928883910179138184e-01
6.389586925506591797e-01
7.051412463188171387e-01
8.644552230834960938e-01
9.775512814521789551e-01
9.823369979858398438e-01
8.136334419250488281e-01
9.020698070526123047e-01
9.883673787117004395e-01
9.629365205764770508e-01
9.404744505882263184e-01
8.142541050910949707e-01
9.162207245826721191e-01
6.308417320251464844e-01
8.783921599388122559e-01
9.186365604400634766e-01
9.891730546951293945e-01
9.363380074501037598e-01
7.544709444046020508e-01
5.955854058265686035e-01
9.561403989791870117e-01
9.633156061172485352e-01
9.937212467193603516e-01
7.078495025634765625e-01
9.569652676582336426e-01
3.906593099236488342e-02
9.772688746452331543e-01
9.902639389038085938e-01
8.254895210266113281e-01
9.687336087226867676e-01
8.812195062637329102e-01
9.416614174842834473e-01
8.759030699729919434e-01
9.671391248703002930e-01
9.894830584526062012e-01
6.001605391502380371e-01
9.704253673553466797e-01
8.501288890838623047e-01
6.230431199073791504e-01
9.387717247009277344e-01
8.626455664634704590e-01
9.865496754646301270e-01
5.140907764434814453e-01
9.878745675086975098e-01
9.502291679382324219e-01
8.716586828231811523e-01
9.344975352287292480e-01
9.964644908905029297e-01
9.744392037391662598e-01
9.826347231864929199e-01
9.376677274703979492e-01
9.651384353637695312e-01
8.471711874008178711e-01
9.652486443519592285e-01
9.131532311439514160e-01
9.862840175628662109e-01
9.468191266059875488e-01
9.508674740791320801e-01
9.929094314575195312e-01
9.255599379539489746e-01
9.932314157485961914e-01
9.591971635818481445e-01
7.688292264938354492e-01
9.374125003814697266e-01
8.740784525871276855e-01
7.640301585197448730e-01
9.525206089019775391e-01
8.451255559921264648e-01
8.515345454216003418e-01
9.130405783653259277e-01
9.475093483924865723e-01
6.612064838409423828e-01
5.776270478963851929e-02
1.481516007333993912e-02
3.224257007241249084e-02
5.437396764755249023e-01
9.048437699675559998e-03
2.056881785392761230e-02
7.300097346305847168e-01
1.424182020127773285e-02
4.152121022343635559e-02
1.475826203823089600e-01
3.730405587702989578e-04
1.398451477289199829e-01
6.329634785652160645e-01
7.510016206651926041e-03
2.491792477667331696e-02
2.497803233563899994e-02
2.506016790866851807e-01
2.644584774971008301e-01
4.123852252960205078e-01
6.253337860107421875e-02
4.629617091268301010e-03
5.355681851506233215e-02
2.552780508995056152e-02
3.531111404299736023e-02
4.094940144568681717e-03
2.216239422559738159e-01
6.427314132452011108e-03
2.013228274881839752e-02
3.054802119731903076e-02
1.280742418020963669e-02
3.977612555027008057e-01
7.526105269789695740e-03
7.575380150228738785e-03
2.066400647163391113e-02
8.417825400829315186e-02
5.133113861083984375e-01
8.309999704360961914e-01
6.671833395957946777e-01
3.817213475704193115e-01
6.675261538475751877e-03
4.384632706642150879e-01
4.047931171953678131e-03
8.198335766792297363e-02
4.779100418090820312e-01
2.200716584920883179e-01
2.186215668916702271e-02
4.508890211582183838e-02
2.689662948250770569e-02
1.736612431704998016e-02
4.641074687242507935e-02
1.395771745592355728e-02
3.410847783088684082e-01
3.067302107810974121e-01
2.093007788062095642e-02
5.162477493286132812e-02
5.943784117698669434e-02
5.839540958404541016e-01
6.234106607735157013e-03
7.272920105606317520e-03
6.219925284385681152e-01
4.221085011959075928e-01
8.297261781990528107e-03
6.462053861469030380e-03
1.365303341299295425e-02
6.285108327865600586e-01
1.685720682144165039e-02
2.760105766355991364e-03
7.149167060852050781e-01
4.601534083485603333e-02
9.647674858570098877e-02
6.081060767173767090e-01
2.996572852134704590e-02
9.939721785485744476e-03
1.198613364249467850e-02
3.680272996425628662e-01
1.253444105386734009e-01
3.607052564620971680e-02
2.795151062309741974e-02
1.940859556198120117e-01
2.821773849427700043e-02
1.229408476501703262e-02
9.970011562108993530e-02
3.211364895105361938e-02
2.173308134078979492e-01
4.801073372364044189e-01
2.910257689654827118e-02
8.016715645790100098e-01
2.531133405864238739e-02
1.956932842731475830e-01
3.941019251942634583e-02
3.603714406490325928e-01
3.552035987377166748e-01
2.705148980021476746e-02
7.538945078849792480e-01
3.550018370151519775e-02
4.344610497355461121e-02
8.801724761724472046e-02
2.799234688282012939e-01
2.647952176630496979e-02
7.354032248258590698e-02
4.310748074203729630e-03
2.948881126940250397e-02
6.310099363327026367e-02
2.310148999094963074e-02
2.820957824587821960e-02
2.638435065746307373e-01
4.429673850536346436e-01
1.680302619934082031e-01
4.101288318634033203e-02
1.234318967908620834e-02
4.881872981786727905e-02
3.634109497070312500e-01
2.615546062588691711e-02
7.748480886220932007e-02
3.474646508693695068e-01
1.642768457531929016e-02
1.373048573732376099e-01
1.543262135237455368e-02
3.464379534125328064e-02
1.879402548074722290e-01
3.976807743310928345e-02
3.204299882054328918e-02
3.221146762371063232e-02
6.432580947875976562e-02
4.817340150475502014e-02
1.488889567553997040e-02
1.943460404872894287e-01
7.234702110290527344e-01
3.317397087812423706e-02
3.354006260633468628e-02
1.019277609884738922e-02
4.416351020336151123e-01
1.656239330768585205e-01
5.130776762962341309e-02
5.870506763458251953e-01
7.699576765298843384e-02
2.439227327704429626e-02
1.352441776543855667e-02
5.696078389883041382e-02
1.279154326766729355e-02
2.386316470801830292e-02
8.062839508056640625e-02
8.961983025074005127e-02
2.178069390356540680e-02
6.019433960318565369e-02
1.032426357269287109e-01
1.178460475057363510e-02
4.019481539726257324e-01
1.759398877620697021e-01
5.431089922785758972e-02
5.200554728507995605e-01
6.586156487464904785e-01
6.216232776641845703e-01
6.508786082267761230e-01
6.217270493507385254e-01
5.197988748550415039e-01
1.824191659688949585e-01
4.051527380943298340e-01
1.401529163122177124e-01
5.106440782546997070e-01
6.651100516319274902e-01
5.966122150421142578e-01
3.697890639305114746e-01
2.782545685768127441e-01
5.589780211448669434e-01
4.084559977054595947e-01
5.608752965927124023e-01
5.575364232063293457e-01
5.867161154747009277e-01
6.199252009391784668e-01
5.296210050582885742e-01
5.303568840026855469e-01
5.319759249687194824e-01
4.823100268840789795e-01
5.146036148071289062e-01
5.136746168136596680e-01
4.510287940502166748e-01
4.605793952941894531e-01
5.086332559585571289e-01
4.443787038326263428e-01
5.222932100296020508e-01
4.833273291587829590e-01
4.418474435806274414e-01
5.073829293251037598e-01
4.588265419006347656e-01
4.020450115203857422e-01
5.041269659996032715e-01
4.333814680576324463e-01
5.377475023269653320e-01
4.540753066539764404e-01
4.662484526634216309e-01
5.105711817741394043e-01
4.443200528621673584e-01
4.902047812938690186e-01
4.803267121315002441e-01
4.522223174571990967e-01
4.049057066440582275e-01
4.917741119861602783e-01
4.769364297389984131e-01
3.376113176345825195e-01
5.383947491645812988e-01
4.600356221199035645e-01
4.676660299301147461e-01
5.593029260635375977e-01
5.271329879760742188e-01
4.516271352767944336e-01
5.023476481437683105e-01
4.891274273395538330e-01
5.340963006019592285e-01
5.269959568977355957e-01
5.234127640724182129e-01
4.766875207424163818e-01
4.110519587993621826e-01
5.500025153160095215e-01
4.915110766887664795e-01
4.576018452644348145e-01
5.099546909332275391e-01
6.193958520889282227e-01
5.147902369499206543e-01
4.507742226123809814e-01
5.278684496879577637e-01
5.561220049858093262e-01
4.567997753620147705e-01
4.903941750526428223e-01
4.652322232723236084e-01
5.118525624275207520e-01
4.160593152046203613e-01
4.975653886795043945e-01
4.810199141502380371e-01
4.671388268470764160e-01
5.164616107940673828e-01
5.474191904067993164e-01
4.986679255962371826e-01
5.113981366157531738e-01
4.253215789794921875e-01
5.451323390007019043e-01
4.849792122840881348e-01
4.047102332115173340e-01
5.124568939208984375e-01
5.026111006736755371e-01
5.084901452064514160e-01
4.746870696544647217e-01
5.376802682876586914e-01
5.605261772871017456e-02
9.923140704631805420e-02
2.009149640798568726e-01
1.288916766643524170e-01
1.071318611502647400e-01
1.701640337705612183e-01
7.551190257072448730e-02
1.364203989505767822e-01
9.688325226306915283e-02
8.727023005485534668e-02
1.616008877754211426e-01
1.503902822732925415e-01
9.852279722690582275e-02
6.187930703163146973e-01
1.621591746807098389e-01
2.344740182161331177e-01
1.069787740707397461e-01
8.212773203849792480e-01
1.737010329961776733e-01
1.693548262119293213e-01
2.303321808576583862e-01
1.544866561889648438e-01
2.283453941345214844e-01
1.288859695196151733e-01
1.708576977252960205e-01
1.334321796894073486e-01
1.701690703630447388e-01
7.027784734964370728e-02
2.826311886310577393e-01
2.899979650974273682e-01
1.788016259670257568e-01
6.120339035987854004e-01
1.028175279498100281e-01
1.805045604705810547e-01
9.956309199333190918e-02
7.533212006092071533e-02
7.597857713699340820e-02
1.643746942281723022e-01
9.931616485118865967e-02
3.397577106952667236e-01
3.013958930969238281e-01
1.387643516063690186e-01
7.166468352079391479e-02
2.723728492856025696e-02
1.737298667430877686e-01
1.152036711573600769e-01
1.174281686544418335e-01
1.693846732378005981e-01
3.376723527908325195e-01
2.660706341266632080e-01
2.558901160955429077e-02
1.325678080320358276e-01
2.391195893287658691e-01
1.027839779853820801e-01
2.213920801877975464e-01
1.799881607294082642e-01
2.653439342975616455e-01
8.844357728958129883e-02
6.177512928843498230e-02
3.609469532966613770e-01
4.184230566024780273e-01
3.871123194694519043e-01
1.077240854501724243e-01
2.246218174695968628e-01
2.375354766845703125e-01
7.507601380348205566e-02
3.589707314968109131e-01
1.085898429155349731e-01
2.156320810317993164e-01
1.988335400819778442e-01
1.037589982151985168e-01
1.345902532339096069e-01
2.363466918468475342e-01
2.568001747131347656e-01
1.275035142898559570e-01
1.868334114551544189e-01
1.238683909177780151e-01
1.448224633932113647e-01
3.308159410953521729e-01
4.649092555046081543e-01
4.018036425113677979e-01
2.417616248130798340e-01
1.138207316398620605e-01
8.843928575515747070e-02
3.460416197776794434e-01
3.078833818435668945e-01
2.004890143871307373e-01
3.667902350425720215e-01
3.453952074050903320e-01
5.163132548332214355e-01
4.190125316381454468e-02
2.291816622018814087e-01
3.845418393611907959e-01
1.025498807430267334e-01
2.612728178501129150e-01
2.749201096594333649e-02
3.872274756431579590e-01
3.634650707244873047e-01
7.152982056140899658e-02
9.253694415092468262e-01
1.050268113613128662e-01
1.057480722665786743e-01
3.229572176933288574e-01
3.397550061345100403e-02
2.270532101392745972e-01
5.959566235542297363e-01
6.991512328386306763e-02
1.009669303894042969e-01
4.602319896221160889e-01
8.301641047000885010e-02
8.104273676872253418e-02
7.813680917024612427e-02
2.150180637836456299e-01
4.462974071502685547e-01
1.969123333692550659e-01
2.707969546318054199e-01
3.688169717788696289e-01
2.757251262664794922e-01
2.136286050081253052e-01
4.006299674510955811e-01
1.618073731660842896e-01
3.278990089893341064e-01
7.312258481979370117e-01
3.901285827159881592e-01
6.312528848648071289e-01
4.515511393547058105e-01
4.142050743103027344e-01
2.106057256460189819e-01
2.720213234424591064e-01
2.304942607879638672e-01
3.726782798767089844e-01
6.652458906173706055e-01
6.759966015815734863e-01
2.550564110279083252e-01
7.251780033111572266e-01
4.390841722488403320e-01
5.569828152656555176e-01
5.912273526191711426e-01
6.701896190643310547e-01
1.980135440826416016e-01
5.764200091361999512e-01
7.147393822669982910e-01
1.958152204751968384e-01
2.258601784706115723e-01
5.905199646949768066e-01
4.644121527671813965e-01
1.491815000772476196e-01
6.534890532493591309e-01
1.181800588965415955e-01
7.969160676002502441e-01
3.083167672157287598e-01
3.857504129409790039e-01
6.902952194213867188e-01
2.092069983482360840e-01
3.014807701110839844e-01
4.433923065662384033e-01
2.545011043548583984e-01
9.163549542427062988e-02
1.337251365184783936e-01
8.525796234607696533e-02
3.452969491481781006e-01
3.117880523204803467e-01
7.215534448623657227e-01
8.108089119195938110e-02
1.055024340748786926e-01
6.291973590850830078e-01
8.255208283662796021e-02
5.023055672645568848e-01
6.387212276458740234e-01
6.188223361968994141e-01
6.883656382560729980e-01
6.905298829078674316e-01
9.706757962703704834e-02
3.989647328853607178e-01
5.107077360153198242e-01
1.719373315572738647e-01
7.014214992523193359e-01
6.648406386375427246e-01
7.200416326522827148e-01
1.608937531709671021e-01
6.739114522933959961e-01
2.159466892480850220e-01
1.027208417654037476e-01
6.477882619947195053e-03
2.964320883620530367e-04
6.893793344497680664e-01
8.734546601772308350e-02
1.447544526308774948e-02
7.854785770177841187e-02
4.574001207947731018e-02
2.288432419300079346e-01
2.647525630891323090e-02
6.988574750721454620e-04
3.249002853408455849e-03
1.554868184030056000e-02
5.785586237907409668e-01
1.387789249420166016e-01
4.319115728139877319e-02
3.659493327140808105e-01
5.065756291151046753e-02
6.553183775395154953e-04
7.749598026275634766e-01
2.501749992370605469e-01
4.940962493419647217e-01
4.915758222341537476e-02
1.033151075243949890e-01
4.290305450558662415e-02
3.537208540365099907e-03
5.752111673355102539e-01
4.374139308929443359e-01
2.132750861346721649e-02
9.026018902659416199e-03
3.520453721284866333e-02
3.030512034893035889e-01
1.062460616230964661e-02
5.578385666012763977e-03
2.077568322420120239e-02
1.423742622137069702e-01
1.895883865654468536e-02
4.885707050561904907e-03
9.236850589513778687e-02
5.208349227905273438e-01
5.203889012336730957e-01
5.200571194291114807e-02
1.026607826352119446e-01
3.103789389133453369e-01
3.451358526945114136e-02
1.857860758900642395e-02
9.941411763429641724e-02
8.746628463268280029e-02
1.387663278728723526e-02
2.168704569339752197e-01
2.051529660820960999e-02
3.531774878501892090e-02
3.098655864596366882e-02
1.665616175159811974e-03
3.014594018459320068e-01
1.863635517656803131e-02
5.888142623007297516e-03
1.324469596147537231e-01
1.687692999839782715e-01
1.103826984763145447e-01
2.264229208230972290e-02
6.413333415985107422e-01
1.200661621987819672e-02
2.722694538533687592e-02
1.180748827755451202e-02
1.979438820853829384e-03
3.517360687255859375e-01
1.970616132020950317e-01
1.086663007736206055e-01
9.661921067163348198e-04
1.852263808250427246e-01
7.694401592016220093e-02
3.883050754666328430e-02
3.469648212194442749e-02
