4.941268563270568848e-01
5.638358592987060547e-01
4.404750764369964600e-01
5.702439546585083008e-01
5.678496360778808594e-01
5.663344860076904297e-01
5.467935800552368164e-01
5.016261935234069824e-01
5.656573176383972168e-01
4.701332449913024902e-01
5.337616801261901855e-01
5.764645934104919434e-01
5.078905224800109863e-01
5.754843950271606445e-01
5.555716753005981445e-01
5.165176987648010254e-01
4.969759881496429443e-01
5.013594031333923340e-01
5.277130007743835449e-01
4.600877165794372559e-01
4.892082214355468750e-01
4.837151765823364258e-01
5.570152997970581055e-01
4.874813258647918701e-01
4.707887470722198486e-01
5.499333143234252930e-01
5.768565535545349121e-01
5.764068365097045898e-01
5.738173127174377441e-01
4.713016152381896973e-01
5.197979807853698730e-01
4.849809110164642334e-01
4.468393325805664062e-01
5.494341850280761719e-01
4.837851524353027344e-01
4.753744602203369141e-01
4.785157144069671631e-01
4.895132780075073242e-01
4.959834516048431396e-01
5.375722646713256836e-01
4.812869429588317871e-01
5.842233896255493164e-01
4.455581009387969971e-01
4.926080107688903809e-01
5.380172729492187500e-01
5.652389526367187500e-01
5.525956153869628906e-01
4.669784307479858398e-01
4.564227461814880371e-01
5.763169527053833008e-01
5.205589532852172852e-01
4.752931892871856689e-01
5.062829852104187012e-01
5.715227723121643066e-01
5.046622157096862793e-01
5.005660057067871094e-01
4.697538614273071289e-01
4.913942515850067139e-01
5.610272288322448730e-01
5.108905434608459473e-01
4.772325158119201660e-01
5.658921599388122559e-01
4.836046397686004639e-01
5.827366113662719727e-01
4.594296813011169434e-01
5.031003952026367188e-01
5.450415015220642090e-01
4.962739050388336182e-01
5.804353356361389160e-01
4.870202839374542236e-01
5.022540092468261719e-01
5.834099054336547852e-01
5.577371120452880859e-01
5.274395942687988281e-01
4.952840507030487061e-01
5.750137567520141602e-01
4.929091632366180420e-01
4.603432118892669678e-01
4.879068732261657715e-01
5.649840235710144043e-01
5.004846453666687012e-01
4.816122353076934814e-01
5.055058002471923828e-01
4.830131828784942627e-01
5.773025751113891602e-01
5.042225122451782227e-01
5.327646136283874512e-01
5.609531402587890625e-01
4.871257841587066650e-01
5.837937593460083008e-01
5.839361548423767090e-01
4.696147441864013672e-01
4.839657843112945557e-01
5.706604123115539551e-01
4.882095456123352051e-01
5.014541149139404297e-01
4.566802978515625000e-01
5.723736882209777832e-01
5.708692073822021484e-01
4.648299217224121094e-01
5.867442488670349121e-01
5.653952956199645996e-01
4.544742703437805176e-01
4.963951706886291504e-01
4.515289664268493652e-01
5.630870461463928223e-01
5.246213674545288086e-01
4.505366086959838867e-01
5.020084977149963379e-01
4.794691503047943115e-01
4.695506989955902100e-01
5.332925319671630859e-01
4.473607540130615234e-01
5.465540289878845215e-01
4.550469219684600830e-01
4.854734241962432861e-01
5.051640868186950684e-01
4.410394430160522461e-01
5.197029113769531250e-01
4.410099387168884277e-01
5.318633913993835449e-01
4.473472833633422852e-01
4.403876066207885742e-01
4.411568939685821533e-01
4.500197172164916992e-01
4.303764998912811279e-01
5.332746505737304688e-01
4.961496293544769287e-01
5.629529356956481934e-01
4.501436650753021240e-01
4.399906396865844727e-01
4.494705796241760254e-01
4.943127632141113281e-01
4.357220530509948730e-01
4.539140760898590088e-01
4.462023973464965820e-01
5.057165026664733887e-01
5.095794796943664551e-01
5.238012075424194336e-01
4.451083838939666748e-01
5.048044919967651367e-01
4.661777317523956299e-01
4.388422667980194092e-01
5.195866227149963379e-01
5.363000631332397461e-01
5.686563253402709961e-01
4.915039539337158203e-01
4.372836351394653320e-01
5.280666947364807129e-01
5.200368165969848633e-01
4.470752179622650146e-01
5.099337697029113770e-01
4.994308948516845703e-01
4.553079307079315186e-01
4.980292320251464844e-01
5.156920552253723145e-01
4.947867095470428467e-01
5.357687473297119141e-01
4.479069709777832031e-01
4.568979442119598389e-01
4.643699824810028076e-01
4.422601461410522461e-01
4.397936761379241943e-01
4.416749179363250732e-01
4.553057551383972168e-01
5.520833730697631836e-01
5.271233916282653809e-01
4.578889906406402588e-01
4.896734058856964111e-01
4.444229602813720703e-01
5.025119185447692871e-01
4.849138855934143066e-01
5.125497579574584961e-01
4.643006920814514160e-01
4.875034391880035400e-01
5.367013216018676758e-01
5.224406123161315918e-01
4.488535523414611816e-01
4.447527527809143066e-01
5.104050636291503906e-01
5.241034626960754395e-01
5.303598642349243164e-01
5.480060577392578125e-01
5.530512928962707520e-01
5.070983767509460449e-01
4.879974722862243652e-01
4.409491717815399170e-01
5.089821815490722656e-01
4.503864645957946777e-01
5.622714161872863770e-01
5.396514534950256348e-01
5.648826360702514648e-01
4.527422785758972168e-01
5.028182268142700195e-01
5.235597491264343262e-01
5.169758796691894531e-01
4.433926641941070557e-01
5.199764370918273926e-01
4.653535783290863037e-01
4.428065419197082520e-01
5.246548056602478027e-01
5.235156416893005371e-01
4.411857426166534424e-01
5.208083391189575195e-01
4.874797463417053223e-01
5.573137998580932617e-01
