4.763423502445220947e-01
4.763423502445220947e-01
6.549444198608398438e-01
6.549441218376159668e-01
4.763423502445220947e-01
4.763423502445220947e-01
6.549457907676696777e-01
4.763423502445220947e-01
6.549460291862487793e-01
4.763385653495788574e-01
4.763446152210235596e-01
6.549444198608398438e-01
6.540673971176147461e-01
4.763423502445220947e-01
6.549444198608398438e-01
4.763423502445220947e-01
4.763423502445220947e-01
6.549444198608398438e-01
4.763423502445220947e-01
4.763423502445220947e-01
4.763347804546356201e-01
6.549444198608398438e-01
3.404552638530731201e-01
6.520663499832153320e-01
6.549444198608398438e-01
6.549444198608398438e-01
4.763352572917938232e-01
6.549444198608398438e-01
6.549444198608398438e-01
6.549444198608398438e-01
4.763423502445220947e-01
4.763448536396026611e-01
4.763423502445220947e-01
6.549444198608398438e-01
6.549444198608398438e-01
4.763397574424743652e-01
6.549444198608398438e-01
6.549444198608398438e-01
4.763392806053161621e-01
6.549451947212219238e-01
6.549444198608398438e-01
6.549444198608398438e-01
4.763423502445220947e-01
6.549440026283264160e-01
6.549438834190368652e-01
6.549444198608398438e-01
4.763423502445220947e-01
6.549444198608398438e-01
6.549444198608398438e-01
4.763411581516265869e-01
6.549444198608398438e-01
6.549444198608398438e-01
6.549374461174011230e-01
6.350929141044616699e-01
6.548240780830383301e-01
4.763423502445220947e-01
4.763423502445220947e-01
6.549471020698547363e-01
4.763423502445220947e-01
6.549444198608398438e-01
6.549444198608398438e-01
4.763423502445220947e-01
6.549461483955383301e-01
6.549444198608398438e-01
6.549444198608398438e-01
6.549444198608398438e-01
4.763418734073638916e-01
6.549453139305114746e-01
6.549444198608398438e-01
4.763423502445220947e-01
5.301806330680847168e-01
6.549444198608398438e-01
6.549444198608398438e-01
6.549429893493652344e-01
3.172420859336853027e-01
6.549444198608398438e-01
6.549444198608398438e-01
6.549449563026428223e-01
3.172418177127838135e-01
4.763438701629638672e-01
6.549435257911682129e-01
6.549414992332458496e-01
6.406134963035583496e-01
4.763423502445220947e-01
4.763423502445220947e-01
6.549444198608398438e-01
6.549444198608398438e-01
4.763415455818176270e-01
6.246051788330078125e-01
6.549444198608398438e-01
6.549444198608398438e-01
6.549442410469055176e-01
4.763423502445220947e-01
4.763423502445220947e-01
6.549362540245056152e-01
6.549442410469055176e-01
4.763446152210235596e-01
4.763423502445220947e-01
4.763421416282653809e-01
4.763423502445220947e-01
6.549444794654846191e-01
6.549444198608398438e-01
6.549444198608398438e-01
6.548945903778076172e-01
4.763418734073638916e-01
6.273723244667053223e-01
4.763397574424743652e-01
6.280713081359863281e-01
4.763423502445220947e-01
6.549442410469055176e-01
6.548005342483520508e-01
5.514395833015441895e-01
5.623149275779724121e-01
4.763423502445220947e-01
3.335879445075988770e-01
6.540266275405883789e-01
5.587360858917236328e-01
6.549105644226074219e-01
5.466475486755371094e-01
5.623149275779724121e-01
4.763423502445220947e-01
5.440633893013000488e-01
3.335879445075988770e-01
4.763423502445220947e-01
4.763415455818176270e-01
4.763423502445220947e-01
6.547682285308837891e-01
6.535845994949340820e-01
4.763446152210235596e-01
4.763352572917938232e-01
4.763423502445220947e-01
4.763423502445220947e-01
3.397881388664245605e-01
4.763423502445220947e-01
4.763418734073638916e-01
4.763423502445220947e-01
6.548884510993957520e-01
6.549434065818786621e-01
4.763347804546356201e-01
4.763438701629638672e-01
4.763423502445220947e-01
6.483813524246215820e-01
4.763423502445220947e-01
5.595357418060302734e-01
6.546052694320678711e-01
4.763423502445220947e-01
6.520215868949890137e-01
5.812375545501708984e-01
6.470950841903686523e-01
4.763420820236206055e-01
3.335879445075988770e-01
6.466532945632934570e-01
6.549416780471801758e-01
6.276725530624389648e-01
6.548971533775329590e-01
6.461693644523620605e-01
4.763423502445220947e-01
6.547597646713256836e-01
4.763421416282653809e-01
6.531013846397399902e-01
4.763423502445220947e-01
3.335879445075988770e-01
3.335879445075988770e-01
6.547943353652954102e-01
6.326563358306884766e-01
4.763423502445220947e-01
5.582797527313232422e-01
6.276718378067016602e-01
4.763392806053161621e-01
3.335879445075988770e-01
6.549442410469055176e-01
4.763423502445220947e-01
6.466534137725830078e-01
5.532870888710021973e-01
6.549429893493652344e-01
4.763423502445220947e-01
4.763385653495788574e-01
4.763446152210235596e-01
6.549458503723144531e-01
4.763423502445220947e-01
3.324021100997924805e-01
4.763448536396026611e-01
3.324021100997924805e-01
5.595338344573974609e-01
6.305347084999084473e-01
4.763423502445220947e-01
3.335879445075988770e-01
4.763423502445220947e-01
4.763423502445220947e-01
5.298563838005065918e-01
5.500317811965942383e-01
4.763423502445220947e-01
6.549398899078369141e-01
3.204350173473358154e-01
4.763423502445220947e-01
3.324021100997924805e-01
4.763411581516265869e-01
4.763423502445220947e-01
5.598914027214050293e-01
4.763423502445220947e-01
4.763415455818176270e-01
4.763423502445220947e-01
3.335894346237182617e-01
4.763423502445220947e-01
6.549414992332458496e-01
5.595341324806213379e-01
