4.996066689491271973e-01
4.996066689491271973e-01
4.996066689491271973e-01
5.010404586791992188e-01
4.996066689491271973e-01
4.996066689491271973e-01
5.044293403625488281e-01
4.996066689491271973e-01
5.041899681091308594e-01
4.990430474281311035e-01
5.003623366355895996e-01
4.996066689491271973e-01
5.043888688087463379e-01
4.996066689491271973e-01
4.996066689491271973e-01
4.996066689491271973e-01
4.996066689491271973e-01
4.996066689491271973e-01
4.996066689491271973e-01
4.996066689491271973e-01
5.032542347908020020e-01
4.996066689491271973e-01
5.015693306922912598e-01
4.995443820953369141e-01
4.996066689491271973e-01
4.996066689491271973e-01
5.051612257957458496e-01
4.996066689491271973e-01
4.996066689491271973e-01
4.996066689491271973e-01
4.996066689491271973e-01
4.956830143928527832e-01
4.996066689491271973e-01
4.996066689491271973e-01
4.996066689491271973e-01
5.085509419441223145e-01
4.996066689491271973e-01
4.996066689491271973e-01
5.021230578422546387e-01
5.081207752227783203e-01
4.996066689491271973e-01
4.996066689491271973e-01
4.996066689491271973e-01
5.021057724952697754e-01
5.028308629989624023e-01
4.996066689491271973e-01
4.996066689491271973e-01
4.996066689491271973e-01
4.996066689491271973e-01
5.030982494354248047e-01
4.996066689491271973e-01
4.996066689491271973e-01
5.037730336189270020e-01
4.993078708648681641e-01
4.996066689491271973e-01
4.996066689491271973e-01
4.996066689491271973e-01
5.031270980834960938e-01
4.996066689491271973e-01
4.996066689491271973e-01
4.996066689491271973e-01
4.996066689491271973e-01
5.019756555557250977e-01
4.996066689491271973e-01
4.996066689491271973e-01
4.996066689491271973e-01
4.996735751628875732e-01
5.013962388038635254e-01
4.996066689491271973e-01
4.996066689491271973e-01
5.016254782676696777e-01
4.996066689491271973e-01
4.996066689491271973e-01
4.996066689491271973e-01
4.996066689491271973e-01
4.996066689491271973e-01
4.996066689491271973e-01
5.019242763519287109e-01
5.056843757629394531e-01
4.997650384902954102e-01
4.996882379055023193e-01
5.025898218154907227e-01
4.996066689491271973e-01
4.996066689491271973e-01
4.996066689491271973e-01
4.996066689491271973e-01
4.996066689491271973e-01
4.867976903915405273e-01
4.996066689491271973e-01
4.996066689491271973e-01
4.996066689491271973e-01
4.993315339088439941e-01
4.996066689491271973e-01
4.996066689491271973e-01
4.996066689491271973e-01
5.058969259262084961e-01
4.998174309730529785e-01
4.996066689491271973e-01
5.001780986785888672e-01
4.996066689491271973e-01
5.001432895660400391e-01
4.996066689491271973e-01
4.996066689491271973e-01
4.996066689491271973e-01
5.015693306922912598e-01
4.996066689491271973e-01
5.085509419441223145e-01
4.996066689491271973e-01
4.996066689491271973e-01
4.996066689491271973e-01
4.996066689491271973e-01
4.996066689491271973e-01
4.996066689491271973e-01
4.996066689491271973e-01
4.996066689491271973e-01
4.996066689491271973e-01
5.016254782676696777e-01
4.996066689491271973e-01
5.013962388038635254e-01
4.996066689491271973e-01
4.996066689491271973e-01
4.993078708648681641e-01
4.996066689491271973e-01
4.996066689491271973e-01
4.867976903915405273e-01
4.996066689491271973e-01
4.993315339088439941e-01
4.996066689491271973e-01
4.998174309730529785e-01
5.051612257957458496e-01
4.996066689491271973e-01
4.996066689491271973e-01
5.043888688087463379e-01
4.996066689491271973e-01
4.996735751628875732e-01
4.996066689491271973e-01
4.996882379055023193e-01
4.996066689491271973e-01
5.032542347908020020e-01
4.997650384902954102e-01
4.996066689491271973e-01
5.044293403625488281e-01
4.996066689491271973e-01
5.019756555557250977e-01
4.996066689491271973e-01
4.996066689491271973e-01
4.996066689491271973e-01
4.996066689491271973e-01
4.996066689491271973e-01
4.995443820953369141e-01
4.996066689491271973e-01
5.058969259262084961e-01
4.996066689491271973e-01
4.996066689491271973e-01
5.021057724952697754e-01
4.996066689491271973e-01
4.996066689491271973e-01
4.996066689491271973e-01
5.001780986785888672e-01
5.001432895660400391e-01
4.996066689491271973e-01
4.996066689491271973e-01
4.996066689491271973e-01
4.996066689491271973e-01
4.996066689491271973e-01
4.996066689491271973e-01
4.996066689491271973e-01
5.028308629989624023e-01
5.021230578422546387e-01
4.996066689491271973e-01
4.996066689491271973e-01
4.996066689491271973e-01
4.996066689491271973e-01
5.081207752227783203e-01
5.037730336189270020e-01
4.996066689491271973e-01
4.990430474281311035e-01
5.003623366355895996e-01
5.041899681091308594e-01
4.996066689491271973e-01
4.996066689491271973e-01
4.956830143928527832e-01
4.996066689491271973e-01
4.996066689491271973e-01
5.031270980834960938e-01
4.996066689491271973e-01
4.996066689491271973e-01
4.996066689491271973e-01
4.996066689491271973e-01
4.996066689491271973e-01
4.996066689491271973e-01
4.996066689491271973e-01
4.996066689491271973e-01
4.996066689491271973e-01
4.996066689491271973e-01
4.996066689491271973e-01
5.030982494354248047e-01
4.996066689491271973e-01
4.996066689491271973e-01
4.996066689491271973e-01
5.056843757629394531e-01
4.996066689491271973e-01
5.010404586791992188e-01
4.996066689491271973e-01
4.996066689491271973e-01
5.019242763519287109e-01
