6.550825238227844238e-01
6.550825238227844238e-01
6.550825238227844238e-01
6.550825238227844238e-01
6.550825238227844238e-01
6.550779342651367188e-01
6.550825238227844238e-01
6.550825238227844238e-01
6.550825238227844238e-01
6.550825238227844238e-01
6.294114589691162109e-01
6.550825238227844238e-01
6.550825238227844238e-01
6.550825238227844238e-01
6.550825238227844238e-01
6.550825238227844238e-01
6.550825238227844238e-01
6.550825238227844238e-01
6.489008069038391113e-01
6.550825238227844238e-01
6.550825238227844238e-01
6.550825238227844238e-01
6.550825238227844238e-01
6.550825238227844238e-01
6.550825238227844238e-01
6.550825238227844238e-01
6.550825238227844238e-01
6.550825238227844238e-01
6.550825238227844238e-01
6.550825238227844238e-01
6.550825238227844238e-01
6.543715000152587891e-01
6.538987159729003906e-01
5.534836053848266602e-01
6.550825238227844238e-01
6.550825238227844238e-01
6.550825238227844238e-01
6.550825238227844238e-01
6.550825238227844238e-01
6.550825238227844238e-01
6.550825238227844238e-01
6.550825238227844238e-01
6.550825238227844238e-01
6.550717949867248535e-01
6.550825238227844238e-01
6.550825238227844238e-01
6.550825238227844238e-01
6.550825238227844238e-01
4.249404370784759521e-01
6.550825238227844238e-01
6.550825238227844238e-01
6.550825238227844238e-01
6.550825238227844238e-01
4.249404370784759521e-01
6.550825238227844238e-01
6.550825238227844238e-01
6.550825238227844238e-01
6.550825238227844238e-01
6.550825238227844238e-01
6.550825238227844238e-01
6.550825238227844238e-01
6.550825238227844238e-01
6.550825238227844238e-01
6.550825238227844238e-01
6.550825238227844238e-01
4.249404370784759521e-01
6.550825238227844238e-01
6.550825238227844238e-01
6.550825238227844238e-01
6.550825238227844238e-01
6.550825238227844238e-01
6.550825238227844238e-01
6.550825238227844238e-01
6.550825238227844238e-01
6.550825238227844238e-01
4.249404370784759521e-01
4.249404370784759521e-01
4.249404370784759521e-01
4.249404370784759521e-01
4.249404370784759521e-01
4.249404370784759521e-01
4.249404370784759521e-01
4.249404370784759521e-01
4.249404370784759521e-01
4.249404370784759521e-01
4.249404370784759521e-01
4.249404370784759521e-01
4.249404370784759521e-01
4.249404370784759521e-01
4.249404370784759521e-01
4.249404370784759521e-01
4.249404370784759521e-01
4.249404370784759521e-01
4.249404370784759521e-01
4.249404370784759521e-01
4.249404370784759521e-01
4.249404370784759521e-01
4.249404370784759521e-01
4.249404370784759521e-01
4.249404370784759521e-01
4.249404370784759521e-01
4.249404370784759521e-01
4.249404370784759521e-01
4.249404370784759521e-01
4.249404370784759521e-01
4.249404370784759521e-01
4.249404370784759521e-01
4.249404370784759521e-01
4.249404370784759521e-01
4.249404370784759521e-01
4.249404370784759521e-01
4.249404370784759521e-01
4.249404370784759521e-01
4.249404370784759521e-01
4.249404370784759521e-01
4.249404370784759521e-01
4.249404370784759521e-01
4.249404370784759521e-01
4.249404370784759521e-01
4.249404370784759521e-01
4.249404370784759521e-01
4.249404370784759521e-01
4.249404370784759521e-01
4.249404370784759521e-01
4.249404370784759521e-01
4.249404370784759521e-01
4.249404370784759521e-01
4.249404370784759521e-01
4.249404370784759521e-01
4.249404370784759521e-01
4.249404370784759521e-01
4.249404370784759521e-01
4.249404370784759521e-01
4.249404370784759521e-01
4.249404370784759521e-01
4.249404370784759521e-01
4.249404370784759521e-01
4.249404370784759521e-01
4.249404370784759521e-01
4.249404370784759521e-01
4.249404370784759521e-01
4.249404370784759521e-01
4.249404370784759521e-01
4.249404370784759521e-01
4.249404370784759521e-01
4.249404370784759521e-01
4.249404370784759521e-01
4.249404370784759521e-01
4.249404370784759521e-01
4.249404370784759521e-01
4.249404370784759521e-01
4.249404370784759521e-01
4.249404370784759521e-01
4.249404370784759521e-01
4.249404370784759521e-01
4.249404370784759521e-01
4.249404370784759521e-01
4.249404370784759521e-01
4.249404370784759521e-01
4.249404370784759521e-01
4.249404370784759521e-01
4.249404370784759521e-01
4.249404370784759521e-01
4.249404370784759521e-01
4.249404370784759521e-01
4.249404370784759521e-01
4.249404370784759521e-01
4.249404370784759521e-01
4.249404370784759521e-01
4.249404370784759521e-01
4.249404370784759521e-01
4.249404370784759521e-01
4.249404370784759521e-01
4.249404370784759521e-01
4.249404370784759521e-01
4.249404370784759521e-01
4.249404370784759521e-01
4.249404370784759521e-01
4.249404370784759521e-01
4.249404370784759521e-01
4.249404370784759521e-01
4.249404370784759521e-01
4.249404370784759521e-01
4.249404370784759521e-01
4.249404370784759521e-01
4.249404370784759521e-01
4.249404370784759521e-01
4.249404370784759521e-01
4.249404370784759521e-01
4.249404370784759521e-01
4.249404370784759521e-01
4.249404370784759521e-01
4.249404370784759521e-01
4.249404370784759521e-01
4.249404370784759521e-01
4.249404370784759521e-01
4.249404370784759521e-01
4.249404370784759521e-01
4.249404370784759521e-01
4.249404370784759521e-01
4.249404370784759521e-01
4.249404370784759521e-01
4.249404370784759521e-01
4.249404370784759521e-01
4.249404370784759521e-01
4.249404370784759521e-01
4.249404370784759521e-01
4.249404370784759521e-01
4.249404370784759521e-01
4.249404370784759521e-01
4.249404370784759521e-01
4.249404370784759521e-01
4.249404370784759521e-01
4.249404370784759521e-01
4.249404370784759521e-01
4.249404370784759521e-01
4.249404370784759521e-01
4.249404370784759521e-01
4.249404370784759521e-01
4.249404370784759521e-01
4.249404370784759521e-01
4.249404370784759521e-01
4.249404370784759521e-01
4.249404370784759521e-01
4.249404370784759521e-01
4.249404370784759521e-01
4.249404370784759521e-01
4.249404370784759521e-01
4.249404370784759521e-01
4.249404370784759521e-01
4.249404370784759521e-01
4.249404370784759521e-01
4.249404370784759521e-01
4.249404370784759521e-01
4.249404370784759521e-01
4.249404370784759521e-01
4.249404370784759521e-01
4.249404370784759521e-01
4.249404370784759521e-01
4.249404370784759521e-01
4.249404370784759521e-01
4.249404370784759521e-01
4.249404370784759521e-01
4.249404370784759521e-01
4.249404370784759521e-01
4.249404370784759521e-01
6.550825238227844238e-01
6.550825238227844238e-01
6.550825238227844238e-01
4.249404370784759521e-01
4.249404370784759521e-01
6.550825238227844238e-01
5.657274127006530762e-01
6.550825238227844238e-01
4.249404370784759521e-01
6.550825238227844238e-01
6.550825238227844238e-01
5.657274127006530762e-01
6.550825238227844238e-01
6.550825238227844238e-01
6.550825238227844238e-01
6.550825238227844238e-01
4.249404370784759521e-01
4.249404370784759521e-01
4.249404370784759521e-01
6.550825238227844238e-01
6.550825238227844238e-01
6.550825238227844238e-01
4.249404370784759521e-01
6.550825238227844238e-01
6.550825238227844238e-01
6.550825238227844238e-01
4.249404370784759521e-01
6.317395567893981934e-01
6.550825238227844238e-01
6.550825238227844238e-01
6.550825238227844238e-01
6.550825238227844238e-01
6.550825238227844238e-01
6.550825238227844238e-01
6.550825238227844238e-01
6.550825238227844238e-01
4.249404370784759521e-01
4.249404370784759521e-01
4.249404370784759521e-01
6.550825238227844238e-01
6.550825238227844238e-01
6.550825238227844238e-01
6.550825238227844238e-01
6.550825238227844238e-01
6.550825238227844238e-01
6.550825238227844238e-01
4.249404370784759521e-01
4.249404370784759521e-01
6.550825238227844238e-01
6.550825238227844238e-01
6.550825238227844238e-01
6.550825238227844238e-01
6.550825238227844238e-01
6.550825238227844238e-01
6.550825238227844238e-01
6.550825238227844238e-01
6.550825238227844238e-01
4.249404370784759521e-01
4.249404370784759521e-01
6.550825238227844238e-01
5.657274127006530762e-01
4.249404370784759521e-01
6.550825238227844238e-01
6.550825238227844238e-01
4.249404370784759521e-01
6.549153923988342285e-01
4.249404370784759521e-01
6.550825238227844238e-01
6.550825238227844238e-01
6.550825238227844238e-01
4.249404370784759521e-01
6.550825238227844238e-01
6.550825238227844238e-01
4.249404370784759521e-01
4.249404370784759521e-01
6.550825238227844238e-01
4.249404370784759521e-01
6.331301927566528320e-01
4.249404370784759521e-01
4.249404370784759521e-01
6.550825238227844238e-01
4.249404370784759521e-01
4.249404370784759521e-01
6.550825238227844238e-01
4.249404370784759521e-01
4.249404370784759521e-01
4.249404370784759521e-01
4.249404370784759521e-01
4.249404370784759521e-01
6.550825238227844238e-01
6.550825238227844238e-01
4.249404370784759521e-01
4.249404370784759521e-01
4.249404370784759521e-01
6.550825238227844238e-01
4.249404370784759521e-01
4.249404370784759521e-01
6.550825238227844238e-01
4.249404370784759521e-01
4.249404370784759521e-01
4.249404370784759521e-01
6.550825238227844238e-01
6.550825238227844238e-01
4.249404370784759521e-01
6.550825238227844238e-01
4.249404370784759521e-01
6.550825238227844238e-01
4.249404370784759521e-01
4.249404370784759521e-01
4.249404370784759521e-01
4.249404370784759521e-01
4.249404370784759521e-01
6.550825238227844238e-01
4.249404370784759521e-01
4.249404370784759521e-01
4.249404370784759521e-01
4.249404370784759521e-01
4.249404370784759521e-01
4.249404370784759521e-01
4.249404370784759521e-01
4.249404370784759521e-01
4.249404370784759521e-01
4.249404370784759521e-01
4.249404370784759521e-01
4.249404370784759521e-01
4.249404370784759521e-01
4.249404370784759521e-01
4.249404370784759521e-01
4.249404370784759521e-01
4.249404370784759521e-01
4.249404370784759521e-01
4.249404370784759521e-01
4.249404370784759521e-01
4.249404370784759521e-01
4.249404370784759521e-01
4.249404370784759521e-01
4.249404370784759521e-01
4.249404370784759521e-01
4.249404370784759521e-01
4.249404370784759521e-01
4.249404370784759521e-01
4.249404370784759521e-01
4.249404370784759521e-01
4.249404370784759521e-01
4.249404370784759521e-01
4.249404370784759521e-01
4.249404370784759521e-01
4.249404370784759521e-01
4.249404370784759521e-01
4.249404370784759521e-01
4.249404370784759521e-01
4.249404370784759521e-01
4.249404370784759521e-01
4.249404370784759521e-01
4.249404370784759521e-01
4.249404370784759521e-01
4.249404370784759521e-01
4.249404370784759521e-01
4.249404370784759521e-01
4.249404370784759521e-01
4.249404370784759521e-01
4.249404370784759521e-01
4.249404370784759521e-01
4.249404370784759521e-01
4.249404370784759521e-01
4.249404370784759521e-01
4.249404370784759521e-01
4.249404370784759521e-01
4.249404370784759521e-01
4.249404370784759521e-01
4.249404370784759521e-01
4.249404370784759521e-01
4.249404370784759521e-01
4.249404370784759521e-01
4.249404370784759521e-01
4.249404370784759521e-01
4.249404370784759521e-01
4.249404370784759521e-01
4.249404370784759521e-01
4.249404370784759521e-01
6.550825238227844238e-01
6.550825238227844238e-01
6.550798416137695312e-01
4.249404370784759521e-01
6.550825238227844238e-01
6.550825238227844238e-01
6.550825238227844238e-01
6.550825238227844238e-01
6.550825238227844238e-01
6.550825238227844238e-01
6.550821065902709961e-01
6.550825238227844238e-01
6.550825238227844238e-01
6.550825238227844238e-01
6.550825238227844238e-01
6.550825238227844238e-01
6.550825238227844238e-01
6.550825238227844238e-01
5.779694914817810059e-01
6.550825238227844238e-01
6.550825238227844238e-01
6.550825238227844238e-01
6.550825238227844238e-01
6.550825238227844238e-01
6.550825238227844238e-01
6.550825238227844238e-01
6.550825238227844238e-01
4.249404370784759521e-01
6.550825238227844238e-01
6.550825238227844238e-01
6.550729274749755859e-01
6.550825238227844238e-01
6.550825238227844238e-01
6.550825238227844238e-01
6.550825238227844238e-01
6.550825238227844238e-01
6.550825238227844238e-01
6.550722718238830566e-01
6.550825238227844238e-01
6.550825238227844238e-01
5.692602992057800293e-01
6.550825238227844238e-01
6.550825238227844238e-01
6.550825238227844238e-01
4.249404370784759521e-01
6.405493021011352539e-01
6.550825238227844238e-01
6.550825238227844238e-01
6.550825238227844238e-01
6.550825238227844238e-01
6.550825238227844238e-01
6.550825238227844238e-01
6.550825238227844238e-01
4.249404370784759521e-01
6.550825238227844238e-01
6.550825238227844238e-01
6.550825238227844238e-01
6.550825238227844238e-01
6.550825238227844238e-01
6.550825238227844238e-01
6.550825238227844238e-01
6.550825238227844238e-01
6.550825238227844238e-01
6.373169422149658203e-01
6.311593651771545410e-01
6.550825238227844238e-01
6.550825238227844238e-01
6.550825238227844238e-01
4.249404370784759521e-01
6.550825238227844238e-01
4.249404370784759521e-01
6.550825238227844238e-01
6.550825238227844238e-01
6.541406512260437012e-01
4.249404370784759521e-01
4.249404370784759521e-01
4.249404370784759521e-01
6.527267694473266602e-01
4.249404370784759521e-01
4.249404370784759521e-01
6.359636187553405762e-01
4.249404370784759521e-01
4.249404370784759521e-01
6.544790267944335938e-01
4.249404370784759521e-01
4.249404370784759521e-01
6.550558209419250488e-01
4.249404370784759521e-01
4.249404370784759521e-01
4.249404370784759521e-01
4.249404370784759521e-01
5.772722959518432617e-01
6.536431908607482910e-01
4.249404370784759521e-01
4.249404370784759521e-01
4.249404370784759521e-01
4.249404370784759521e-01
4.249404370784759521e-01
4.249404370784759521e-01
5.701150894165039062e-01
4.249404370784759521e-01
4.249404370784759521e-01
4.249404370784759521e-01
4.249404370784759521e-01
6.527073383331298828e-01
4.249404370784759521e-01
4.249404370784759521e-01
4.249404370784759521e-01
4.249404370784759521e-01
6.550825238227844238e-01
6.544081568717956543e-01
6.550728678703308105e-01
6.547542214393615723e-01
4.249404370784759521e-01
6.550825238227844238e-01
4.249404370784759521e-01
4.249404370784759521e-01
6.550340056419372559e-01
5.668935179710388184e-01
4.249404370784759521e-01
4.249404370784759521e-01
4.249404370784759521e-01
4.249404370784759521e-01
4.249404370784759521e-01
4.249404370784759521e-01
5.768905282020568848e-01
6.543430089950561523e-01
4.249404370784759521e-01
4.249404370784759521e-01
4.249404370784759521e-01
6.507626771926879883e-01
4.249404370784759521e-01
4.249404370784759521e-01
5.927603840827941895e-01
6.374106407165527344e-01
4.249404370784759521e-01
4.249404370784759521e-01
4.249404370784759521e-01
6.487206816673278809e-01
4.249404370784759521e-01
4.249404370784759521e-01
6.549739837646484375e-01
4.249404370784759521e-01
4.249404370784759521e-01
6.546366810798645020e-01
4.249404370784759521e-01
4.249404370784759521e-01
4.249404370784759521e-01
5.968916416168212891e-01
4.249404370784759521e-01
4.249404370784759521e-01
4.249404370784759521e-01
4.249404370784759521e-01
4.249404370784759521e-01
4.249404370784759521e-01
4.249404370784759521e-01
4.249404370784759521e-01
4.249404370784759521e-01
4.249404370784759521e-01
4.249404370784759521e-01
4.249404370784759521e-01
4.249404370784759521e-01
4.249404370784759521e-01
4.249404370784759521e-01
4.249404370784759521e-01
4.249404370784759521e-01
4.249404370784759521e-01
4.249404370784759521e-01
4.249404370784759521e-01
4.249404370784759521e-01
4.249404370784759521e-01
4.249404370784759521e-01
4.249404370784759521e-01
4.249404370784759521e-01
4.249404370784759521e-01
4.249404370784759521e-01
4.249404370784759521e-01
4.249404370784759521e-01
4.249404370784759521e-01
4.249404370784759521e-01
4.249404370784759521e-01
4.249404370784759521e-01
4.249404370784759521e-01
4.249404370784759521e-01
4.249404370784759521e-01
4.249404370784759521e-01
4.249404370784759521e-01
4.249404370784759521e-01
4.249404370784759521e-01
4.249404370784759521e-01
4.249404370784759521e-01
4.249404370784759521e-01
4.249404370784759521e-01
4.249404370784759521e-01
4.249404370784759521e-01
4.249404370784759521e-01
4.249404370784759521e-01
4.249404370784759521e-01
4.249404370784759521e-01
4.249404370784759521e-01
4.249404370784759521e-01
4.249404370784759521e-01
4.249404370784759521e-01
4.249404370784759521e-01
4.249404370784759521e-01
4.249404370784759521e-01
4.249404370784759521e-01
4.249404370784759521e-01
4.249404370784759521e-01
4.249404370784759521e-01
4.249404370784759521e-01
4.249404370784759521e-01
4.249404370784759521e-01
4.249404370784759521e-01
4.249404370784759521e-01
4.249404370784759521e-01
4.249404370784759521e-01
4.249404370784759521e-01
4.249404370784759521e-01
4.249404370784759521e-01
4.249404370784759521e-01
4.249404370784759521e-01
4.249404370784759521e-01
4.249404370784759521e-01
4.249404370784759521e-01
4.249404370784759521e-01
4.249404370784759521e-01
4.249404370784759521e-01
4.249404370784759521e-01
4.249404370784759521e-01
4.249404370784759521e-01
4.249404370784759521e-01
4.249404370784759521e-01
4.249404370784759521e-01
4.249404370784759521e-01
4.249404370784759521e-01
4.249404370784759521e-01
4.249404370784759521e-01
4.249404370784759521e-01
4.249404370784759521e-01
4.249404370784759521e-01
4.249404370784759521e-01
4.249404370784759521e-01
4.249404370784759521e-01
4.249404370784759521e-01
4.249404370784759521e-01
4.249404370784759521e-01
4.249404370784759521e-01
4.249404370784759521e-01
4.249404370784759521e-01
4.249404370784759521e-01
4.249404370784759521e-01
4.249404370784759521e-01
4.249404370784759521e-01
4.249404370784759521e-01
4.249404370784759521e-01
4.249404370784759521e-01
4.249404370784759521e-01
4.249404370784759521e-01
4.249404370784759521e-01
4.249404370784759521e-01
4.249404370784759521e-01
4.249404370784759521e-01
4.249404370784759521e-01
4.249404370784759521e-01
4.249404370784759521e-01
4.249404370784759521e-01
4.249404370784759521e-01
4.249404370784759521e-01
4.249404370784759521e-01
4.249404370784759521e-01
4.249404370784759521e-01
4.249404370784759521e-01
4.249404370784759521e-01
4.249404370784759521e-01
4.249404370784759521e-01
4.249404370784759521e-01
4.249404370784759521e-01
4.249404370784759521e-01
4.249404370784759521e-01
4.249404370784759521e-01
4.249404370784759521e-01
4.249404370784759521e-01
4.249404370784759521e-01
4.249404370784759521e-01
4.249404370784759521e-01
4.249404370784759521e-01
4.249404370784759521e-01
4.249404370784759521e-01
4.249404370784759521e-01
4.249404370784759521e-01
4.249404370784759521e-01
4.249404370784759521e-01
4.249404370784759521e-01
4.249404370784759521e-01
4.249404370784759521e-01
4.249404370784759521e-01
4.249404370784759521e-01
4.249404370784759521e-01
4.249404370784759521e-01
4.249404370784759521e-01
4.249404370784759521e-01
4.249404370784759521e-01
4.249404370784759521e-01
4.249404370784759521e-01
4.249404370784759521e-01
4.249404370784759521e-01
4.249404370784759521e-01
4.249404370784759521e-01
4.249404370784759521e-01
4.249404370784759521e-01
4.249404370784759521e-01
4.249404370784759521e-01
4.249404370784759521e-01
4.249404370784759521e-01
4.249404370784759521e-01
4.249404370784759521e-01
4.249404370784759521e-01
4.249404370784759521e-01
4.249404370784759521e-01
4.249404370784759521e-01
4.249404370784759521e-01
4.249404370784759521e-01
4.249404370784759521e-01
4.249404370784759521e-01
4.249404370784759521e-01
4.249404370784759521e-01
4.249404370784759521e-01
4.249404370784759521e-01
4.249404370784759521e-01
5.657274127006530762e-01
4.249404370784759521e-01
4.249404370784759521e-01
4.249404370784759521e-01
6.480773687362670898e-01
4.249404370784759521e-01
4.249404370784759521e-01
4.249404370784759521e-01
4.249404370784759521e-01
4.249404370784759521e-01
4.249404370784759521e-01
4.249404370784759521e-01
4.249404370784759521e-01
4.249404370784759521e-01
4.249404370784759521e-01
4.249404370784759521e-01
4.249404370784759521e-01
4.249404370784759521e-01
5.657274127006530762e-01
4.249404370784759521e-01
4.249404370784759521e-01
4.249404370784759521e-01
4.249404370784759521e-01
4.249404370784759521e-01
4.249404370784759521e-01
4.249404370784759521e-01
4.249404370784759521e-01
4.249404370784759521e-01
4.249404370784759521e-01
4.249404370784759521e-01
4.249404370784759521e-01
4.249404370784759521e-01
4.249404370784759521e-01
4.249404370784759521e-01
4.249404370784759521e-01
4.249404370784759521e-01
4.249404370784759521e-01
4.249404370784759521e-01
4.249404370784759521e-01
4.249404370784759521e-01
4.249404370784759521e-01
4.249404370784759521e-01
4.249404370784759521e-01
4.249404370784759521e-01
4.249404370784759521e-01
4.249404370784759521e-01
4.249404370784759521e-01
4.249404370784759521e-01
4.249404370784759521e-01
4.249404370784759521e-01
4.249404370784759521e-01
4.249404370784759521e-01
4.249404370784759521e-01
4.249404370784759521e-01
4.249404370784759521e-01
4.249404370784759521e-01
4.249404370784759521e-01
4.249404370784759521e-01
4.249404370784759521e-01
4.249404370784759521e-01
4.249404370784759521e-01
4.249404370784759521e-01
4.249404370784759521e-01
4.249404370784759521e-01
4.249404370784759521e-01
4.249404370784759521e-01
4.249404370784759521e-01
4.249404370784759521e-01
4.249404370784759521e-01
4.249404370784759521e-01
4.249404370784759521e-01
4.249404370784759521e-01
4.249404370784759521e-01
4.249404370784759521e-01
4.249404370784759521e-01
4.249404370784759521e-01
4.249404370784759521e-01
4.249404370784759521e-01
4.249404370784759521e-01
4.249404370784759521e-01
4.249404370784759521e-01
4.249404370784759521e-01
4.249404370784759521e-01
4.249404370784759521e-01
4.249404370784759521e-01
4.249404370784759521e-01
6.331301927566528320e-01
4.249404370784759521e-01
4.249404370784759521e-01
4.249404370784759521e-01
4.249404370784759521e-01
4.249404370784759521e-01
4.249404370784759521e-01
4.249404370784759521e-01
4.249404370784759521e-01
4.249404370784759521e-01
4.249404370784759521e-01
4.249404370784759521e-01
4.249404370784759521e-01
4.249404370784759521e-01
4.249404370784759521e-01
4.249404370784759521e-01
4.249404370784759521e-01
4.249404370784759521e-01
4.249404370784759521e-01
4.249404370784759521e-01
4.249404370784759521e-01
4.249404370784759521e-01
4.249404370784759521e-01
4.249404370784759521e-01
4.249404370784759521e-01
4.249404370784759521e-01
4.249404370784759521e-01
4.249404370784759521e-01
4.249404370784759521e-01
4.249404370784759521e-01
4.249404370784759521e-01
4.249404370784759521e-01
4.249404370784759521e-01
4.249404370784759521e-01
4.249404370784759521e-01
4.249404370784759521e-01
4.249404370784759521e-01
4.249404370784759521e-01
4.249404370784759521e-01
4.249404370784759521e-01
4.249404370784759521e-01
4.249404370784759521e-01
4.249404370784759521e-01
4.249404370784759521e-01
4.249404370784759521e-01
4.249404370784759521e-01
4.249404370784759521e-01
4.249404370784759521e-01
4.249404370784759521e-01
4.249404370784759521e-01
4.249404370784759521e-01
4.249404370784759521e-01
4.249404370784759521e-01
4.249404370784759521e-01
4.249404370784759521e-01
4.249404370784759521e-01
4.249404370784759521e-01
4.249404370784759521e-01
4.249404370784759521e-01
4.249404370784759521e-01
4.249404370784759521e-01
4.249404370784759521e-01
4.249404370784759521e-01
4.249404370784759521e-01
4.249404370784759521e-01
4.249404370784759521e-01
4.249404370784759521e-01
4.249404370784759521e-01
4.249404370784759521e-01
4.249404370784759521e-01
4.249404370784759521e-01
4.249404370784759521e-01
4.249404370784759521e-01
4.249404370784759521e-01
4.249404370784759521e-01
4.249404370784759521e-01
4.249404370784759521e-01
4.249404370784759521e-01
4.249404370784759521e-01
4.249404370784759521e-01
4.249404370784759521e-01
4.249404370784759521e-01
4.249404370784759521e-01
4.249404370784759521e-01
4.249404370784759521e-01
4.249404370784759521e-01
6.491401791572570801e-01
4.249404370784759521e-01
4.249404370784759521e-01
4.249404370784759521e-01
4.249404370784759521e-01
4.249404370784759521e-01
4.249404370784759521e-01
4.249404370784759521e-01
4.249404370784759521e-01
4.249404370784759521e-01
5.630006790161132812e-01
4.249404370784759521e-01
4.249404370784759521e-01
6.541664004325866699e-01
4.249404370784759521e-01
4.249404370784759521e-01
6.373617053031921387e-01
6.335108280181884766e-01
6.550825238227844238e-01
4.249404370784759521e-01
4.249404370784759521e-01
4.249404370784759521e-01
4.249404370784759521e-01
6.550825238227844238e-01
5.814290046691894531e-01
4.249404370784759521e-01
4.249404370784759521e-01
4.249404370784759521e-01
5.814290046691894531e-01
4.249404370784759521e-01
4.249404370784759521e-01
4.249404370784759521e-01
4.249404370784759521e-01
4.249404370784759521e-01
4.249404370784759521e-01
4.249404370784759521e-01
6.500051021575927734e-01
5.692602992057800293e-01
4.249404370784759521e-01
6.335108280181884766e-01
5.779694914817810059e-01
4.249404370784759521e-01
4.249404370784759521e-01
4.249404370784759521e-01
4.249404370784759521e-01
4.249404370784759521e-01
4.249404370784759521e-01
4.249404370784759521e-01
4.249404370784759521e-01
4.249404370784759521e-01
4.249404370784759521e-01
5.692602992057800293e-01
4.249404370784759521e-01
4.249404370784759521e-01
4.249404370784759521e-01
5.692602992057800293e-01
4.249404370784759521e-01
4.249404370784759521e-01
6.370403766632080078e-01
4.249404370784759521e-01
4.249404370784759521e-01
4.249404370784759521e-01
4.249404370784759521e-01
4.249404370784759521e-01
5.642127990722656250e-01
4.249404370784759521e-01
4.249404370784759521e-01
4.249404370784759521e-01
4.249404370784759521e-01
4.249404370784759521e-01
4.249404370784759521e-01
