4.873311817646026611e-01
5.258519649505615234e-01
5.428806543350219727e-01
4.667990207672119141e-01
4.476166069507598877e-01
4.643179774284362793e-01
5.081404447555541992e-01
4.881106913089752197e-01
4.737491607666015625e-01
5.070071220397949219e-01
5.226469635963439941e-01
4.827366769313812256e-01
4.782106280326843262e-01
5.105934143066406250e-01
4.418965876102447510e-01
5.007181167602539062e-01
4.427635967731475830e-01
4.897830188274383545e-01
4.810498058795928955e-01
4.892616271972656250e-01
4.886564016342163086e-01
5.165471434593200684e-01
5.088262557983398438e-01
4.542470872402191162e-01
5.180274844169616699e-01
4.947595298290252686e-01
4.754510819911956787e-01
5.030297040939331055e-01
4.525447189807891846e-01
4.770885705947875977e-01
5.146411657333374023e-01
4.656927287578582764e-01
4.934833049774169922e-01
4.776239097118377686e-01
4.911049008369445801e-01
5.150125026702880859e-01
4.977063834667205811e-01
4.894091486930847168e-01
4.874896109104156494e-01
4.936048984527587891e-01
5.295668840408325195e-01
5.056168437004089355e-01
5.140539407730102539e-01
5.111549496650695801e-01
5.045468211174011230e-01
4.893524050712585449e-01
4.872034788131713867e-01
4.810451567173004150e-01
5.216139554977416992e-01
4.866611361503601074e-01
4.880804717540740967e-01
4.875258207321166992e-01
5.069310665130615234e-01
5.558005571365356445e-01
4.950903058052062988e-01
5.129718184471130371e-01
4.600407779216766357e-01
4.995369911193847656e-01
4.903288185596466064e-01
5.250232815742492676e-01
4.907236099243164062e-01
4.791050553321838379e-01
5.231302380561828613e-01
4.623023867607116699e-01
4.879845082759857178e-01
5.160009860992431641e-01
4.633925557136535645e-01
4.759203493595123291e-01
4.513956308364868164e-01
4.947775602340698242e-01
5.263732075691223145e-01
5.001007914543151855e-01
4.879807531833648682e-01
4.861724376678466797e-01
4.545726478099822998e-01
4.792224168777465820e-01
5.406185388565063477e-01
5.420554876327514648e-01
4.715789258480072021e-01
5.481046438217163086e-01
5.440028905868530273e-01
5.465625524520874023e-01
5.461627840995788574e-01
5.195534229278564453e-01
5.506916046142578125e-01
5.388650894165039062e-01
4.819771945476531982e-01
5.540609359741210938e-01
4.711944162845611572e-01
5.019921064376831055e-01
4.589257240295410156e-01
4.729070067405700684e-01
5.476386547088623047e-01
4.541268646717071533e-01
5.499891042709350586e-01
5.433444976806640625e-01
4.757274687290191650e-01
5.469145178794860840e-01
5.453191995620727539e-01
5.438752174377441406e-01
5.477993488311767578e-01
5.402116179466247559e-01
5.502482056617736816e-01
5.440937876701354980e-01
5.507991909980773926e-01
5.274006724357604980e-01
5.316851139068603516e-01
4.683677554130554199e-01
5.431224703788757324e-01
5.475327372550964355e-01
5.496896505355834961e-01
5.453171730041503906e-01
5.497024059295654297e-01
5.456931591033935547e-01
5.468724370002746582e-01
5.372109413146972656e-01
5.494478940963745117e-01
5.017404556274414062e-01
4.941754937171936035e-01
5.350692272186279297e-01
5.521451234817504883e-01
5.013568997383117676e-01
5.478144884109497070e-01
5.471327304840087891e-01
4.971724748611450195e-01
5.423849821090698242e-01
5.216222405433654785e-01
4.772323071956634521e-01
5.483916401863098145e-01
5.499019622802734375e-01
5.360927581787109375e-01
5.462113022804260254e-01
4.870125949382781982e-01
5.364733338356018066e-01
4.533871114253997803e-01
4.799368679523468018e-01
5.501433014869689941e-01
5.461247563362121582e-01
4.961245059967041016e-01
5.318006277084350586e-01
5.450177788734436035e-01
4.852286577224731445e-01
5.412353873252868652e-01
5.476086139678955078e-01
5.013905167579650879e-01
4.860061407089233398e-01
5.476854443550109863e-01
5.334541201591491699e-01
5.362319350242614746e-01
5.453602671623229980e-01
4.649252891540527344e-01
4.693489372730255127e-01
4.694036841392517090e-01
4.968848526477813721e-01
4.718036353588104248e-01
5.466327667236328125e-01
5.100145339965820312e-01
4.608408212661743164e-01
4.672929644584655762e-01
4.968395531177520752e-01
4.970231056213378906e-01
5.222603678703308105e-01
4.653321504592895508e-01
4.869182407855987549e-01
5.176506638526916504e-01
4.714912474155426025e-01
4.688408970832824707e-01
4.740406870841979980e-01
4.725281000137329102e-01
4.747804999351501465e-01
5.084215998649597168e-01
5.271723866462707520e-01
5.274497270584106445e-01
5.277217030525207520e-01
5.307369232177734375e-01
5.324193835258483887e-01
5.227243900299072266e-01
5.312062501907348633e-01
5.283135771751403809e-01
5.323351025581359863e-01
5.126730203628540039e-01
5.127460956573486328e-01
5.285173654556274414e-01
5.249271392822265625e-01
5.288966298103332520e-01
5.298663377761840820e-01
5.273234248161315918e-01
4.874414503574371338e-01
5.384548306465148926e-01
5.290896296501159668e-01
5.173989534378051758e-01
5.301699042320251465e-01
5.191425085067749023e-01
5.254226326942443848e-01
5.290937423706054688e-01
5.355153083801269531e-01
5.245060920715332031e-01
5.288794040679931641e-01
5.157957077026367188e-01
5.307344198226928711e-01
5.224974751472473145e-01
5.235295891761779785e-01
5.254837870597839355e-01
5.305151939392089844e-01
5.260899066925048828e-01
5.291191339492797852e-01
5.292466282844543457e-01
5.310263037681579590e-01
5.311074256896972656e-01
5.256519317626953125e-01
5.214556455612182617e-01
5.295655727386474609e-01
5.334596633911132812e-01
5.226727724075317383e-01
5.175108909606933594e-01
5.339278578758239746e-01
5.247054100036621094e-01
5.305426716804504395e-01
5.319408178329467773e-01
5.288220643997192383e-01
5.407506823539733887e-01
5.163030624389648438e-01
5.214354395866394043e-01
5.197218060493469238e-01
5.363162755966186523e-01
5.210283994674682617e-01
5.257149338722229004e-01
5.243694186210632324e-01
5.360380411148071289e-01
5.328984856605529785e-01
5.294507145881652832e-01
5.320541858673095703e-01
5.134617090225219727e-01
5.130378603935241699e-01
5.284038782119750977e-01
5.187477469444274902e-01
5.297746658325195312e-01
5.274099707603454590e-01
5.212869644165039062e-01
5.274603962898254395e-01
5.272041559219360352e-01
5.323293209075927734e-01
5.259670019149780273e-01
5.316804051399230957e-01
5.088422894477844238e-01
5.164138674736022949e-01
5.093255043029785156e-01
4.738081395626068115e-01
4.997584223747253418e-01
5.218238234519958496e-01
5.364689826965332031e-01
5.025450587272644043e-01
4.997740685939788818e-01
5.117810964584350586e-01
5.079354047775268555e-01
4.910750091075897217e-01
5.119627714157104492e-01
5.230495333671569824e-01
4.985946714878082275e-01
4.708523750305175781e-01
5.075488686561584473e-01
4.885558784008026123e-01
5.096491575241088867e-01
5.060634613037109375e-01
4.867517650127410889e-01
4.674737155437469482e-01
4.898171126842498779e-01
5.304430723190307617e-01
5.028371810913085938e-01
4.841203987598419189e-01
4.976346790790557861e-01
5.409241318702697754e-01
5.252575874328613281e-01
4.921811819076538086e-01
5.251183509826660156e-01
4.997313320636749268e-01
5.135402083396911621e-01
4.895872175693511963e-01
5.016012191772460938e-01
5.057835578918457031e-01
4.842640459537506104e-01
5.097392201423645020e-01
5.216145515441894531e-01
4.950146973133087158e-01
4.884072840213775635e-01
5.151241421699523926e-01
5.035716295242309570e-01
5.236363410949707031e-01
5.059735178947448730e-01
5.016313195228576660e-01
4.724295139312744141e-01
5.204689502716064453e-01
5.300856232643127441e-01
5.055119991302490234e-01
4.962251186370849609e-01
4.830015003681182861e-01
5.059317350387573242e-01
4.896462559700012207e-01
4.980571866035461426e-01
4.788257777690887451e-01
4.936749637126922607e-01
5.082157850265502930e-01
5.096593499183654785e-01
4.637443721294403076e-01
4.827076196670532227e-01
5.107494592666625977e-01
5.097371339797973633e-01
5.042762756347656250e-01
5.051957964897155762e-01
5.271503329277038574e-01
5.186020731925964355e-01
4.687339067459106445e-01
4.840948283672332764e-01
5.171254873275756836e-01
5.052894353866577148e-01
4.921754002571105957e-01
5.208091735839843750e-01
5.136581659317016602e-01
5.091161727905273438e-01
5.285285711288452148e-01
5.097083449363708496e-01
5.025306940078735352e-01
5.067130327224731445e-01
5.194418430328369141e-01
4.890573918819427490e-01
5.136894583702087402e-01
5.063128471374511719e-01
5.219203233718872070e-01
4.716404378414154053e-01
5.041514039039611816e-01
5.576785802841186523e-01
5.297047495841979980e-01
4.831610321998596191e-01
5.062611699104309082e-01
4.929522573947906494e-01
5.022726058959960938e-01
5.069124102592468262e-01
5.028215050697326660e-01
5.052005052566528320e-01
5.006366968154907227e-01
5.125083923339843750e-01
5.173504948616027832e-01
4.995853900909423828e-01
4.745184183120727539e-01
4.992491602897644043e-01
5.161405801773071289e-01
5.036140084266662598e-01
4.764285087585449219e-01
5.025306940078735352e-01
5.087479352951049805e-01
4.847741723060607910e-01
5.383609533309936523e-01
5.200082063674926758e-01
5.267078876495361328e-01
4.689299464225769043e-01
4.922086596488952637e-01
5.125266313552856445e-01
5.302714705467224121e-01
5.085194110870361328e-01
4.847213029861450195e-01
4.825257658958435059e-01
5.078725218772888184e-01
5.121393799781799316e-01
5.088180899620056152e-01
4.833374619483947754e-01
5.232180356979370117e-01
4.551822245121002197e-01
4.402577579021453857e-01
5.047418475151062012e-01
4.323751628398895264e-01
4.785134196281433105e-01
5.260110497474670410e-01
4.854409098625183105e-01
4.878568053245544434e-01
5.024225711822509766e-01
4.392186999320983887e-01
4.567538499832153320e-01
5.382324457168579102e-01
4.389796555042266846e-01
4.363785684108734131e-01
4.797249138355255127e-01
4.037901461124420166e-01
4.770798087120056152e-01
4.683598577976226807e-01
4.005648493766784668e-01
4.306025505065917969e-01
4.271670877933502197e-01
5.016378164291381836e-01
5.491886138916015625e-01
5.674168467521667480e-01
4.866611957550048828e-01
4.558848738670349121e-01
4.096500575542449951e-01
4.001481831073760986e-01
4.319419860839843750e-01
5.028155446052551270e-01
4.957938492298126221e-01
4.657770395278930664e-01
5.279968976974487305e-01
4.561522901058197021e-01
4.492955207824707031e-01
4.175102710723876953e-01
5.076013207435607910e-01
4.940406084060668945e-01
5.059431195259094238e-01
4.335554540157318115e-01
4.911562502384185791e-01
4.888258874416351318e-01
4.247639775276184082e-01
4.093915522098541260e-01
4.975340962409973145e-01
4.998497962951660156e-01
4.447359740734100342e-01
4.621330797672271729e-01
4.761975407600402832e-01
4.787001907825469971e-01
4.557689428329467773e-01
4.157479405403137207e-01
5.173510313034057617e-01
5.376795530319213867e-01
4.519408941268920898e-01
5.810093283653259277e-01
4.046202003955841064e-01
5.241922736167907715e-01
4.219718873500823975e-01
4.722357988357543945e-01
4.822450280189514160e-01
4.906551241874694824e-01
5.019363760948181152e-01
4.853662252426147461e-01
4.986693561077117920e-01
4.719625115394592285e-01
4.940643608570098877e-01
4.713027477264404297e-01
4.700242877006530762e-01
5.142787694931030273e-01
5.157604813575744629e-01
5.160901546478271484e-01
5.055406093597412109e-01
4.763471186161041260e-01
4.570424258708953857e-01
4.867340326309204102e-01
5.278595685958862305e-01
4.669861197471618652e-01
5.453959107398986816e-01
4.728040695190429688e-01
4.730204939842224121e-01
5.035024285316467285e-01
4.821546673774719238e-01
5.149395465850830078e-01
5.003026127815246582e-01
4.933792054653167725e-01
5.135489702224731445e-01
4.557048082351684570e-01
4.775836467742919922e-01
5.235964059829711914e-01
4.516151547431945801e-01
4.950107038021087646e-01
4.706057012081146240e-01
5.070072412490844727e-01
4.791194200515747070e-01
4.457375705242156982e-01
4.896351695060729980e-01
4.873870611190795898e-01
5.301655530929565430e-01
4.667429029941558838e-01
4.726041257381439209e-01
4.745334088802337646e-01
4.930082261562347412e-01
4.917884171009063721e-01
4.809105992317199707e-01
5.240548849105834961e-01
4.853740930557250977e-01
4.692351222038269043e-01
5.260254740715026855e-01
5.104734301567077637e-01
5.042533874511718750e-01
4.787209331989288330e-01
5.092360973358154297e-01
5.637058019638061523e-01
4.785833060741424561e-01
5.422303080558776855e-01
5.165961980819702148e-01
5.413725972175598145e-01
4.685650169849395752e-01
4.834033250808715820e-01
5.150371193885803223e-01
5.358754992485046387e-01
5.018559098243713379e-01
5.193424224853515625e-01
5.186255574226379395e-01
4.847858250141143799e-01
4.647081196308135986e-01
4.901961386203765869e-01
5.011010766029357910e-01
4.885352849960327148e-01
5.070907473564147949e-01
4.499204754829406738e-01
5.127088427543640137e-01
4.767020940780639648e-01
5.273008942604064941e-01
4.246936142444610596e-01
4.355817735195159912e-01
4.938658773899078369e-01
4.440755844116210938e-01
4.708606302738189697e-01
5.196939110755920410e-01
4.680570363998413086e-01
4.834968149662017822e-01
4.155197441577911377e-01
3.632968664169311523e-01
4.664977788925170898e-01
4.909403920173645020e-01
4.503049850463867188e-01
4.392283558845520020e-01
4.858297109603881836e-01
5.141385197639465332e-01
4.770070612430572510e-01
5.025318861007690430e-01
4.964437186717987061e-01
5.292815566062927246e-01
4.994401037693023682e-01
4.989802241325378418e-01
5.243526697158813477e-01
5.262104868888854980e-01
4.980897903442382812e-01
5.357686281204223633e-01
4.330176711082458496e-01
5.162676572799682617e-01
4.951787292957305908e-01
4.694126546382904053e-01
4.954037368297576904e-01
5.166310667991638184e-01
4.893967211246490479e-01
4.350726008415222168e-01
5.032790899276733398e-01
4.741764366626739502e-01
4.434944093227386475e-01
5.034892559051513672e-01
5.231442451477050781e-01
4.588887393474578857e-01
5.125276446342468262e-01
5.174652338027954102e-01
4.825701713562011719e-01
4.784466028213500977e-01
5.034061074256896973e-01
4.882778823375701904e-01
4.754476845264434814e-01
4.526097774505615234e-01
4.715029597282409668e-01
5.302653908729553223e-01
4.907560050487518311e-01
4.443234503269195557e-01
4.484752714633941650e-01
4.995629489421844482e-01
5.111882686614990234e-01
4.811823666095733643e-01
4.954257309436798096e-01
4.853530824184417725e-01
5.034475922584533691e-01
4.722727239131927490e-01
4.606662392616271973e-01
4.737542867660522461e-01
4.539578855037689209e-01
4.750488400459289551e-01
4.760507345199584961e-01
5.144751071929931641e-01
4.569903314113616943e-01
4.844863414764404297e-01
4.689331948757171631e-01
4.768854677677154541e-01
5.218906402587890625e-01
4.982427358627319336e-01
4.783726036548614502e-01
4.395103454589843750e-01
5.381252169609069824e-01
4.089320003986358643e-01
3.999943435192108154e-01
5.300846099853515625e-01
4.136995077133178711e-01
4.046783447265625000e-01
4.276612997055053711e-01
4.194663465023040771e-01
4.254766404628753662e-01
5.230271816253662109e-01
4.053070843219757080e-01
4.782546162605285645e-01
4.195453524589538574e-01
5.386574864387512207e-01
5.337679982185363770e-01
5.412887334823608398e-01
5.407732129096984863e-01
4.175879955291748047e-01
4.574497938156127930e-01
4.216732382774353027e-01
4.083028733730316162e-01
5.382680296897888184e-01
5.298378467559814453e-01
4.175603687763214111e-01
4.581128656864166260e-01
4.040083587169647217e-01
4.029358327388763428e-01
4.297379553318023682e-01
4.086081981658935547e-01
4.272703826427459717e-01
4.429433345794677734e-01
5.426445603370666504e-01
5.392878055572509766e-01
4.140552282333374023e-01
4.106037020683288574e-01
4.266546368598937988e-01
4.463672935962677002e-01
4.154114127159118652e-01
4.343965351581573486e-01
5.210630297660827637e-01
4.002385139465332031e-01
4.328165650367736816e-01
5.317029356956481934e-01
5.360993742942810059e-01
4.762333333492279053e-01
4.254987835884094238e-01
5.312345623970031738e-01
4.265610575675964355e-01
4.261940717697143555e-01
5.339983701705932617e-01
4.074091911315917969e-01
5.319802165031433105e-01
4.742231965065002441e-01
4.171972274780273438e-01
4.229079186916351318e-01
3.949742317199707031e-01
5.167060494422912598e-01
5.276356935501098633e-01
4.032165706157684326e-01
4.502423405647277832e-01
5.368257164955139160e-01
4.165811836719512939e-01
4.084517359733581543e-01
5.345973968505859375e-01
3.959111869335174561e-01
4.073085784912109375e-01
5.382080078125000000e-01
4.615825712680816650e-01
4.189399182796478271e-01
5.337311625480651855e-01
5.374861955642700195e-01
4.119933843612670898e-01
5.491278767585754395e-01
4.111010730266571045e-01
4.204500317573547363e-01
4.396220743656158447e-01
5.383183360099792480e-01
4.863262176513671875e-01
5.071376562118530273e-01
5.131875872611999512e-01
5.258502960205078125e-01
4.508241713047027588e-01
4.359153211116790771e-01
4.340425431728363037e-01
4.736696481704711914e-01
4.577002823352813721e-01
5.059947371482849121e-01
4.563146233558654785e-01
4.424223005771636963e-01
4.518799781799316406e-01
4.432132244110107422e-01
4.534500241279602051e-01
4.379563927650451660e-01
4.678383767604827881e-01
4.619415998458862305e-01
5.027312636375427246e-01
5.034080147743225098e-01
5.254275798797607422e-01
5.354332327842712402e-01
5.321617126464843750e-01
5.143020749092102051e-01
5.267786979675292969e-01
5.358737707138061523e-01
5.286915898323059082e-01
5.296202301979064941e-01
5.240911245346069336e-01
5.188688039779663086e-01
5.272583365440368652e-01
5.279194116592407227e-01
5.279644727706909180e-01
5.258399248123168945e-01
5.299432873725891113e-01
5.052074193954467773e-01
5.329662561416625977e-01
5.321514010429382324e-01
5.293104648590087891e-01
5.159170627593994141e-01
5.274876356124877930e-01
5.372219681739807129e-01
5.275940895080566406e-01
5.224816799163818359e-01
5.312011241912841797e-01
5.202475786209106445e-01
5.279615521430969238e-01
5.182130336761474609e-01
5.332639217376708984e-01
5.277422666549682617e-01
5.291759371757507324e-01
5.324316024780273438e-01
5.321759581565856934e-01
5.342981815338134766e-01
5.280147790908813477e-01
5.176660418510437012e-01
5.128360986709594727e-01
5.173119902610778809e-01
5.221407413482666016e-01
5.317273736000061035e-01
5.047520399093627930e-01
5.261673331260681152e-01
5.212651491165161133e-01
5.301439166069030762e-01
5.300442576408386230e-01
5.253838896751403809e-01
5.331452488899230957e-01
5.154755711555480957e-01
5.193367004394531250e-01
5.354235768318176270e-01
5.250610709190368652e-01
5.343788862228393555e-01
5.136903524398803711e-01
5.298509001731872559e-01
5.319770574569702148e-01
5.211128592491149902e-01
5.227653384208679199e-01
5.298703908920288086e-01
5.287448167800903320e-01
5.280199646949768066e-01
5.271751880645751953e-01
5.285960435867309570e-01
5.042374134063720703e-01
5.208907723426818848e-01
5.191559195518493652e-01
5.291668772697448730e-01
5.203507542610168457e-01
5.268740057945251465e-01
5.328183770179748535e-01
5.307762622833251953e-01
5.265947580337524414e-01
4.456088542938232422e-01
4.802690446376800537e-01
5.251178741455078125e-01
4.850558340549468994e-01
5.041046142578125000e-01
4.784978926181793213e-01
4.598870873451232910e-01
4.906520843505859375e-01
5.198541879653930664e-01
5.275474786758422852e-01
5.066049695014953613e-01
4.908736646175384521e-01
5.235378742218017578e-01
5.112371444702148438e-01
4.781430065631866455e-01
5.102357268333435059e-01
5.264338850975036621e-01
4.961972832679748535e-01
4.945999979972839355e-01
4.823397994041442871e-01
4.577178657054901123e-01
4.957588613033294678e-01
5.116562843322753906e-01
5.054814219474792480e-01
5.025228261947631836e-01
5.251664519309997559e-01
5.132218003273010254e-01
4.562228024005889893e-01
4.534868896007537842e-01
5.265795588493347168e-01
4.961497485637664795e-01
5.105929374694824219e-01
4.867023527622222900e-01
5.099592208862304688e-01
4.992319345474243164e-01
5.220942497253417969e-01
5.275523066520690918e-01
5.087388157844543457e-01
5.103571414947509766e-01
4.651583433151245117e-01
4.746206104755401611e-01
5.138353705406188965e-01
5.211298465728759766e-01
4.327317476272583008e-01
5.034438371658325195e-01
4.782481193542480469e-01
4.812766611576080322e-01
4.854163527488708496e-01
5.223413109779357910e-01
5.434218049049377441e-01
4.561126232147216797e-01
5.348587632179260254e-01
5.052325725555419922e-01
4.810559749603271484e-01
5.018726587295532227e-01
4.976265430450439453e-01
5.126624107360839844e-01
5.029333233833312988e-01
5.195165276527404785e-01
5.315169692039489746e-01
5.232442617416381836e-01
4.989168345928192139e-01
5.102013349533081055e-01
4.764725565910339355e-01
5.040397047996520996e-01
5.260284543037414551e-01
5.225566625595092773e-01
5.181022882461547852e-01
5.147009491920471191e-01
4.989988505840301514e-01
5.002938508987426758e-01
5.202790498733520508e-01
4.688670337200164795e-01
5.296159386634826660e-01
5.038440227508544922e-01
4.873933494091033936e-01
5.205090641975402832e-01
5.018566846847534180e-01
5.040285587310791016e-01
5.218008756637573242e-01
5.158360004425048828e-01
4.843067824840545654e-01
5.072761178016662598e-01
5.017452239990234375e-01
5.089252591133117676e-01
4.453122019767761230e-01
5.117823481559753418e-01
4.960220456123352051e-01
5.104970932006835938e-01
5.272413492202758789e-01
4.181710481643676758e-01
5.133346915245056152e-01
4.954059422016143799e-01
5.169602632522583008e-01
5.035381913185119629e-01
4.112322330474853516e-01
5.104407072067260742e-01
5.031307339668273926e-01
5.253239274024963379e-01
5.187643170356750488e-01
5.228711962699890137e-01
4.754047393798828125e-01
5.030289292335510254e-01
4.317661225795745850e-01
4.469118118286132812e-01
5.092471837997436523e-01
5.113099813461303711e-01
5.064195394515991211e-01
5.002929568290710449e-01
4.521817564964294434e-01
4.817511737346649170e-01
5.084323287010192871e-01
5.028012394905090332e-01
5.395331978797912598e-01
4.860244989395141602e-01
5.017123818397521973e-01
5.226238965988159180e-01
5.070944428443908691e-01
5.044904351234436035e-01
4.997576475143432617e-01
5.121617317199707031e-01
4.381046891212463379e-01
5.020142197608947754e-01
3.813061118125915527e-01
4.094192087650299072e-01
4.229912161827087402e-01
5.141138434410095215e-01
3.951745927333831787e-01
3.858833909034729004e-01
5.397288799285888672e-01
4.035313129425048828e-01
4.059897959232330322e-01
5.225815176963806152e-01
5.031800866127014160e-01
4.535998404026031494e-01
5.072423219680786133e-01
4.286346137523651123e-01
4.153799414634704590e-01
4.220394194126129150e-01
5.050017833709716797e-01
4.220065772533416748e-01
4.452379643917083740e-01
3.949894905090332031e-01
3.898662328720092773e-01
5.095149278640747070e-01
4.157500267028808594e-01
3.489560484886169434e-01
5.399460196495056152e-01
5.268985033035278320e-01
4.635118544101715088e-01
3.816637098789215088e-01
4.124279022216796875e-01
4.976855218410491943e-01
4.939918518066406250e-01
4.862315058708190918e-01
5.029685497283935547e-01
3.921590447425842285e-01
5.086913704872131348e-01
5.188636779785156250e-01
3.698503375053405762e-01
4.567292034626007080e-01
5.293932557106018066e-01
4.887719452381134033e-01
3.664337694644927979e-01
3.551598191261291504e-01
4.427632391452789307e-01
5.384914875030517578e-01
5.292165875434875488e-01
5.013160705566406250e-01
4.165376424789428711e-01
4.352122843265533447e-01
4.420729279518127441e-01
5.402067899703979492e-01
3.842102289199829102e-01
4.255449771881103516e-01
3.867303431034088135e-01
4.415044188499450684e-01
4.952403604984283447e-01
4.212341308593750000e-01
3.628713190555572510e-01
4.321683049201965332e-01
4.883032143115997314e-01
4.974862337112426758e-01
4.786794185638427734e-01
3.644019067287445068e-01
4.877211153507232666e-01
4.816508889198303223e-01
4.507521688938140869e-01
4.884782731533050537e-01
4.789090454578399658e-01
5.003017187118530273e-01
4.144942760467529297e-01
3.866326510906219482e-01
5.139314532279968262e-01
5.206874012947082520e-01
4.951472282409667969e-01
4.965784251689910889e-01
4.581484198570251465e-01
4.309007227420806885e-01
4.896488785743713379e-01
3.974377810955047607e-01
4.774487316608428955e-01
5.143173336982727051e-01
4.879598617553710938e-01
4.727755486965179443e-01
4.431281387805938721e-01
4.536379277706146240e-01
5.095853805541992188e-01
4.678692817687988281e-01
5.212251543998718262e-01
5.407589077949523926e-01
4.210136532783508301e-01
4.834949374198913574e-01
4.758909046649932861e-01
5.201199054718017578e-01
5.131508111953735352e-01
5.113921761512756348e-01
4.360172748565673828e-01
4.269455671310424805e-01
4.569619596004486084e-01
5.412326455116271973e-01
4.827122390270233154e-01
4.557036757469177246e-01
4.713180959224700928e-01
5.087695121765136719e-01
4.615421891212463379e-01
5.040423274040222168e-01
5.012022852897644043e-01
5.100202560424804688e-01
4.858509898185729980e-01
4.066375792026519775e-01
5.299301743507385254e-01
5.187534093856811523e-01
4.888487756252288818e-01
4.928356111049652100e-01
4.056112170219421387e-01
4.764007329940795898e-01
5.157098770141601562e-01
4.012899398803710938e-01
4.959301054477691650e-01
4.886847436428070068e-01
4.700254499912261963e-01
4.322855770587921143e-01
5.228597521781921387e-01
5.069872140884399414e-01
5.100787878036499023e-01
4.688708186149597168e-01
5.291786193847656250e-01
4.827290773391723633e-01
4.492594301700592041e-01
4.801262319087982178e-01
5.226631164550781250e-01
5.320565700531005859e-01
4.852347970008850098e-01
4.097881615161895752e-01
4.691630005836486816e-01
