9.532162547111511230e-01
9.666993618011474609e-01
4.914818406105041504e-01
9.611662030220031738e-01
9.977406263351440430e-01
9.933950304985046387e-01
9.973811507225036621e-01
9.725447893142700195e-01
9.973425269126892090e-01
6.360257863998413086e-01
9.990641474723815918e-01
9.869676232337951660e-01
3.404835760593414307e-01
9.920876622200012207e-01
9.878550171852111816e-01
9.904723167419433594e-01
8.507591485977172852e-01
7.643162608146667480e-01
6.668446660041809082e-01
8.464085459709167480e-01
5.407139658927917480e-01
9.501129388809204102e-01
9.881302118301391602e-01
9.913070797920227051e-01
2.930778264999389648e-01
9.969907999038696289e-01
9.938502311706542969e-01
9.938879609107971191e-01
9.270141720771789551e-01
4.202356040477752686e-01
9.937726855278015137e-01
8.925917744636535645e-01
8.386194705963134766e-01
9.035180807113647461e-01
8.513720631599426270e-01
9.471572637557983398e-01
9.777634143829345703e-01
8.813614845275878906e-01
9.864854812622070312e-01
9.883934855461120605e-01
2.648266553878784180e-01
9.958961009979248047e-01
7.335231304168701172e-01
9.744375944137573242e-01
9.804821014404296875e-01
9.943228960037231445e-01
9.794800281524658203e-01
4.287274479866027832e-01
9.667962789535522461e-01
9.939054846763610840e-01
9.944664835929870605e-01
7.982358336448669434e-01
5.210843682289123535e-02
8.981317281723022461e-01
9.925526976585388184e-01
8.952735066413879395e-01
8.538153171539306641e-01
9.428213834762573242e-01
9.976444840431213379e-01
9.979508519172668457e-01
9.533982276916503906e-01
9.916539192199707031e-01
9.889420270919799805e-01
9.961859583854675293e-01
5.432271957397460938e-01
9.218729734420776367e-01
9.981142282485961914e-01
9.743082523345947266e-01
9.917606115341186523e-01
5.388271808624267578e-01
8.732761144638061523e-01
9.965345859527587891e-01
9.986560344696044922e-01
9.955087900161743164e-01
7.881545424461364746e-01
9.863017797470092773e-01
9.903590083122253418e-01
9.600172638893127441e-01
8.166090250015258789e-01
9.981780052185058594e-01
8.997024297714233398e-01
4.938303828239440918e-01
9.969857335090637207e-01
5.032396912574768066e-01
9.822798371315002441e-01
9.952914714813232422e-01
9.941815733909606934e-01
9.972763657569885254e-01
9.902520179748535156e-01
9.989246726036071777e-01
9.970219731330871582e-01
9.954112172126770020e-01
9.421095252037048340e-01
9.945362806320190430e-01
9.873583912849426270e-01
8.701080083847045898e-01
9.961465597152709961e-01
9.683770537376403809e-01
9.961910247802734375e-01
9.640071392059326172e-01
9.861736297607421875e-01
9.968305230140686035e-01
8.387901782989501953e-01
2.795934211462736130e-03
1.490215063095092773e-01
3.883706927299499512e-01
5.781301297247409821e-03
7.267251610755920410e-02
9.044994413852691650e-02
9.009035676717758179e-02
7.109335064888000488e-02
6.568520665168762207e-01
6.112982332706451416e-02
3.273101896047592163e-02
5.730143189430236816e-02
1.139185056090354919e-01
1.584553904831409454e-02
1.481682807207107544e-01
3.170918906107544899e-03
6.010973080992698669e-02
9.045563638210296631e-02
1.356205046176910400e-01
3.344124183058738708e-02
1.263028681278228760e-01
1.108193844556808472e-01
1.495471745729446411e-01
1.160685531795024872e-02
3.681813366711139679e-03
3.917289897799491882e-03
2.437638677656650543e-02
1.374833434820175171e-01
6.512654572725296021e-02
8.113447576761245728e-02
2.478650510311126709e-01
1.423031538724899292e-01
3.058482706546783447e-01
2.484160363674163818e-01
3.805965417996048927e-03
4.164303541183471680e-01
4.424438998103141785e-02
1.918197260238230228e-03
1.278939098119735718e-01
1.732673346996307373e-01
4.035543184727430344e-03
8.764970116317272186e-03
6.173226609826087952e-02
1.912728534080088139e-03
6.882350891828536987e-02
8.042238354682922363e-01
1.448615640401840210e-02
4.508287832140922546e-02
7.031178474426269531e-02
1.629743259400129318e-03
6.778044700622558594e-01
2.611771412193775177e-02
7.966402918100357056e-02
3.954503238201141357e-01
1.772693917155265808e-02
2.028158679604530334e-02
4.098118096590042114e-02
4.035924002528190613e-02
1.112496033310890198e-01
1.607860438525676727e-02
8.758664131164550781e-02
4.565267637372016907e-02
7.225559651851654053e-02
1.574157970026135445e-03
5.791940167546272278e-02
1.201950535178184509e-01
2.370257116854190826e-02
1.223173225298523903e-03
9.259039908647537231e-02
1.133233159780502319e-01
2.503909543156623840e-02
5.598972439765930176e-01
5.075490847229957581e-02
8.523438572883605957e-01
2.635646760463714600e-01
5.658051371574401855e-02
7.724072784185409546e-03
1.749221533536911011e-01
5.514081194996833801e-02
1.156017929315567017e-01
5.569812282919883728e-02
1.061114110052585602e-02
5.519839525222778320e-01
8.385215699672698975e-02
2.678260505199432373e-01
2.819992601871490479e-01
5.382165312767028809e-03
7.556964457035064697e-02
3.470054864883422852e-01
1.649375110864639282e-01
1.255605369806289673e-02
1.075284671969711781e-03
1.749857701361179352e-02
4.780805110931396484e-02
9.318327307701110840e-01
1.762964427471160889e-01
1.135273426771163940e-01
1.590407788753509521e-01
5.581074208021163940e-02
3.651035949587821960e-02
8.902734518051147461e-01
2.619948983192443848e-01
5.991264246404170990e-03
