8.753830790519714355e-01
8.753830790519714355e-01
8.753830790519714355e-01
8.753830790519714355e-01
8.753830790519714355e-01
8.753699660301208496e-01
8.753830790519714355e-01
8.753830790519714355e-01
8.753830790519714355e-01
8.753830790519714355e-01
7.816120982170104980e-01
8.753830790519714355e-01
8.753830790519714355e-01
8.753830790519714355e-01
8.753830790519714355e-01
8.753830790519714355e-01
8.753830790519714355e-01
8.753830790519714355e-01
8.565630316734313965e-01
8.753830790519714355e-01
8.753830790519714355e-01
8.753830790519714355e-01
8.753830790519714355e-01
8.753830790519714355e-01
8.753830790519714355e-01
8.753830790519714355e-01
8.753830790519714355e-01
8.753830790519714355e-01
8.753830790519714355e-01
8.753830790519714355e-01
8.753830790519714355e-01
8.733251690864562988e-01
8.719409108161926270e-01
3.900071084499359131e-01
8.753830790519714355e-01
8.753830790519714355e-01
8.753830790519714355e-01
8.753830790519714355e-01
8.753830790519714355e-01
8.753830790519714355e-01
8.753830790519714355e-01
8.753830790519714355e-01
8.753830790519714355e-01
8.753523826599121094e-01
8.753830790519714355e-01
8.753830790519714355e-01
8.753830790519714355e-01
8.753830790519714355e-01
4.511198699474334717e-01
8.753830790519714355e-01
8.753830790519714355e-01
8.753830790519714355e-01
8.753830790519714355e-01
4.511198699474334717e-01
8.753830790519714355e-01
8.753830790519714355e-01
8.753830790519714355e-01
8.753830790519714355e-01
8.753830790519714355e-01
8.753830790519714355e-01
8.753830790519714355e-01
8.753830790519714355e-01
8.753830790519714355e-01
8.753830790519714355e-01
8.753830790519714355e-01
4.511198699474334717e-01
8.753830790519714355e-01
8.753830790519714355e-01
8.753830790519714355e-01
8.753830790519714355e-01
8.753830790519714355e-01
8.753830790519714355e-01
8.753830790519714355e-01
8.753830790519714355e-01
8.753830790519714355e-01
4.511198699474334717e-01
4.511198699474334717e-01
4.511198699474334717e-01
4.511198699474334717e-01
4.511198699474334717e-01
4.511198699474334717e-01
4.511198699474334717e-01
4.511198699474334717e-01
4.511198699474334717e-01
4.511198699474334717e-01
4.511198699474334717e-01
4.511198699474334717e-01
4.511198699474334717e-01
4.511198699474334717e-01
4.511198699474334717e-01
4.511198699474334717e-01
4.511198699474334717e-01
4.511198699474334717e-01
4.511198699474334717e-01
4.511198699474334717e-01
4.511198699474334717e-01
4.511198699474334717e-01
4.511198699474334717e-01
4.511198699474334717e-01
4.511198699474334717e-01
4.511198699474334717e-01
4.511198699474334717e-01
4.511198699474334717e-01
4.511198699474334717e-01
4.511198699474334717e-01
4.511198699474334717e-01
4.511198699474334717e-01
4.511198699474334717e-01
4.511198699474334717e-01
4.511198699474334717e-01
4.511198699474334717e-01
4.511198699474334717e-01
4.511198699474334717e-01
4.511198699474334717e-01
4.511198699474334717e-01
4.511198699474334717e-01
4.511198699474334717e-01
4.511198699474334717e-01
4.511198699474334717e-01
4.511198699474334717e-01
4.511198699474334717e-01
4.511198699474334717e-01
4.511198699474334717e-01
4.511198699474334717e-01
4.511198699474334717e-01
4.511198699474334717e-01
4.511198699474334717e-01
4.511198699474334717e-01
4.511198699474334717e-01
4.511198699474334717e-01
4.511198699474334717e-01
4.511198699474334717e-01
4.511198699474334717e-01
4.511198699474334717e-01
4.511198699474334717e-01
4.511198699474334717e-01
4.511198699474334717e-01
4.511198699474334717e-01
4.511198699474334717e-01
4.511198699474334717e-01
4.511198699474334717e-01
4.511198699474334717e-01
4.511198699474334717e-01
4.511198699474334717e-01
4.511198699474334717e-01
4.511198699474334717e-01
4.511198699474334717e-01
4.511198699474334717e-01
4.511198699474334717e-01
4.511198699474334717e-01
4.511198699474334717e-01
4.511198699474334717e-01
4.511198699474334717e-01
4.511198699474334717e-01
4.511198699474334717e-01
4.511198699474334717e-01
4.511198699474334717e-01
4.511198699474334717e-01
4.511198699474334717e-01
4.511198699474334717e-01
4.511198699474334717e-01
4.511198699474334717e-01
4.511198699474334717e-01
4.511198699474334717e-01
4.511198699474334717e-01
4.511198699474334717e-01
4.511198699474334717e-01
4.511198699474334717e-01
4.511198699474334717e-01
4.511198699474334717e-01
4.511198699474334717e-01
4.511198699474334717e-01
4.511198699474334717e-01
4.511198699474334717e-01
4.511198699474334717e-01
4.511198699474334717e-01
4.511198699474334717e-01
4.511198699474334717e-01
4.511198699474334717e-01
4.511198699474334717e-01
4.511198699474334717e-01
4.511198699474334717e-01
4.511198699474334717e-01
4.511198699474334717e-01
4.511198699474334717e-01
4.511198699474334717e-01
4.511198699474334717e-01
4.511198699474334717e-01
4.511198699474334717e-01
4.511198699474334717e-01
4.511198699474334717e-01
4.511198699474334717e-01
4.511198699474334717e-01
4.511198699474334717e-01
4.511198699474334717e-01
4.511198699474334717e-01
4.511198699474334717e-01
4.511198699474334717e-01
4.511198699474334717e-01
4.511198699474334717e-01
4.511198699474334717e-01
4.511198699474334717e-01
4.511198699474334717e-01
4.511198699474334717e-01
4.511198699474334717e-01
4.511198699474334717e-01
4.511198699474334717e-01
4.511198699474334717e-01
4.511198699474334717e-01
4.511198699474334717e-01
4.511198699474334717e-01
4.511198699474334717e-01
4.511198699474334717e-01
4.511198699474334717e-01
4.511198699474334717e-01
4.511198699474334717e-01
4.511198699474334717e-01
4.511198699474334717e-01
4.511198699474334717e-01
4.511198699474334717e-01
4.511198699474334717e-01
4.511198699474334717e-01
4.511198699474334717e-01
4.511198699474334717e-01
4.511198699474334717e-01
4.511198699474334717e-01
4.511198699474334717e-01
4.511198699474334717e-01
4.511198699474334717e-01
4.511198699474334717e-01
4.511198699474334717e-01
4.511198699474334717e-01
4.511198699474334717e-01
4.511198699474334717e-01
4.511198699474334717e-01
4.511198699474334717e-01
4.511198699474334717e-01
4.511198699474334717e-01
4.511198699474334717e-01
4.511198699474334717e-01
4.511198699474334717e-01
4.511198699474334717e-01
4.511198699474334717e-01
4.511198699474334717e-01
4.511198699474334717e-01
4.511198699474334717e-01
8.753830790519714355e-01
8.753830790519714355e-01
8.753830790519714355e-01
4.511198699474334717e-01
4.511198699474334717e-01
8.753830790519714355e-01
4.214705824851989746e-01
8.753830790519714355e-01
4.511198699474334717e-01
8.753830790519714355e-01
8.753830790519714355e-01
4.214705824851989746e-01
8.753830790519714355e-01
8.753830790519714355e-01
8.753830790519714355e-01
8.753830790519714355e-01
4.511198699474334717e-01
4.511198699474334717e-01
4.511198699474334717e-01
8.753830790519714355e-01
8.753830790519714355e-01
8.753830790519714355e-01
4.511198699474334717e-01
8.753830790519714355e-01
8.753830790519714355e-01
8.753830790519714355e-01
4.511198699474334717e-01
7.919940948486328125e-01
8.753830790519714355e-01
8.753830790519714355e-01
8.753830790519714355e-01
8.753830790519714355e-01
8.753830790519714355e-01
8.753830790519714355e-01
8.753830790519714355e-01
8.753830790519714355e-01
4.511198699474334717e-01
4.511198699474334717e-01
4.511198699474334717e-01
8.753830790519714355e-01
8.753830790519714355e-01
8.753830790519714355e-01
8.753830790519714355e-01
8.753830790519714355e-01
8.753830790519714355e-01
8.753830790519714355e-01
4.511198699474334717e-01
4.511198699474334717e-01
8.753830790519714355e-01
8.753830790519714355e-01
8.753830790519714355e-01
8.753830790519714355e-01
8.753830790519714355e-01
8.753830790519714355e-01
8.753830790519714355e-01
8.753830790519714355e-01
8.753830790519714355e-01
4.511198699474334717e-01
4.511198699474334717e-01
8.753830790519714355e-01
4.214705824851989746e-01
4.511198699474334717e-01
8.753830790519714355e-01
8.753830790519714355e-01
4.511198699474334717e-01
8.749020099639892578e-01
4.511198699474334717e-01
8.753830790519714355e-01
8.753830790519714355e-01
8.753830790519714355e-01
4.511198699474334717e-01
8.753830790519714355e-01
8.753830790519714355e-01
4.511198699474334717e-01
4.511198699474334717e-01
8.753830790519714355e-01
4.511198699474334717e-01
7.980164885520935059e-01
4.511198699474334717e-01
4.511198699474334717e-01
8.753830790519714355e-01
4.511198699474334717e-01
4.511198699474334717e-01
8.753830790519714355e-01
4.511198699474334717e-01
4.511198699474334717e-01
4.511198699474334717e-01
4.511198699474334717e-01
4.511198699474334717e-01
8.753830790519714355e-01
8.753830790519714355e-01
4.511198699474334717e-01
4.511198699474334717e-01
4.511198699474334717e-01
8.753830790519714355e-01
4.511198699474334717e-01
4.511198699474334717e-01
8.753830790519714355e-01
4.511198699474334717e-01
4.511198699474334717e-01
4.511198699474334717e-01
8.753830790519714355e-01
8.753830790519714355e-01
4.511198699474334717e-01
8.753830790519714355e-01
4.511198699474334717e-01
8.753830790519714355e-01
4.511198699474334717e-01
4.511198699474334717e-01
4.511198699474334717e-01
4.511198699474334717e-01
4.511198699474334717e-01
8.753830790519714355e-01
4.511198699474334717e-01
4.511198699474334717e-01
4.511198699474334717e-01
4.511198699474334717e-01
4.511198699474334717e-01
4.511198699474334717e-01
4.511198699474334717e-01
4.511198699474334717e-01
4.511198699474334717e-01
4.511198699474334717e-01
4.511198699474334717e-01
4.511198699474334717e-01
4.511198699474334717e-01
4.511198699474334717e-01
4.511198699474334717e-01
4.511198699474334717e-01
4.511198699474334717e-01
4.511198699474334717e-01
4.511198699474334717e-01
4.511198699474334717e-01
4.511198699474334717e-01
4.511198699474334717e-01
4.511198699474334717e-01
4.511198699474334717e-01
4.511198699474334717e-01
4.511198699474334717e-01
4.511198699474334717e-01
4.511198699474334717e-01
4.511198699474334717e-01
4.511198699474334717e-01
4.511198699474334717e-01
4.511198699474334717e-01
4.511198699474334717e-01
4.511198699474334717e-01
4.511198699474334717e-01
4.511198699474334717e-01
4.511198699474334717e-01
4.511198699474334717e-01
4.511198699474334717e-01
4.511198699474334717e-01
4.511198699474334717e-01
4.511198699474334717e-01
4.511198699474334717e-01
4.511198699474334717e-01
4.511198699474334717e-01
4.511198699474334717e-01
4.511198699474334717e-01
4.511198699474334717e-01
4.511198699474334717e-01
4.511198699474334717e-01
4.511198699474334717e-01
4.511198699474334717e-01
4.511198699474334717e-01
4.511198699474334717e-01
4.511198699474334717e-01
4.511198699474334717e-01
4.511198699474334717e-01
4.511198699474334717e-01
4.511198699474334717e-01
4.511198699474334717e-01
4.511198699474334717e-01
4.511198699474334717e-01
4.511198699474334717e-01
4.511198699474334717e-01
4.511198699474334717e-01
4.511198699474334717e-01
4.511198699474334717e-01
8.753830790519714355e-01
8.753830790519714355e-01
8.753754496574401855e-01
4.511198699474334717e-01
8.753830790519714355e-01
8.753830790519714355e-01
8.753830790519714355e-01
8.753830790519714355e-01
8.753830790519714355e-01
8.753830790519714355e-01
8.753818273544311523e-01
8.753830790519714355e-01
8.753830790519714355e-01
8.753830790519714355e-01
8.753830790519714355e-01
8.753830790519714355e-01
8.753830790519714355e-01
8.753830790519714355e-01
4.853547811508178711e-01
8.753830790519714355e-01
8.753830790519714355e-01
8.753830790519714355e-01
8.753830790519714355e-01
8.753830790519714355e-01
8.753830790519714355e-01
8.753830790519714355e-01
8.753830790519714355e-01
4.511198699474334717e-01
8.753830790519714355e-01
8.753830790519714355e-01
8.753556013107299805e-01
8.753830790519714355e-01
8.753830790519714355e-01
8.753830790519714355e-01
8.753830790519714355e-01
8.753830790519714355e-01
8.753830790519714355e-01
8.753535151481628418e-01
8.753830790519714355e-01
8.753830790519714355e-01
4.367418885231018066e-01
8.753830790519714355e-01
8.753830790519714355e-01
8.753830790519714355e-01
4.511198699474334717e-01
8.276104927062988281e-01
8.753830790519714355e-01
8.753830790519714355e-01
8.753830790519714355e-01
8.753830790519714355e-01
8.753830790519714355e-01
8.753830790519714355e-01
8.753830790519714355e-01
4.511198699474334717e-01
8.753830790519714355e-01
8.753830790519714355e-01
8.753830790519714355e-01
8.753830790519714355e-01
8.753830790519714355e-01
8.753830790519714355e-01
8.753830790519714355e-01
8.753830790519714355e-01
8.753830790519714355e-01
8.151584267616271973e-01
7.894307971000671387e-01
8.753830790519714355e-01
8.753830790519714355e-01
8.753830790519714355e-01
4.511198699474334717e-01
8.753830790519714355e-01
4.511198699474334717e-01
8.753830790519714355e-01
8.753830790519714355e-01
8.726508021354675293e-01
4.511198699474334717e-01
4.511198699474334717e-01
4.511198699474334717e-01
4.511198699474334717e-01
8.753736615180969238e-01
8.717812895774841309e-01
4.027208685874938965e-01
4.511198699474334717e-01
4.511198699474334717e-01
7.972916960716247559e-01
4.511198699474334717e-01
4.409153163433074951e-01
4.511198699474334717e-01
8.753830790519714355e-01
4.511198699474334717e-01
4.511198699474334717e-01
8.733183741569519043e-01
4.511198699474334717e-01
4.511198699474334717e-01
4.511198699474334717e-01
4.511198699474334717e-01
4.511198699474334717e-01
4.386690258979797363e-01
4.511198699474334717e-01
4.511198699474334717e-01
4.511198699474334717e-01
4.511198699474334717e-01
4.511198699474334717e-01
8.753830790519714355e-01
4.511198699474334717e-01
8.688163757324218750e-01
4.511198699474334717e-01
5.373035073280334473e-01
4.511198699474334717e-01
4.511198699474334717e-01
4.511198699474334717e-01
4.511198699474334717e-01
4.511198699474334717e-01
4.511198699474334717e-01
4.511198699474334717e-01
4.511198699474334717e-01
4.409153163433074951e-01
4.511198699474334717e-01
4.511198699474334717e-01
4.511198699474334717e-01
8.116855025291442871e-01
4.511198699474334717e-01
5.809417963027954102e-01
4.511198699474334717e-01
8.651711940765380859e-01
4.511198699474334717e-01
4.511198699474334717e-01
4.511198699474334717e-01
6.138400435447692871e-01
4.511198699474334717e-01
4.511198699474334717e-01
4.511198699474334717e-01
7.353017330169677734e-01
4.511198699474334717e-01
4.511198699474334717e-01
4.511198699474334717e-01
4.511198699474334717e-01
4.511198699474334717e-01
4.511198699474334717e-01
4.511198699474334717e-01
8.753830790519714355e-01
4.295147955417633057e-01
4.511198699474334717e-01
4.511198699474334717e-01
4.511198699474334717e-01
8.751013875007629395e-01
4.511198699474334717e-01
4.511198699474334717e-01
4.511198699474334717e-01
4.511198699474334717e-01
4.511198699474334717e-01
4.511198699474334717e-01
4.511198699474334717e-01
4.511198699474334717e-01
4.511198699474334717e-01
4.511198699474334717e-01
4.511198699474334717e-01
4.511198699474334717e-01
4.511198699474334717e-01
4.511198699474334717e-01
4.511198699474334717e-01
4.511198699474334717e-01
4.511198699474334717e-01
4.511198699474334717e-01
4.511198699474334717e-01
4.511198699474334717e-01
4.511198699474334717e-01
4.511198699474334717e-01
4.511198699474334717e-01
4.511198699474334717e-01
4.511198699474334717e-01
4.511198699474334717e-01
4.511198699474334717e-01
4.511198699474334717e-01
4.511198699474334717e-01
4.511198699474334717e-01
4.511198699474334717e-01
4.511198699474334717e-01
4.511198699474334717e-01
4.511198699474334717e-01
4.511198699474334717e-01
4.511198699474334717e-01
4.511198699474334717e-01
4.511198699474334717e-01
4.511198699474334717e-01
4.511198699474334717e-01
4.511198699474334717e-01
4.511198699474334717e-01
4.511198699474334717e-01
4.511198699474334717e-01
4.511198699474334717e-01
4.511198699474334717e-01
4.511198699474334717e-01
4.511198699474334717e-01
4.511198699474334717e-01
4.511198699474334717e-01
4.511198699474334717e-01
4.511198699474334717e-01
4.511198699474334717e-01
4.511198699474334717e-01
4.511198699474334717e-01
4.511198699474334717e-01
4.511198699474334717e-01
4.511198699474334717e-01
4.511198699474334717e-01
4.511198699474334717e-01
4.511198699474334717e-01
4.511198699474334717e-01
4.511198699474334717e-01
4.511198699474334717e-01
4.511198699474334717e-01
4.511198699474334717e-01
4.511198699474334717e-01
4.511198699474334717e-01
4.511198699474334717e-01
4.511198699474334717e-01
4.511198699474334717e-01
4.511198699474334717e-01
4.511198699474334717e-01
4.511198699474334717e-01
4.511198699474334717e-01
4.511198699474334717e-01
4.511198699474334717e-01
4.511198699474334717e-01
4.511198699474334717e-01
4.511198699474334717e-01
4.511198699474334717e-01
4.511198699474334717e-01
4.511198699474334717e-01
4.511198699474334717e-01
4.511198699474334717e-01
4.511198699474334717e-01
4.511198699474334717e-01
4.511198699474334717e-01
4.511198699474334717e-01
4.511198699474334717e-01
4.511198699474334717e-01
4.511198699474334717e-01
4.511198699474334717e-01
4.511198699474334717e-01
4.511198699474334717e-01
4.511198699474334717e-01
4.511198699474334717e-01
4.511198699474334717e-01
4.511198699474334717e-01
4.511198699474334717e-01
4.511198699474334717e-01
4.511198699474334717e-01
4.511198699474334717e-01
4.511198699474334717e-01
4.511198699474334717e-01
4.511198699474334717e-01
4.511198699474334717e-01
4.511198699474334717e-01
4.511198699474334717e-01
4.511198699474334717e-01
4.511198699474334717e-01
4.511198699474334717e-01
4.511198699474334717e-01
4.511198699474334717e-01
4.511198699474334717e-01
4.511198699474334717e-01
4.511198699474334717e-01
4.511198699474334717e-01
4.511198699474334717e-01
4.511198699474334717e-01
4.511198699474334717e-01
4.511198699474334717e-01
4.511198699474334717e-01
4.511198699474334717e-01
4.511198699474334717e-01
4.511198699474334717e-01
4.511198699474334717e-01
4.511198699474334717e-01
4.511198699474334717e-01
4.511198699474334717e-01
4.511198699474334717e-01
4.511198699474334717e-01
4.511198699474334717e-01
4.511198699474334717e-01
4.511198699474334717e-01
4.511198699474334717e-01
4.511198699474334717e-01
4.511198699474334717e-01
4.511198699474334717e-01
4.511198699474334717e-01
4.511198699474334717e-01
4.511198699474334717e-01
4.511198699474334717e-01
4.511198699474334717e-01
4.511198699474334717e-01
4.511198699474334717e-01
4.511198699474334717e-01
4.511198699474334717e-01
4.511198699474334717e-01
4.511198699474334717e-01
4.511198699474334717e-01
4.511198699474334717e-01
4.511198699474334717e-01
4.511198699474334717e-01
4.511198699474334717e-01
4.511198699474334717e-01
4.511198699474334717e-01
4.511198699474334717e-01
4.511198699474334717e-01
4.511198699474334717e-01
4.511198699474334717e-01
4.511198699474334717e-01
4.511198699474334717e-01
4.511198699474334717e-01
4.511198699474334717e-01
4.511198699474334717e-01
4.511198699474334717e-01
4.511198699474334717e-01
4.511198699474334717e-01
4.511198699474334717e-01
4.511198699474334717e-01
4.511198699474334717e-01
4.511198699474334717e-01
4.511198699474334717e-01
4.511198699474334717e-01
4.511198699474334717e-01
4.511198699474334717e-01
4.511198699474334717e-01
4.511198699474334717e-01
4.511198699474334717e-01
4.511198699474334717e-01
4.511198699474334717e-01
4.511198699474334717e-01
4.511198699474334717e-01
4.511198699474334717e-01
4.511198699474334717e-01
4.511198699474334717e-01
4.511198699474334717e-01
4.511198699474334717e-01
4.511198699474334717e-01
4.511198699474334717e-01
4.511198699474334717e-01
4.511198699474334717e-01
4.511198699474334717e-01
4.511198699474334717e-01
8.538970947265625000e-01
4.511198699474334717e-01
4.511198699474334717e-01
4.511198699474334717e-01
4.511198699474334717e-01
4.511198699474334717e-01
4.511198699474334717e-01
4.511198699474334717e-01
4.511198699474334717e-01
4.511198699474334717e-01
4.511198699474334717e-01
4.511198699474334717e-01
4.511198699474334717e-01
4.511198699474334717e-01
4.511198699474334717e-01
4.511198699474334717e-01
4.511198699474334717e-01
4.511198699474334717e-01
4.511198699474334717e-01
4.511198699474334717e-01
4.511198699474334717e-01
4.511198699474334717e-01
4.214705824851989746e-01
4.511198699474334717e-01
4.511198699474334717e-01
4.511198699474334717e-01
4.511198699474334717e-01
4.511198699474334717e-01
4.511198699474334717e-01
4.511198699474334717e-01
4.511198699474334717e-01
4.511198699474334717e-01
4.511198699474334717e-01
4.511198699474334717e-01
4.511198699474334717e-01
7.740494608879089355e-01
4.511198699474334717e-01
4.511198699474334717e-01
4.511198699474334717e-01
4.511198699474334717e-01
3.915200233459472656e-01
4.511198699474334717e-01
4.511198699474334717e-01
4.511198699474334717e-01
4.511198699474334717e-01
4.511198699474334717e-01
4.511198699474334717e-01
4.511198699474334717e-01
4.511198699474334717e-01
4.511198699474334717e-01
4.511198699474334717e-01
4.511198699474334717e-01
4.511198699474334717e-01
4.511198699474334717e-01
4.511198699474334717e-01
4.511198699474334717e-01
4.511198699474334717e-01
4.511198699474334717e-01
4.511198699474334717e-01
7.980164885520935059e-01
4.511198699474334717e-01
4.511198699474334717e-01
4.511198699474334717e-01
4.511198699474334717e-01
4.511198699474334717e-01
4.511198699474334717e-01
4.511198699474334717e-01
4.511198699474334717e-01
4.511198699474334717e-01
4.511198699474334717e-01
4.511198699474334717e-01
4.511198699474334717e-01
4.511198699474334717e-01
4.511198699474334717e-01
4.511198699474334717e-01
4.511198699474334717e-01
4.511198699474334717e-01
4.511198699474334717e-01
4.511198699474334717e-01
4.511198699474334717e-01
4.511198699474334717e-01
4.511198699474334717e-01
4.511198699474334717e-01
4.511198699474334717e-01
4.511198699474334717e-01
4.511198699474334717e-01
4.511198699474334717e-01
4.511198699474334717e-01
4.511198699474334717e-01
4.511198699474334717e-01
4.511198699474334717e-01
4.511198699474334717e-01
4.511198699474334717e-01
4.511198699474334717e-01
4.511198699474334717e-01
4.511198699474334717e-01
4.511198699474334717e-01
4.511198699474334717e-01
4.511198699474334717e-01
4.511198699474334717e-01
4.511198699474334717e-01
4.511198699474334717e-01
4.511198699474334717e-01
4.511198699474334717e-01
4.511198699474334717e-01
4.511198699474334717e-01
4.511198699474334717e-01
4.511198699474334717e-01
4.511198699474334717e-01
4.511198699474334717e-01
4.511198699474334717e-01
4.511198699474334717e-01
4.511198699474334717e-01
4.511198699474334717e-01
4.511198699474334717e-01
4.511198699474334717e-01
4.511198699474334717e-01
4.511198699474334717e-01
4.511198699474334717e-01
4.511198699474334717e-01
4.511198699474334717e-01
4.511198699474334717e-01
4.511198699474334717e-01
4.511198699474334717e-01
4.511198699474334717e-01
4.511198699474334717e-01
4.511198699474334717e-01
4.511198699474334717e-01
4.511198699474334717e-01
4.511198699474334717e-01
4.511198699474334717e-01
4.511198699474334717e-01
4.511198699474334717e-01
4.511198699474334717e-01
4.511198699474334717e-01
4.511198699474334717e-01
4.511198699474334717e-01
4.511198699474334717e-01
4.511198699474334717e-01
4.511198699474334717e-01
4.511198699474334717e-01
4.511198699474334717e-01
4.511198699474334717e-01
4.511198699474334717e-01
4.511198699474334717e-01
4.511198699474334717e-01
4.511198699474334717e-01
4.511198699474334717e-01
4.511198699474334717e-01
4.511198699474334717e-01
4.511198699474334717e-01
4.511198699474334717e-01
4.511198699474334717e-01
4.511198699474334717e-01
4.511198699474334717e-01
4.511198699474334717e-01
4.511198699474334717e-01
4.511198699474334717e-01
4.511198699474334717e-01
4.511198699474334717e-01
4.511198699474334717e-01
4.511198699474334717e-01
4.159595370292663574e-01
4.511198699474334717e-01
4.511198699474334717e-01
4.367418885231018066e-01
4.367418885231018066e-01
4.511198699474334717e-01
4.511198699474334717e-01
4.511198699474334717e-01
4.511198699474334717e-01
4.511198699474334717e-01
8.153350949287414551e-01
4.511198699474334717e-01
7.733175158500671387e-01
8.753830790519714355e-01
4.367418885231018066e-01
4.511198699474334717e-01
4.511198699474334717e-01
4.511198699474334717e-01
4.511198699474334717e-01
4.511198699474334717e-01
4.367418885231018066e-01
4.367418885231018066e-01
4.511198699474334717e-01
4.511198699474334717e-01
8.076416254043579102e-01
4.511198699474334717e-01
4.511198699474334717e-01
4.511198699474334717e-01
4.511198699474334717e-01
4.511198699474334717e-01
4.511198699474334717e-01
4.511198699474334717e-01
4.511198699474334717e-01
4.511198699474334717e-01
4.511198699474334717e-01
4.511198699474334717e-01
4.511198699474334717e-01
4.511198699474334717e-01
4.511198699474334717e-01
4.120155572891235352e-01
4.367418885231018066e-01
4.511198699474334717e-01
4.511198699474334717e-01
4.511198699474334717e-01
4.120155572891235352e-01
4.511198699474334717e-01
4.511198699474334717e-01
4.511198699474334717e-01
4.511198699474334717e-01
4.511198699474334717e-01
4.511198699474334717e-01
4.511198699474334717e-01
4.511198699474334717e-01
4.882481992244720459e-01
4.511198699474334717e-01
4.511198699474334717e-01
7.996242046356201172e-01
4.511198699474334717e-01
4.511198699474334717e-01
4.511198699474334717e-01
4.511198699474334717e-01
4.511198699474334717e-01
