9.381527304649353027e-01
9.943345785140991211e-01
3.654917478561401367e-01
9.675653576850891113e-01
9.921301007270812988e-01
9.957120418548583984e-01
9.575477838516235352e-01
9.718591570854187012e-01
9.956408739089965820e-01
9.766036272048950195e-01
9.776335358619689941e-01
9.935331344604492188e-01
9.985765218734741211e-01
9.806977510452270508e-01
9.933022260665893555e-01
9.454316496849060059e-01
8.151573538780212402e-01
9.809930324554443359e-01
9.991318583488464355e-01
4.241898953914642334e-01
9.955718517303466797e-01
9.665339589118957520e-01
9.902508258819580078e-01
9.818767309188842773e-01
9.305621981620788574e-01
9.984013438224792480e-01
9.861271381378173828e-01
9.973852038383483887e-01
9.977247118949890137e-01
7.339349985122680664e-01
9.438947439193725586e-01
7.007571458816528320e-01
6.726874709129333496e-01
9.977801442146301270e-01
9.428403377532958984e-01
9.739010334014892578e-01
9.294671416282653809e-01
9.898505210876464844e-01
9.801918268203735352e-01
9.958427548408508301e-01
8.062649369239807129e-01
9.992393255233764648e-01
3.043878972530364990e-01
9.544624090194702148e-01
9.944136738777160645e-01
9.971174001693725586e-01
9.946006536483764648e-01
9.476664662361145020e-01
8.181077837944030762e-01
9.947783946990966797e-01
9.948145747184753418e-01
9.229474067687988281e-01
9.980289340019226074e-01
9.952515363693237305e-01
9.516966342926025391e-01
9.129285216331481934e-01
7.586815953254699707e-01
9.890611171722412109e-01
9.913845062255859375e-01
9.950667619705200195e-01
9.669581055641174316e-01
9.720720052719116211e-01
9.913220405578613281e-01
9.960391521453857422e-01
9.057897925376892090e-01
9.651394486427307129e-01
9.795272946357727051e-01
9.881582856178283691e-01
9.925664663314819336e-01
2.922152280807495117e-01
9.520073533058166504e-01
9.944199919700622559e-01
9.932556152343750000e-01
9.973365664482116699e-01
8.952261209487915039e-01
9.966776371002197266e-01
9.393112063407897949e-01
8.633502721786499023e-01
9.925189018249511719e-01
9.950237274169921875e-01
9.721751809120178223e-01
8.967905044555664062e-01
9.896888732910156250e-01
2.508141696453094482e-01
9.925172328948974609e-01
9.942455887794494629e-01
9.821988940238952637e-01
9.928723573684692383e-01
9.380229711532592773e-01
9.962112903594970703e-01
9.974498152732849121e-01
9.750592112541198730e-01
7.731877565383911133e-01
9.927385449409484863e-01
9.443598389625549316e-01
9.872639179229736328e-01
3.764142394065856934e-01
9.896996617317199707e-01
9.915773868560791016e-01
8.502079248428344727e-01
9.998865127563476562e-01
9.956263303756713867e-01
6.872555017471313477e-01
6.574354134500026703e-03
2.313861437141895294e-02
6.631146073341369629e-01
1.673588752746582031e-01
4.413265362381935120e-02
2.621593177318572998e-01
1.272972524166107178e-01
2.022687941789627075e-01
4.572837054729461670e-01
6.106715649366378784e-03
6.929265856742858887e-01
4.128479212522506714e-02
2.342113703489303589e-01
3.940347135066986084e-01
1.024241745471954346e-02
2.118549868464469910e-02
7.273336872458457947e-03
7.632100582122802734e-01
3.237375244498252869e-02
2.850933931767940521e-02
2.899179607629776001e-02
2.127100154757499695e-02
1.553349476307630539e-02
3.895724192261695862e-02
1.520491950213909149e-02
5.183011293411254883e-01
2.769026346504688263e-02
1.659326441586017609e-02
6.855541467666625977e-02
1.660257875919342041e-01
1.131435204297304153e-02
2.359247766435146332e-02
2.339577674865722656e-02
9.886008501052856445e-02
5.424549579620361328e-01
6.598652340471744537e-03
9.028915315866470337e-03
4.248961806297302246e-01
3.631209209561347961e-02
1.744465902447700500e-02
2.303599193692207336e-02
7.670246064662933350e-02
6.155869364738464355e-01
3.674685489386320114e-03
1.594777964055538177e-02
4.205491542816162109e-01
3.084245510399341583e-02
5.776412412524223328e-02
5.452247336506843567e-02
3.625319600105285645e-01
5.590179562568664551e-02
2.621744871139526367e-01
2.951920926570892334e-01
2.624245285987854004e-01
5.254573002457618713e-02
3.028114512562751770e-02
2.992702424526214600e-01
5.294901877641677856e-02
1.129029411822557449e-02
1.702102273702621460e-02
3.666652739048004150e-02
1.036540195345878601e-01
4.170548021793365479e-01
6.798146367073059082e-01
4.547345265746116638e-02
1.694702655076980591e-01
2.179414406418800354e-02
4.888300895690917969e-01
5.154206156730651855e-01
3.009188473224639893e-01
3.277611732482910156e-02
3.264631927013397217e-01
1.194245815277099609e-01
1.820767298340797424e-02
2.271476760506629944e-02
3.133697807788848877e-02
9.327428340911865234e-01
3.423730134963989258e-01
3.160636723041534424e-01
2.852682173252105713e-01
5.059993267059326172e-01
1.367406696081161499e-01
1.786904633045196533e-01
4.502203781157732010e-03
3.769545853137969971e-01
5.028800293803215027e-02
8.454154133796691895e-01
5.829431414604187012e-01
7.335934638977050781e-01
2.965677157044410706e-02
1.204865500330924988e-01
6.890029907226562500e-01
4.664703831076622009e-02
4.140099138021469116e-02
8.526790738105773926e-01
1.130713522434234619e-01
3.368951752781867981e-02
9.073214605450630188e-03
7.725384086370468140e-02
2.076661959290504456e-02
9.163993597030639648e-01
6.206988096237182617e-01
6.107143759727478027e-01
