4.355208575725555420e-01
5.518780350685119629e-01
3.956106305122375488e-01
6.961477994918823242e-01
5.631394386291503906e-01
5.589379072189331055e-01
5.572592020034790039e-01
4.686238765716552734e-01
6.044101715087890625e-01
3.955430686473846436e-01
5.518054962158203125e-01
7.872851490974426270e-01
6.386402249336242676e-01
5.479888319969177246e-01
6.176615357398986816e-01
4.346913695335388184e-01
5.089523792266845703e-01
6.506376862525939941e-01
4.093683660030364990e-01
3.434007167816162109e-01
4.531840384006500244e-01
6.077252626419067383e-01
6.349400877952575684e-01
7.417899966239929199e-01
5.736070871353149414e-01
6.881299018859863281e-01
4.462693929672241211e-01
8.148863315582275391e-01
7.880107760429382324e-01
5.423368215560913086e-01
4.294409155845642090e-01
4.085491001605987549e-01
3.015894591808319092e-01
6.647827029228210449e-01
6.454548835754394531e-01
3.219436407089233398e-01
6.057042479515075684e-01
6.079435348510742188e-01
4.525352418422698975e-01
6.782634258270263672e-01
4.413919448852539062e-01
8.012028336524963379e-01
2.961095869541168213e-01
6.235149502754211426e-01
6.500362753868103027e-01
7.292441725730895996e-01
4.976782500743865967e-01
5.532809495925903320e-01
5.734587311744689941e-01
5.606867074966430664e-01
6.341738104820251465e-01
5.316195487976074219e-01
6.410248279571533203e-01
6.403853297233581543e-01
7.583281397819519043e-01
4.855867922306060791e-01
3.997746706008911133e-01
6.251686811447143555e-01
6.840034723281860352e-01
7.639252543449401855e-01
5.712093710899353027e-01
4.903050661087036133e-01
5.927512645721435547e-01
8.106803894042968750e-01
4.782958626747131348e-01
7.287151813507080078e-01
4.812466204166412354e-01
6.706628799438476562e-01
8.024576306343078613e-01
3.836758732795715332e-01
7.298306226730346680e-01
8.095718622207641602e-01
7.194457650184631348e-01
6.514453291893005371e-01
5.965490341186523438e-01
7.588781118392944336e-01
6.517096161842346191e-01
4.684522449970245361e-01
5.270372629165649414e-01
5.593289732933044434e-01
6.912638545036315918e-01
5.844655632972717285e-01
7.454118132591247559e-01
3.850269317626953125e-01
5.615499019622802734e-01
7.219761610031127930e-01
5.933467149734497070e-01
5.385559201240539551e-01
6.490336656570434570e-01
7.953387498855590820e-01
7.356832623481750488e-01
5.600296258926391602e-01
4.195305705070495605e-01
5.872942805290222168e-01
7.048686742782592773e-01
6.191112995147705078e-01
3.794141113758087158e-01
4.697662293910980225e-01
5.362604856491088867e-01
3.690395951271057129e-01
7.821775674819946289e-01
6.766196489334106445e-01
4.325080513954162598e-01
2.982829213142395020e-01
3.499135673046112061e-01
5.448371171951293945e-01
4.812872707843780518e-01
3.416523635387420654e-01
3.884588778018951416e-01
4.103908538818359375e-01
4.029917716979980469e-01
4.230642616748809814e-01
3.081957101821899414e-01
3.994573354721069336e-01
3.582442104816436768e-01
4.390736818313598633e-01
3.838370144367218018e-01
2.363261431455612183e-01
3.713830709457397461e-01
2.223835438489913940e-01
4.642871916294097900e-01
3.215592205524444580e-01
1.769447028636932373e-01
3.082370460033416748e-01
3.546687066555023193e-01
2.929215729236602783e-01
4.659395515918731689e-01
3.504530191421508789e-01
4.098278582096099854e-01
2.570188641548156738e-01
2.539334595203399658e-01
2.950502336025238037e-01
5.513217449188232422e-01
2.979335188865661621e-01
3.621802926063537598e-01
3.093744218349456787e-01
4.381078183650970459e-01
5.508563518524169922e-01
4.254311025142669678e-01
2.876976430416107178e-01
3.287179470062255859e-01
3.696812689304351807e-01
2.795025706291198730e-01
3.913647234439849854e-01
4.344237446784973145e-01
5.121016502380371094e-01
3.237723708152770996e-01
2.285718321800231934e-01
5.580049753189086914e-01
3.402504920959472656e-01
2.376669198274612427e-01
3.714693784713745117e-01
4.731234908103942871e-01
3.304210603237152100e-01
4.826341867446899414e-01
5.562676787376403809e-01
4.475461840629577637e-01
4.696752130985260010e-01
2.458059191703796387e-01
3.498287498950958252e-01
3.491214513778686523e-01
2.043903470039367676e-01
1.797904670238494873e-01
3.252540826797485352e-01
4.723189175128936768e-01
4.232517778873443604e-01
6.376898884773254395e-01
3.351098001003265381e-01
4.491856098175048828e-01
2.292963713407516479e-01
6.023593544960021973e-01
3.286172151565551758e-01
5.152630209922790527e-01
4.301825165748596191e-01
6.652631759643554688e-01
3.883027434349060059e-01
4.769947528839111328e-01
3.415427505970001221e-01
3.167799115180969238e-01
3.289356231689453125e-01
3.838329613208770752e-01
4.215349555015563965e-01
4.304560124874114990e-01
4.750969409942626953e-01
4.307780861854553223e-01
3.879292011260986328e-01
1.958788633346557617e-01
4.267933070659637451e-01
3.011016547679901123e-01
6.477121114730834961e-01
5.085120797157287598e-01
5.065410733222961426e-01
5.014674663543701172e-01
3.157678246498107910e-01
3.446476161479949951e-01
3.748374879360198975e-01
2.554685771465301514e-01
4.241077005863189697e-01
3.421486616134643555e-01
2.832555472850799561e-01
4.237231016159057617e-01
4.012933969497680664e-01
2.401967495679855347e-01
4.432130455970764160e-01
5.844970941543579102e-01
5.581906437873840332e-01
