8.508608937263488770e-01
5.677443742752075195e-01
7.283242940902709961e-01
7.976461648941040039e-01
7.976461648941040039e-01
7.765053510665893555e-01
7.976461648941040039e-01
7.976461648941040039e-01
7.976461648941040039e-01
7.343952655792236328e-01
5.112161636352539062e-01
7.976461648941040039e-01
9.417492747306823730e-01
9.060646891593933105e-01
7.976461648941040039e-01
7.976461648941040039e-01
9.297448396682739258e-01
9.307698607444763184e-01
7.898914217948913574e-01
8.071795701980590820e-01
7.976461648941040039e-01
8.537276983261108398e-01
7.976461648941040039e-01
7.650147080421447754e-01
7.976461648941040039e-01
8.238789439201354980e-01
8.739623427391052246e-01
8.194869160652160645e-01
9.112632870674133301e-01
7.976461648941040039e-01
8.585520982742309570e-01
7.967630028724670410e-01
9.470849633216857910e-01
8.850294947624206543e-01
9.142315983772277832e-01
7.601796984672546387e-01
6.325402259826660156e-01
9.257676005363464355e-01
7.976461648941040039e-01
5.410836338996887207e-01
7.976461648941040039e-01
7.976461648941040039e-01
8.717703223228454590e-01
7.976329326629638672e-01
7.976461648941040039e-01
7.976461648941040039e-01
7.976461648941040039e-01
7.976461648941040039e-01
8.495191931724548340e-01
7.976461648941040039e-01
6.580721735954284668e-01
7.976461648941040039e-01
7.976461648941040039e-01
9.299842715263366699e-01
7.976461648941040039e-01
7.976461648941040039e-01
8.411011695861816406e-01
7.976461648941040039e-01
7.976461648941040039e-01
8.314262032508850098e-01
8.152146935462951660e-01
6.764115095138549805e-01
8.417883515357971191e-01
7.976461648941040039e-01
8.833487033843994141e-01
2.993585765361785889e-01
7.976461648941040039e-01
9.290701746940612793e-01
7.976461648941040039e-01
7.976461648941040039e-01
9.537922143936157227e-01
9.455721974372863770e-01
7.976461648941040039e-01
7.976461648941040039e-01
8.239260911941528320e-01
2.993585765361785889e-01
2.993585765361785889e-01
2.993585765361785889e-01
6.828789710998535156e-01
2.993585765361785889e-01
2.993585765361785889e-01
9.820882678031921387e-01
2.993585765361785889e-01
2.993585765361785889e-01
2.993585765361785889e-01
2.993585765361785889e-01
9.986732006072998047e-01
2.993585765361785889e-01
9.773384332656860352e-01
2.993585765361785889e-01
9.321067929267883301e-01
6.349461674690246582e-01
2.993585765361785889e-01
8.485175371170043945e-01
9.168736338615417480e-01
9.859389066696166992e-01
9.182965755462646484e-01
9.862696528434753418e-01
2.993585765361785889e-01
2.993585765361785889e-01
2.993585765361785889e-01
9.186943173408508301e-01
2.993585765361785889e-01
2.993585765361785889e-01
9.396293759346008301e-01
8.301725387573242188e-01
9.839144945144653320e-01
2.993585765361785889e-01
2.993585765361785889e-01
2.993585765361785889e-01
9.872812628746032715e-01
2.993585765361785889e-01
2.993585765361785889e-01
2.993585765361785889e-01
9.757593274116516113e-01
2.993585765361785889e-01
2.993585765361785889e-01
9.709266424179077148e-01
9.671347737312316895e-01
8.756367564201354980e-01
9.419206976890563965e-01
9.832993149757385254e-01
9.870504140853881836e-01
2.993585765361785889e-01
9.531902670860290527e-01
2.993585765361785889e-01
3.443911373615264893e-01
2.993585765361785889e-01
9.650355577468872070e-01
8.537623882293701172e-01
9.922276139259338379e-01
9.567878842353820801e-01
8.716334104537963867e-01
2.993585765361785889e-01
9.259088039398193359e-01
2.993585765361785889e-01
9.953273534774780273e-01
5.373704433441162109e-01
9.132164120674133301e-01
9.540150761604309082e-01
2.993585765361785889e-01
9.575154185295104980e-01
7.089779973030090332e-01
2.993585765361785889e-01
9.755968451499938965e-01
2.993585765361785889e-01
2.993585765361785889e-01
2.993585765361785889e-01
9.868849515914916992e-01
9.793393015861511230e-01
9.942948222160339355e-01
2.993585765361785889e-01
9.885407090187072754e-01
2.993585765361785889e-01
9.946006536483764648e-01
8.445371985435485840e-01
9.423432946205139160e-01
9.082927107810974121e-01
9.905723929405212402e-01
2.993585765361785889e-01
2.993585765361785889e-01
2.993585765361785889e-01
2.993585765361785889e-01
9.821249246597290039e-01
9.596906304359436035e-01
9.675859212875366211e-01
2.993585765361785889e-01
2.993585765361785889e-01
9.898219108581542969e-01
2.993585765361785889e-01
2.993585765361785889e-01
9.433505535125732422e-01
2.993585765361785889e-01
9.426030516624450684e-01
9.545927643775939941e-01
2.993585765361785889e-01
9.408159852027893066e-01
2.993585765361785889e-01
2.993585765361785889e-01
9.380179047584533691e-01
2.993585765361785889e-01
2.993585765361785889e-01
9.206793904304504395e-01
2.993585765361785889e-01
9.281274676322937012e-01
9.856243133544921875e-01
2.993585765361785889e-01
2.993585765361785889e-01
6.673221588134765625e-01
9.705598354339599609e-01
2.993585765361785889e-01
2.993585765361785889e-01
9.705205559730529785e-01
9.757383465766906738e-01
2.993585765361785889e-01
9.479970932006835938e-01
2.993585765361785889e-01
2.993585765361785889e-01
2.993585765361785889e-01
5.190953016281127930e-01
2.993585765361785889e-01
9.871287345886230469e-01
2.993585765361785889e-01
9.718074798583984375e-01
8.550606966018676758e-01
2.993585765361785889e-01
2.993585765361785889e-01
2.993585765361785889e-01
9.513557553291320801e-01
2.993585765361785889e-01
2.993585765361785889e-01
2.993585765361785889e-01
2.993585765361785889e-01
9.822906851768493652e-01
9.496844410896301270e-01
9.806697964668273926e-01
9.809966087341308594e-01
2.993585765361785889e-01
9.270341992378234863e-01
9.116478562355041504e-01
9.506256580352783203e-01
8.108159899711608887e-01
8.597081154584884644e-02
2.993585765361785889e-01
9.809488058090209961e-01
2.993585765361785889e-01
2.993585765361785889e-01
2.993585765361785889e-01
9.784489870071411133e-01
9.557710886001586914e-01
2.993585765361785889e-01
2.993585765361785889e-01
2.993585765361785889e-01
9.090178012847900391e-01
9.123867750167846680e-01
1.062097027897834778e-01
2.993585765361785889e-01
9.692358374595642090e-01
7.446845620870590210e-02
9.487570524215698242e-01
2.993585765361785889e-01
9.662674069404602051e-01
2.993585765361785889e-01
8.608636856079101562e-01
2.993585765361785889e-01
2.993585765361785889e-01
7.976461648941040039e-01
7.103362679481506348e-01
7.976461648941040039e-01
2.993585765361785889e-01
2.993585765361785889e-01
7.976461648941040039e-01
6.698614358901977539e-01
8.777692317962646484e-01
2.993585765361785889e-01
8.562738895416259766e-01
7.900869846343994141e-01
6.446079611778259277e-01
9.926093220710754395e-01
7.976461648941040039e-01
9.635100960731506348e-01
7.976461648941040039e-01
2.993585765361785889e-01
2.993585765361785889e-01
8.762976527214050293e-01
7.976461648941040039e-01
8.170365095138549805e-01
8.614611625671386719e-01
2.993585765361785889e-01
9.375357031822204590e-01
7.976461648941040039e-01
8.384513854980468750e-01
9.829492568969726562e-01
8.390064239501953125e-01
9.486272335052490234e-01
7.976461648941040039e-01
7.976461648941040039e-01
7.976461648941040039e-01
7.976461648941040039e-01
7.976461648941040039e-01
6.756600141525268555e-01
7.976461648941040039e-01
2.993585765361785889e-01
2.993585765361785889e-01
9.862166643142700195e-01
9.115927815437316895e-01
7.976461648941040039e-01
8.384513854980468750e-01
9.821513891220092773e-01
7.976461648941040039e-01
7.976461648941040039e-01
7.976461648941040039e-01
2.993585765361785889e-01
9.899129867553710938e-01
8.439495563507080078e-01
7.976461648941040039e-01
7.944966554641723633e-01
7.976461648941040039e-01
7.976461648941040039e-01
8.980877995491027832e-01
7.976461648941040039e-01
9.705182909965515137e-01
7.976461648941040039e-01
2.993585765361785889e-01
9.249820113182067871e-01
8.447532057762145996e-01
6.698614358901977539e-01
9.005240797996520996e-01
9.317399859428405762e-01
7.976461648941040039e-01
2.993585765361785889e-01
7.974388003349304199e-01
9.165602922439575195e-01
9.086716771125793457e-01
7.976461648941040039e-01
7.976461648941040039e-01
9.520273208618164062e-01
7.976461648941040039e-01
9.324033260345458984e-01
9.195760488510131836e-01
2.993585765361785889e-01
7.976461648941040039e-01
9.576792120933532715e-01
7.694727778434753418e-01
2.993585765361785889e-01
2.993585765361785889e-01
7.976461648941040039e-01
2.993585765361785889e-01
2.993585765361785889e-01
8.545532226562500000e-01
5.227286815643310547e-01
5.890250802040100098e-01
2.993585765361785889e-01
2.993585765361785889e-01
2.993585765361785889e-01
7.976461648941040039e-01
7.976461648941040039e-01
2.993585765361785889e-01
2.993585765361785889e-01
2.993585765361785889e-01
9.709946513175964355e-01
8.966971635818481445e-01
2.993585765361785889e-01
8.488278985023498535e-01
2.993585765361785889e-01
2.993585765361785889e-01
2.993585765361785889e-01
7.976461648941040039e-01
7.976461648941040039e-01
6.657813787460327148e-01
8.089722394943237305e-01
2.993585765361785889e-01
7.976461648941040039e-01
2.993585765361785889e-01
2.993585765361785889e-01
5.652270317077636719e-01
2.993585765361785889e-01
2.993585765361785889e-01
9.284187555313110352e-01
2.993585765361785889e-01
9.734910130500793457e-01
2.993585765361785889e-01
2.993585765361785889e-01
9.090455770492553711e-01
2.993585765361785889e-01
2.993585765361785889e-01
2.993585765361785889e-01
9.528133869171142578e-01
2.993585765361785889e-01
2.993585765361785889e-01
9.593331813812255859e-01
9.669548273086547852e-01
2.993585765361785889e-01
2.993585765361785889e-01
2.993585765361785889e-01
2.993585765361785889e-01
9.605276584625244141e-01
8.388296961784362793e-01
2.993585765361785889e-01
2.993585765361785889e-01
2.993585765361785889e-01
2.993585765361785889e-01
2.993585765361785889e-01
2.993585765361785889e-01
9.410090446472167969e-01
2.993585765361785889e-01
2.993585765361785889e-01
2.993585765361785889e-01
2.993585765361785889e-01
2.993585765361785889e-01
2.993585765361785889e-01
2.993585765361785889e-01
2.993585765361785889e-01
2.993585765361785889e-01
2.993585765361785889e-01
2.993585765361785889e-01
2.993585765361785889e-01
9.805718660354614258e-01
2.993585765361785889e-01
2.993585765361785889e-01
2.993585765361785889e-01
9.544157385826110840e-01
9.764779806137084961e-01
2.993585765361785889e-01
2.993585765361785889e-01
9.825618267059326172e-01
2.993585765361785889e-01
2.993585765361785889e-01
2.993585765361785889e-01
9.618241786956787109e-01
2.993585765361785889e-01
2.993585765361785889e-01
2.993585765361785889e-01
2.993585765361785889e-01
2.993585765361785889e-01
2.993585765361785889e-01
2.993585765361785889e-01
2.993585765361785889e-01
9.357230067253112793e-01
2.993585765361785889e-01
2.993585765361785889e-01
2.993585765361785889e-01
2.993585765361785889e-01
2.993585765361785889e-01
2.993585765361785889e-01
2.993585765361785889e-01
7.976461648941040039e-01
8.623774647712707520e-01
7.757561206817626953e-01
9.486038088798522949e-01
8.490756154060363770e-01
7.827660441398620605e-01
4.503673017024993896e-01
7.976461648941040039e-01
7.976461648941040039e-01
7.976461648941040039e-01
8.742634057998657227e-01
6.414059400558471680e-01
8.724594712257385254e-01
7.976461648941040039e-01
7.976461648941040039e-01
7.585341334342956543e-01
7.976461648941040039e-01
7.976461648941040039e-01
6.894541382789611816e-01
8.465653657913208008e-01
9.014758467674255371e-01
7.183501124382019043e-01
7.214118242263793945e-01
7.976461648941040039e-01
7.976461648941040039e-01
7.976461648941040039e-01
8.704429864883422852e-01
2.993585765361785889e-01
7.976461648941040039e-01
8.303671479225158691e-01
8.485888242721557617e-01
7.976461648941040039e-01
7.976461648941040039e-01
9.308391809463500977e-01
7.976461648941040039e-01
9.198833107948303223e-01
7.976461648941040039e-01
7.976333498954772949e-01
7.976461648941040039e-01
7.976461648941040039e-01
8.306457400321960449e-01
7.976461648941040039e-01
7.976461648941040039e-01
8.930904865264892578e-01
8.873991370201110840e-01
7.791933417320251465e-01
7.976461648941040039e-01
7.976461648941040039e-01
7.662965655326843262e-01
7.976461648941040039e-01
8.476259112358093262e-01
9.605844020843505859e-01
7.976461648941040039e-01
2.993585765361785889e-01
7.976461648941040039e-01
7.976461648941040039e-01
9.599258899688720703e-01
7.976461648941040039e-01
7.976461648941040039e-01
7.976461648941040039e-01
8.231858611106872559e-01
7.976461648941040039e-01
8.031274080276489258e-01
8.894800543785095215e-01
9.146682024002075195e-01
7.976461648941040039e-01
4.459217190742492676e-01
8.912220597267150879e-01
9.866586327552795410e-01
7.976461648941040039e-01
1.166871935129165649e-01
7.976461648941040039e-01
7.976461648941040039e-01
7.964755296707153320e-01
5.677439570426940918e-01
1.038023382425308228e-01
2.993585765361785889e-01
2.993585765361785889e-01
8.214736729860305786e-02
2.993585765361785889e-01
2.993585765361785889e-01
4.920329153537750244e-02
3.069420158863067627e-01
1.005061864852905273e-01
2.993585765361785889e-01
2.993585765361785889e-01
2.993585765361785889e-01
2.993585765361785889e-01
2.993585765361785889e-01
2.993585765361785889e-01
1.415756642818450928e-01
2.993585765361785889e-01
2.993585765361785889e-01
2.993585765361785889e-01
2.993585765361785889e-01
7.601991295814514160e-02
2.993585765361785889e-01
2.993585765361785889e-01
8.997619897127151489e-02
2.993585765361785889e-01
2.299752831459045410e-01
2.401136308908462524e-01
2.993585765361785889e-01
7.975188493728637695e-01
5.410836338996887207e-01
2.993585765361785889e-01
2.993585765361785889e-01
2.261261641979217529e-01
2.993585765361785889e-01
7.908697724342346191e-01
1.564503312110900879e-01
2.993585765361785889e-01
2.993585765361785889e-01
1.218941584229469299e-01
2.993585765361785889e-01
2.993585765361785889e-01
2.993585765361785889e-01
2.993585765361785889e-01
2.290801256895065308e-01
2.993585765361785889e-01
2.993585765361785889e-01
9.734892845153808594e-02
6.429919600486755371e-01
2.993585765361785889e-01
2.993585765361785889e-01
2.993585765361785889e-01
1.906480342149734497e-01
1.234596073627471924e-01
2.993585765361785889e-01
7.908697724342346191e-01
2.993585765361785889e-01
1.371149420738220215e-01
7.908697724342346191e-01
2.993585765361785889e-01
9.263958781957626343e-02
2.993585765361785889e-01
2.993585765361785889e-01
2.993585765361785889e-01
6.828789710998535156e-01
2.993585765361785889e-01
2.993585765361785889e-01
2.993585765361785889e-01
2.993585765361785889e-01
2.993585765361785889e-01
2.993585765361785889e-01
2.993585765361785889e-01
2.993585765361785889e-01
6.349461674690246582e-01
2.993585765361785889e-01
2.993585765361785889e-01
2.993585765361785889e-01
2.993585765361785889e-01
2.993585765361785889e-01
2.993585765361785889e-01
2.993585765361785889e-01
2.993585765361785889e-01
2.993585765361785889e-01
2.993585765361785889e-01
2.993585765361785889e-01
2.993585765361785889e-01
2.993585765361785889e-01
2.993585765361785889e-01
2.993585765361785889e-01
2.993585765361785889e-01
2.993585765361785889e-01
2.993585765361785889e-01
2.993585765361785889e-01
2.993585765361785889e-01
2.105400711297988892e-01
2.993585765361785889e-01
2.993585765361785889e-01
2.993585765361785889e-01
2.993585765361785889e-01
3.443911373615264893e-01
2.993585765361785889e-01
2.993585765361785889e-01
8.537623882293701172e-01
2.993585765361785889e-01
2.828740477561950684e-01
2.993585765361785889e-01
1.585783511400222778e-01
2.993585765361785889e-01
2.993585765361785889e-01
5.373704433441162109e-01
9.132164120674133301e-01
1.179451867938041687e-01
2.993585765361785889e-01
7.089779973030090332e-01
2.993585765361785889e-01
2.993585765361785889e-01
2.993585765361785889e-01
2.993585765361785889e-01
2.993585765361785889e-01
2.993585765361785889e-01
2.993585765361785889e-01
2.993585765361785889e-01
2.993585765361785889e-01
2.993585765361785889e-01
2.993585765361785889e-01
2.993585765361785889e-01
2.993585765361785889e-01
2.993585765361785889e-01
2.993585765361785889e-01
2.993585765361785889e-01
2.993585765361785889e-01
2.993585765361785889e-01
2.993585765361785889e-01
2.993585765361785889e-01
2.993585765361785889e-01
2.993585765361785889e-01
2.993585765361785889e-01
2.977751195430755615e-01
2.993585765361785889e-01
2.993585765361785889e-01
3.183732181787490845e-02
2.993585765361785889e-01
1.147348433732986450e-02
2.993585765361785889e-01
2.628903687000274658e-01
2.993585765361785889e-01
5.682990886270999908e-03
1.734327524900436401e-02
8.848713710904121399e-03
5.157943442463874817e-02
3.359125554561614990e-02
1.138978730887174606e-02
8.136773854494094849e-02
2.993585765361785889e-01
1.038298606872558594e-01
2.993585765361785889e-01
1.058796793222427368e-02
2.993585765361785889e-01
2.993585765361785889e-01
6.097617093473672867e-03
2.993585765361785889e-01
2.993585765361785889e-01
2.993585765361785889e-01
2.993585765361785889e-01
2.993585765361785889e-01
2.993585765361785889e-01
3.082798421382904053e-02
2.993585765361785889e-01
2.993585765361785889e-01
2.993585765361785889e-01
7.976371645927429199e-01
8.607372641563415527e-02
2.094211056828498840e-03
1.623922288417816162e-01
2.362355031073093414e-02
2.993585765361785889e-01
6.609538570046424866e-03
2.993585765361785889e-01
1.356223374605178833e-01
2.993585765361785889e-01
2.993585765361785889e-01
2.993585765361785889e-01
2.993585765361785889e-01
2.087846957147121429e-02
4.521572589874267578e-02
2.993585765361785889e-01
7.975932955741882324e-01
2.508965320885181427e-02
2.993585765361785889e-01
2.993585765361785889e-01
2.993585765361785889e-01
1.717369817197322845e-02
1.945671066641807556e-02
2.993585765361785889e-01
1.272296067327260971e-02
2.964842878282070160e-02
7.976461648941040039e-01
7.366805337369441986e-03
2.993585765361785889e-01
2.442317083477973938e-02
2.993585765361785889e-01
2.993585765361785889e-01
1.128495335578918457e-01
1.095941588282585144e-01
2.993585765361785889e-01
2.993585765361785889e-01
2.993585765361785889e-01
2.993585765361785889e-01
2.993585765361785889e-01
2.993585765361785889e-01
2.993585765361785889e-01
2.993585765361785889e-01
2.993585765361785889e-01
2.993585765361785889e-01
2.993585765361785889e-01
2.993585765361785889e-01
2.993585765361785889e-01
2.993585765361785889e-01
2.993585765361785889e-01
2.993585765361785889e-01
2.993585765361785889e-01
2.993585765361785889e-01
2.993585765361785889e-01
2.993585765361785889e-01
2.993585765361785889e-01
2.993585765361785889e-01
2.993585765361785889e-01
2.993585765361785889e-01
2.993585765361785889e-01
2.993585765361785889e-01
2.993585765361785889e-01
2.993585765361785889e-01
2.993585765361785889e-01
2.993585765361785889e-01
2.993585765361785889e-01
2.993585765361785889e-01
2.993585765361785889e-01
2.993585765361785889e-01
2.993585765361785889e-01
9.449291974306106567e-02
2.993585765361785889e-01
3.486020117998123169e-02
2.993585765361785889e-01
1.406455319374799728e-02
7.713526487350463867e-02
2.993585765361785889e-01
2.993585765361785889e-01
2.993585765361785889e-01
2.993585765361785889e-01
2.993585765361785889e-01
2.993585765361785889e-01
2.993585765361785889e-01
2.993585765361785889e-01
2.993585765361785889e-01
2.993585765361785889e-01
2.993585765361785889e-01
2.993585765361785889e-01
2.993585765361785889e-01
2.993585765361785889e-01
2.993585765361785889e-01
2.993585765361785889e-01
2.993585765361785889e-01
2.993585765361785889e-01
2.993585765361785889e-01
2.993585765361785889e-01
2.993585765361785889e-01
2.993585765361785889e-01
1.594109684228897095e-01
2.993585765361785889e-01
2.993585765361785889e-01
2.993585765361785889e-01
2.993585765361785889e-01
2.993585765361785889e-01
2.993585765361785889e-01
2.993585765361785889e-01
2.993585765361785889e-01
2.993585765361785889e-01
2.993585765361785889e-01
6.673221588134765625e-01
2.993585765361785889e-01
2.993585765361785889e-01
2.993585765361785889e-01
2.993585765361785889e-01
1.749422252178192139e-01
2.993585765361785889e-01
2.993585765361785889e-01
2.993585765361785889e-01
2.993585765361785889e-01
1.451233178377151489e-01
2.993585765361785889e-01
2.993585765361785889e-01
2.993585765361785889e-01
1.294793784618377686e-01
2.993585765361785889e-01
2.993585765361785889e-01
2.993585765361785889e-01
2.993585765361785889e-01
2.993585765361785889e-01
2.993585765361785889e-01
2.993585765361785889e-01
2.993585765361785889e-01
2.993585765361785889e-01
2.993585765361785889e-01
2.993585765361785889e-01
2.993585765361785889e-01
1.031772121787071228e-01
1.619943082332611084e-01
2.993585765361785889e-01
8.597081154584884644e-02
2.993585765361785889e-01
2.993585765361785889e-01
2.993585765361785889e-01
2.993585765361785889e-01
2.993585765361785889e-01
2.993585765361785889e-01
2.993585765361785889e-01
2.993585765361785889e-01
2.993585765361785889e-01
2.993585765361785889e-01
2.993585765361785889e-01
1.062097027897834778e-01
2.993585765361785889e-01
2.993585765361785889e-01
7.446845620870590210e-02
2.993585765361785889e-01
2.993585765361785889e-01
9.986247122287750244e-02
2.993585765361785889e-01
2.993585765361785889e-01
2.993585765361785889e-01
1.662074476480484009e-01
2.993585765361785889e-01
2.993585765361785889e-01
2.993585765361785889e-01
2.993585765361785889e-01
2.993585765361785889e-01
2.993585765361785889e-01
2.616100013256072998e-01
2.993585765361785889e-01
2.993585765361785889e-01
2.993585765361785889e-01
2.993585765361785889e-01
2.993585765361785889e-01
2.993585765361785889e-01
2.993585765361785889e-01
2.993585765361785889e-01
5.189415216445922852e-01
2.993585765361785889e-01
2.993585765361785889e-01
2.993585765361785889e-01
2.993585765361785889e-01
1.522146463394165039e-01
2.993585765361785889e-01
2.993585765361785889e-01
2.993585765361785889e-01
2.993585765361785889e-01
2.993585765361785889e-01
2.993585765361785889e-01
1.337318718433380127e-01
2.993585765361785889e-01
2.993585765361785889e-01
2.993585765361785889e-01
2.993585765361785889e-01
5.932654440402984619e-02
2.993585765361785889e-01
2.993585765361785889e-01
2.993585765361785889e-01
2.993585765361785889e-01
6.935281306505203247e-02
2.993585765361785889e-01
2.993585765361785889e-01
2.993585765361785889e-01
2.993585765361785889e-01
2.993585765361785889e-01
2.993585765361785889e-01
2.993585765361785889e-01
2.993585765361785889e-01
2.993585765361785889e-01
2.993585765361785889e-01
2.993585765361785889e-01
2.993585765361785889e-01
2.993585765361785889e-01
2.993585765361785889e-01
2.993585765361785889e-01
2.993585765361785889e-01
2.993585765361785889e-01
2.993585765361785889e-01
2.993585765361785889e-01
2.993585765361785889e-01
2.993585765361785889e-01
2.993585765361785889e-01
2.993585765361785889e-01
2.993585765361785889e-01
5.227286815643310547e-01
5.890250802040100098e-01
2.993585765361785889e-01
2.993585765361785889e-01
2.993585765361785889e-01
2.993585765361785889e-01
2.993585765361785889e-01
2.993585765361785889e-01
2.993585765361785889e-01
2.993585765361785889e-01
2.993585765361785889e-01
2.993585765361785889e-01
2.993585765361785889e-01
6.657813787460327148e-01
2.993585765361785889e-01
2.993585765361785889e-01
2.993585765361785889e-01
2.993585765361785889e-01
8.962435647845268250e-03
2.993585765361785889e-01
2.993585765361785889e-01
1.877785623073577881e-01
6.462670862674713135e-02
1.310841441154479980e-01
2.993585765361785889e-01
2.993585765361785889e-01
2.993585765361785889e-01
2.993585765361785889e-01
2.993585765361785889e-01
2.993585765361785889e-01
2.993585765361785889e-01
2.993585765361785889e-01
2.993585765361785889e-01
2.993585765361785889e-01
2.993585765361785889e-01
2.993585765361785889e-01
2.993585765361785889e-01
2.993585765361785889e-01
2.993585765361785889e-01
1.765953004360198975e-01
2.993585765361785889e-01
2.993585765361785889e-01
2.993585765361785889e-01
2.993585765361785889e-01
2.993585765361785889e-01
2.993585765361785889e-01
2.993585765361785889e-01
2.993585765361785889e-01
2.993585765361785889e-01
2.993585765361785889e-01
2.993585765361785889e-01
2.993585765361785889e-01
2.993585765361785889e-01
2.993585765361785889e-01
2.993585765361785889e-01
2.993585765361785889e-01
1.903436779975891113e-01
2.993585765361785889e-01
2.993585765361785889e-01
2.993585765361785889e-01
2.993585765361785889e-01
2.993585765361785889e-01
2.993585765361785889e-01
2.993585765361785889e-01
2.993585765361785889e-01
2.993585765361785889e-01
2.993585765361785889e-01
2.993585765361785889e-01
2.993585765361785889e-01
2.993585765361785889e-01
2.993585765361785889e-01
2.993585765361785889e-01
2.993585765361785889e-01
2.993585765361785889e-01
2.993585765361785889e-01
2.993585765361785889e-01
2.993585765361785889e-01
2.993585765361785889e-01
1.316281110048294067e-01
1.814845800399780273e-01
2.993585765361785889e-01
3.906245157122612000e-02
4.411395490169525146e-01
2.993585765361785889e-01
2.993585765361785889e-01
2.993585765361785889e-01
1.109458431601524353e-01
2.993585765361785889e-01
2.993585765361785889e-01
2.270684242248535156e-01
4.253450408577919006e-02
2.993585765361785889e-01
2.993585765361785889e-01
7.183501124382019043e-01
2.993585765361785889e-01
2.993585765361785889e-01
2.993585765361785889e-01
6.802634894847869873e-02
2.993585765361785889e-01
7.976111173629760742e-01
1.065289750695228577e-01
2.993585765361785889e-01
2.993585765361785889e-01
6.928885728120803833e-02
2.993585765361785889e-01
7.976039648056030273e-01
2.993585765361785889e-01
2.993585765361785889e-01
2.993585765361785889e-01
2.993585765361785889e-01
2.993585765361785889e-01
2.993585765361785889e-01
2.993585765361785889e-01
2.993585765361785889e-01
2.993585765361785889e-01
2.993585765361785889e-01
2.376105338335037231e-01
6.962527632713317871e-01
7.957399487495422363e-01
2.993585765361785889e-01
2.993585765361785889e-01
2.993585765361785889e-01
2.993585765361785889e-01
2.993585765361785889e-01
2.993585765361785889e-01
2.993585765361785889e-01
2.993585765361785889e-01
2.993585765361785889e-01
2.993585765361785889e-01
2.993585765361785889e-01
7.917805910110473633e-01
4.458664059638977051e-01
2.993585467338562012e-01
1.286336630582809448e-01
2.993585467338562012e-01
1.166871935129165649e-01
2.993585467338562012e-01
2.993585467338562012e-01
2.993585467338562012e-01
