4.992531836032867432e-01
4.874081313610076904e-01
4.765445590019226074e-01
4.973518550395965576e-01
4.606045186519622803e-01
4.982845187187194824e-01
5.003849267959594727e-01
5.095238089561462402e-01
5.147458910942077637e-01
5.210913419723510742e-01
4.634374976158142090e-01
4.664544165134429932e-01
4.347162842750549316e-01
4.876182079315185547e-01
5.121789574623107910e-01
5.112929344177246094e-01
5.013120770454406738e-01
5.100659132003784180e-01
4.990679621696472168e-01
4.882919192314147949e-01
4.873295426368713379e-01
4.570449292659759521e-01
5.095697641372680664e-01
4.981428980827331543e-01
5.069780945777893066e-01
4.836306869983673096e-01
5.040447711944580078e-01
4.969546198844909668e-01
4.786160588264465332e-01
4.621182084083557129e-01
4.929016232490539551e-01
5.133791565895080566e-01
4.956227242946624756e-01
5.377420783042907715e-01
5.055474042892456055e-01
5.106669664382934570e-01
5.328480601310729980e-01
4.961834251880645752e-01
4.798934757709503174e-01
4.812960922718048096e-01
4.879299104213714600e-01
5.144460201263427734e-01
5.271826982498168945e-01
5.242776870727539062e-01
5.184643864631652832e-01
5.228416323661804199e-01
5.341873168945312500e-01
5.204366445541381836e-01
5.000436902046203613e-01
5.228751301765441895e-01
4.946893751621246338e-01
4.746553003787994385e-01
4.879213869571685791e-01
5.159168243408203125e-01
5.095873475074768066e-01
4.755707085132598877e-01
4.518842399120330811e-01
4.944484233856201172e-01
4.734439253807067871e-01
5.302123427391052246e-01
5.239745378494262695e-01
4.999547004699707031e-01
4.921996593475341797e-01
4.672385156154632568e-01
4.904139935970306396e-01
5.065281391143798828e-01
5.027161836624145508e-01
5.023865699768066406e-01
5.192271471023559570e-01
4.793702960014343262e-01
4.836404919624328613e-01
4.570658504962921143e-01
5.079355835914611816e-01
4.541642963886260986e-01
5.055760741233825684e-01
4.644437432289123535e-01
4.974195063114166260e-01
5.234612226486206055e-01
4.325720667839050293e-01
4.944072663784027100e-01
4.953558743000030518e-01
4.866141974925994873e-01
5.023339390754699707e-01
4.481147527694702148e-01
5.077056884765625000e-01
4.892044663429260254e-01
4.210309088230133057e-01
4.896340370178222656e-01
4.665533602237701416e-01
4.634663760662078857e-01
4.327768981456756592e-01
4.566759765148162842e-01
5.167633295059204102e-01
4.821539521217346191e-01
4.755659103393554688e-01
5.198121666908264160e-01
4.649738073348999023e-01
4.903688728809356689e-01
5.054864883422851562e-01
5.117173194885253906e-01
4.953400790691375732e-01
5.026882290840148926e-01
5.025323033332824707e-01
4.936018288135528564e-01
5.075419545173645020e-01
4.760314822196960449e-01
5.197449326515197754e-01
4.999669790267944336e-01
4.676202535629272461e-01
5.097402930259704590e-01
4.785181581974029541e-01
4.601366519927978516e-01
5.143963098526000977e-01
4.967780411243438721e-01
4.768051207065582275e-01
4.895784854888916016e-01
5.069463849067687988e-01
4.451566338539123535e-01
4.606367647647857666e-01
4.836026430130004883e-01
5.064715743064880371e-01
4.331992864608764648e-01
4.856741130352020264e-01
4.940132498741149902e-01
4.290988445281982422e-01
4.838878512382507324e-01
3.842128813266754150e-01
4.418061673641204834e-01
4.823939502239227295e-01
4.870523512363433838e-01
4.661542475223541260e-01
4.930792748928070068e-01
4.593693614006042480e-01
4.877875745296478271e-01
4.841507077217102051e-01
4.530365467071533203e-01
5.235964655876159668e-01
4.916008412837982178e-01
4.595545828342437744e-01
4.972337484359741211e-01
4.878031313419342041e-01
4.348208010196685791e-01
4.706677198410034180e-01
4.923658370971679688e-01
4.243742823600769043e-01
4.592421948909759521e-01
5.010176897048950195e-01
5.178185701370239258e-01
4.927142560482025146e-01
5.265046358108520508e-01
5.710216164588928223e-01
5.657262206077575684e-01
5.574600696563720703e-01
5.455206036567687988e-01
5.008975863456726074e-01
5.224537849426269531e-01
5.084296464920043945e-01
5.281022787094116211e-01
5.348150730133056641e-01
5.157941579818725586e-01
5.198703408241271973e-01
5.248709917068481445e-01
5.291846990585327148e-01
5.413140058517456055e-01
5.601358413696289062e-01
5.587282180786132812e-01
5.551040172576904297e-01
5.635187625885009766e-01
5.593137145042419434e-01
5.288860201835632324e-01
4.948761463165283203e-01
4.716177284717559814e-01
4.447236955165863037e-01
4.722698926925659180e-01
4.438814222812652588e-01
4.289260804653167725e-01
4.789672791957855225e-01
4.493411183357238770e-01
5.005478858947753906e-01
4.806493222713470459e-01
4.936039149761199951e-01
4.837154150009155273e-01
4.799674451351165771e-01
4.535990059375762939e-01
4.867518842220306396e-01
4.506823718547821045e-01
4.953988194465637207e-01
4.853018820285797119e-01
4.532706439495086670e-01
4.056745171546936035e-01
4.580022990703582764e-01
4.679366052150726318e-01
4.849587976932525635e-01
4.221468269824981689e-01
4.937039613723754883e-01
4.810421466827392578e-01
4.725975692272186279e-01
4.597270488739013672e-01
4.417402148246765137e-01
4.602005779743194580e-01
4.646733105182647705e-01
4.863353073596954346e-01
4.962026178836822510e-01
4.761318564414978027e-01
4.742583632469177246e-01
4.497351348400115967e-01
4.550086259841918945e-01
4.699318110942840576e-01
4.662613272666931152e-01
4.600683152675628662e-01
4.695837795734405518e-01
4.723472893238067627e-01
4.661389291286468506e-01
4.872523248195648193e-01
4.980888962745666504e-01
4.689358770847320557e-01
4.710446000099182129e-01
4.745905399322509766e-01
4.454666674137115479e-01
4.595979154109954834e-01
4.571008980274200439e-01
4.796836078166961670e-01
4.800973236560821533e-01
4.975037574768066406e-01
4.771949350833892822e-01
4.851338267326354980e-01
4.972203671932220459e-01
4.856415987014770508e-01
4.484707713127136230e-01
4.917097687721252441e-01
4.687667489051818848e-01
4.651629924774169922e-01
4.652015864849090576e-01
4.705026149749755859e-01
4.488699436187744141e-01
4.780541956424713135e-01
5.113687515258789062e-01
4.697478711605072021e-01
4.074428677558898926e-01
4.696910679340362549e-01
4.988805055618286133e-01
4.713127911090850830e-01
4.762270450592041016e-01
4.683218002319335938e-01
5.182231664657592773e-01
4.879780411720275879e-01
4.865863323211669922e-01
5.101361870765686035e-01
5.031042695045471191e-01
5.130150914192199707e-01
5.036374330520629883e-01
4.854176938533782959e-01
5.064350962638854980e-01
4.759647250175476074e-01
4.935345649719238281e-01
5.084621906280517578e-01
4.584579765796661377e-01
3.796523213386535645e-01
5.035310983657836914e-01
5.109788179397583008e-01
5.059347152709960938e-01
4.859426319599151611e-01
5.074825286865234375e-01
4.970055520534515381e-01
5.022307634353637695e-01
4.638068974018096924e-01
4.982093572616577148e-01
4.852548241615295410e-01
4.931121468544006348e-01
5.111095309257507324e-01
4.994308352470397949e-01
5.146241188049316406e-01
4.810540974140167236e-01
5.059261918067932129e-01
4.813165366649627686e-01
4.871391952037811279e-01
4.925197362899780273e-01
4.941797256469726562e-01
4.808169901371002197e-01
4.678601026535034180e-01
5.023389458656311035e-01
4.619385302066802979e-01
4.526290297508239746e-01
5.099082589149475098e-01
5.126588940620422363e-01
4.861662387847900391e-01
4.849494993686676025e-01
5.082231760025024414e-01
4.782335162162780762e-01
4.953581988811492920e-01
4.856375753879547119e-01
5.037648677825927734e-01
5.256732106208801270e-01
4.956812560558319092e-01
5.203356146812438965e-01
5.098469853401184082e-01
4.804796576499938965e-01
4.827426671981811523e-01
4.910610914230346680e-01
5.106927156448364258e-01
4.824165999889373779e-01
5.110310316085815430e-01
4.917860329151153564e-01
5.138601064682006836e-01
4.923459589481353760e-01
4.872699677944183350e-01
4.851269721984863281e-01
5.115562081336975098e-01
5.064103007316589355e-01
5.027862191200256348e-01
4.774912893772125244e-01
5.148091316223144531e-01
4.730748534202575684e-01
4.887380599975585938e-01
4.775480926036834717e-01
4.949606060981750488e-01
4.816174209117889404e-01
5.148793458938598633e-01
4.566355943679809570e-01
4.417552053928375244e-01
4.629368782043457031e-01
4.971131384372711182e-01
4.473273456096649170e-01
4.829517900943756104e-01
4.323479235172271729e-01
5.099209547042846680e-01
4.717184007167816162e-01
4.706427156925201416e-01
5.211545228958129883e-01
4.924709796905517578e-01
3.655398190021514893e-01
4.876539111137390137e-01
4.518663585186004639e-01
4.038973450660705566e-01
4.838316738605499268e-01
4.555552899837493896e-01
4.713974893093109131e-01
4.626510739326477051e-01
5.540368556976318359e-01
5.387952923774719238e-01
4.206624031066894531e-01
4.905873537063598633e-01
4.201380908489227295e-01
4.202173054218292236e-01
4.701187014579772949e-01
4.838090837001800537e-01
5.540105104446411133e-01
4.505521953105926514e-01
4.971131384372711182e-01
4.977705180644989014e-01
3.757256269454956055e-01
4.115999937057495117e-01
4.655614793300628662e-01
4.353823661804199219e-01
4.307183325290679932e-01
4.590940475463867188e-01
4.945600032806396484e-01
4.692244529724121094e-01
4.595617651939392090e-01
4.278486073017120361e-01
4.636195003986358643e-01
4.745159149169921875e-01
3.831312060356140137e-01
4.483249485492706299e-01
4.448197782039642334e-01
4.488488435745239258e-01
5.672939419746398926e-01
5.308991670608520508e-01
5.010347962379455566e-01
4.810881018638610840e-01
5.526915192604064941e-01
5.584776997566223145e-01
5.199123024940490723e-01
5.086127519607543945e-01
5.368438959121704102e-01
5.343821644783020020e-01
5.873857736587524414e-01
5.323765873908996582e-01
5.579835772514343262e-01
4.924110472202301025e-01
4.797976911067962646e-01
5.212446451187133789e-01
5.678151845932006836e-01
5.227573513984680176e-01
5.142408013343811035e-01
5.519497394561767578e-01
5.623779296875000000e-01
5.628337860107421875e-01
5.361178517341613770e-01
5.702782869338989258e-01
5.346713066101074219e-01
5.127326250076293945e-01
5.412379503250122070e-01
4.877059161663055420e-01
5.220846533775329590e-01
5.399900078773498535e-01
5.595204830169677734e-01
5.291141867637634277e-01
5.777305364608764648e-01
4.107237458229064941e-01
5.429574847221374512e-01
5.138456821441650391e-01
5.273385643959045410e-01
4.862401783466339111e-01
4.751566946506500244e-01
5.668224096298217773e-01
5.336309671401977539e-01
5.569796562194824219e-01
5.453395247459411621e-01
5.468669533729553223e-01
4.772521257400512695e-01
4.697429835796356201e-01
5.225284099578857422e-01
5.101348161697387695e-01
5.702462792396545410e-01
5.695629715919494629e-01
5.784029960632324219e-01
5.190044641494750977e-01
5.301802754402160645e-01
5.814675688743591309e-01
5.386663675308227539e-01
5.326641798019409180e-01
5.423263311386108398e-01
5.297784209251403809e-01
5.324257612228393555e-01
4.438738822937011719e-01
4.752501547336578369e-01
5.054936408996582031e-01
4.960678815841674805e-01
4.924339950084686279e-01
5.034024119377136230e-01
4.545858502388000488e-01
4.837052524089813232e-01
4.284995794296264648e-01
5.656256675720214844e-01
4.451872408390045166e-01
5.253844857215881348e-01
4.806668758392333984e-01
4.912040531635284424e-01
4.585170447826385498e-01
4.783676266670227051e-01
5.108211040496826172e-01
4.941380321979522705e-01
4.868411421775817871e-01
5.317412614822387695e-01
4.714703559875488281e-01
5.126171112060546875e-01
5.216253995895385742e-01
4.618094563484191895e-01
4.321536123752593994e-01
5.330207347869873047e-01
5.149214863777160645e-01
4.932675063610076904e-01
4.794009625911712646e-01
4.415799975395202637e-01
5.064920186996459961e-01
5.131291151046752930e-01
5.087669491767883301e-01
4.921287894248962402e-01
5.052431821823120117e-01
4.826311469078063965e-01
4.654503166675567627e-01
4.757062494754791260e-01
5.123766064643859863e-01
4.471100866794586182e-01
4.985804557800292969e-01
5.133832693099975586e-01
5.288040637969970703e-01
5.039764046669006348e-01
4.955066144466400146e-01
4.977838695049285889e-01
5.098691582679748535e-01
4.961241483688354492e-01
5.237584114074707031e-01
4.614684581756591797e-01
4.664902091026306152e-01
4.955410361289978027e-01
4.712212979793548584e-01
4.776724278926849365e-01
5.289662480354309082e-01
5.148437619209289551e-01
4.034942984580993652e-01
4.891137480735778809e-01
4.198726117610931396e-01
4.845231771469116211e-01
5.356809496879577637e-01
5.174600481986999512e-01
4.629065394401550293e-01
4.722084701061248779e-01
5.010522007942199707e-01
5.033248066902160645e-01
4.906941056251525879e-01
5.228313207626342773e-01
5.223506093025207520e-01
5.105801820755004883e-01
5.226925015449523926e-01
4.809068441390991211e-01
4.770591855049133301e-01
4.609595835208892822e-01
4.715660214424133301e-01
9.887044876813888550e-02
5.057877898216247559e-01
4.614166915416717529e-01
4.477822780609130859e-01
1.297301650047302246e-01
1.407097727060317993e-01
1.775292903184890747e-01
2.046047449111938477e-01
1.255721598863601685e-01
4.768370985984802246e-01
2.193251103162765503e-01
2.270446121692657471e-01
2.775168418884277344e-01
4.893255233764648438e-01
9.595926105976104736e-02
1.639607697725296021e-01
3.658642172813415527e-01
4.566244408488273621e-02
4.559761583805084229e-01
4.472699165344238281e-01
4.863333404064178467e-01
4.751333296298980713e-01
2.247484475374221802e-01
3.947246968746185303e-01
5.083566308021545410e-01
3.715001344680786133e-01
4.097346067428588867e-01
4.569421112537384033e-01
1.132703870534896851e-01
5.502115562558174133e-02
1.507253497838973999e-01
1.459047049283981323e-01
2.469293624162673950e-01
2.137344330549240112e-01
9.962634742259979248e-02
5.798313766717910767e-02
4.297400712966918945e-01
4.766812026500701904e-01
4.732313752174377441e-01
1.729937940835952759e-01
8.016322553157806396e-02
4.145726189017295837e-02
1.259574741125106812e-01
5.566075444221496582e-01
5.216419696807861328e-01
2.876663804054260254e-01
3.708429336547851562e-01
4.980298876762390137e-01
2.400045394897460938e-01
4.643765687942504883e-01
1.013872548937797546e-01
4.974679946899414062e-01
5.022859573364257812e-01
2.389900535345077515e-01
2.241303026676177979e-01
5.109890103340148926e-01
4.928526878356933594e-01
4.973446130752563477e-01
1.109995469450950623e-01
4.760012030601501465e-01
5.198773145675659180e-01
2.063153237104415894e-01
2.057207673788070679e-01
3.374190330505371094e-01
2.010175734758377075e-01
1.862886846065521240e-01
1.833761036396026611e-01
2.217213660478591919e-01
5.056132674217224121e-01
6.139114499092102051e-02
3.884805142879486084e-01
1.693625599145889282e-01
4.960697591304779053e-01
4.919515177607536316e-02
4.808066189289093018e-01
4.950276613235473633e-01
5.083276033401489258e-01
2.274402529001235962e-01
1.613917499780654907e-01
7.424899935722351074e-02
3.217211067676544189e-01
5.048675537109375000e-01
4.907634556293487549e-01
1.249988377094268799e-01
1.092248335480690002e-01
5.225653052330017090e-01
5.568624138832092285e-01
1.012210324406623840e-01
1.603709906339645386e-01
1.399870365858078003e-01
1.955953240394592285e-01
5.834902822971343994e-02
4.332026839256286621e-01
1.380128264427185059e-01
5.899783223867416382e-02
1.163850799202919006e-01
4.409909248352050781e-02
4.695265889167785645e-01
4.743779897689819336e-01
4.893900752067565918e-01
4.035937190055847168e-01
4.792758524417877197e-01
5.062078237533569336e-01
4.478344321250915527e-01
4.790592491626739502e-01
5.045871734619140625e-01
5.313663482666015625e-01
4.985473155975341797e-01
4.879263341426849365e-01
5.321266651153564453e-01
4.838943183422088623e-01
4.949535727500915527e-01
5.174763202667236328e-01
4.721868336200714111e-01
4.784801006317138672e-01
4.494354426860809326e-01
4.815488457679748535e-01
4.501719176769256592e-01
4.759781360626220703e-01
4.046858251094818115e-01
4.615497291088104248e-01
4.262757599353790283e-01
4.505972564220428467e-01
4.721868336200714111e-01
4.795433580875396729e-01
5.737180113792419434e-01
4.297575950622558594e-01
5.705308914184570312e-01
4.811148047447204590e-01
4.841722249984741211e-01
4.854960739612579346e-01
4.509259462356567383e-01
4.481032788753509521e-01
4.385209679603576660e-01
4.326630532741546631e-01
4.967321455478668213e-01
4.847882986068725586e-01
4.916275739669799805e-01
4.803862273693084717e-01
4.513091146945953369e-01
4.703539311885833740e-01
4.859358668327331543e-01
4.987929463386535645e-01
4.780925512313842773e-01
5.190094113349914551e-01
4.716751277446746826e-01
4.702586829662322998e-01
4.951153099536895752e-01
4.773493409156799316e-01
5.088187456130981445e-01
4.806980192661285400e-01
4.893458187580108643e-01
4.845786690711975098e-01
5.124243497848510742e-01
3.791993260383605957e-01
4.718243181705474854e-01
4.275360107421875000e-01
4.834210276603698730e-01
4.652139246463775635e-01
4.057600498199462891e-01
4.029953181743621826e-01
4.616341590881347656e-01
5.547942519187927246e-01
4.926110208034515381e-01
5.468264818191528320e-01
5.520557761192321777e-01
5.566336512565612793e-01
5.246195793151855469e-01
5.357776284217834473e-01
5.295969247817993164e-01
5.443040132522583008e-01
4.939550161361694336e-01
4.430411159992218018e-01
4.592199623584747314e-01
5.203438997268676758e-01
4.342044591903686523e-01
5.038085579872131348e-01
4.629217982292175293e-01
4.874626398086547852e-01
4.116493165493011475e-01
5.057182312011718750e-01
4.730821847915649414e-01
4.809688329696655273e-01
5.002531409263610840e-01
5.147458910942077637e-01
4.876182079315185547e-01
5.121789574623107910e-01
5.112929344177246094e-01
5.040447711944580078e-01
4.956227242946624756e-01
4.798934757709503174e-01
4.812960922718048096e-01
5.144460201263427734e-01
5.159168243408203125e-01
4.518842399120330811e-01
4.734439253807067871e-01
4.541642963886260986e-01
4.866141974925994873e-01
4.665533602237701416e-01
4.566759765148162842e-01
5.054864883422851562e-01
4.953400790691375732e-01
4.760314822196960449e-01
5.064715743064880371e-01
4.838878512382507324e-01
4.877875745296478271e-01
4.841507077217102051e-01
5.235964655876159668e-01
4.923658370971679688e-01
4.927142560482025146e-01
5.348150730133056641e-01
5.413140058517456055e-01
4.447236955165863037e-01
4.722698926925659180e-01
4.289260804653167725e-01
4.056745171546936035e-01
4.602005779743194580e-01
4.646733105182647705e-01
4.699318110942840576e-01
4.662613272666931152e-01
4.745905399322509766e-01
4.454666674137115479e-01
4.687667489051818848e-01
4.652015864849090576e-01
4.488699436187744141e-01
5.064350962638854980e-01
4.759647250175476074e-01
3.796523213386535645e-01
4.852548241615295410e-01
4.813165366649627686e-01
4.871391952037811279e-01
4.925197362899780273e-01
4.953581988811492920e-01
4.804796576499938965e-01
5.106927156448364258e-01
4.917860329151153564e-01
4.730748534202575684e-01
4.566355943679809570e-01
4.417552053928375244e-01
4.323479235172271729e-01
3.655398190021514893e-01
4.518663585186004639e-01
4.655614793300628662e-01
4.745159149169921875e-01
4.448197782039642334e-01
5.308991670608520508e-01
5.323765873908996582e-01
4.797976911067962646e-01
5.623779296875000000e-01
5.412379503250122070e-01
5.220846533775329590e-01
5.190044641494750977e-01
5.386663675308227539e-01
4.924339950084686279e-01
5.034024119377136230e-01
5.253844857215881348e-01
4.585170447826385498e-01
4.794009625911712646e-01
4.654503166675567627e-01
5.148437619209289551e-01
4.198726117610931396e-01
5.356809496879577637e-01
4.722084701061248779e-01
5.010522007942199707e-01
5.226925015449523926e-01
4.770591855049133301e-01
5.112506747245788574e-01
4.792758524417877197e-01
4.719437658786773682e-01
5.189881324768066406e-01
4.830920696258544922e-01
5.194184184074401855e-01
4.425797164440155029e-01
5.099105238914489746e-01
5.040838718414306641e-01
5.083615183830261230e-01
4.459441006183624268e-01
4.939639270305633545e-01
4.879619181156158447e-01
4.775524437427520752e-01
4.479492604732513428e-01
4.708768427371978760e-01
4.887145757675170898e-01
4.946704804897308350e-01
4.770093262195587158e-01
4.771507680416107178e-01
5.182450413703918457e-01
4.430497884750366211e-01
4.733717739582061768e-01
4.497147202491760254e-01
4.452922642230987549e-01
4.719751477241516113e-01
5.614070296287536621e-01
5.278231501579284668e-01
5.287461280822753906e-01
5.460454821586608887e-01
5.687566399574279785e-01
4.997755587100982666e-01
4.808656573295593262e-01
4.693660736083984375e-01
4.647509753704071045e-01
4.448931515216827393e-01
4.348075389862060547e-01
4.998376965522766113e-01
4.918392598628997803e-01
4.264174103736877441e-01
4.570179879665374756e-01
4.794783592224121094e-01
4.938403964042663574e-01
4.839732646942138672e-01
4.971220791339874268e-01
4.780061841011047363e-01
4.766211807727813721e-01
4.778729677200317383e-01
4.959065318107604980e-01
4.895461201667785645e-01
4.683485627174377441e-01
5.293539166450500488e-01
4.999000132083892822e-01
5.088424086570739746e-01
4.563585221767425537e-01
4.249221682548522949e-01
4.923033118247985840e-01
4.727037250995635986e-01
4.537383317947387695e-01
4.577707648277282715e-01
4.768013358116149902e-01
4.631457924842834473e-01
4.672721922397613525e-01
4.668102264404296875e-01
4.420591294765472412e-01
4.098311662673950195e-01
5.255673527717590332e-01
4.526638984680175781e-01
5.384703874588012695e-01
4.774410128593444824e-01
5.331020951271057129e-01
5.048288106918334961e-01
3.506223857402801514e-01
5.234590172767639160e-01
4.498628973960876465e-01
5.077839493751525879e-01
5.593827962875366211e-01
5.772149562835693359e-01
4.337841868400573730e-01
5.195618867874145508e-01
4.695419967174530029e-01
4.920666217803955078e-01
4.573251008987426758e-01
4.560930728912353516e-01
4.659262001514434814e-01
4.732179045677185059e-01
4.462352097034454346e-01
4.280193746089935303e-01
5.365067124366760254e-01
4.968133568763732910e-01
4.219195246696472168e-01
5.087961554527282715e-01
4.986546635627746582e-01
5.023630261421203613e-01
4.734976887702941895e-01
4.772031903266906738e-01
4.788495898246765137e-01
4.805678725242614746e-01
5.151697993278503418e-01
5.084306001663208008e-01
4.400175809860229492e-01
4.902399182319641113e-01
4.876563549041748047e-01
4.036968648433685303e-01
4.503796696662902832e-01
4.382832348346710205e-01
4.494354426860809326e-01
4.303931295871734619e-01
4.545289576053619385e-01
4.748598337173461914e-01
4.754154086112976074e-01
4.883824288845062256e-01
5.271247625350952148e-01
4.477964639663696289e-01
4.243277311325073242e-01
4.521027207374572754e-01
4.621846079826354980e-01
5.360540747642517090e-01
4.626630246639251709e-01
4.781860709190368652e-01
4.923211038112640381e-01
4.899539947509765625e-01
4.118252992630004883e-01
4.888110160827636719e-01
4.666020870208740234e-01
4.893238544464111328e-01
4.941043853759765625e-01
4.548320770263671875e-01
4.616333246231079102e-01
5.090295076370239258e-01
4.946904182434082031e-01
4.967040419578552246e-01
4.862346053123474121e-01
5.117263793945312500e-01
5.163601636886596680e-01
4.766211807727813721e-01
5.048232674598693848e-01
4.908994734287261963e-01
4.602991640567779541e-01
4.954475164413452148e-01
4.977608323097229004e-01
5.044582486152648926e-01
4.653854072093963623e-01
5.214506387710571289e-01
4.611383974552154541e-01
4.503147006034851074e-01
4.864474833011627197e-01
4.780581593513488770e-01
4.729428887367248535e-01
4.125132858753204346e-01
5.499888658523559570e-01
5.417218208312988281e-01
5.563427805900573730e-01
4.895135760307312012e-01
4.792231619358062744e-01
5.739859938621520996e-01
5.540441274642944336e-01
4.742438793182373047e-01
4.397361874580383301e-01
4.865269958972930908e-01
4.630382657051086426e-01
5.082175135612487793e-01
4.905249774456024170e-01
4.786241352558135986e-01
4.719084501266479492e-01
4.278931915760040283e-01
4.377881586551666260e-01
4.556433856487274170e-01
4.613340198993682861e-01
4.865803420543670654e-01
4.871564507484436035e-01
5.990762636065483093e-02
6.916910409927368164e-02
2.019844651222229004e-01
6.041499972343444824e-02
1.869895458221435547e-01
2.164544910192489624e-01
4.884641468524932861e-01
1.810106635093688965e-01
1.471066176891326904e-01
9.652032703161239624e-02
1.769208759069442749e-01
3.586502969264984131e-01
4.395132064819335938e-01
4.138132929801940918e-01
5.090152025222778320e-01
1.987431049346923828e-01
5.115330815315246582e-01
3.868645727634429932e-01
5.017672777175903320e-01
2.204494625329971313e-01
5.022997856140136719e-01
5.018918514251708984e-01
1.090255007147789001e-01
9.310191869735717773e-02
1.360736787319183350e-01
9.164912998676300049e-02
1.673074513673782349e-01
3.962008357048034668e-01
2.534426450729370117e-01
1.755412966012954712e-01
1.945795863866806030e-01
2.598606348037719727e-01
1.346019059419631958e-01
3.316939771175384521e-01
1.525674462318420410e-01
1.228556856513023376e-01
5.726710334420204163e-02
1.144215464591979980e-01
1.137515977025032043e-01
7.923300564289093018e-02
3.528827726840972900e-01
1.015181615948677063e-01
9.998244792222976685e-02
1.454256027936935425e-01
2.203461974859237671e-01
4.772502183914184570e-01
4.663464426994323730e-01
4.224654734134674072e-01
5.265941619873046875e-01
5.174461603164672852e-01
4.207648932933807373e-01
5.245860815048217773e-01
5.159890055656433105e-01
5.015534758567810059e-01
3.536576926708221436e-01
5.205956697463989258e-01
4.304355680942535400e-01
5.376845598220825195e-01
3.452632427215576172e-01
5.327618718147277832e-01
5.053054690361022949e-01
3.476357161998748779e-01
3.553214669227600098e-01
2.177472412586212158e-01
3.599813580513000488e-01
4.974315464496612549e-01
3.755838274955749512e-01
5.048335194587707520e-01
4.897251427173614502e-01
5.275998115539550781e-01
5.088289380073547363e-01
5.117969512939453125e-01
4.449009299278259277e-01
5.088797211647033691e-01
5.533534884452819824e-01
5.239931344985961914e-01
5.624965429306030273e-01
2.079112976789474487e-01
2.134899199008941650e-01
1.669892072677612305e-01
1.110679060220718384e-01
5.001568794250488281e-01
4.525064527988433838e-01
5.077300071716308594e-01
2.420407533645629883e-01
4.900270402431488037e-01
6.338457018136978149e-02
6.619185954332351685e-02
