9.997410178184509277e-01
9.999361038208007812e-01
9.865444302558898926e-01
9.145198464393615723e-01
8.337959051132202148e-01
9.929084777832031250e-01
9.493661522865295410e-01
9.241307377815246582e-01
9.276915192604064941e-01
9.459130764007568359e-01
9.842751622200012207e-01
8.974264860153198242e-01
9.977703094482421875e-01
9.954031705856323242e-01
8.777012825012207031e-01
8.789655566215515137e-01
9.875512719154357910e-01
9.883964657783508301e-01
8.746214509010314941e-01
9.969430565834045410e-01
9.249252676963806152e-01
9.902889728546142578e-01
9.509706497192382812e-01
9.923529028892517090e-01
9.459845423698425293e-01
9.848472476005554199e-01
9.962764382362365723e-01
9.985866546630859375e-01
9.995063543319702148e-01
8.686439990997314453e-01
9.996459484100341797e-01
8.768852353096008301e-01
9.768176078796386719e-01
9.933778643608093262e-01
9.997461438179016113e-01
9.914207458496093750e-01
9.918879866600036621e-01
9.868245720863342285e-01
9.482769966125488281e-01
9.849766492843627930e-01
8.418651819229125977e-01
9.016500711441040039e-01
9.985124468803405762e-01
8.720945715904235840e-01
9.461533427238464355e-01
9.008321762084960938e-01
8.778400421142578125e-01
8.529990315437316895e-01
9.394742846488952637e-01
8.936040401458740234e-01
9.975661039352416992e-01
9.216346740722656250e-01
8.526684045791625977e-01
1.000000000000000000e+00
9.292661547660827637e-01
8.421426415443420410e-01
9.862536191940307617e-01
9.171976447105407715e-01
9.353924393653869629e-01
9.981821775436401367e-01
9.988262057304382324e-01
9.935048818588256836e-01
9.620354771614074707e-01
8.773166537284851074e-01
9.611967206001281738e-01
7.511947304010391235e-02
8.874340653419494629e-01
9.852194786071777344e-01
8.122918605804443359e-01
8.766012787818908691e-01
9.919130802154541016e-01
9.858613014221191406e-01
8.955642580986022949e-01
9.495940804481506348e-01
9.931520223617553711e-01
8.359238505363464355e-01
9.254694581031799316e-01
9.639098048210144043e-01
9.604480266571044922e-01
9.060515761375427246e-01
8.785657286643981934e-01
9.857923388481140137e-01
9.383071660995483398e-01
8.032271265983581543e-01
9.168474078178405762e-01
8.713031411170959473e-01
9.962526559829711914e-01
9.073522090911865234e-01
9.800611734390258789e-01
8.805099725723266602e-01
9.938807487487792969e-01
9.915083646774291992e-01
9.303797483444213867e-01
9.767448306083679199e-01
9.432140588760375977e-01
9.987320303916931152e-01
9.730841517448425293e-01
9.867764115333557129e-01
9.136726856231689453e-01
8.778430223464965820e-01
9.105223417282104492e-01
9.828351140022277832e-01
9.344150424003601074e-01
9.353994727134704590e-01
9.832053780555725098e-01
9.825746417045593262e-01
9.831415414810180664e-01
9.117703437805175781e-01
9.219574928283691406e-01
9.170931577682495117e-01
9.343791007995605469e-01
9.082503318786621094e-01
9.422429203987121582e-01
8.997321128845214844e-01
9.850445389747619629e-01
8.817459940910339355e-01
9.032033681869506836e-01
9.606851935386657715e-01
9.469148516654968262e-01
9.976776242256164551e-01
9.561430215835571289e-01
9.869357943534851074e-01
9.772982001304626465e-01
9.414771199226379395e-01
9.948712587356567383e-01
9.078056216239929199e-01
9.104772210121154785e-01
8.106869459152221680e-01
9.969815611839294434e-01
9.927448034286499023e-01
9.860427975654602051e-01
9.769489169120788574e-01
9.423873424530029297e-01
9.387197494506835938e-01
9.886388778686523438e-01
8.379808068275451660e-01
9.735280871391296387e-01
9.681648015975952148e-01
9.620817303657531738e-01
9.357836842536926270e-01
9.234441518783569336e-01
9.978935122489929199e-01
9.708395600318908691e-01
9.510886073112487793e-01
9.853202700614929199e-01
8.051450848579406738e-01
8.553992509841918945e-01
8.138093948364257812e-01
9.867861866950988770e-01
9.972808361053466797e-01
9.952239394187927246e-01
9.476171135902404785e-01
9.763895869255065918e-01
9.378414154052734375e-01
9.861987829208374023e-01
9.675672650337219238e-01
9.868586063385009766e-01
9.956443309783935547e-01
9.822313189506530762e-01
9.707349538803100586e-01
9.353449940681457520e-01
9.733822345733642578e-01
8.238001465797424316e-01
9.944922924041748047e-01
9.951102137565612793e-01
9.926141500473022461e-01
9.530138373374938965e-01
9.796575903892517090e-01
9.975196719169616699e-01
9.571323990821838379e-01
9.089587926864624023e-01
9.770325422286987305e-01
9.613889455795288086e-01
9.842666983604431152e-01
9.763093590736389160e-01
9.464282393455505371e-01
9.615393877029418945e-01
9.310224056243896484e-01
9.633553028106689453e-01
9.944386482238769531e-01
9.669094085693359375e-01
9.660415053367614746e-01
9.913259148597717285e-01
9.600747227668762207e-01
9.949458241462707520e-01
9.679365754127502441e-01
9.772401452064514160e-01
9.683171510696411133e-01
9.746029973030090332e-01
9.918177127838134766e-01
8.885832428932189941e-01
9.471830129623413086e-01
9.793072938919067383e-01
9.897267222404479980e-01
9.386927485466003418e-01
9.980142116546630859e-01
9.003610610961914062e-01
9.315274953842163086e-01
9.253247380256652832e-01
9.753950238227844238e-01
9.687406420707702637e-01
9.919298887252807617e-01
9.745019078254699707e-01
9.985420703887939453e-01
9.718027114868164062e-01
9.484915137290954590e-01
9.155102372169494629e-01
9.469726085662841797e-01
9.957386255264282227e-01
9.535971283912658691e-01
9.157457947731018066e-01
9.551675319671630859e-01
9.441451430320739746e-01
9.768301248550415039e-01
9.975904226303100586e-01
9.871352314949035645e-01
9.942948222160339355e-01
9.530183672904968262e-01
9.738387465476989746e-01
9.763160347938537598e-01
9.275919198989868164e-01
9.951006770133972168e-01
9.836614727973937988e-01
9.743928909301757812e-01
9.940259456634521484e-01
9.457231760025024414e-01
9.605314135551452637e-01
9.552375674247741699e-01
9.850723147392272949e-01
9.938826560974121094e-01
9.397912025451660156e-01
9.401117563247680664e-01
9.273188710212707520e-01
9.941055774688720703e-01
9.827980399131774902e-01
9.865952730178833008e-01
9.750604629516601562e-01
9.919800758361816406e-01
9.999414682388305664e-01
9.855426549911499023e-01
9.757094383239746094e-01
9.577115774154663086e-01
9.669340252876281738e-01
9.888769984245300293e-01
5.524716377258300781e-01
5.790917873382568359e-01
9.742076396942138672e-01
9.949754476547241211e-01
9.827451109886169434e-01
5.666987299919128418e-01
7.369422316551208496e-01
9.876645207405090332e-01
9.780258536338806152e-01
9.932664632797241211e-01
4.394387602806091309e-01
9.987387061119079590e-01
9.916344881057739258e-01
9.833190441131591797e-01
9.979112744331359863e-01
9.944187402725219727e-01
9.974135756492614746e-01
9.655475020408630371e-01
8.928887844085693359e-01
6.051806211471557617e-01
6.435222029685974121e-01
9.705349206924438477e-01
9.984049201011657715e-01
9.934734702110290527e-01
6.949005126953125000e-01
9.973900914192199707e-01
9.606201648712158203e-01
9.950159192085266113e-01
8.275592327117919922e-01
9.705390930175781250e-01
9.989474415779113770e-01
9.839087128639221191e-01
9.849870800971984863e-01
9.888450503349304199e-01
9.772145152091979980e-01
9.768855571746826172e-01
9.973136782646179199e-01
9.662274718284606934e-01
9.252125620841979980e-01
8.881288766860961914e-01
9.047095179557800293e-01
9.949529170989990234e-01
9.929276108741760254e-01
9.936928749084472656e-01
9.821149110794067383e-01
9.854089617729187012e-01
9.703309535980224609e-01
9.880293011665344238e-01
8.435025215148925781e-01
7.488453984260559082e-01
9.942803382873535156e-01
9.918570518493652344e-01
9.996522665023803711e-01
9.700129628181457520e-01
9.818331003189086914e-01
9.976457953453063965e-01
9.841167330741882324e-01
9.974814057350158691e-01
9.801653623580932617e-01
6.496757268905639648e-01
8.008298873901367188e-01
9.973536729812622070e-01
9.442433714866638184e-01
8.528556227684020996e-01
9.971460700035095215e-01
9.902984499931335449e-01
8.785707950592041016e-01
9.904438853263854980e-01
6.270164251327514648e-01
9.929632544517517090e-01
9.855955839157104492e-01
9.874588251113891602e-01
7.013632655143737793e-01
9.964361190795898438e-01
9.945360422134399414e-01
9.401339292526245117e-01
6.765671968460083008e-01
9.833849668502807617e-01
9.699900746345520020e-01
9.914173483848571777e-01
5.147386193275451660e-01
8.019813895225524902e-01
9.904920458793640137e-01
4.106844663619995117e-01
8.581179976463317871e-01
9.991043210029602051e-01
8.494015336036682129e-01
9.595407247543334961e-01
1.724282801151275635e-01
8.547428846359252930e-01
6.624370813369750977e-01
9.921581745147705078e-01
9.786292314529418945e-01
7.013204693794250488e-01
8.465581536293029785e-01
7.813174128532409668e-01
9.896962642669677734e-01
9.446305036544799805e-01
6.526002883911132812e-01
9.983376264572143555e-01
7.390602231025695801e-01
6.980655789375305176e-01
9.223859906196594238e-01
9.855890870094299316e-01
9.833849668502807617e-01
9.598304629325866699e-01
9.873400330543518066e-01
4.462167322635650635e-01
9.789063930511474609e-01
6.690628528594970703e-01
4.536078870296478271e-01
8.393011093139648438e-01
7.554352283477783203e-01
6.651827692985534668e-01
9.956421852111816406e-01
5.932794809341430664e-01
9.333377480506896973e-01
8.194746375083923340e-01
4.749583601951599121e-01
7.199803590774536133e-01
7.053810954093933105e-01
8.293873071670532227e-01
9.602831006050109863e-01
9.495476484298706055e-01
9.182242155075073242e-01
8.214058279991149902e-01
9.432784318923950195e-01
9.599220156669616699e-01
9.625237584114074707e-01
9.589268565177917480e-01
8.631538152694702148e-01
9.169164299964904785e-01
9.893611073493957520e-01
9.785853624343872070e-01
8.688401579856872559e-01
8.111050128936767578e-01
9.467854499816894531e-01
8.430566787719726562e-01
8.763642907142639160e-01
9.259067773818969727e-01
9.764676690101623535e-01
6.590782403945922852e-01
9.317086338996887207e-01
9.548231959342956543e-01
9.814319610595703125e-01
9.711797833442687988e-01
9.454666972160339355e-01
8.264397978782653809e-01
9.075270295143127441e-01
8.014266490936279297e-01
9.130977392196655273e-01
9.475634694099426270e-01
9.580809473991394043e-01
8.573997616767883301e-01
9.376829266548156738e-01
9.426057934761047363e-01
6.464020013809204102e-01
9.133034348487854004e-01
9.907735586166381836e-01
9.602346420288085938e-01
9.310594201087951660e-01
9.635563492774963379e-01
9.531258940696716309e-01
9.432651400566101074e-01
8.090634942054748535e-01
9.929291605949401855e-01
8.789486885070800781e-01
9.064317345619201660e-01
7.236585021018981934e-01
9.640108942985534668e-01
9.151209592819213867e-01
8.834016323089599609e-01
9.522941708564758301e-01
8.697332143783569336e-01
9.623439908027648926e-01
9.688238501548767090e-01
8.383808135986328125e-01
9.462782144546508789e-01
9.599807262420654297e-01
7.635135650634765625e-01
9.609856605529785156e-01
8.397326618432998657e-02
9.290812611579895020e-01
9.958654642105102539e-01
9.883538484573364258e-01
9.262832999229431152e-01
9.936502575874328613e-01
9.871762394905090332e-01
9.245740771293640137e-01
9.547643065452575684e-01
9.587525129318237305e-01
9.485812187194824219e-01
9.943777918815612793e-01
9.957939386367797852e-01
9.771537780761718750e-01
8.918650746345520020e-01
9.224286675453186035e-01
9.677324891090393066e-01
9.079080224037170410e-01
9.353256225585937500e-01
9.578045010566711426e-01
9.736896753311157227e-01
9.831193089485168457e-01
9.813515543937683105e-01
9.838722348213195801e-01
9.382878541946411133e-01
9.608858823776245117e-01
9.078134894371032715e-01
9.658414125442504883e-01
7.519283145666122437e-02
9.600228071212768555e-01
9.857041239738464355e-01
9.916464686393737793e-01
9.602295756340026855e-01
9.652770757675170898e-01
9.989873766899108887e-01
8.937506079673767090e-01
9.949177503585815430e-01
9.219340682029724121e-01
9.617140889167785645e-01
9.404304623603820801e-01
9.124962091445922852e-01
9.915091991424560547e-01
8.142737746238708496e-01
9.359160661697387695e-01
9.996293783187866211e-01
9.956964254379272461e-01
9.581728577613830566e-01
9.429666996002197266e-01
9.217396378517150879e-01
9.854723811149597168e-01
9.715412855148315430e-01
9.951524734497070312e-01
9.987730383872985840e-01
8.555549979209899902e-01
7.773734927177429199e-01
9.485994577407836914e-01
9.414702057838439941e-01
9.990314245223999023e-01
9.512282609939575195e-01
9.561251401901245117e-01
9.159361720085144043e-01
9.846839308738708496e-01
9.149651527404785156e-01
9.756006002426147461e-01
9.983048439025878906e-01
9.899874329566955566e-01
9.318535327911376953e-01
9.962337613105773926e-01
9.996365308761596680e-01
8.536252975463867188e-01
9.462770819664001465e-01
9.879436492919921875e-01
9.347215294837951660e-01
9.371970295906066895e-01
9.083331227302551270e-01
7.831813097000122070e-01
2.972587011754512787e-02
8.821950905257835984e-05
6.124153733253479004e-04
3.145198803395032883e-03
3.113511949777603149e-03
4.318720602896064520e-04
6.268306751735508442e-04
1.042223814874887466e-02
6.803397536277770996e-01
6.621371139772236347e-04
1.318019931204617023e-03
7.238507736474275589e-03
5.513652786612510681e-02
9.504525922238826752e-03
1.058339793235063553e-02
7.707536965608596802e-02
1.499590929597616196e-02
4.201858490705490112e-02
1.326883584260940552e-02
1.728259609080851078e-03
1.617768593132495880e-02
1.478098449297249317e-03
6.807693862356245518e-04
4.255340248346328735e-02
1.037145033478736877e-02
5.315212067216634750e-03
2.730732597410678864e-02
7.373983389697968960e-04
3.355166688561439514e-02
2.238871529698371887e-02
2.635417506098747253e-03
1.311052707023918629e-03
4.088150262832641602e-01
1.918050087988376617e-02
4.014754202216863632e-03
8.138534612953662872e-04
4.549014866352081299e-01
3.615230089053511620e-04
1.315538655035197735e-03
8.530861698091030121e-03
2.263873629271984100e-02
1.607681624591350555e-02
1.176442485302686691e-02
2.172429114580154419e-03
3.508800268173217773e-01
1.586936786770820618e-02
1.136306859552860260e-02
1.110778321162797511e-04
1.207737834192812443e-03
7.565171690657734871e-04
9.933954477310180664e-02
1.294588088057935238e-03
6.839972920715808868e-04
7.973200990818440914e-04
4.711600765585899353e-02
4.548203200101852417e-03
1.706857117824256420e-03
6.719291955232620239e-02
3.084533615037798882e-03
3.249701694585382938e-04
1.020627468824386597e-02
1.892577973194420338e-03
6.078894436359405518e-02
4.694146104156970978e-03
4.001093506813049316e-01
6.452659144997596741e-03
3.196374746039509773e-03
1.826392486691474915e-02
7.825240609236061573e-04
3.973373386543244123e-04
2.957029454410076141e-02
5.996403750032186508e-03
9.032668918371200562e-02
1.861038058996200562e-02
3.406735658645629883e-01
1.745043694972991943e-02
8.876369684003293514e-04
1.835795342922210693e-01
1.780362240970134735e-02
1.137843169271945953e-02
6.313806772232055664e-02
3.258129348978400230e-03
3.013412654399871826e-02
1.178402733057737350e-02
2.166663669049739838e-02
1.570231467485427856e-02
5.382468458265066147e-03
1.798255136236548424e-03
1.438921876251697540e-02
1.175736915320158005e-02
2.092107981443405151e-01
1.733447611331939697e-02
3.301670541986823082e-03
8.883425965905189514e-03
3.409942388534545898e-01
3.086576610803604126e-02
6.960501777939498425e-04
2.286091446876525879e-02
1.198181416839361191e-02
2.878375351428985596e-02
1.009436906315386295e-03
1.021871995180845261e-02
2.929348847828805447e-04
1.604202389717102051e-01
1.449405332095921040e-03
5.403690505772829056e-03
6.569744646549224854e-02
5.717762559652328491e-02
7.200380787253379822e-03
4.810443206224590540e-04
4.371337965130805969e-02
6.542098126374185085e-04
4.293506965041160583e-03
6.534402491524815559e-04
3.241399675607681274e-02
1.447898830519989133e-04
6.773836910724639893e-03
7.555753458291292191e-03
9.446237981319427490e-02
3.984645754098892212e-02
2.909391559660434723e-02
1.111010462045669556e-02
1.688503846526145935e-02
1.611883752048015594e-03
2.245185673236846924e-01
1.366449985653162003e-02
9.860789030790328979e-02
2.008296176791191101e-02
1.130232401192188263e-02
6.056386046111583710e-04
6.741412449628114700e-03
7.235602475702762604e-03
6.719659268856048584e-02
1.167750917375087738e-03
3.168750181794166565e-02
7.638406474143266678e-03
8.873644284904003143e-03
3.954381123185157776e-02
2.137492178007960320e-03
3.560077399015426636e-03
3.078330308198928833e-03
1.231034693773835897e-04
1.473284233361482620e-02
1.395256491377949715e-03
3.723298385739326477e-02
7.345329504460096359e-03
8.465319871902465820e-03
1.673869043588638306e-02
8.786261081695556641e-03
2.056436240673065186e-02
1.019116025418043137e-02
6.279509980231523514e-04
2.533429767936468124e-03
2.099138451740145683e-03
4.279598128050565720e-03
1.668064296245574951e-01
2.585588768124580383e-02
2.677170268725603819e-04
7.474239449948072433e-03
2.350430237129330635e-03
3.916956949979066849e-03
3.586677135899662971e-03
6.931439507752656937e-03
1.183558441698551178e-02
1.779533028602600098e-01
2.950668521225452423e-02
9.832929354161024094e-04
6.309002637863159180e-03
8.548164740204811096e-03
1.764466403983533382e-03
1.184721128083765507e-03
3.545101790223270655e-04
5.922413896769285202e-03
3.956825286149978638e-02
4.420428071171045303e-03
5.383226275444030762e-01
7.749274373054504395e-04
5.858523072674870491e-04
1.545520778745412827e-02
1.647739904001355171e-03
7.095161825418472290e-03
1.437499304302036762e-03
2.686556428670883179e-03
5.596884060651063919e-03
2.939286269247531891e-02
4.418210592120885849e-03
1.267954357899725437e-03
2.967095701023936272e-03
6.512113809585571289e-01
6.766812875866889954e-04
5.626573693007230759e-04
3.069364174734801054e-04
1.492575090378522873e-02
3.163136914372444153e-02
7.638493552803993225e-04
2.589573711156845093e-02
2.401300240308046341e-03
3.879927331581711769e-03
2.947336994111537933e-02
4.680047929286956787e-02
5.514955893158912659e-02
1.048436574637889862e-02
1.245267875492572784e-02
1.301615615375339985e-03
3.661117851734161377e-01
4.743807017803192139e-02
8.655508048832416534e-03
3.641632571816444397e-02
1.829941902542486787e-04
2.553425431251525879e-01
2.904536388814449310e-02
2.453937195241451263e-03
1.215498335659503937e-02
4.613648052327334881e-04
1.427797414362430573e-02
9.796119993552565575e-04
1.372671686112880707e-04
4.033179581165313721e-02
1.519649405963718891e-03
1.729934103786945343e-02
4.657372459769248962e-02
3.016437031328678131e-02
1.316909445449709892e-03
9.143163450062274933e-03
3.510641679167747498e-02
6.144933402538299561e-02
7.930971682071685791e-03
1.050679478794336319e-03
1.262422534637153149e-03
1.292221806943416595e-02
5.014144117012619972e-04
4.686362296342849731e-02
1.494216034188866615e-03
1.360629405826330185e-02
5.767865478992462158e-02
7.478523999452590942e-02
5.182556342333555222e-03
3.955222368240356445e-01
4.653864074498414993e-03
1.865289290435612202e-03
1.045556459575891495e-02
3.611867129802703857e-02
8.738563046790659428e-04
1.031356956809759140e-02
1.768837124109268188e-02
8.555490523576736450e-03
1.954269595444202423e-03
3.845954779535531998e-03
1.156898724730126560e-04
6.584136746823787689e-03
5.385691300034523010e-03
2.507058437913656235e-03
5.069738626480102539e-02
5.555580835789442062e-03
2.912586927413940430e-02
5.904798582196235657e-02
2.487740013748407364e-03
1.873449608683586121e-02
4.689648281782865524e-03
2.240592148154973984e-03
3.742478042840957642e-02
7.245643646456301212e-04
4.104527831077575684e-02
6.171653419733047485e-02
1.026181969791650772e-02
3.475781530141830444e-02
3.213470627088099718e-04
4.935807664878666401e-04
3.148235008120536804e-02
1.399868167936801910e-03
1.072860695421695709e-02
6.827507750131189823e-04
1.510394853539764881e-03
3.120776712894439697e-01
7.297967374324798584e-02
1.396666653454303741e-02
5.094162188470363617e-03
1.095021027140319347e-03
4.141318053007125854e-02
5.983326584100723267e-03
1.401001401245594025e-02
2.532663755118846893e-02
2.662361785769462585e-02
1.648545265197753906e-02
1.584224286489188671e-03
9.514892473816871643e-03
1.083494909107685089e-02
2.670173346996307373e-02
1.149725401774048805e-03
9.218943305313587189e-03
1.357573643326759338e-02
1.502051111310720444e-02
4.951351322233676910e-03
1.725747436285018921e-02
1.377790421247482300e-02
7.441814243793487549e-02
3.863265365362167358e-02
6.741157174110412598e-02
5.282835364341735840e-01
2.172703482210636139e-02
9.321833029389381409e-03
2.204939909279346466e-02
1.105559524148702621e-02
2.395557938143610954e-03
2.784922486171126366e-03
4.169329535216093063e-03
3.175149857997894287e-01
2.516709500923752785e-03
8.659060113131999969e-03
2.462928649038076401e-03
2.630741568282246590e-03
5.340718850493431091e-02
3.765016421675682068e-02
8.290579542517662048e-03
1.249863673001527786e-02
1.660552574321627617e-03
1.471977098844945431e-03
6.453668326139450073e-02
3.055327385663986206e-02
5.380235612392425537e-03
5.502502247691154480e-02
1.498969085514545441e-02
9.335194714367389679e-03
2.424955815076828003e-01
3.172977128997445107e-03
5.427213385701179504e-03
1.389128342270851135e-02
7.072673738002777100e-02
4.780947417020797729e-02
5.144738242961466312e-04
6.504870485514402390e-03
1.108955708332359791e-03
3.155126050114631653e-02
9.339208714663982391e-03
6.079335883259773254e-02
8.072134852409362793e-02
3.476336714811623096e-04
3.038104437291622162e-02
9.514289908111095428e-03
7.366603240370750427e-03
3.105069510638713837e-03
1.407552603632211685e-02
9.734514169394969940e-03
2.063505724072456360e-02
3.822336904704570770e-03
3.669148683547973633e-02
6.216987036168575287e-03
4.581075918395072222e-04
9.669280610978603363e-03
2.116758003830909729e-02
4.922363441437482834e-03
2.118976786732673645e-03
5.007718876004219055e-02
1.100002080202102661e-01
1.012993976473808289e-01
1.876189559698104858e-02
6.906048860400915146e-03
8.488445542752742767e-03
1.989697217941284180e-01
1.106178015470504761e-02
7.516337558627128601e-03
4.091880284249782562e-03
5.315287504345178604e-03
1.235874486155807972e-03
6.471971515566110611e-03
7.884114049375057220e-03
7.366382330656051636e-02
1.110611297190189362e-02
7.213052362203598022e-02
3.231671871617436409e-03
1.232784017920494080e-01
5.389692960307002068e-04
5.126415751874446869e-03
3.133760066702961922e-03
1.846707910299301147e-01
1.831255480647087097e-02
4.090825095772743225e-02
5.278757889755070210e-04
1.479202474001795053e-04
1.751423440873622894e-02
3.641131334006786346e-03
2.150023281574249268e-01
2.402029559016227722e-02
1.366320252418518066e-02
1.436809543520212173e-03
2.774298423901200294e-03
8.881301619112491608e-03
1.018696650862693787e-02
9.278146550059318542e-03
3.810341004282236099e-04
5.974791012704372406e-03
4.178230650722980499e-03
3.532151691615581512e-03
1.092391926795244217e-02
2.933367528021335602e-02
2.207003999501466751e-04
8.178030839189887047e-04
5.076859146356582642e-03
2.221356844529509544e-03
1.505121495574712753e-02
3.116032294929027557e-02
5.316563183441758156e-04
1.192073337733745575e-02
1.409599035978317261e-01
1.055812928825616837e-03
2.296931343153119087e-03
1.657421141862869263e-02
7.619318962097167969e-01
7.486800663173198700e-03
2.743560587987303734e-03
4.874649923294782639e-03
2.318023703992366791e-02
6.815266096964478493e-04
1.295975036919116974e-02
3.146751597523689270e-02
1.924650557339191437e-02
6.917651277035474777e-03
3.124499320983886719e-02
2.783493883907794952e-02
4.436053801327943802e-03
2.600617334246635437e-02
3.246665699407458305e-03
6.160995457321405411e-03
5.611772648990154266e-04
9.044350385665893555e-01
4.334141500294208527e-03
2.060106396675109863e-02
7.468405528925359249e-04
1.374955475330352783e-02
1.168739050626754761e-03
5.372771993279457092e-03
1.100596738979220390e-03
3.164667577948421240e-04
3.551700618118047714e-03
6.734731723554432392e-04
1.608119904994964600e-02
1.279759500175714493e-02
2.221051370725035667e-03
7.309646345674991608e-03
1.076590921729803085e-02
1.419031899422407150e-02
1.378737539052963257e-01
5.438555497676134109e-03
4.526317119598388672e-03
1.569088781252503395e-03
1.497084926813840866e-02
4.179453849792480469e-02
2.251415699720382690e-02
5.012658610939979553e-02
4.698178265243768692e-03
4.584188107401132584e-03
1.905679143965244293e-02
1.584806595928966999e-03
4.717232286930084229e-02
1.061735581606626511e-02
1.234536874108016491e-03
5.274052964523434639e-04
7.735720835626125336e-03
4.202024545520544052e-03
8.819558657705783844e-03
3.585954895243048668e-03
1.595278829336166382e-02
3.914241679012775421e-03
2.519167028367519379e-03
3.427254734560847282e-03
1.042478065937757492e-02
2.948765754699707031e-01
1.656471402384340763e-03
3.189346520230174065e-03
4.126949608325958252e-02
9.986945427954196930e-03
1.055818703025579453e-02
1.345283701084554195e-03
1.529700122773647308e-02
2.400982193648815155e-02
3.666796535253524780e-02
3.087558550760149956e-03
7.281666621565818787e-04
3.967931866645812988e-02
1.242259796708822250e-02
7.921037673950195312e-01
6.021190285682678223e-01
3.209176659584045410e-02
3.928642347455024719e-02
6.733983289450407028e-03
1.636383496224880219e-02
4.542168695479631424e-03
1.192190349102020264e-01
4.059250932186841965e-03
1.774027198553085327e-01
6.986177992075681686e-03
7.594554219394922256e-03
3.357888758182525635e-02
5.486773792654275894e-03
6.900801323354244232e-03
8.116841199807822704e-04
5.821885913610458374e-02
9.997092420235276222e-04
1.622707583010196686e-02
5.828036228194832802e-04
1.791054964996874332e-03
8.634757832624018192e-04
3.612114489078521729e-02
2.665492240339517593e-03
1.670002005994319916e-02
4.075909964740276337e-04
1.061238814145326614e-02
4.022490978240966797e-01
1.816082000732421875e-02
5.350607912987470627e-03
5.779874324798583984e-01
4.427688661962747574e-03
2.139022340998053551e-03
8.157571777701377869e-03
2.551837079226970673e-02
1.004085759632289410e-03
9.753086417913436890e-02
1.460035610944032669e-02
3.848201886285096407e-04
1.176674850285053253e-02
2.496314235031604767e-02
7.300961879082024097e-04
4.078515991568565369e-02
1.801245729438960552e-03
9.135890286415815353e-04
1.537410914897918701e-02
1.205759705044329166e-03
6.504503544420003891e-04
6.244078744202852249e-03
3.486398374661803246e-03
4.305255413055419922e-02
4.147539380937814713e-03
3.799401165451854467e-04
3.413632046431303024e-03
6.593128666281700134e-03
1.024025212973356247e-02
7.054537069052457809e-03
1.241496414877474308e-03
2.180664334446191788e-03
1.338653173297643661e-02
3.440156579017639160e-03
5.954914726316928864e-03
2.896272204816341400e-02
4.126062616705894470e-03
1.271252427250146866e-02
9.533173404633998871e-03
3.508084453642368317e-03
3.345530712977051735e-04
4.849177203141152859e-04
2.451664954423904419e-02
1.945457654073834419e-03
2.618111856281757355e-02
9.083685465157032013e-03
2.603485016152262688e-03
1.125643379054963589e-03
3.000900521874427795e-02
1.004313398152589798e-02
9.905168786644935608e-03
1.698963227681815624e-03
1.320760580711066723e-03
