9.978201389312744141e-01
9.980546236038208008e-01
9.902040958404541016e-01
3.529441654682159424e-01
3.529441654682159424e-01
9.938998222351074219e-01
3.529441654682159424e-01
3.529441654682159424e-01
3.529441654682159424e-01
9.929978847503662109e-01
9.881690740585327148e-01
3.529441654682159424e-01
9.904961585998535156e-01
9.847063422203063965e-01
3.529441654682159424e-01
3.529441654682159424e-01
9.973656535148620605e-01
9.473451972007751465e-01
3.529441654682159424e-01
9.680520892143249512e-01
3.529441654682159424e-01
9.970402121543884277e-01
3.529441654682159424e-01
9.999563694000244141e-01
3.529441654682159424e-01
9.707093238830566406e-01
9.008018970489501953e-01
9.977324008941650391e-01
9.621063470840454102e-01
3.529441654682159424e-01
9.998755455017089844e-01
3.529441654682159424e-01
9.994143247604370117e-01
9.995841383934020996e-01
9.988675117492675781e-01
9.703544974327087402e-01
9.989033937454223633e-01
9.991651773452758789e-01
3.529441654682159424e-01
9.566122293472290039e-01
3.529441654682159424e-01
3.529441654682159424e-01
9.996844530105590820e-01
3.529441654682159424e-01
3.529441654682159424e-01
3.529441654682159424e-01
3.529441654682159424e-01
3.529441654682159424e-01
9.600923061370849609e-01
3.529441654682159424e-01
9.978364109992980957e-01
3.529441654682159424e-01
3.529441654682159424e-01
9.936071634292602539e-01
3.529441654682159424e-01
3.529441654682159424e-01
9.998805522918701172e-01
3.529441654682159424e-01
3.529441654682159424e-01
9.913198351860046387e-01
9.964799284934997559e-01
9.997454285621643066e-01
9.785311222076416016e-01
3.529441654682159424e-01
9.979483485221862793e-01
3.529441654682159424e-01
3.529441654682159424e-01
9.821451902389526367e-01
3.529441654682159424e-01
3.529441654682159424e-01
9.769679307937622070e-01
9.951304197311401367e-01
3.529441654682159424e-01
3.529441654682159424e-01
9.887219667434692383e-01
3.529441654682159424e-01
3.529441654682159424e-01
3.529441654682159424e-01
9.912427663803100586e-01
3.529441654682159424e-01
3.529441654682159424e-01
9.933884143829345703e-01
3.529441654682159424e-01
3.529441654682159424e-01
3.529441654682159424e-01
3.529441654682159424e-01
9.995119571685791016e-01
3.529441654682159424e-01
9.753425121307373047e-01
3.529441654682159424e-01
9.908542633056640625e-01
9.663712382316589355e-01
3.529441654682159424e-01
9.812242984771728516e-01
9.836597442626953125e-01
9.984397292137145996e-01
9.908722043037414551e-01
9.967374205589294434e-01
3.529441654682159424e-01
3.529441654682159424e-01
3.529441654682159424e-01
9.826913475990295410e-01
3.529441654682159424e-01
3.529441654682159424e-01
9.833400249481201172e-01
9.949132204055786133e-01
9.533509016036987305e-01
3.529441654682159424e-01
3.529441654682159424e-01
3.529441654682159424e-01
9.957857728004455566e-01
3.529441654682159424e-01
3.529441654682159424e-01
3.529441654682159424e-01
9.965614676475524902e-01
3.529441654682159424e-01
3.529441654682159424e-01
9.991683959960937500e-01
9.718226790428161621e-01
9.936931133270263672e-01
9.827800989151000977e-01
9.987677335739135742e-01
9.854669570922851562e-01
3.529441654682159424e-01
9.996596574783325195e-01
3.529441654682159424e-01
9.736209511756896973e-01
3.529441654682159424e-01
9.934053421020507812e-01
9.998891353607177734e-01
9.957147240638732910e-01
9.902209043502807617e-01
9.587305784225463867e-01
3.529441654682159424e-01
9.774165153503417969e-01
3.529441654682159424e-01
9.983538389205932617e-01
9.983670115470886230e-01
9.797070026397705078e-01
9.515500068664550781e-01
3.529441654682159424e-01
9.984866380691528320e-01
9.959671497344970703e-01
3.529441654682159424e-01
9.932251572608947754e-01
3.529441654682159424e-01
3.529441654682159424e-01
3.529441654682159424e-01
9.590790867805480957e-01
9.971197843551635742e-01
9.995075464248657227e-01
3.529441654682159424e-01
9.847517609596252441e-01
3.529441654682159424e-01
9.959263801574707031e-01
9.258590340614318848e-01
9.796630740165710449e-01
9.998629093170166016e-01
9.677630662918090820e-01
3.529441654682159424e-01
3.529441654682159424e-01
3.529441654682159424e-01
3.529441654682159424e-01
9.952878952026367188e-01
9.968851208686828613e-01
9.955772161483764648e-01
3.529441654682159424e-01
3.529441654682159424e-01
9.997261166572570801e-01
3.529441654682159424e-01
3.529441654682159424e-01
9.999434947967529297e-01
3.529441654682159424e-01
9.901738166809082031e-01
9.921357631683349609e-01
3.529441654682159424e-01
9.827889800071716309e-01
3.529441654682159424e-01
3.529441654682159424e-01
9.776663780212402344e-01
3.529441654682159424e-01
3.529441654682159424e-01
9.840472340583801270e-01
3.529441654682159424e-01
9.646877050399780273e-01
9.999293088912963867e-01
3.529441654682159424e-01
3.529441654682159424e-01
9.536418914794921875e-01
9.999815225601196289e-01
3.529441654682159424e-01
3.529441654682159424e-01
9.976081848144531250e-01
9.987336993217468262e-01
3.529441654682159424e-01
9.987597465515136719e-01
3.529441654682159424e-01
3.529441654682159424e-01
3.529441654682159424e-01
9.982200264930725098e-01
3.529441654682159424e-01
9.999353885650634766e-01
3.529441654682159424e-01
9.993797540664672852e-01
9.965882301330566406e-01
3.529441654682159424e-01
3.529441654682159424e-01
3.529441654682159424e-01
9.990993738174438477e-01
3.529441654682159424e-01
3.529441654682159424e-01
3.529441654682159424e-01
3.529441654682159424e-01
9.982024431228637695e-01
9.998027682304382324e-01
9.669210910797119141e-01
9.993692040443420410e-01
3.529441654682159424e-01
9.908698201179504395e-01
9.952671527862548828e-01
9.806443452835083008e-01
9.882320761680603027e-01
9.944739937782287598e-01
3.529441654682159424e-01
9.964224100112915039e-01
3.529441654682159424e-01
3.529441654682159424e-01
3.529441654682159424e-01
9.998003840446472168e-01
9.935490489006042480e-01
3.529441654682159424e-01
3.529441654682159424e-01
3.529441654682159424e-01
9.932077527046203613e-01
9.999226331710815430e-01
9.954337477684020996e-01
3.529441654682159424e-01
9.791480302810668945e-01
9.994596838951110840e-01
9.995316267013549805e-01
3.529441654682159424e-01
9.975318908691406250e-01
3.529441654682159424e-01
9.938641786575317383e-01
3.529441654682159424e-01
3.529441654682159424e-01
3.529441654682159424e-01
9.967269897460937500e-01
3.529441654682159424e-01
3.529441654682159424e-01
3.529441654682159424e-01
3.529441654682159424e-01
3.529441654682159424e-01
9.995340108871459961e-01
3.529441654682159424e-01
9.956146478652954102e-01
9.824420809745788574e-01
9.407944679260253906e-01
9.874364137649536133e-01
3.529441654682159424e-01
9.196723103523254395e-01
3.529441654682159424e-01
3.529441654682159424e-01
3.529441654682159424e-01
9.969257712364196777e-01
3.529441654682159424e-01
9.971401691436767578e-01
9.874128103256225586e-01
3.529441654682159424e-01
9.670650959014892578e-01
3.529441654682159424e-01
9.962170720100402832e-01
9.968568086624145508e-01
9.986822009086608887e-01
8.609724640846252441e-01
3.529441654682159424e-01
3.529441654682159424e-01
3.529441654682159424e-01
3.529441654682159424e-01
3.529441654682159424e-01
9.834986329078674316e-01
3.529441654682159424e-01
3.529441654682159424e-01
3.529441654682159424e-01
9.721961617469787598e-01
9.912207722663879395e-01
3.529441654682159424e-01
9.962170720100402832e-01
9.964555501937866211e-01
3.529441654682159424e-01
3.529441654682159424e-01
3.529441654682159424e-01
3.529441654682159424e-01
9.620689153671264648e-01
9.752491116523742676e-01
3.529441654682159424e-01
9.877419471740722656e-01
3.529441654682159424e-01
3.529441654682159424e-01
9.963713884353637695e-01
3.529441654682159424e-01
9.982477426528930664e-01
3.529441654682159424e-01
3.529441654682159424e-01
9.903321862220764160e-01
9.909289479255676270e-01
3.529441654682159424e-01
9.856109619140625000e-01
9.909062385559082031e-01
3.529441654682159424e-01
3.529441654682159424e-01
3.529441654682159424e-01
9.584833383560180664e-01
9.642950296401977539e-01
3.529441654682159424e-01
3.529441654682159424e-01
9.984652996063232422e-01
3.529441654682159424e-01
9.360662102699279785e-01
9.833931326866149902e-01
3.529441654682159424e-01
3.529441654682159424e-01
9.995706677436828613e-01
3.529441654682159424e-01
3.529441654682159424e-01
3.529441654682159424e-01
3.529441654682159424e-01
3.529441654682159424e-01
3.529441654682159424e-01
9.983811378479003906e-01
9.989833235740661621e-01
9.965118765830993652e-01
3.529441654682159424e-01
3.529441654682159424e-01
3.529441654682159424e-01
3.529441654682159424e-01
3.529441654682159424e-01
3.529441654682159424e-01
3.529441654682159424e-01
3.529441654682159424e-01
9.965207576751708984e-01
9.781743288040161133e-01
3.529441654682159424e-01
9.861078858375549316e-01
3.529441654682159424e-01
3.529441654682159424e-01
3.529441654682159424e-01
3.529441654682159424e-01
3.529441654682159424e-01
9.997051358222961426e-01
9.973644614219665527e-01
3.529441654682159424e-01
3.529441654682159424e-01
3.529441654682159424e-01
3.529441654682159424e-01
9.989417195320129395e-01
3.529441654682159424e-01
3.529441654682159424e-01
9.119866490364074707e-01
3.529441654682159424e-01
9.946192502975463867e-01
3.529441654682159424e-01
3.529441654682159424e-01
9.931674599647521973e-01
3.529441654682159424e-01
3.529441654682159424e-01
3.529441654682159424e-01
9.989247918128967285e-01
3.529441654682159424e-01
3.529441654682159424e-01
9.998612403869628906e-01
9.866661429405212402e-01
3.529441654682159424e-01
3.529441654682159424e-01
3.529441654682159424e-01
3.529441654682159424e-01
9.976828098297119141e-01
9.961418509483337402e-01
3.529441654682159424e-01
3.529441654682159424e-01
3.529441654682159424e-01
3.529441654682159424e-01
3.529441654682159424e-01
3.529441654682159424e-01
9.924815893173217773e-01
3.529441654682159424e-01
3.529441654682159424e-01
3.529441654682159424e-01
3.529441654682159424e-01
3.529441654682159424e-01
3.529441654682159424e-01
3.529441654682159424e-01
3.529441654682159424e-01
3.529441654682159424e-01
3.529441654682159424e-01
3.529441654682159424e-01
3.529441654682159424e-01
9.797261357307434082e-01
3.529441654682159424e-01
3.529441654682159424e-01
3.529441654682159424e-01
9.995831847190856934e-01
9.523916840553283691e-01
3.529441654682159424e-01
3.529441654682159424e-01
9.822011590003967285e-01
3.529441654682159424e-01
3.529441654682159424e-01
3.529441654682159424e-01
9.963931441307067871e-01
3.529441654682159424e-01
3.529441654682159424e-01
3.529441654682159424e-01
3.529441654682159424e-01
3.529441654682159424e-01
3.529441654682159424e-01
3.529441654682159424e-01
3.529441654682159424e-01
9.881718754768371582e-01
3.529441654682159424e-01
3.529441654682159424e-01
3.529441654682159424e-01
3.529441654682159424e-01
3.529441654682159424e-01
3.529441654682159424e-01
3.529441654682159424e-01
3.529441654682159424e-01
9.973161816596984863e-01
9.802501201629638672e-01
9.983323216438293457e-01
9.879444837570190430e-01
9.909139871597290039e-01
9.999306201934814453e-01
3.529441654682159424e-01
3.529441654682159424e-01
3.529441654682159424e-01
9.985241293907165527e-01
9.991798996925354004e-01
9.668219089508056641e-01
3.529441654682159424e-01
3.529441654682159424e-01
9.935696125030517578e-01
3.529441654682159424e-01
3.529441654682159424e-01
3.529441654682159424e-01
9.492101669311523438e-01
9.982255101203918457e-01
9.569961428642272949e-01
9.710293412208557129e-01
3.529441654682159424e-01
3.529441654682159424e-01
3.529441654682159424e-01
9.998638629913330078e-01
3.529441654682159424e-01
3.529441654682159424e-01
9.895338416099548340e-01
9.908317923545837402e-01
3.529441654682159424e-01
3.529441654682159424e-01
9.994303584098815918e-01
3.529441654682159424e-01
9.879381060600280762e-01
3.529441654682159424e-01
3.529441654682159424e-01
3.529441654682159424e-01
3.529441654682159424e-01
9.955059289932250977e-01
3.529441654682159424e-01
3.529441654682159424e-01
9.826144576072692871e-01
9.990732669830322266e-01
3.529441654682159424e-01
3.529441654682159424e-01
3.529441654682159424e-01
9.978924393653869629e-01
3.529441654682159424e-01
9.850989580154418945e-01
9.974548220634460449e-01
3.529441654682159424e-01
3.529441654682159424e-01
3.529441654682159424e-01
3.529441654682159424e-01
9.991104006767272949e-01
3.529441654682159424e-01
3.529441654682159424e-01
3.529441654682159424e-01
8.165130019187927246e-01
3.529441654682159424e-01
9.919469952583312988e-01
9.969609379768371582e-01
9.994280934333801270e-01
3.529441654682159424e-01
9.983066320419311523e-01
9.974102377891540527e-01
9.962361454963684082e-01
3.529441654682159424e-01
6.254270672798156738e-03
3.529441654682159424e-01
3.529441654682159424e-01
3.529441654682159424e-01
3.529441654682159424e-01
3.529441654682159424e-01
3.529441654682159424e-01
3.529441654682159424e-01
3.529441654682159424e-01
3.529441654682159424e-01
3.529441654682159424e-01
3.529441654682159424e-01
3.529441654682159424e-01
3.529441654682159424e-01
3.529441654682159424e-01
3.529441654682159424e-01
6.805260479450225830e-02
3.529441654682159424e-01
3.529441654682159424e-01
3.529441654682159424e-01
3.529441654682159424e-01
3.529441654682159424e-01
3.529441654682159424e-01
3.529441654682159424e-01
3.529441654682159424e-01
3.529441654682159424e-01
3.529441654682159424e-01
3.529441654682159424e-01
3.529441654682159424e-01
3.529441654682159424e-01
3.529441654682159424e-01
3.529441654682159424e-01
3.529441654682159424e-01
3.529441654682159424e-01
3.529441654682159424e-01
1.307370215654373169e-01
3.529441654682159424e-01
3.529441654682159424e-01
3.529441654682159424e-01
3.529441654682159424e-01
3.529441654682159424e-01
6.254270672798156738e-03
3.529441654682159424e-01
3.529441654682159424e-01
3.529441654682159424e-01
3.529441654682159424e-01
3.529441654682159424e-01
3.529441654682159424e-01
3.529441654682159424e-01
3.529441654682159424e-01
7.325323671102523804e-02
3.529441654682159424e-01
3.529441654682159424e-01
3.529441654682159424e-01
3.529441654682159424e-01
3.529441654682159424e-01
3.529441654682159424e-01
3.529441654682159424e-01
3.529441654682159424e-01
3.529441654682159424e-01
3.529441654682159424e-01
3.529441654682159424e-01
3.529441654682159424e-01
3.529441654682159424e-01
3.529441654682159424e-01
3.529441654682159424e-01
3.529441654682159424e-01
3.529441654682159424e-01
3.529441654682159424e-01
3.529441654682159424e-01
3.529441654682159424e-01
3.529441654682159424e-01
3.529441654682159424e-01
3.529441654682159424e-01
3.529441654682159424e-01
3.529441654682159424e-01
3.529441654682159424e-01
3.529441654682159424e-01
3.529441654682159424e-01
3.529441654682159424e-01
2.059569209814071655e-01
3.529441654682159424e-01
3.529441654682159424e-01
3.529441654682159424e-01
3.529441654682159424e-01
3.529441654682159424e-01
3.529441654682159424e-01
3.529441654682159424e-01
3.529441654682159424e-01
3.529441654682159424e-01
3.529441654682159424e-01
3.529441654682159424e-01
3.529441654682159424e-01
3.529441654682159424e-01
3.529441654682159424e-01
3.529441654682159424e-01
3.529441654682159424e-01
2.668009400367736816e-01
3.529441654682159424e-01
3.529441654682159424e-01
3.529441654682159424e-01
3.529441654682159424e-01
3.529441654682159424e-01
3.529441654682159424e-01
3.529441654682159424e-01
3.529441654682159424e-01
1.559772938489913940e-01
3.529441654682159424e-01
3.529441654682159424e-01
3.529441654682159424e-01
3.529441654682159424e-01
3.529441654682159424e-01
3.529441654682159424e-01
3.529441654682159424e-01
3.529441654682159424e-01
3.529441654682159424e-01
3.529441654682159424e-01
3.529441654682159424e-01
3.529441654682159424e-01
3.529441654682159424e-01
3.529441654682159424e-01
3.529441654682159424e-01
3.529441654682159424e-01
3.529441654682159424e-01
3.529441654682159424e-01
3.529441654682159424e-01
3.529441654682159424e-01
3.529441654682159424e-01
3.529441654682159424e-01
3.529441654682159424e-01
3.529441654682159424e-01
3.529441654682159424e-01
3.529441654682159424e-01
3.529441654682159424e-01
3.529441654682159424e-01
3.529441654682159424e-01
3.529441654682159424e-01
3.529441654682159424e-01
3.529441654682159424e-01
3.529441654682159424e-01
3.529441654682159424e-01
3.529441654682159424e-01
3.529441654682159424e-01
3.529441654682159424e-01
3.529441654682159424e-01
3.529441654682159424e-01
3.529441654682159424e-01
3.529441654682159424e-01
3.529441654682159424e-01
3.529441654682159424e-01
3.529441654682159424e-01
3.529441654682159424e-01
3.529441654682159424e-01
3.529441654682159424e-01
3.529441654682159424e-01
3.529441654682159424e-01
3.529441654682159424e-01
3.529441654682159424e-01
3.529441654682159424e-01
1.511279642581939697e-01
3.529441654682159424e-01
3.529441654682159424e-01
3.529441654682159424e-01
3.529441654682159424e-01
3.529441654682159424e-01
3.529441654682159424e-01
3.529441654682159424e-01
3.529441654682159424e-01
3.529441654682159424e-01
3.529441654682159424e-01
3.529441654682159424e-01
3.529441654682159424e-01
3.529441654682159424e-01
3.529441654682159424e-01
3.529441654682159424e-01
5.531613528728485107e-02
3.529441654682159424e-01
3.529441654682159424e-01
3.529441654682159424e-01
3.529441654682159424e-01
3.529441654682159424e-01
3.529441654682159424e-01
3.529441654682159424e-01
3.529441654682159424e-01
3.529441654682159424e-01
3.529441654682159424e-01
3.529441654682159424e-01
3.529441654682159424e-01
3.529441654682159424e-01
3.529441654682159424e-01
3.529441654682159424e-01
3.529441654682159424e-01
3.529441654682159424e-01
3.529441654682159424e-01
3.529441654682159424e-01
3.529441654682159424e-01
3.529441654682159424e-01
3.529441654682159424e-01
3.529441654682159424e-01
3.529441654682159424e-01
3.529441654682159424e-01
3.529441654682159424e-01
3.529441654682159424e-01
3.529441654682159424e-01
3.529441654682159424e-01
3.529441654682159424e-01
3.529441654682159424e-01
3.529441654682159424e-01
3.529441654682159424e-01
3.529441654682159424e-01
3.529441654682159424e-01
3.529441654682159424e-01
3.529441654682159424e-01
3.529441654682159424e-01
3.529441654682159424e-01
1.267897337675094604e-01
3.529441654682159424e-01
3.529441654682159424e-01
3.529441654682159424e-01
3.529441654682159424e-01
3.529441654682159424e-01
3.529441654682159424e-01
3.529441654682159424e-01
3.529441654682159424e-01
3.529441654682159424e-01
3.529441654682159424e-01
3.529441654682159424e-01
3.529441654682159424e-01
3.529441654682159424e-01
3.529441654682159424e-01
3.529441654682159424e-01
3.529441654682159424e-01
3.529441654682159424e-01
3.529441654682159424e-01
3.529441654682159424e-01
3.529441654682159424e-01
3.529441654682159424e-01
3.529441654682159424e-01
3.529441654682159424e-01
3.529441654682159424e-01
3.529441654682159424e-01
3.529441654682159424e-01
3.529441654682159424e-01
3.529441654682159424e-01
3.529441654682159424e-01
3.529441654682159424e-01
3.529441654682159424e-01
3.529441654682159424e-01
3.529441654682159424e-01
3.529441654682159424e-01
3.529441654682159424e-01
3.529441654682159424e-01
3.529441654682159424e-01
3.529441654682159424e-01
3.529441654682159424e-01
3.529441654682159424e-01
3.529441654682159424e-01
3.529441654682159424e-01
3.529441654682159424e-01
3.529441654682159424e-01
3.529441654682159424e-01
3.529441654682159424e-01
3.529441654682159424e-01
3.529441654682159424e-01
3.529441654682159424e-01
3.529441654682159424e-01
3.529441654682159424e-01
3.529441654682159424e-01
3.529441654682159424e-01
3.529441654682159424e-01
3.529441654682159424e-01
3.529441654682159424e-01
3.529441654682159424e-01
3.529441654682159424e-01
3.529441654682159424e-01
3.529441654682159424e-01
3.529441654682159424e-01
3.529441654682159424e-01
3.529441654682159424e-01
3.529441654682159424e-01
3.529441654682159424e-01
3.529441654682159424e-01
3.529441654682159424e-01
3.529441654682159424e-01
3.529441654682159424e-01
3.529441654682159424e-01
3.529441654682159424e-01
3.529441654682159424e-01
3.529441654682159424e-01
3.529441654682159424e-01
3.529441654682159424e-01
3.529441654682159424e-01
3.529441654682159424e-01
3.529441654682159424e-01
3.529441654682159424e-01
3.529441654682159424e-01
3.529441654682159424e-01
3.529441654682159424e-01
1.229949519038200378e-01
3.529441654682159424e-01
3.529441654682159424e-01
3.529441654682159424e-01
3.529441654682159424e-01
3.529441654682159424e-01
3.529441654682159424e-01
3.529441654682159424e-01
3.529441654682159424e-01
3.529441654682159424e-01
3.529441654682159424e-01
3.529441654682159424e-01
3.529441654682159424e-01
3.529441654682159424e-01
3.529441654682159424e-01
3.529441654682159424e-01
3.529441654682159424e-01
3.529441654682159424e-01
3.529441654682159424e-01
3.529441654682159424e-01
3.529441654682159424e-01
3.529441654682159424e-01
3.529441654682159424e-01
3.529441654682159424e-01
3.529441654682159424e-01
3.529441654682159424e-01
3.529441654682159424e-01
3.529441654682159424e-01
3.529441654682159424e-01
1.106448546051979065e-01
3.529441654682159424e-01
3.529441654682159424e-01
3.529441654682159424e-01
3.529441654682159424e-01
3.529441654682159424e-01
1.882351785898208618e-01
3.529441654682159424e-01
3.529441654682159424e-01
3.529441654682159424e-01
1.832492053508758545e-01
3.529441654682159424e-01
3.529441654682159424e-01
3.529441654682159424e-01
3.529441654682159424e-01
3.529441654682159424e-01
3.529441654682159424e-01
3.529441654682159424e-01
3.529441654682159424e-01
3.529441654682159424e-01
1.203183829784393311e-01
3.529441654682159424e-01
3.529441654682159424e-01
3.529441654682159424e-01
3.529441654682159424e-01
3.529441654682159424e-01
3.529441654682159424e-01
3.529441654682159424e-01
3.529441654682159424e-01
3.529441654682159424e-01
3.529441654682159424e-01
3.529441654682159424e-01
3.529441654682159424e-01
3.529441654682159424e-01
3.529441654682159424e-01
3.529441654682159424e-01
3.529441654682159424e-01
3.529441654682159424e-01
3.529441654682159424e-01
3.529441654682159424e-01
3.529441654682159424e-01
3.529441654682159424e-01
3.529441654682159424e-01
3.529441654682159424e-01
3.529441654682159424e-01
3.529441654682159424e-01
3.529441654682159424e-01
3.529441654682159424e-01
3.529441654682159424e-01
3.529441654682159424e-01
3.529441654682159424e-01
3.529441654682159424e-01
1.415099501609802246e-01
3.529441654682159424e-01
3.529441654682159424e-01
3.529441654682159424e-01
3.529441654682159424e-01
3.529441654682159424e-01
3.529441654682159424e-01
3.529441654682159424e-01
3.529441654682159424e-01
3.529441654682159424e-01
3.529441654682159424e-01
3.529441654682159424e-01
3.529441654682159424e-01
3.529441654682159424e-01
1.781920194625854492e-01
3.529441654682159424e-01
3.529441654682159424e-01
3.529441654682159424e-01
3.529441654682159424e-01
3.529441654682159424e-01
3.529441654682159424e-01
3.529441654682159424e-01
3.529441654682159424e-01
3.529441654682159424e-01
3.529441654682159424e-01
3.529441654682159424e-01
3.529441654682159424e-01
3.529441654682159424e-01
3.529441654682159424e-01
5.399288237094879150e-02
1.020364463329315186e-01
3.529441654682159424e-01
3.529441654682159424e-01
3.529441654682159424e-01
3.529441654682159424e-01
1.685715168714523315e-01
3.529441654682159424e-01
3.529441654682159424e-01
3.529441654682159424e-01
3.529441654682159424e-01
3.529441654682159424e-01
3.529441654682159424e-01
3.529441654682159424e-01
3.529441654682159424e-01
3.529441654682159424e-01
3.529441654682159424e-01
3.529441654682159424e-01
3.529441654682159424e-01
3.529441654682159424e-01
3.529441654682159424e-01
3.529441654682159424e-01
3.529441654682159424e-01
3.529441654682159424e-01
3.529441654682159424e-01
3.529441654682159424e-01
3.529441654682159424e-01
3.529441654682159424e-01
3.529441654682159424e-01
3.529441654682159424e-01
3.529441654682159424e-01
3.529441654682159424e-01
3.529441654682159424e-01
3.529441654682159424e-01
3.529441654682159424e-01
3.529441654682159424e-01
3.529441654682159424e-01
3.529441654682159424e-01
3.529441654682159424e-01
3.529441654682159424e-01
3.529441654682159424e-01
3.529441654682159424e-01
3.529441654682159424e-01
3.529441654682159424e-01
3.529441654682159424e-01
3.529441654682159424e-01
3.529441654682159424e-01
3.529441654682159424e-01
3.529441654682159424e-01
3.529441654682159424e-01
3.529441654682159424e-01
3.529441654682159424e-01
3.529441654682159424e-01
3.529441654682159424e-01
3.529441654682159424e-01
3.529441654682159424e-01
3.529441654682159424e-01
3.529441654682159424e-01
3.529441654682159424e-01
3.529441654682159424e-01
3.529441654682159424e-01
2.272792458534240723e-01
3.529441654682159424e-01
3.529441654682159424e-01
3.529441654682159424e-01
3.529441654682159424e-01
3.529441654682159424e-01
3.529441654682159424e-01
3.529441654682159424e-01
3.529441654682159424e-01
3.529441654682159424e-01
3.529441654682159424e-01
3.529441654682159424e-01
3.529441654682159424e-01
3.529441654682159424e-01
3.529441654682159424e-01
3.529441654682159424e-01
3.529441654682159424e-01
3.529441654682159424e-01
3.529441654682159424e-01
3.529441654682159424e-01
3.529441654682159424e-01
3.529441654682159424e-01
1.005070582032203674e-01
3.529441654682159424e-01
3.529441654682159424e-01
3.529441654682159424e-01
3.529441654682159424e-01
3.529441654682159424e-01
3.529441654682159424e-01
3.529441654682159424e-01
3.529441654682159424e-01
3.529441654682159424e-01
3.529441654682159424e-01
3.529441654682159424e-01
3.529441654682159424e-01
3.529441654682159424e-01
3.529441654682159424e-01
3.529441654682159424e-01
3.529441654682159424e-01
3.529441654682159424e-01
1.012778505682945251e-01
3.529441654682159424e-01
3.529441654682159424e-01
1.353420913219451904e-01
3.529441654682159424e-01
3.529441654682159424e-01
3.529441654682159424e-01
2.859716117382049561e-01
3.529441654682159424e-01
3.529441654682159424e-01
3.529441654682159424e-01
3.529441654682159424e-01
3.529441654682159424e-01
3.529441654682159424e-01
3.529441654682159424e-01
1.115409657359123230e-01
3.529441654682159424e-01
3.529441654682159424e-01
3.529441654682159424e-01
2.074218243360519409e-01
3.529441654682159424e-01
3.529441654682159424e-01
3.529441654682159424e-01
3.529441654682159424e-01
3.529441654682159424e-01
3.529441654682159424e-01
3.529441654682159424e-01
3.529441654682159424e-01
3.529441654682159424e-01
3.529441654682159424e-01
3.529441654682159424e-01
3.529441654682159424e-01
2.459387332201004028e-01
3.529441654682159424e-01
3.529441654682159424e-01
1.687159091234207153e-01
3.529441654682159424e-01
3.529441654682159424e-01
3.529441654682159424e-01
3.529441654682159424e-01
3.529441654682159424e-01
3.529441654682159424e-01
3.529441654682159424e-01
3.529441654682159424e-01
3.529441654682159424e-01
3.529441654682159424e-01
3.529441654682159424e-01
3.529441654682159424e-01
3.529441654682159424e-01
3.529441654682159424e-01
3.529441654682159424e-01
5.449942871928215027e-02
3.529441654682159424e-01
1.740656197071075439e-01
3.529441654682159424e-01
3.529441654682159424e-01
