9.938374161720275879e-01
9.949597120285034180e-01
9.449912309646606445e-01
3.780646026134490967e-01
3.780646026134490967e-01
9.849984049797058105e-01
3.780646026134490967e-01
3.780646026134490967e-01
3.780646026134490967e-01
9.842722415924072266e-01
9.877832531929016113e-01
3.780646026134490967e-01
9.904634356498718262e-01
8.451634645462036133e-01
3.780646026134490967e-01
3.780646026134490967e-01
9.673343896865844727e-01
9.799700379371643066e-01
3.780646026134490967e-01
9.895079135894775391e-01
3.780646026134490967e-01
9.684015512466430664e-01
3.780646026134490967e-01
9.712032675743103027e-01
3.780646026134490967e-01
8.264192342758178711e-01
9.737453460693359375e-01
9.963620305061340332e-01
9.961481094360351562e-01
3.780646026134490967e-01
9.560548663139343262e-01
3.780646026134490967e-01
9.799214601516723633e-01
9.303292632102966309e-01
9.995189905166625977e-01
9.404321908950805664e-01
9.884544014930725098e-01
9.972563385963439941e-01
3.780646026134490967e-01
9.658299684524536133e-01
3.780646026134490967e-01
3.780646026134490967e-01
9.013463854789733887e-01
3.780646026134490967e-01
3.780646026134490967e-01
3.780646026134490967e-01
3.780646026134490967e-01
3.780646026134490967e-01
9.889806509017944336e-01
3.780646026134490967e-01
9.844235777854919434e-01
3.780646026134490967e-01
3.780646026134490967e-01
9.864735603332519531e-01
3.780646026134490967e-01
3.780646026134490967e-01
9.999164342880249023e-01
3.780646026134490967e-01
3.780646026134490967e-01
9.995201826095581055e-01
9.819337725639343262e-01
9.994089603424072266e-01
9.439173936843872070e-01
3.780646026134490967e-01
9.529127478599548340e-01
3.780646026134490967e-01
3.780646026134490967e-01
9.920612573623657227e-01
3.780646026134490967e-01
3.780646026134490967e-01
9.121456146240234375e-01
9.363766312599182129e-01
3.780646026134490967e-01
3.780646026134490967e-01
9.054217934608459473e-01
3.780646026134490967e-01
3.780646026134490967e-01
3.780646026134490967e-01
9.809826016426086426e-01
3.780646026134490967e-01
3.780646026134490967e-01
9.714794158935546875e-01
3.780646026134490967e-01
3.780646026134490967e-01
3.780646026134490967e-01
3.780646026134490967e-01
9.968237876892089844e-01
3.780646026134490967e-01
9.577854871749877930e-01
3.780646026134490967e-01
9.830264449119567871e-01
9.870195388793945312e-01
3.780646026134490967e-01
9.616521596908569336e-01
9.928723573684692383e-01
9.801037311553955078e-01
9.688506126403808594e-01
9.527869820594787598e-01
3.780646026134490967e-01
3.780646026134490967e-01
3.780646026134490967e-01
9.785726070404052734e-01
3.780646026134490967e-01
3.780646026134490967e-01
9.704920053482055664e-01
9.824077486991882324e-01
9.815913438796997070e-01
3.780646026134490967e-01
3.780646026134490967e-01
3.780646026134490967e-01
9.688790440559387207e-01
3.780646026134490967e-01
3.780646026134490967e-01
3.780646026134490967e-01
9.965893030166625977e-01
3.780646026134490967e-01
3.780646026134490967e-01
9.943321943283081055e-01
9.749531149864196777e-01
9.845880866050720215e-01
9.687262177467346191e-01
9.988478422164916992e-01
9.777935147285461426e-01
3.780646026134490967e-01
9.642470479011535645e-01
3.780646026134490967e-01
9.947972893714904785e-01
3.780646026134490967e-01
8.965982198715209961e-01
9.774861335754394531e-01
9.983715415000915527e-01
9.283277392387390137e-01
9.489635229110717773e-01
3.780646026134490967e-01
9.952583909034729004e-01
3.780646026134490967e-01
9.968744516372680664e-01
9.741505384445190430e-01
9.847508668899536133e-01
9.629922509193420410e-01
3.780646026134490967e-01
9.906187653541564941e-01
9.323766827583312988e-01
3.780646026134490967e-01
9.930563569068908691e-01
3.780646026134490967e-01
3.780646026134490967e-01
3.780646026134490967e-01
9.870511293411254883e-01
9.899139404296875000e-01
9.744307994842529297e-01
3.780646026134490967e-01
8.963797092437744141e-01
3.780646026134490967e-01
9.986542463302612305e-01
9.734163284301757812e-01
9.821276068687438965e-01
9.942145943641662598e-01
9.927189350128173828e-01
3.780646026134490967e-01
3.780646026134490967e-01
3.780646026134490967e-01
3.780646026134490967e-01
9.329962134361267090e-01
9.884868860244750977e-01
9.378984570503234863e-01
3.780646026134490967e-01
3.780646026134490967e-01
9.725897312164306641e-01
3.780646026134490967e-01
3.780646026134490967e-01
9.020077586174011230e-01
3.780646026134490967e-01
9.813732504844665527e-01
9.599350094795227051e-01
3.780646026134490967e-01
8.991744518280029297e-01
3.780646026134490967e-01
3.780646026134490967e-01
8.644577264785766602e-01
3.780646026134490967e-01
3.780646026134490967e-01
9.753181338310241699e-01
3.780646026134490967e-01
9.521510601043701172e-01
9.958949089050292969e-01
3.780646026134490967e-01
3.780646026134490967e-01
9.150050282478332520e-01
9.703721404075622559e-01
3.780646026134490967e-01
3.780646026134490967e-01
9.198814034461975098e-01
9.674080610275268555e-01
3.780646026134490967e-01
9.568408131599426270e-01
3.780646026134490967e-01
3.780646026134490967e-01
3.780646026134490967e-01
7.905225753784179688e-01
3.780646026134490967e-01
9.981948733329772949e-01
3.780646026134490967e-01
9.839625954627990723e-01
9.556431770324707031e-01
3.780646026134490967e-01
3.780646026134490967e-01
3.780646026134490967e-01
9.844635725021362305e-01
3.780646026134490967e-01
3.780646026134490967e-01
3.780646026134490967e-01
3.780646026134490967e-01
9.663788080215454102e-01
9.387659430503845215e-01
9.921734333038330078e-01
9.815089702606201172e-01
3.780646026134490967e-01
9.448076486587524414e-01
9.381306767463684082e-01
9.661563634872436523e-01
9.529703259468078613e-01
9.767012596130371094e-01
3.780646026134490967e-01
9.432110786437988281e-01
3.780646026134490967e-01
3.780646026134490967e-01
3.780646026134490967e-01
9.768451452255249023e-01
9.361675381660461426e-01
3.780646026134490967e-01
3.780646026134490967e-01
3.780646026134490967e-01
9.408022761344909668e-01
9.785176515579223633e-01
9.826124906539916992e-01
3.780646026134490967e-01
9.977807402610778809e-01
9.832834005355834961e-01
9.938672184944152832e-01
3.780646026134490967e-01
9.977582693099975586e-01
3.780646026134490967e-01
9.668257832527160645e-01
3.780646026134490967e-01
3.780646026134490967e-01
3.780646026134490967e-01
9.996963739395141602e-01
3.780646026134490967e-01
3.780646026134490967e-01
3.780646026134490967e-01
3.780646026134490967e-01
3.780646026134490967e-01
9.623748660087585449e-01
3.780646026134490967e-01
9.992612004280090332e-01
9.810904860496520996e-01
9.685596823692321777e-01
9.945101737976074219e-01
3.780646026134490967e-01
9.703406095504760742e-01
3.780646026134490967e-01
3.780646026134490967e-01
3.780646026134490967e-01
9.914290308952331543e-01
3.780646026134490967e-01
9.270208477973937988e-01
9.900801777839660645e-01
3.780646026134490967e-01
9.797273874282836914e-01
3.780646026134490967e-01
9.875798821449279785e-01
9.993259906768798828e-01
9.416614174842834473e-01
9.896682500839233398e-01
3.780646026134490967e-01
3.780646026134490967e-01
3.780646026134490967e-01
3.780646026134490967e-01
3.780646026134490967e-01
9.997660517692565918e-01
3.780646026134490967e-01
3.780646026134490967e-01
3.780646026134490967e-01
9.572588801383972168e-01
9.924195408821105957e-01
3.780646026134490967e-01
9.875798821449279785e-01
9.928635954856872559e-01
3.780646026134490967e-01
3.780646026134490967e-01
3.780646026134490967e-01
3.780646026134490967e-01
9.976769089698791504e-01
9.844591617584228516e-01
3.780646026134490967e-01
9.766854643821716309e-01
3.780646026134490967e-01
3.780646026134490967e-01
9.794212579727172852e-01
3.780646026134490967e-01
9.987595081329345703e-01
3.780646026134490967e-01
3.780646026134490967e-01
9.940140843391418457e-01
9.939098358154296875e-01
3.780646026134490967e-01
9.459819793701171875e-01
9.982879757881164551e-01
3.780646026134490967e-01
3.780646026134490967e-01
3.780646026134490967e-01
9.912996888160705566e-01
9.993102550506591797e-01
3.780646026134490967e-01
3.780646026134490967e-01
9.968547821044921875e-01
3.780646026134490967e-01
9.901915788650512695e-01
9.958908557891845703e-01
3.780646026134490967e-01
3.780646026134490967e-01
9.894648790359497070e-01
3.780646026134490967e-01
3.780646026134490967e-01
3.780646026134490967e-01
3.780646026134490967e-01
3.780646026134490967e-01
3.780646026134490967e-01
9.983061552047729492e-01
9.985320568084716797e-01
9.967001080513000488e-01
3.780646026134490967e-01
3.780646026134490967e-01
3.780646026134490967e-01
3.780646026134490967e-01
3.780646026134490967e-01
3.780646026134490967e-01
3.780646026134490967e-01
3.780646026134490967e-01
9.943563342094421387e-01
9.900659322738647461e-01
3.780646026134490967e-01
9.824151396751403809e-01
3.780646026134490967e-01
3.780646026134490967e-01
3.780646026134490967e-01
3.780646026134490967e-01
3.780646026134490967e-01
9.865719079971313477e-01
9.985921978950500488e-01
3.780646026134490967e-01
3.780646026134490967e-01
3.780646026134490967e-01
3.780646026134490967e-01
9.978487491607666016e-01
3.780646026134490967e-01
3.780646026134490967e-01
9.800963997840881348e-01
3.780646026134490967e-01
9.987217783927917480e-01
3.780646026134490967e-01
3.780646026134490967e-01
9.668993353843688965e-01
3.780646026134490967e-01
3.780646026134490967e-01
3.780646026134490967e-01
9.700969457626342773e-01
3.780646026134490967e-01
3.780646026134490967e-01
9.927789568901062012e-01
9.718304276466369629e-01
3.780646026134490967e-01
3.780646026134490967e-01
3.780646026134490967e-01
3.780646026134490967e-01
9.673413634300231934e-01
9.937052130699157715e-01
3.780646026134490967e-01
3.780646026134490967e-01
3.780646026134490967e-01
3.780646026134490967e-01
3.780646026134490967e-01
3.780646026134490967e-01
9.642869830131530762e-01
3.780646026134490967e-01
3.780646026134490967e-01
3.780646026134490967e-01
3.780646026134490967e-01
3.780646026134490967e-01
3.780646026134490967e-01
3.780646026134490967e-01
3.780646026134490967e-01
3.780646026134490967e-01
3.780646026134490967e-01
3.780646026134490967e-01
3.780646026134490967e-01
9.352325797080993652e-01
3.780646026134490967e-01
3.780646026134490967e-01
3.780646026134490967e-01
9.983865022659301758e-01
9.223791956901550293e-01
3.780646026134490967e-01
3.780646026134490967e-01
9.916913509368896484e-01
3.780646026134490967e-01
3.780646026134490967e-01
3.780646026134490967e-01
9.857234358787536621e-01
3.780646026134490967e-01
3.780646026134490967e-01
3.780646026134490967e-01
3.780646026134490967e-01
3.780646026134490967e-01
3.780646026134490967e-01
3.780646026134490967e-01
3.780646026134490967e-01
9.687336683273315430e-01
3.780646026134490967e-01
3.780646026134490967e-01
3.780646026134490967e-01
3.780646026134490967e-01
3.780646026134490967e-01
3.780646026134490967e-01
3.780646026134490967e-01
3.780646026134490967e-01
9.984226226806640625e-01
9.914912581443786621e-01
9.931859970092773438e-01
9.985715150833129883e-01
9.629161953926086426e-01
9.976823329925537109e-01
3.780646026134490967e-01
3.780646026134490967e-01
3.780646026134490967e-01
9.882752895355224609e-01
9.984574317932128906e-01
9.981958270072937012e-01
3.780646026134490967e-01
3.780646026134490967e-01
9.378358721733093262e-01
3.780646026134490967e-01
3.780646026134490967e-01
3.780646026134490967e-01
9.925681352615356445e-01
8.446030616760253906e-01
9.110407233238220215e-01
9.939376115798950195e-01
3.780646026134490967e-01
3.780646026134490967e-01
3.780646026134490967e-01
9.981505274772644043e-01
3.780646026134490967e-01
3.780646026134490967e-01
9.161369800567626953e-01
9.828491806983947754e-01
3.780646026134490967e-01
3.780646026134490967e-01
9.888062477111816406e-01
3.780646026134490967e-01
9.950225353240966797e-01
3.780646026134490967e-01
3.780646026134490967e-01
3.780646026134490967e-01
3.780646026134490967e-01
9.698202610015869141e-01
3.780646026134490967e-01
3.780646026134490967e-01
9.959312081336975098e-01
9.982975125312805176e-01
3.780646026134490967e-01
3.780646026134490967e-01
3.780646026134490967e-01
9.929456114768981934e-01
3.780646026134490967e-01
9.963388442993164062e-01
9.925635457038879395e-01
3.780646026134490967e-01
3.780646026134490967e-01
3.780646026134490967e-01
3.780646026134490967e-01
9.890340566635131836e-01
3.780646026134490967e-01
3.780646026134490967e-01
3.780646026134490967e-01
8.863962888717651367e-01
3.780646026134490967e-01
9.895843863487243652e-01
9.999520778656005859e-01
9.089921116828918457e-01
3.780646026134490967e-01
9.598147273063659668e-01
8.800536394119262695e-01
9.917972087860107422e-01
3.780646026134490967e-01
9.994751811027526855e-01
3.780646026134490967e-01
3.780646026134490967e-01
3.780646026134490967e-01
3.780646026134490967e-01
3.780646026134490967e-01
3.780646026134490967e-01
3.780646026134490967e-01
3.780646026134490967e-01
3.385133147239685059e-01
3.780646026134490967e-01
3.780646026134490967e-01
3.780646026134490967e-01
3.328855335712432861e-01
3.780646026134490967e-01
3.598321974277496338e-01
3.780646026134490967e-01
3.780646026134490967e-01
3.780646026134490967e-01
3.780646026134490967e-01
3.780646026134490967e-01
3.780646026134490967e-01
3.780646026134490967e-01
3.780646026134490967e-01
3.780646026134490967e-01
3.780646026134490967e-01
3.780646026134490967e-01
3.780646026134490967e-01
3.780646026134490967e-01
2.678836286067962646e-01
3.780646026134490967e-01
3.780646026134490967e-01
3.780646026134490967e-01
3.780646026134490967e-01
3.780646026134490967e-01
3.780646026134490967e-01
3.780646026134490967e-01
3.780646026134490967e-01
3.780646026134490967e-01
3.780646026134490967e-01
3.780646026134490967e-01
3.780646026134490967e-01
3.780646026134490967e-01
2.379124909639358521e-01
3.780646026134490967e-01
3.780646026134490967e-01
3.780646026134490967e-01
3.780646026134490967e-01
3.780646026134490967e-01
3.220790028572082520e-01
2.944013774394989014e-01
3.780646026134490967e-01
3.780646026134490967e-01
3.780646026134490967e-01
3.780646026134490967e-01
3.780646026134490967e-01
3.780646026134490967e-01
3.780646026134490967e-01
3.780646026134490967e-01
3.780646026134490967e-01
3.780646026134490967e-01
3.780646026134490967e-01
3.780646026134490967e-01
3.780646026134490967e-01
2.987016737461090088e-01
3.780646026134490967e-01
3.780646026134490967e-01
3.780646026134490967e-01
3.780646026134490967e-01
3.780646026134490967e-01
3.780646026134490967e-01
3.780646026134490967e-01
3.780646026134490967e-01
3.780646026134490967e-01
3.780646026134490967e-01
3.780646026134490967e-01
3.780646026134490967e-01
3.780646026134490967e-01
3.464243113994598389e-01
3.780646026134490967e-01
3.780646026134490967e-01
3.780646026134490967e-01
3.780646026134490967e-01
3.780646026134490967e-01
3.780646026134490967e-01
3.780646026134490967e-01
3.780646026134490967e-01
3.780646026134490967e-01
3.780646026134490967e-01
3.780646026134490967e-01
3.780646026134490967e-01
3.780646026134490967e-01
3.780646026134490967e-01
3.780646026134490967e-01
3.780646026134490967e-01
3.780646026134490967e-01
3.780646026134490967e-01
3.780646026134490967e-01
3.780646026134490967e-01
3.780646026134490967e-01
3.780646026134490967e-01
3.780646026134490967e-01
3.780646026134490967e-01
3.780646026134490967e-01
3.780646026134490967e-01
3.780646026134490967e-01
3.780646026134490967e-01
3.780646026134490967e-01
3.780646026134490967e-01
3.780646026134490967e-01
3.780646026134490967e-01
3.780646026134490967e-01
3.780646026134490967e-01
3.780646026134490967e-01
3.780646026134490967e-01
3.780646026134490967e-01
3.780646026134490967e-01
3.780646026134490967e-01
3.780646026134490967e-01
3.780646026134490967e-01
3.780646026134490967e-01
3.780646026134490967e-01
3.780646026134490967e-01
3.780646026134490967e-01
3.780646026134490967e-01
3.780646026134490967e-01
3.780646026134490967e-01
3.780646026134490967e-01
3.780646026134490967e-01
3.780646026134490967e-01
3.864931464195251465e-01
3.780646026134490967e-01
3.780646026134490967e-01
3.780646026134490967e-01
3.780646026134490967e-01
3.780646026134490967e-01
3.780646026134490967e-01
3.780646026134490967e-01
3.780646026134490967e-01
3.780646026134490967e-01
3.780646026134490967e-01
3.780646026134490967e-01
3.780646026134490967e-01
3.780646026134490967e-01
3.780646026134490967e-01
3.780646026134490967e-01
3.780646026134490967e-01
3.780646026134490967e-01
3.780646026134490967e-01
3.780646026134490967e-01
3.780646026134490967e-01
3.780646026134490967e-01
3.780646026134490967e-01
3.780646026134490967e-01
3.780646026134490967e-01
3.780646026134490967e-01
3.780646026134490967e-01
3.780646026134490967e-01
3.780646026134490967e-01
3.780646026134490967e-01
3.780646026134490967e-01
3.520846366882324219e-01
3.780646026134490967e-01
3.780646026134490967e-01
3.780646026134490967e-01
3.780646026134490967e-01
3.780646026134490967e-01
3.780646026134490967e-01
3.780646026134490967e-01
3.780646026134490967e-01
3.780646026134490967e-01
3.780646026134490967e-01
3.780646026134490967e-01
3.780646026134490967e-01
3.780646026134490967e-01
3.780646026134490967e-01
3.780646026134490967e-01
3.780646026134490967e-01
3.780646026134490967e-01
3.947190642356872559e-01
3.780646026134490967e-01
3.780646026134490967e-01
3.780646026134490967e-01
3.780646026134490967e-01
3.780646026134490967e-01
3.780646026134490967e-01
3.780646026134490967e-01
3.780646026134490967e-01
3.780646026134490967e-01
3.780646026134490967e-01
3.780646026134490967e-01
3.780646026134490967e-01
3.780646026134490967e-01
3.780646026134490967e-01
3.780646026134490967e-01
3.780646026134490967e-01
3.780646026134490967e-01
3.780646026134490967e-01
3.780646026134490967e-01
3.780646026134490967e-01
3.780646026134490967e-01
3.780646026134490967e-01
3.780646026134490967e-01
3.780646026134490967e-01
3.780646026134490967e-01
3.780646026134490967e-01
3.780646026134490967e-01
3.780646026134490967e-01
3.780646026134490967e-01
3.780646026134490967e-01
3.780646026134490967e-01
3.780646026134490967e-01
3.780646026134490967e-01
3.780646026134490967e-01
3.780646026134490967e-01
3.780646026134490967e-01
3.780646026134490967e-01
3.780646026134490967e-01
3.780646026134490967e-01
3.780646026134490967e-01
3.780646026134490967e-01
3.780646026134490967e-01
3.780646026134490967e-01
3.780646026134490967e-01
3.780646026134490967e-01
3.780646026134490967e-01
3.780646026134490967e-01
3.780646026134490967e-01
3.780646026134490967e-01
3.780646026134490967e-01
3.780646026134490967e-01
3.780646026134490967e-01
3.780646026134490967e-01
3.780646026134490967e-01
3.780646026134490967e-01
3.780646026134490967e-01
3.780646026134490967e-01
3.780646026134490967e-01
3.780646026134490967e-01
3.780646026134490967e-01
3.780646026134490967e-01
3.780646026134490967e-01
3.780646026134490967e-01
3.780646026134490967e-01
3.780646026134490967e-01
3.780646026134490967e-01
3.780646026134490967e-01
3.780646026134490967e-01
3.780646026134490967e-01
3.780646026134490967e-01
3.780646026134490967e-01
3.780646026134490967e-01
3.780646026134490967e-01
3.780646026134490967e-01
3.780646026134490967e-01
3.780646026134490967e-01
3.780646026134490967e-01
3.780646026134490967e-01
3.780646026134490967e-01
3.780646026134490967e-01
3.780646026134490967e-01
3.780646026134490967e-01
3.780646026134490967e-01
3.780646026134490967e-01
3.780646026134490967e-01
3.780646026134490967e-01
3.780646026134490967e-01
3.780646026134490967e-01
3.780646026134490967e-01
3.780646026134490967e-01
3.780646026134490967e-01
3.780646026134490967e-01
3.780646026134490967e-01
3.780646026134490967e-01
3.780646026134490967e-01
3.780646026134490967e-01
3.780646026134490967e-01
3.780646026134490967e-01
3.780646026134490967e-01
3.780646026134490967e-01
3.780646026134490967e-01
3.780646026134490967e-01
3.272080421447753906e-01
3.780646026134490967e-01
3.780646026134490967e-01
3.780646026134490967e-01
3.780646026134490967e-01
3.780646026134490967e-01
3.780646026134490967e-01
3.780646026134490967e-01
3.780646026134490967e-01
3.780646026134490967e-01
3.780646026134490967e-01
3.780646026134490967e-01
3.780646026134490967e-01
3.780646026134490967e-01
3.503621220588684082e-01
3.780646026134490967e-01
3.780646026134490967e-01
3.780646026134490967e-01
3.780646026134490967e-01
3.780646026134490967e-01
3.780646026134490967e-01
3.780646026134490967e-01
3.780646026134490967e-01
3.214108645915985107e-01
3.780646026134490967e-01
3.780646026134490967e-01
3.780646026134490967e-01
3.780646026134490967e-01
3.780646026134490967e-01
3.780646026134490967e-01
3.780646026134490967e-01
3.780646026134490967e-01
3.780646026134490967e-01
3.780646026134490967e-01
3.780646026134490967e-01
3.780646026134490967e-01
3.780646026134490967e-01
3.780646026134490967e-01
3.780646026134490967e-01
3.780646026134490967e-01
3.780646026134490967e-01
3.780646026134490967e-01
3.780646026134490967e-01
3.780646026134490967e-01
3.780646026134490967e-01
3.780646026134490967e-01
3.780646026134490967e-01
3.780646026134490967e-01
3.780646026134490967e-01
3.780646026134490967e-01
3.780646026134490967e-01
3.780646026134490967e-01
3.780646026134490967e-01
3.780646026134490967e-01
3.780646026134490967e-01
3.780646026134490967e-01
3.780646026134490967e-01
3.780646026134490967e-01
3.780646026134490967e-01
3.780646026134490967e-01
3.780646026134490967e-01
3.780646026134490967e-01
3.780646026134490967e-01
3.780646026134490967e-01
3.780646026134490967e-01
3.780646026134490967e-01
3.780646026134490967e-01
3.780646026134490967e-01
3.780646026134490967e-01
3.780646026134490967e-01
3.780646026134490967e-01
3.780646026134490967e-01
3.780646026134490967e-01
3.780646026134490967e-01
3.780646026134490967e-01
3.780646026134490967e-01
3.780646026134490967e-01
3.780646026134490967e-01
3.780646026134490967e-01
3.780646026134490967e-01
3.780646026134490967e-01
3.780646026134490967e-01
3.780646026134490967e-01
3.780646026134490967e-01
3.780646026134490967e-01
3.780646026134490967e-01
3.780646026134490967e-01
3.780646026134490967e-01
3.780646026134490967e-01
3.780646026134490967e-01
3.780646026134490967e-01
3.780646026134490967e-01
3.780646026134490967e-01
3.780646026134490967e-01
3.780646026134490967e-01
3.780646026134490967e-01
3.780646026134490967e-01
3.780646026134490967e-01
3.240157067775726318e-01
3.780646026134490967e-01
3.780646026134490967e-01
3.780646026134490967e-01
3.780646026134490967e-01
3.780646026134490967e-01
3.780646026134490967e-01
3.780646026134490967e-01
3.780646026134490967e-01
3.780646026134490967e-01
3.780646026134490967e-01
3.780646026134490967e-01
3.780646026134490967e-01
3.780646026134490967e-01
3.780646026134490967e-01
3.780646026134490967e-01
3.780646026134490967e-01
3.780646026134490967e-01
3.780646026134490967e-01
3.780646026134490967e-01
3.780646026134490967e-01
3.780646026134490967e-01
3.780646026134490967e-01
3.780646026134490967e-01
3.780646026134490967e-01
3.780646026134490967e-01
3.780646026134490967e-01
3.780646026134490967e-01
3.780646026134490967e-01
3.780646026134490967e-01
3.780646026134490967e-01
3.780646026134490967e-01
3.780646026134490967e-01
3.780646026134490967e-01
3.780646026134490967e-01
3.780646026134490967e-01
3.780646026134490967e-01
3.780646026134490967e-01
3.780646026134490967e-01
3.780646026134490967e-01
3.780646026134490967e-01
3.780646026134490967e-01
3.780646026134490967e-01
3.780646026134490967e-01
3.780646026134490967e-01
3.780646026134490967e-01
3.780646026134490967e-01
3.780646026134490967e-01
3.780646026134490967e-01
3.780646026134490967e-01
3.780646026134490967e-01
3.780646026134490967e-01
3.780646026134490967e-01
3.780646026134490967e-01
3.780646026134490967e-01
3.780646026134490967e-01
3.780646026134490967e-01
3.780646026134490967e-01
3.780646026134490967e-01
3.780646026134490967e-01
3.780646026134490967e-01
3.780646026134490967e-01
3.780646026134490967e-01
3.780646026134490967e-01
3.780646026134490967e-01
3.780646026134490967e-01
3.780646026134490967e-01
3.780646026134490967e-01
3.780646026134490967e-01
3.780646026134490967e-01
3.780646026134490967e-01
3.780646026134490967e-01
3.780646026134490967e-01
3.780646026134490967e-01
3.780646026134490967e-01
3.780646026134490967e-01
3.780646026134490967e-01
3.780646026134490967e-01
3.780646026134490967e-01
3.780646026134490967e-01
3.780646026134490967e-01
3.780646026134490967e-01
3.780646026134490967e-01
3.780646026134490967e-01
3.780646026134490967e-01
3.355890512466430664e-01
3.780646026134490967e-01
3.780646026134490967e-01
3.780646026134490967e-01
3.780646026134490967e-01
3.780646026134490967e-01
3.780646026134490967e-01
3.780646026134490967e-01
3.780646026134490967e-01
3.780646026134490967e-01
3.780646026134490967e-01
3.780646026134490967e-01
3.780646026134490967e-01
3.780646026134490967e-01
3.780646026134490967e-01
3.780646026134490967e-01
3.780646026134490967e-01
3.780646026134490967e-01
3.780646026134490967e-01
3.780646026134490967e-01
3.780646026134490967e-01
3.780646026134490967e-01
3.780646026134490967e-01
3.780646026134490967e-01
3.780646026134490967e-01
3.780646026134490967e-01
3.780646026134490967e-01
3.780646026134490967e-01
3.188845515251159668e-01
3.780646026134490967e-01
3.780646026134490967e-01
3.871785104274749756e-01
3.105248808860778809e-01
3.780646026134490967e-01
3.780646026134490967e-01
2.715189456939697266e-01
3.780646026134490967e-01
3.780646026134490967e-01
3.780646026134490967e-01
