8.454285860061645508e-01
9.934523105621337891e-01
3.358718454837799072e-01
9.881480336189270020e-01
9.816154837608337402e-01
9.864335060119628906e-01
9.957276582717895508e-01
9.338188767433166504e-01
9.974082112312316895e-01
9.353678226470947266e-01
9.540957212448120117e-01
9.944089055061340332e-01
9.897430539131164551e-01
9.322212934494018555e-01
9.586486220359802246e-01
6.794294714927673340e-01
8.650270104408264160e-01
8.931601047515869141e-01
9.354213476181030273e-01
7.600417137145996094e-01
9.145931601524353027e-01
7.889462113380432129e-01
9.918147921562194824e-01
8.547257781028747559e-01
7.827374339103698730e-01
9.884387850761413574e-01
9.898019433021545410e-01
9.986873269081115723e-01
9.949635267257690430e-01
8.425674438476562500e-01
5.152714848518371582e-01
8.558418750762939453e-01
3.279599845409393311e-01
9.780162572860717773e-01
9.456189274787902832e-01
8.167078495025634766e-01
3.582479655742645264e-01
9.709550738334655762e-01
9.910858273506164551e-01
9.874429106712341309e-01
8.066333532333374023e-01
9.950544834136962891e-01
5.562757253646850586e-01
8.141349554061889648e-01
9.928234815597534180e-01
9.941007494926452637e-01
9.797577261924743652e-01
9.320538640022277832e-01
4.517492055892944336e-01
9.907557368278503418e-01
9.685661196708679199e-01
7.404038310050964355e-01
9.990099668502807617e-01
9.931027889251708984e-01
9.389070868492126465e-01
8.679293990135192871e-01
8.214182257652282715e-01
9.839121699333190918e-01
9.933711290359497070e-01
9.896001815795898438e-01
9.219765067100524902e-01
8.846331238746643066e-01
9.702467918395996094e-01
9.982988238334655762e-01
8.391375541687011719e-01
8.847986459732055664e-01
9.940018057823181152e-01
9.158011674880981445e-01
9.918479919433593750e-01
7.123051285743713379e-01
7.273908704519271851e-02
9.975343942642211914e-01
8.770756721496582031e-01
9.689589738845825195e-01
5.873088240623474121e-01
9.870249032974243164e-01
8.022382855415344238e-01
3.304560184478759766e-01
9.238351583480834961e-01
9.868257641792297363e-01
8.957911729812622070e-01
9.322130680084228516e-01
9.826184511184692383e-01
5.853932499885559082e-01
9.449666738510131836e-01
9.857655763626098633e-01
9.659963250160217285e-01
9.418897032737731934e-01
8.273424506187438965e-01
9.977443218231201172e-01
9.969283938407897949e-01
8.507039546966552734e-01
8.767462968826293945e-01
9.899391531944274902e-01
5.722056031227111816e-01
3.759539425373077393e-01
8.419878482818603516e-01
9.361814260482788086e-01
9.881072044372558594e-01
7.753405570983886719e-01
9.986109733581542969e-01
9.779537916183471680e-01
7.677718997001647949e-01
3.864178201183676720e-03
4.273498430848121643e-02
2.282377481460571289e-01
3.280529677867889404e-01
9.837386198341846466e-03
3.330024331808090210e-02
3.906013071537017822e-02
3.037287108600139618e-02
2.616777122020721436e-01
1.113984733819961548e-02
1.938095986843109131e-01
3.401392325758934021e-02
3.741941228508949280e-02
7.945458292961120605e-01
8.698406629264354706e-03
3.075720928609371185e-02
8.589679375290870667e-03
1.997443437576293945e-01
1.037636958062648773e-02
3.159939870238304138e-02
4.757966846227645874e-02
6.428770720958709717e-02
4.399349540472030640e-02
1.352070122957229614e-01
4.286274313926696777e-03
1.893988251686096191e-02
1.627155207097530365e-02
3.733949363231658936e-02
3.998619969934225082e-03
7.898797281086444855e-03
3.840916976332664490e-02
8.078453689813613892e-02
7.901576161384582520e-02
1.738831214606761932e-02
5.936168879270553589e-02
2.385327359661459923e-03
9.343457408249378204e-03
6.178204901516437531e-03
1.746919602155685425e-01
6.209824979305267334e-02
1.049378421157598495e-02
4.672958515584468842e-03
3.182718455791473389e-01
1.669296179898083210e-03
2.145524881780147552e-02
1.874762624502182007e-01
8.382673561573028564e-02
6.000517867505550385e-03
4.237167239189147949e-01
6.944528222084045410e-02
3.806303441524505615e-01
6.307020038366317749e-02
2.462703436613082886e-01
5.478374958038330078e-01
1.221470236778259277e-01
3.111032303422689438e-03
4.244409967213869095e-03
3.687486797571182251e-02
1.294100098311901093e-02
2.450850792229175568e-02
1.446907874196767807e-02
2.514440193772315979e-02
8.252110332250595093e-02
5.003165006637573242e-01
1.051590964198112488e-02
2.774094343185424805e-01
2.714366652071475983e-02
2.433690726757049561e-01
5.488966405391693115e-02
4.439937695860862732e-02
2.161905914545059204e-02
6.144291907548904419e-02
3.216771036386489868e-02
2.175228111445903778e-02
1.295139193534851074e-01
6.225479766726493835e-03
1.813485622406005859e-01
6.162977963685989380e-02
3.259541839361190796e-02
3.147009909152984619e-01
1.544292718172073364e-01
1.194544229656457901e-02
5.607023239135742188e-01
6.595883518457412720e-03
1.606088690459728241e-02
6.208225712180137634e-02
2.579829394817352295e-01
1.373565196990966797e-01
2.292549610137939453e-01
1.117771957069635391e-02
1.760975830256938934e-02
2.609136700630187988e-02
5.937565863132476807e-02
4.779421258717775345e-03
2.004337310791015625e-01
1.088753268122673035e-01
2.543813921511173248e-02
1.497872988693416119e-03
7.239085435867309570e-02
4.513442050665616989e-03
4.001896679401397705e-01
5.304061770439147949e-01
2.430962026119232178e-01
