7.425062060356140137e-01
7.425062060356140137e-01
7.425062060356140137e-01
7.425062060356140137e-01
7.425062060356140137e-01
7.425007820129394531e-01
7.425062060356140137e-01
7.425062060356140137e-01
7.425062060356140137e-01
7.425062060356140137e-01
7.112922668457031250e-01
7.425062060356140137e-01
7.425062060356140137e-01
7.425062060356140137e-01
7.425062060356140137e-01
7.425062060356140137e-01
7.425062060356140137e-01
7.425062060356140137e-01
7.350985407829284668e-01
7.425062060356140137e-01
7.425062060356140137e-01
7.425062060356140137e-01
7.425062060356140137e-01
7.425062060356140137e-01
7.425062060356140137e-01
7.425062060356140137e-01
7.425062060356140137e-01
7.425062060356140137e-01
7.425062060356140137e-01
7.425062060356140137e-01
7.425062060356140137e-01
7.416586279869079590e-01
7.410941123962402344e-01
6.099207401275634766e-01
7.425062060356140137e-01
7.425062060356140137e-01
7.425062060356140137e-01
7.425062060356140137e-01
7.425062060356140137e-01
7.425062060356140137e-01
7.425062060356140137e-01
7.425062060356140137e-01
7.425062060356140137e-01
7.424934506416320801e-01
7.425062060356140137e-01
7.425062060356140137e-01
7.425062060356140137e-01
7.425062060356140137e-01
4.054600298404693604e-01
7.425062060356140137e-01
7.425062060356140137e-01
7.425062060356140137e-01
7.425062060356140137e-01
4.054600298404693604e-01
7.425062060356140137e-01
7.425062060356140137e-01
7.425062060356140137e-01
7.425062060356140137e-01
7.425062060356140137e-01
7.425062060356140137e-01
7.425062060356140137e-01
7.425062060356140137e-01
7.425062060356140137e-01
7.425062060356140137e-01
7.425062060356140137e-01
4.054600298404693604e-01
7.425062060356140137e-01
7.425062060356140137e-01
7.425062060356140137e-01
7.425062060356140137e-01
7.425062060356140137e-01
7.425062060356140137e-01
7.425062060356140137e-01
7.425062060356140137e-01
7.425062060356140137e-01
4.054600298404693604e-01
4.054600298404693604e-01
4.054600298404693604e-01
4.054600298404693604e-01
4.054600298404693604e-01
4.054600298404693604e-01
4.054600298404693604e-01
4.054600298404693604e-01
4.054600298404693604e-01
4.054600298404693604e-01
4.054600298404693604e-01
4.054600298404693604e-01
4.054600298404693604e-01
4.054600298404693604e-01
4.054600298404693604e-01
4.054600298404693604e-01
4.054600298404693604e-01
4.054600298404693604e-01
4.054600298404693604e-01
4.054600298404693604e-01
4.054600298404693604e-01
4.054600298404693604e-01
4.054600298404693604e-01
4.054600298404693604e-01
4.054600298404693604e-01
4.054600298404693604e-01
4.054600298404693604e-01
4.054600298404693604e-01
4.054600298404693604e-01
4.054600298404693604e-01
4.054600298404693604e-01
4.054600298404693604e-01
4.054600298404693604e-01
4.054600298404693604e-01
4.054600298404693604e-01
4.054600298404693604e-01
4.054600298404693604e-01
4.054600298404693604e-01
4.054600298404693604e-01
4.054600298404693604e-01
4.054600298404693604e-01
4.054600298404693604e-01
4.054600298404693604e-01
4.054600298404693604e-01
4.054600298404693604e-01
4.054600298404693604e-01
4.054600298404693604e-01
4.054600298404693604e-01
4.054600298404693604e-01
4.054600298404693604e-01
4.054600298404693604e-01
4.054600298404693604e-01
4.054600298404693604e-01
4.054600298404693604e-01
4.054600298404693604e-01
4.054600298404693604e-01
4.054600298404693604e-01
4.054600298404693604e-01
4.054600298404693604e-01
4.054600298404693604e-01
4.054600298404693604e-01
4.054600298404693604e-01
4.054600298404693604e-01
4.054600298404693604e-01
4.054600298404693604e-01
4.054600298404693604e-01
4.054600298404693604e-01
4.054600298404693604e-01
4.054600298404693604e-01
4.054600298404693604e-01
4.054600298404693604e-01
4.054600298404693604e-01
4.054600298404693604e-01
4.054600298404693604e-01
4.054600298404693604e-01
4.054600298404693604e-01
4.054600298404693604e-01
4.054600298404693604e-01
4.054600298404693604e-01
4.054600298404693604e-01
4.054600298404693604e-01
4.054600298404693604e-01
4.054600298404693604e-01
4.054600298404693604e-01
4.054600298404693604e-01
4.054600298404693604e-01
4.054600298404693604e-01
4.054600298404693604e-01
4.054600298404693604e-01
4.054600298404693604e-01
4.054600298404693604e-01
4.054600298404693604e-01
4.054600298404693604e-01
4.054600298404693604e-01
4.054600298404693604e-01
4.054600298404693604e-01
4.054600298404693604e-01
4.054600298404693604e-01
4.054600298404693604e-01
4.054600298404693604e-01
4.054600298404693604e-01
4.054600298404693604e-01
4.054600298404693604e-01
4.054600298404693604e-01
4.054600298404693604e-01
4.054600298404693604e-01
4.054600298404693604e-01
4.054600298404693604e-01
4.054600298404693604e-01
4.054600298404693604e-01
4.054600298404693604e-01
4.054600298404693604e-01
4.054600298404693604e-01
4.054600298404693604e-01
4.054600298404693604e-01
4.054600298404693604e-01
4.054600298404693604e-01
4.054600298404693604e-01
4.054600298404693604e-01
4.054600298404693604e-01
4.054600298404693604e-01
4.054600298404693604e-01
4.054600298404693604e-01
4.054600298404693604e-01
4.054600298404693604e-01
4.054600298404693604e-01
4.054600298404693604e-01
4.054600298404693604e-01
4.054600298404693604e-01
4.054600298404693604e-01
4.054600298404693604e-01
4.054600298404693604e-01
4.054600298404693604e-01
4.054600298404693604e-01
4.054600298404693604e-01
4.054600298404693604e-01
4.054600298404693604e-01
4.054600298404693604e-01
4.054600298404693604e-01
4.054600298404693604e-01
4.054600298404693604e-01
4.054600298404693604e-01
4.054600298404693604e-01
4.054600298404693604e-01
4.054600298404693604e-01
4.054600298404693604e-01
4.054600298404693604e-01
4.054600298404693604e-01
4.054600298404693604e-01
4.054600298404693604e-01
4.054600298404693604e-01
4.054600298404693604e-01
4.054600298404693604e-01
4.054600298404693604e-01
4.054600298404693604e-01
4.054600298404693604e-01
4.054600298404693604e-01
4.054600298404693604e-01
4.054600298404693604e-01
4.054600298404693604e-01
4.054600298404693604e-01
4.054600298404693604e-01
4.054600298404693604e-01
4.054600298404693604e-01
4.054600298404693604e-01
4.054600298404693604e-01
4.054600298404693604e-01
4.054600298404693604e-01
4.054600298404693604e-01
4.054600298404693604e-01
4.054600298404693604e-01
7.425062060356140137e-01
7.425062060356140137e-01
7.425062060356140137e-01
4.054600298404693604e-01
4.054600298404693604e-01
7.425062060356140137e-01
6.272684931755065918e-01
7.425062060356140137e-01
4.054600298404693604e-01
7.425062060356140137e-01
7.425062060356140137e-01
6.272684931755065918e-01
7.425062060356140137e-01
7.425062060356140137e-01
7.425062060356140137e-01
7.425062060356140137e-01
4.054600298404693604e-01
4.054600298404693604e-01
4.054600298404693604e-01
7.425062060356140137e-01
7.425062060356140137e-01
7.425062060356140137e-01
4.054600298404693604e-01
7.425062060356140137e-01
7.425062060356140137e-01
7.425062060356140137e-01
4.054600298404693604e-01
7.141826748847961426e-01
7.425062060356140137e-01
7.425062060356140137e-01
7.425062060356140137e-01
7.425062060356140137e-01
7.425062060356140137e-01
7.425062060356140137e-01
7.425062060356140137e-01
7.425062060356140137e-01
4.054600298404693604e-01
4.054600298404693604e-01
4.054600298404693604e-01
7.425062060356140137e-01
7.425062060356140137e-01
7.425062060356140137e-01
7.425062060356140137e-01
7.425062060356140137e-01
7.425062060356140137e-01
7.425062060356140137e-01
4.054600298404693604e-01
4.054600298404693604e-01
7.425062060356140137e-01
7.425062060356140137e-01
7.425062060356140137e-01
7.425062060356140137e-01
7.425062060356140137e-01
7.425062060356140137e-01
7.425062060356140137e-01
7.425062060356140137e-01
7.425062060356140137e-01
4.054600298404693604e-01
4.054600298404693604e-01
7.425062060356140137e-01
6.272684931755065918e-01
4.054600298404693604e-01
7.425062060356140137e-01
7.425062060356140137e-01
4.054600298404693604e-01
7.423072457313537598e-01
4.054600298404693604e-01
7.425062060356140137e-01
7.425062060356140137e-01
7.425062060356140137e-01
4.054600298404693604e-01
7.425062060356140137e-01
7.425062060356140137e-01
4.054600298404693604e-01
4.054600298404693604e-01
7.425062060356140137e-01
4.054600298404693604e-01
7.159070372581481934e-01
4.054600298404693604e-01
4.054600298404693604e-01
7.425062060356140137e-01
4.054600298404693604e-01
4.054600298404693604e-01
7.425062060356140137e-01
4.054600298404693604e-01
4.054600298404693604e-01
4.054600298404693604e-01
4.054600298404693604e-01
4.054600298404693604e-01
7.425062060356140137e-01
7.425062060356140137e-01
4.054600298404693604e-01
4.054600298404693604e-01
4.054600298404693604e-01
7.425062060356140137e-01
4.054600298404693604e-01
4.054600298404693604e-01
7.425062060356140137e-01
4.054600298404693604e-01
4.054600298404693604e-01
4.054600298404693604e-01
7.425062060356140137e-01
7.425062060356140137e-01
4.054600298404693604e-01
7.425062060356140137e-01
4.054600298404693604e-01
7.425062060356140137e-01
4.054600298404693604e-01
4.054600298404693604e-01
4.054600298404693604e-01
4.054600298404693604e-01
4.054600298404693604e-01
7.425062060356140137e-01
4.054600298404693604e-01
4.054600298404693604e-01
4.054600298404693604e-01
4.054600298404693604e-01
4.054600298404693604e-01
4.054600298404693604e-01
4.054600298404693604e-01
4.054600298404693604e-01
4.054600298404693604e-01
4.054600298404693604e-01
4.054600298404693604e-01
4.054600298404693604e-01
4.054600298404693604e-01
4.054600298404693604e-01
4.054600298404693604e-01
4.054600298404693604e-01
4.054600298404693604e-01
4.054600298404693604e-01
4.054600298404693604e-01
4.054600298404693604e-01
4.054600298404693604e-01
4.054600298404693604e-01
4.054600298404693604e-01
4.054600298404693604e-01
4.054600298404693604e-01
4.054600298404693604e-01
4.054600298404693604e-01
4.054600298404693604e-01
4.054600298404693604e-01
4.054600298404693604e-01
4.054600298404693604e-01
4.054600298404693604e-01
4.054600298404693604e-01
4.054600298404693604e-01
4.054600298404693604e-01
4.054600298404693604e-01
4.054600298404693604e-01
4.054600298404693604e-01
4.054600298404693604e-01
4.054600298404693604e-01
4.054600298404693604e-01
4.054600298404693604e-01
4.054600298404693604e-01
4.054600298404693604e-01
4.054600298404693604e-01
4.054600298404693604e-01
4.054600298404693604e-01
4.054600298404693604e-01
4.054600298404693604e-01
4.054600298404693604e-01
4.054600298404693604e-01
4.054600298404693604e-01
4.054600298404693604e-01
4.054600298404693604e-01
4.054600298404693604e-01
4.054600298404693604e-01
4.054600298404693604e-01
4.054600298404693604e-01
4.054600298404693604e-01
4.054600298404693604e-01
4.054600298404693604e-01
4.054600298404693604e-01
4.054600298404693604e-01
4.054600298404693604e-01
4.054600298404693604e-01
4.054600298404693604e-01
4.054600298404693604e-01
7.425062060356140137e-01
7.425062060356140137e-01
7.425030469894409180e-01
4.054600298404693604e-01
7.425062060356140137e-01
7.425062060356140137e-01
7.425062060356140137e-01
7.425062060356140137e-01
7.425062060356140137e-01
7.425062060356140137e-01
7.425056695938110352e-01
7.425062060356140137e-01
7.425062060356140137e-01
7.425062060356140137e-01
7.425062060356140137e-01
7.425062060356140137e-01
7.425062060356140137e-01
7.425062060356140137e-01
6.442677974700927734e-01
7.425062060356140137e-01
7.425062060356140137e-01
7.425062060356140137e-01
7.425062060356140137e-01
7.425062060356140137e-01
7.425062060356140137e-01
7.425062060356140137e-01
7.425062060356140137e-01
4.054600298404693604e-01
7.425062060356140137e-01
7.425062060356140137e-01
7.424948215484619141e-01
7.425062060356140137e-01
7.425062060356140137e-01
7.425062060356140137e-01
7.425062060356140137e-01
7.425062060356140137e-01
7.425062060356140137e-01
7.424939870834350586e-01
7.425062060356140137e-01
7.425062060356140137e-01
6.322006583213806152e-01
7.425062060356140137e-01
7.425062060356140137e-01
7.425062060356140137e-01
4.054600298404693604e-01
7.249889373779296875e-01
7.425062060356140137e-01
7.425062060356140137e-01
7.425062060356140137e-01
7.425062060356140137e-01
7.425062060356140137e-01
7.425062060356140137e-01
7.425062060356140137e-01
4.054600298404693604e-01
7.425062060356140137e-01
7.425062060356140137e-01
7.425062060356140137e-01
7.425062060356140137e-01
7.425062060356140137e-01
7.425062060356140137e-01
7.425062060356140137e-01
7.425062060356140137e-01
7.425062060356140137e-01
7.210490107536315918e-01
7.134617567062377930e-01
7.425062060356140137e-01
7.425062060356140137e-01
7.425062060356140137e-01
4.054600298404693604e-01
7.425062060356140137e-01
4.054600298404693604e-01
7.425062060356140137e-01
7.425062060356140137e-01
7.413830161094665527e-01
4.054600298404693604e-01
6.553595066070556641e-01
4.054600298404693604e-01
4.054600298404693604e-01
4.054600298404693604e-01
4.054600298404693604e-01
4.054600298404693604e-01
4.054600298404693604e-01
4.054600298404693604e-01
4.054600298404693604e-01
4.054600298404693604e-01
4.054600298404693604e-01
4.054600298404693604e-01
4.054600298404693604e-01
4.054600298404693604e-01
4.054600298404693604e-01
4.054600298404693604e-01
4.054600298404693604e-01
6.327586770057678223e-01
4.054600298404693604e-01
4.054600298404693604e-01
4.054600298404693604e-01
4.054600298404693604e-01
4.054600298404693604e-01
4.054600298404693604e-01
4.054600298404693604e-01
4.054600298404693604e-01
4.054600298404693604e-01
4.054600298404693604e-01
4.054600298404693604e-01
4.054600298404693604e-01
4.054600298404693604e-01
4.054600298404693604e-01
4.054600298404693604e-01
4.054600298404693604e-01
4.054600298404693604e-01
4.054600298404693604e-01
4.054600298404693604e-01
4.054600298404693604e-01
4.054600298404693604e-01
4.054600298404693604e-01
4.054600298404693604e-01
4.054600298404693604e-01
4.054600298404693604e-01
4.054600298404693604e-01
4.054600298404693604e-01
4.054600298404693604e-01
4.054600298404693604e-01
4.054600298404693604e-01
4.054600298404693604e-01
4.054600298404693604e-01
4.054600298404693604e-01
4.054600298404693604e-01
4.054600298404693604e-01
4.054600298404693604e-01
4.054600298404693604e-01
4.054600298404693604e-01
4.054600298404693604e-01
4.054600298404693604e-01
4.054600298404693604e-01
4.054600298404693604e-01
4.054600298404693604e-01
4.054600298404693604e-01
4.054600298404693604e-01
4.054600298404693604e-01
4.054600298404693604e-01
4.054600298404693604e-01
4.054600298404693604e-01
4.054600298404693604e-01
4.054600298404693604e-01
4.054600298404693604e-01
4.054600298404693604e-01
4.054600298404693604e-01
4.054600298404693604e-01
4.054600298404693604e-01
4.054600298404693604e-01
4.054600298404693604e-01
4.054600298404693604e-01
4.054600298404693604e-01
4.054600298404693604e-01
4.054600298404693604e-01
4.054600298404693604e-01
4.054600298404693604e-01
4.054600298404693604e-01
4.054600298404693604e-01
6.427826285362243652e-01
4.054600298404693604e-01
4.054600298404693604e-01
4.054600298404693604e-01
4.054600298404693604e-01
4.054600298404693604e-01
4.054600298404693604e-01
4.054600298404693604e-01
4.054600298404693604e-01
4.054600298404693604e-01
4.054600298404693604e-01
4.054600298404693604e-01
4.054600298404693604e-01
4.054600298404693604e-01
4.054600298404693604e-01
4.054600298404693604e-01
7.424743771553039551e-01
4.054600298404693604e-01
4.054600298404693604e-01
4.054600298404693604e-01
4.054600298404693604e-01
4.054600298404693604e-01
7.425059676170349121e-01
4.054600298404693604e-01
4.054600298404693604e-01
4.054600298404693604e-01
4.054600298404693604e-01
4.054600298404693604e-01
4.054600298404693604e-01
4.054600298404693604e-01
4.054600298404693604e-01
4.054600298404693604e-01
4.054600298404693604e-01
4.054600298404693604e-01
4.054600298404693604e-01
4.054600298404693604e-01
4.054600298404693604e-01
4.054600298404693604e-01
4.054600298404693604e-01
4.054600298404693604e-01
4.054600298404693604e-01
4.054600298404693604e-01
4.054600298404693604e-01
4.054600298404693604e-01
4.054600298404693604e-01
4.054600298404693604e-01
4.054600298404693604e-01
4.054600298404693604e-01
4.054600298404693604e-01
4.054600298404693604e-01
4.054600298404693604e-01
4.054600298404693604e-01
4.054600298404693604e-01
4.054600298404693604e-01
4.054600298404693604e-01
4.054600298404693604e-01
4.054600298404693604e-01
4.054600298404693604e-01
4.054600298404693604e-01
4.054600298404693604e-01
4.054600298404693604e-01
4.054600298404693604e-01
4.054600298404693604e-01
4.054600298404693604e-01
4.054600298404693604e-01
4.054600298404693604e-01
4.054600298404693604e-01
4.054600298404693604e-01
4.054600298404693604e-01
4.054600298404693604e-01
4.054600298404693604e-01
4.054600298404693604e-01
4.054600298404693604e-01
4.054600298404693604e-01
4.054600298404693604e-01
4.054600298404693604e-01
4.054600298404693604e-01
4.054600298404693604e-01
4.054600298404693604e-01
4.054600298404693604e-01
4.054600298404693604e-01
4.054600298404693604e-01
4.054600298404693604e-01
4.054600298404693604e-01
4.054600298404693604e-01
4.054600298404693604e-01
4.054600298404693604e-01
4.054600298404693604e-01
6.388635635375976562e-01
4.054600298404693604e-01
4.054600298404693604e-01
4.054600298404693604e-01
4.054600298404693604e-01
4.054600298404693604e-01
4.054600298404693604e-01
4.054600298404693604e-01
4.054600298404693604e-01
4.054600298404693604e-01
7.424636483192443848e-01
7.425062060356140137e-01
7.425062060356140137e-01
7.425062060356140137e-01
7.425062060356140137e-01
7.425062060356140137e-01
7.410941123962402344e-01
7.425062060356140137e-01
7.425062060356140137e-01
7.425062060356140137e-01
4.054600298404693604e-01
7.425062060356140137e-01
7.425062060356140137e-01
7.425062060356140137e-01
4.054600298404693604e-01
4.054600298404693604e-01
4.054600298404693604e-01
4.054600298404693604e-01
4.054600298404693604e-01
4.054600298404693604e-01
4.054600298404693604e-01
4.054600298404693604e-01
4.054600298404693604e-01
4.054600298404693604e-01
4.054600298404693604e-01
4.054600298404693604e-01
4.054600298404693604e-01
4.054600298404693604e-01
4.054600298404693604e-01
4.054600298404693604e-01
4.054600298404693604e-01
4.054600298404693604e-01
4.054600298404693604e-01
4.054600298404693604e-01
4.054600298404693604e-01
4.054600298404693604e-01
4.054600298404693604e-01
4.054600298404693604e-01
4.054600298404693604e-01
4.054600298404693604e-01
4.054600298404693604e-01
4.054600298404693604e-01
6.272684931755065918e-01
7.425062060356140137e-01
6.272684931755065918e-01
7.425062060356140137e-01
7.425062060356140137e-01
7.425062060356140137e-01
7.425062060356140137e-01
7.425062060356140137e-01
7.425062060356140137e-01
7.425062060356140137e-01
7.425062060356140137e-01
4.054600298404693604e-01
7.425062060356140137e-01
4.054600298404693604e-01
4.054600298404693604e-01
4.054600298404693604e-01
4.054600298404693604e-01
7.425062060356140137e-01
4.054600298404693604e-01
4.054600298404693604e-01
4.054600298404693604e-01
4.054600298404693604e-01
4.054600298404693604e-01
4.054600298404693604e-01
4.054600298404693604e-01
4.054600298404693604e-01
4.054600298404693604e-01
4.054600298404693604e-01
4.054600298404693604e-01
7.425062060356140137e-01
7.425056695938110352e-01
7.425062060356140137e-01
4.054600298404693604e-01
7.425062060356140137e-01
7.425062060356140137e-01
7.425062060356140137e-01
7.425062060356140137e-01
7.425062060356140137e-01
7.210490107536315918e-01
7.425062060356140137e-01
7.425062060356140137e-01
7.396926879882812500e-01
7.424743771553039551e-01
4.054600298404693604e-01
4.054600298404693604e-01
4.054600298404693604e-01
4.054600298404693604e-01
4.054600298404693604e-01
7.425062060356140137e-01
7.424484491348266602e-01
4.054600298404693604e-01
7.373380661010742188e-01
7.211635708808898926e-01
4.054600298404693604e-01
4.054600298404693604e-01
4.054600298404693604e-01
4.054600298404693604e-01
4.054600298404693604e-01
4.054600298404693604e-01
4.054600298404693604e-01
4.054600298404693604e-01
4.054600298404693604e-01
4.054600298404693604e-01
4.054600298404693604e-01
4.054600298404693604e-01
4.054600298404693604e-01
4.054600298404693604e-01
4.054600298404693604e-01
4.054600298404693604e-01
4.054600298404693604e-01
4.054600298404693604e-01
4.054600298404693604e-01
4.054600298404693604e-01
4.054600298404693604e-01
4.054600298404693604e-01
4.054600298404693604e-01
4.054600298404693604e-01
4.054600298404693604e-01
4.054600298404693604e-01
4.054600298404693604e-01
4.054600298404693604e-01
4.054600298404693604e-01
4.054600298404693604e-01
4.054600298404693604e-01
4.054600298404693604e-01
4.054600298404693604e-01
4.054600298404693604e-01
7.341059446334838867e-01
4.054600298404693604e-01
4.054600298404693604e-01
6.272684931755065918e-01
4.054600298404693604e-01
4.054600298404693604e-01
4.054600298404693604e-01
4.054600298404693604e-01
4.054600298404693604e-01
4.054600298404693604e-01
4.054600298404693604e-01
4.054600298404693604e-01
4.054600298404693604e-01
4.054600298404693604e-01
4.054600298404693604e-01
4.054600298404693604e-01
4.054600298404693604e-01
4.054600298404693604e-01
4.054600298404693604e-01
4.054600298404693604e-01
4.054600298404693604e-01
4.054600298404693604e-01
4.054600298404693604e-01
4.054600298404693604e-01
4.054600298404693604e-01
4.054600298404693604e-01
4.054600298404693604e-01
4.054600298404693604e-01
4.054600298404693604e-01
4.054600298404693604e-01
4.054600298404693604e-01
4.054600298404693604e-01
4.054600298404693604e-01
4.054600298404693604e-01
4.054600298404693604e-01
4.054600298404693604e-01
6.490362286567687988e-01
4.054600298404693604e-01
4.054600298404693604e-01
4.054600298404693604e-01
4.054600298404693604e-01
4.054600298404693604e-01
4.054600298404693604e-01
4.054600298404693604e-01
4.054600298404693604e-01
7.410292029380798340e-01
4.054600298404693604e-01
4.054600298404693604e-01
4.054600298404693604e-01
4.054600298404693604e-01
4.054600298404693604e-01
4.054600298404693604e-01
4.054600298404693604e-01
6.333923935890197754e-01
7.383947372436523438e-01
4.054600298404693604e-01
4.054600298404693604e-01
4.054600298404693604e-01
4.054600298404693604e-01
4.054600298404693604e-01
4.054600298404693604e-01
4.054600298404693604e-01
4.054600298404693604e-01
4.054600298404693604e-01
4.054600298404693604e-01
4.054600298404693604e-01
4.054600298404693604e-01
4.054600298404693604e-01
4.054600298404693604e-01
4.054600298404693604e-01
4.054600298404693604e-01
4.054600298404693604e-01
4.054600298404693604e-01
4.054600298404693604e-01
4.054600298404693604e-01
4.054600298404693604e-01
4.054600298404693604e-01
4.054600298404693604e-01
4.054600298404693604e-01
4.054600298404693604e-01
4.054600298404693604e-01
4.054600298404693604e-01
4.054600298404693604e-01
4.054600298404693604e-01
4.054600298404693604e-01
4.054600298404693604e-01
4.054600298404693604e-01
4.054600298404693604e-01
4.054600298404693604e-01
7.341059446334838867e-01
4.054600298404693604e-01
4.054600298404693604e-01
4.054600298404693604e-01
4.054600298404693604e-01
4.054600298404693604e-01
4.054600298404693604e-01
4.054600298404693604e-01
4.054600298404693604e-01
4.054600298404693604e-01
4.054600298404693604e-01
4.054600298404693604e-01
4.054600298404693604e-01
4.054600298404693604e-01
4.054600298404693604e-01
4.054600298404693604e-01
4.054600298404693604e-01
4.054600298404693604e-01
4.054600298404693604e-01
4.054600298404693604e-01
4.054600298404693604e-01
4.054600298404693604e-01
4.054600298404693604e-01
4.054600298404693604e-01
4.054600298404693604e-01
4.054600298404693604e-01
4.054600298404693604e-01
6.322006583213806152e-01
4.054600298404693604e-01
4.054600298404693604e-01
4.054600298404693604e-01
4.054600298404693604e-01
4.054600298404693604e-01
6.234554648399353027e-01
7.163769602775573730e-01
4.054600298404693604e-01
4.054600298404693604e-01
4.054600298404693604e-01
4.054600298404693604e-01
4.054600298404693604e-01
4.054600298404693604e-01
4.054600298404693604e-01
7.423840165138244629e-01
4.054600298404693604e-01
4.054600298404693604e-01
4.054600298404693604e-01
4.054600298404693604e-01
4.054600298404693604e-01
4.054600298404693604e-01
4.054600298404693604e-01
4.054600298404693604e-01
4.054600298404693604e-01
4.054600298404693604e-01
4.054600298404693604e-01
4.054600298404693604e-01
4.054600298404693604e-01
4.054600298404693604e-01
4.054600298404693604e-01
4.054600298404693604e-01
4.054600298404693604e-01
4.054600298404693604e-01
4.054600298404693604e-01
4.054600298404693604e-01
7.424975633621215820e-01
4.054600298404693604e-01
4.054600298404693604e-01
4.054600298404693604e-01
4.054600298404693604e-01
4.054600298404693604e-01
4.054600298404693604e-01
4.054600298404693604e-01
4.054600298404693604e-01
4.054600298404693604e-01
4.054600298404693604e-01
4.054600298404693604e-01
4.054600298404693604e-01
4.054600298404693604e-01
4.054600298404693604e-01
4.054600298404693604e-01
4.054600298404693604e-01
4.054600298404693604e-01
4.054600298404693604e-01
4.054600298404693604e-01
4.054600298404693604e-01
4.054600298404693604e-01
4.054600298404693604e-01
4.054600298404693604e-01
4.054600298404693604e-01
4.054600298404693604e-01
4.054600298404693604e-01
4.054600298404693604e-01
4.054600298404693604e-01
4.054600298404693604e-01
4.054600298404693604e-01
4.054600298404693604e-01
4.054600298404693604e-01
4.054600298404693604e-01
4.054600298404693604e-01
4.054600298404693604e-01
4.054600298404693604e-01
4.054600298404693604e-01
4.054600298404693604e-01
4.054600298404693604e-01
4.054600298404693604e-01
4.054600298404693604e-01
4.054600298404693604e-01
4.054600298404693604e-01
4.054600298404693604e-01
4.054600298404693604e-01
4.054600298404693604e-01
4.054600298404693604e-01
4.054600298404693604e-01
4.054600298404693604e-01
4.054600298404693604e-01
4.054600298404693604e-01
4.054600298404693604e-01
4.054600298404693604e-01
7.424725890159606934e-01
7.424656152725219727e-01
4.054600298404693604e-01
4.054600298404693604e-01
7.406778335571289062e-01
4.054600298404693604e-01
4.054600298404693604e-01
