9.999991655349731445e-01
9.996265172958374023e-01
9.872752428054809570e-01
3.781020939350128174e-01
3.781020939350128174e-01
9.990453124046325684e-01
3.781020939350128174e-01
3.781020939350128174e-01
3.781020939350128174e-01
9.951875209808349609e-01
9.807119369506835938e-01
3.781020939350128174e-01
9.963847398757934570e-01
9.583995938301086426e-01
3.781020939350128174e-01
3.781020939350128174e-01
9.921827912330627441e-01
9.724914431571960449e-01
3.781020939350128174e-01
9.933885335922241211e-01
3.781020939350128174e-01
9.086370468139648438e-01
3.781020939350128174e-01
9.987862706184387207e-01
3.781020939350128174e-01
9.752339124679565430e-01
9.909291863441467285e-01
9.997496008872985840e-01
9.987284541130065918e-01
3.781020939350128174e-01
9.874711632728576660e-01
3.781020939350128174e-01
9.957312941551208496e-01
9.990783929824829102e-01
7.884455919265747070e-01
9.843752980232238770e-01
9.998921155929565430e-01
9.933332800865173340e-01
3.781020939350128174e-01
9.923140406608581543e-01
3.781020939350128174e-01
3.781020939350128174e-01
9.953566193580627441e-01
3.781020939350128174e-01
3.781020939350128174e-01
3.781020939350128174e-01
3.781020939350128174e-01
3.781020939350128174e-01
9.756306409835815430e-01
3.781020939350128174e-01
9.901840090751647949e-01
3.781020939350128174e-01
3.781020939350128174e-01
9.906498789787292480e-01
3.781020939350128174e-01
3.781020939350128174e-01
9.978247880935668945e-01
3.781020939350128174e-01
3.781020939350128174e-01
9.801091551780700684e-01
9.999338388442993164e-01
9.980376362800598145e-01
9.841136932373046875e-01
3.781020939350128174e-01
9.518142342567443848e-01
3.781020939350128174e-01
3.781020939350128174e-01
9.937624335289001465e-01
3.781020939350128174e-01
3.781020939350128174e-01
9.107905030250549316e-01
9.896507263183593750e-01
3.781020939350128174e-01
3.781020939350128174e-01
9.974107146263122559e-01
3.781020939350128174e-01
3.781020939350128174e-01
3.781020939350128174e-01
9.940316081047058105e-01
3.781020939350128174e-01
3.781020939350128174e-01
9.716433286666870117e-01
3.781020939350128174e-01
3.781020939350128174e-01
3.781020939350128174e-01
3.781020939350128174e-01
9.903154969215393066e-01
3.781020939350128174e-01
9.976764321327209473e-01
3.781020939350128174e-01
9.987756609916687012e-01
9.978182315826416016e-01
3.781020939350128174e-01
9.716213941574096680e-01
9.971891045570373535e-01
9.969270825386047363e-01
9.918163418769836426e-01
9.850044250488281250e-01
3.781020939350128174e-01
3.781020939350128174e-01
3.781020939350128174e-01
9.963694810867309570e-01
3.781020939350128174e-01
3.781020939350128174e-01
8.951581120491027832e-01
9.772285223007202148e-01
9.734400510787963867e-01
3.781020939350128174e-01
3.781020939350128174e-01
3.781020939350128174e-01
9.610905647277832031e-01
3.781020939350128174e-01
3.781020939350128174e-01
3.781020939350128174e-01
9.951943755149841309e-01
3.781020939350128174e-01
3.781020939350128174e-01
9.995469450950622559e-01
9.359106421470642090e-01
9.976955056190490723e-01
9.901140928268432617e-01
9.989156723022460938e-01
9.694699048995971680e-01
3.781020939350128174e-01
9.945519566535949707e-01
3.781020939350128174e-01
9.989668130874633789e-01
3.781020939350128174e-01
8.936349749565124512e-01
9.981698989868164062e-01
9.993044137954711914e-01
9.299317002296447754e-01
9.946487545967102051e-01
3.781020939350128174e-01
9.945150613784790039e-01
3.781020939350128174e-01
9.995828270912170410e-01
9.970203042030334473e-01
9.987592697143554688e-01
9.878959655761718750e-01
3.781020939350128174e-01
9.919260144233703613e-01
9.909951090812683105e-01
3.781020939350128174e-01
9.983664155006408691e-01
3.781020939350128174e-01
3.781020939350128174e-01
3.781020939350128174e-01
9.775781631469726562e-01
9.979727864265441895e-01
9.999030828475952148e-01
3.781020939350128174e-01
1.000000000000000000e+00
3.781020939350128174e-01
9.989838004112243652e-01
9.999983310699462891e-01
9.953182339668273926e-01
9.999461174011230469e-01
9.987767338752746582e-01
3.781020939350128174e-01
3.781020939350128174e-01
3.781020939350128174e-01
3.781020939350128174e-01
9.944452643394470215e-01
9.981484413146972656e-01
9.525237679481506348e-01
3.781020939350128174e-01
3.781020939350128174e-01
9.999734163284301758e-01
3.781020939350128174e-01
3.781020939350128174e-01
9.727615118026733398e-01
3.781020939350128174e-01
9.951946139335632324e-01
9.746311902999877930e-01
3.781020939350128174e-01
9.806174039840698242e-01
3.781020939350128174e-01
3.781020939350128174e-01
9.597831964492797852e-01
3.781020939350128174e-01
3.781020939350128174e-01
9.885061979293823242e-01
3.781020939350128174e-01
9.831227660179138184e-01
9.966658949851989746e-01
3.781020939350128174e-01
3.781020939350128174e-01
9.792929887771606445e-01
9.997032284736633301e-01
3.781020939350128174e-01
3.781020939350128174e-01
9.939702749252319336e-01
9.951085448265075684e-01
3.781020939350128174e-01
9.991415739059448242e-01
3.781020939350128174e-01
3.781020939350128174e-01
3.781020939350128174e-01
9.999743700027465820e-01
3.781020939350128174e-01
9.998900890350341797e-01
3.781020939350128174e-01
9.998383522033691406e-01
9.937102794647216797e-01
3.781020939350128174e-01
3.781020939350128174e-01
3.781020939350128174e-01
9.994348883628845215e-01
3.781020939350128174e-01
3.781020939350128174e-01
3.781020939350128174e-01
3.781020939350128174e-01
9.753763079643249512e-01
9.988879561424255371e-01
9.304836392402648926e-01
9.866029024124145508e-01
3.781020939350128174e-01
9.952239394187927246e-01
9.642519354820251465e-01
9.845429062843322754e-01
9.985812902450561523e-01
9.989693164825439453e-01
3.781020939350128174e-01
9.827134609222412109e-01
3.781020939350128174e-01
3.781020939350128174e-01
3.781020939350128174e-01
9.997007846832275391e-01
9.919775128364562988e-01
3.781020939350128174e-01
3.781020939350128174e-01
3.781020939350128174e-01
8.655110001564025879e-01
9.960022568702697754e-01
9.971852898597717285e-01
3.781020939350128174e-01
9.480454921722412109e-01
9.995367527008056641e-01
9.991152882575988770e-01
3.781020939350128174e-01
9.498537778854370117e-01
3.781020939350128174e-01
9.903885722160339355e-01
3.781020939350128174e-01
3.781020939350128174e-01
3.781020939350128174e-01
9.982953667640686035e-01
3.781020939350128174e-01
3.781020939350128174e-01
3.781020939350128174e-01
3.781020939350128174e-01
3.781020939350128174e-01
9.963171482086181641e-01
3.781020939350128174e-01
9.674426317214965820e-01
9.927904605865478516e-01
9.926217794418334961e-01
9.963828325271606445e-01
3.781020939350128174e-01
9.977994561195373535e-01
3.781020939350128174e-01
3.781020939350128174e-01
3.781020939350128174e-01
9.480360746383666992e-01
3.781020939350128174e-01
9.974380731582641602e-01
9.920893907546997070e-01
3.781020939350128174e-01
9.355540275573730469e-01
3.781020939350128174e-01
9.961159229278564453e-01
9.970980882644653320e-01
9.878928065299987793e-01
9.954757094383239746e-01
3.781020939350128174e-01
3.781020939350128174e-01
3.781020939350128174e-01
3.781020939350128174e-01
3.781020939350128174e-01
9.960864782333374023e-01
3.781020939350128174e-01
3.781020939350128174e-01
3.781020939350128174e-01
9.836148619651794434e-01
9.715077280998229980e-01
3.781020939350128174e-01
9.961159229278564453e-01
9.846286773681640625e-01
3.781020939350128174e-01
3.781020939350128174e-01
3.781020939350128174e-01
3.781020939350128174e-01
9.918285012245178223e-01
9.723805189132690430e-01
3.781020939350128174e-01
9.890519976615905762e-01
3.781020939350128174e-01
3.781020939350128174e-01
9.467085003852844238e-01
3.781020939350128174e-01
9.944798946380615234e-01
3.781020939350128174e-01
3.781020939350128174e-01
9.338327050209045410e-01
9.969013929367065430e-01
3.781020939350128174e-01
9.885451197624206543e-01
9.988098144531250000e-01
3.781020939350128174e-01
3.781020939350128174e-01
3.781020939350128174e-01
9.874364137649536133e-01
9.895173907279968262e-01
3.781020939350128174e-01
3.781020939350128174e-01
9.881067276000976562e-01
3.781020939350128174e-01
9.958714842796325684e-01
9.989222288131713867e-01
3.781020939350128174e-01
3.781020939350128174e-01
9.997621178627014160e-01
3.781020939350128174e-01
3.781020939350128174e-01
3.781020939350128174e-01
3.781020939350128174e-01
3.781020939350128174e-01
3.781020939350128174e-01
9.941145777702331543e-01
9.940206408500671387e-01
9.946833252906799316e-01
3.781020939350128174e-01
3.781020939350128174e-01
3.781020939350128174e-01
3.781020939350128174e-01
3.781020939350128174e-01
3.781020939350128174e-01
3.781020939350128174e-01
3.781020939350128174e-01
9.856891632080078125e-01
9.721599817276000977e-01
3.781020939350128174e-01
9.881544113159179688e-01
3.781020939350128174e-01
3.781020939350128174e-01
3.781020939350128174e-01
3.781020939350128174e-01
3.781020939350128174e-01
9.778602123260498047e-01
9.648957848548889160e-01
3.781020939350128174e-01
3.781020939350128174e-01
3.781020939350128174e-01
3.781020939350128174e-01
9.924945831298828125e-01
3.781020939350128174e-01
3.781020939350128174e-01
9.320609569549560547e-01
3.781020939350128174e-01
9.583535790443420410e-01
3.781020939350128174e-01
3.781020939350128174e-01
9.960145950317382812e-01
3.781020939350128174e-01
3.781020939350128174e-01
3.781020939350128174e-01
9.999996423721313477e-01
3.781020939350128174e-01
3.781020939350128174e-01
9.941607117652893066e-01
9.934328794479370117e-01
3.781020939350128174e-01
3.781020939350128174e-01
3.781020939350128174e-01
3.781020939350128174e-01
9.862039089202880859e-01
9.907720088958740234e-01
3.781020939350128174e-01
3.781020939350128174e-01
3.781020939350128174e-01
3.781020939350128174e-01
3.781020939350128174e-01
3.781020939350128174e-01
9.954915642738342285e-01
3.781020939350128174e-01
3.781020939350128174e-01
3.781020939350128174e-01
3.781020939350128174e-01
3.781020939350128174e-01
3.781020939350128174e-01
3.781020939350128174e-01
3.781020939350128174e-01
3.781020939350128174e-01
3.781020939350128174e-01
3.781020939350128174e-01
3.781020939350128174e-01
9.916633367538452148e-01
3.781020939350128174e-01
3.781020939350128174e-01
3.781020939350128174e-01
9.990045428276062012e-01
9.144665002822875977e-01
3.781020939350128174e-01
3.781020939350128174e-01
9.973867535591125488e-01
3.781020939350128174e-01
3.781020939350128174e-01
3.781020939350128174e-01
9.802750945091247559e-01
3.781020939350128174e-01
3.781020939350128174e-01
3.781020939350128174e-01
3.781020939350128174e-01
3.781020939350128174e-01
3.781020939350128174e-01
3.781020939350128174e-01
3.781020939350128174e-01
9.908527731895446777e-01
3.781020939350128174e-01
3.781020939350128174e-01
3.781020939350128174e-01
3.781020939350128174e-01
3.781020939350128174e-01
3.781020939350128174e-01
3.781020939350128174e-01
3.781020939350128174e-01
9.961962699890136719e-01
9.742849469184875488e-01
9.983905553817749023e-01
9.954878687858581543e-01
9.857515692710876465e-01
9.998024106025695801e-01
3.781020939350128174e-01
3.781020939350128174e-01
3.781020939350128174e-01
9.989047050476074219e-01
9.940199851989746094e-01
9.906610846519470215e-01
3.781020939350128174e-01
3.781020939350128174e-01
9.210878014564514160e-01
3.781020939350128174e-01
3.781020939350128174e-01
3.781020939350128174e-01
9.962528944015502930e-01
9.809164404869079590e-01
9.590278267860412598e-01
9.925400614738464355e-01
3.781020939350128174e-01
3.781020939350128174e-01
3.781020939350128174e-01
9.978393316268920898e-01
3.781020939350128174e-01
3.781020939350128174e-01
9.701294898986816406e-01
9.968209266662597656e-01
3.781020939350128174e-01
3.781020939350128174e-01
9.988563060760498047e-01
3.781020939350128174e-01
9.937840700149536133e-01
3.781020939350128174e-01
3.781020939350128174e-01
3.781020939350128174e-01
3.781020939350128174e-01
9.974603652954101562e-01
3.781020939350128174e-01
3.781020939350128174e-01
9.697859883308410645e-01
9.999954700469970703e-01
3.781020939350128174e-01
3.781020939350128174e-01
3.781020939350128174e-01
9.977375268936157227e-01
3.781020939350128174e-01
9.997823834419250488e-01
9.970779418945312500e-01
3.781020939350128174e-01
3.781020939350128174e-01
3.781020939350128174e-01
3.781020939350128174e-01
9.998152852058410645e-01
3.781020939350128174e-01
3.781020939350128174e-01
3.781020939350128174e-01
9.669317007064819336e-01
3.781020939350128174e-01
9.340907931327819824e-01
9.614230990409851074e-01
9.930998086929321289e-01
3.781020939350128174e-01
9.660331606864929199e-01
9.910289049148559570e-01
9.979037046432495117e-01
3.781020939350128174e-01
9.980249404907226562e-01
3.781020939350128174e-01
3.781020939350128174e-01
3.781020939350128174e-01
3.781020939350128174e-01
3.781020939350128174e-01
3.781020939350128174e-01
3.781020939350128174e-01
3.781020939350128174e-01
1.390947103500366211e-01
3.781020939350128174e-01
3.781020939350128174e-01
3.781020939350128174e-01
1.397057473659515381e-01
3.781020939350128174e-01
1.485253572463989258e-01
3.781020939350128174e-01
3.781020939350128174e-01
3.781020939350128174e-01
3.781020939350128174e-01
3.781020939350128174e-01
3.781020939350128174e-01
3.781020939350128174e-01
3.781020939350128174e-01
3.781020939350128174e-01
3.781020939350128174e-01
3.781020939350128174e-01
3.781020939350128174e-01
3.781020939350128174e-01
3.936437889933586121e-02
3.781020939350128174e-01
3.781020939350128174e-01
3.781020939350128174e-01
3.781020939350128174e-01
3.781020939350128174e-01
3.781020939350128174e-01
3.781020939350128174e-01
3.781020939350128174e-01
3.781020939350128174e-01
3.781020939350128174e-01
3.781020939350128174e-01
3.781020939350128174e-01
3.781020939350128174e-01
1.136741414666175842e-01
3.781020939350128174e-01
3.781020939350128174e-01
3.781020939350128174e-01
3.781020939350128174e-01
3.781020939350128174e-01
1.314909160137176514e-01
7.308188825845718384e-02
3.781020939350128174e-01
3.781020939350128174e-01
3.781020939350128174e-01
3.781020939350128174e-01
3.781020939350128174e-01
3.781020939350128174e-01
3.781020939350128174e-01
3.781020939350128174e-01
3.781020939350128174e-01
3.781020939350128174e-01
3.781020939350128174e-01
3.781020939350128174e-01
3.781020939350128174e-01
5.860424414277076721e-02
3.781020939350128174e-01
3.781020939350128174e-01
3.781020939350128174e-01
3.781020939350128174e-01
3.781020939350128174e-01
3.781020939350128174e-01
3.781020939350128174e-01
3.781020939350128174e-01
3.781020939350128174e-01
3.781020939350128174e-01
3.781020939350128174e-01
3.781020939350128174e-01
3.781020939350128174e-01
7.176920026540756226e-02
3.781020939350128174e-01
3.781020939350128174e-01
3.781020939350128174e-01
3.781020939350128174e-01
3.781020939350128174e-01
3.781020939350128174e-01
3.781020939350128174e-01
3.781020939350128174e-01
3.781020939350128174e-01
3.781020939350128174e-01
3.781020939350128174e-01
3.781020939350128174e-01
3.781020939350128174e-01
3.781020939350128174e-01
3.781020939350128174e-01
3.781020939350128174e-01
3.781020939350128174e-01
3.781020939350128174e-01
3.781020939350128174e-01
3.781020939350128174e-01
3.781020939350128174e-01
3.781020939350128174e-01
3.781020939350128174e-01
3.781020939350128174e-01
3.781020939350128174e-01
3.781020939350128174e-01
3.781020939350128174e-01
3.781020939350128174e-01
3.781020939350128174e-01
3.781020939350128174e-01
3.781020939350128174e-01
3.781020939350128174e-01
3.781020939350128174e-01
3.781020939350128174e-01
3.781020939350128174e-01
3.781020939350128174e-01
3.781020939350128174e-01
3.781020939350128174e-01
3.781020939350128174e-01
3.781020939350128174e-01
3.781020939350128174e-01
3.781020939350128174e-01
3.781020939350128174e-01
3.781020939350128174e-01
3.781020939350128174e-01
3.781020939350128174e-01
3.781020939350128174e-01
3.781020939350128174e-01
3.781020939350128174e-01
3.781020939350128174e-01
3.781020939350128174e-01
1.619515717029571533e-01
3.781020939350128174e-01
3.781020939350128174e-01
3.781020939350128174e-01
3.781020939350128174e-01
3.781020939350128174e-01
3.781020939350128174e-01
3.781020939350128174e-01
3.781020939350128174e-01
3.781020939350128174e-01
3.781020939350128174e-01
3.781020939350128174e-01
3.781020939350128174e-01
3.781020939350128174e-01
3.781020939350128174e-01
3.781020939350128174e-01
3.781020939350128174e-01
3.781020939350128174e-01
3.781020939350128174e-01
3.781020939350128174e-01
3.781020939350128174e-01
3.781020939350128174e-01
3.781020939350128174e-01
3.781020939350128174e-01
3.781020939350128174e-01
3.781020939350128174e-01
3.781020939350128174e-01
3.781020939350128174e-01
3.781020939350128174e-01
3.781020939350128174e-01
3.781020939350128174e-01
1.459833979606628418e-01
3.781020939350128174e-01
3.781020939350128174e-01
3.781020939350128174e-01
3.781020939350128174e-01
3.781020939350128174e-01
3.781020939350128174e-01
3.781020939350128174e-01
3.781020939350128174e-01
3.781020939350128174e-01
3.781020939350128174e-01
3.781020939350128174e-01
3.781020939350128174e-01
3.781020939350128174e-01
3.781020939350128174e-01
3.781020939350128174e-01
3.781020939350128174e-01
3.781020939350128174e-01
2.476461678743362427e-01
3.781020939350128174e-01
3.781020939350128174e-01
3.781020939350128174e-01
3.781020939350128174e-01
3.781020939350128174e-01
3.781020939350128174e-01
3.781020939350128174e-01
3.781020939350128174e-01
3.781020939350128174e-01
3.781020939350128174e-01
3.781020939350128174e-01
3.781020939350128174e-01
3.781020939350128174e-01
3.781020939350128174e-01
3.781020939350128174e-01
3.781020939350128174e-01
3.781020939350128174e-01
3.781020939350128174e-01
3.781020939350128174e-01
3.781020939350128174e-01
3.781020939350128174e-01
3.781020939350128174e-01
3.781020939350128174e-01
3.781020939350128174e-01
3.781020939350128174e-01
3.781020939350128174e-01
3.781020939350128174e-01
3.781020939350128174e-01
3.781020939350128174e-01
3.781020939350128174e-01
3.781020939350128174e-01
3.781020939350128174e-01
3.781020939350128174e-01
3.781020939350128174e-01
3.781020939350128174e-01
3.781020939350128174e-01
3.781020939350128174e-01
3.781020939350128174e-01
3.781020939350128174e-01
3.781020939350128174e-01
3.781020939350128174e-01
3.781020939350128174e-01
3.781020939350128174e-01
3.781020939350128174e-01
3.781020939350128174e-01
3.781020939350128174e-01
3.781020939350128174e-01
3.781020939350128174e-01
3.781020939350128174e-01
3.781020939350128174e-01
3.781020939350128174e-01
3.781020939350128174e-01
3.781020939350128174e-01
3.781020939350128174e-01
3.781020939350128174e-01
3.781020939350128174e-01
3.781020939350128174e-01
3.781020939350128174e-01
3.781020939350128174e-01
3.781020939350128174e-01
3.781020939350128174e-01
3.781020939350128174e-01
3.781020939350128174e-01
3.781020939350128174e-01
3.781020939350128174e-01
3.781020939350128174e-01
3.781020939350128174e-01
3.781020939350128174e-01
3.781020939350128174e-01
3.781020939350128174e-01
3.781020939350128174e-01
3.781020939350128174e-01
3.781020939350128174e-01
3.781020939350128174e-01
3.781020939350128174e-01
3.781020939350128174e-01
3.781020939350128174e-01
3.781020939350128174e-01
3.781020939350128174e-01
3.781020939350128174e-01
3.781020939350128174e-01
3.781020939350128174e-01
3.781020939350128174e-01
3.781020939350128174e-01
3.781020939350128174e-01
3.781020939350128174e-01
3.781020939350128174e-01
3.781020939350128174e-01
3.781020939350128174e-01
3.781020939350128174e-01
3.781020939350128174e-01
3.781020939350128174e-01
3.781020939350128174e-01
3.781020939350128174e-01
3.781020939350128174e-01
3.781020939350128174e-01
3.781020939350128174e-01
3.781020939350128174e-01
3.781020939350128174e-01
3.781020939350128174e-01
3.781020939350128174e-01
3.781020939350128174e-01
1.944433152675628662e-01
3.781020939350128174e-01
3.781020939350128174e-01
3.781020939350128174e-01
3.781020939350128174e-01
3.781020939350128174e-01
3.781020939350128174e-01
3.781020939350128174e-01
3.781020939350128174e-01
3.781020939350128174e-01
3.781020939350128174e-01
3.781020939350128174e-01
3.781020939350128174e-01
3.781020939350128174e-01
1.813274770975112915e-01
3.781020939350128174e-01
3.781020939350128174e-01
3.781020939350128174e-01
3.781020939350128174e-01
3.781020939350128174e-01
3.781020939350128174e-01
3.781020939350128174e-01
3.781020939350128174e-01
2.946258522570133209e-02
3.781020939350128174e-01
3.781020939350128174e-01
3.781020939350128174e-01
3.781020939350128174e-01
3.781020939350128174e-01
3.781020939350128174e-01
3.781020939350128174e-01
3.781020939350128174e-01
3.781020939350128174e-01
3.781020939350128174e-01
3.781020939350128174e-01
3.781020939350128174e-01
3.781020939350128174e-01
3.781020939350128174e-01
3.781020939350128174e-01
3.781020939350128174e-01
3.781020939350128174e-01
3.781020939350128174e-01
3.781020939350128174e-01
3.781020939350128174e-01
3.781020939350128174e-01
3.781020939350128174e-01
3.781020939350128174e-01
3.781020939350128174e-01
3.781020939350128174e-01
3.781020939350128174e-01
3.781020939350128174e-01
3.781020939350128174e-01
3.781020939350128174e-01
3.781020939350128174e-01
3.781020939350128174e-01
3.781020939350128174e-01
3.781020939350128174e-01
3.781020939350128174e-01
3.781020939350128174e-01
3.781020939350128174e-01
3.781020939350128174e-01
3.781020939350128174e-01
3.781020939350128174e-01
3.781020939350128174e-01
3.781020939350128174e-01
3.781020939350128174e-01
3.781020939350128174e-01
3.781020939350128174e-01
3.781020939350128174e-01
3.781020939350128174e-01
3.781020939350128174e-01
3.781020939350128174e-01
3.781020939350128174e-01
3.781020939350128174e-01
3.781020939350128174e-01
3.781020939350128174e-01
3.781020939350128174e-01
3.781020939350128174e-01
3.781020939350128174e-01
3.781020939350128174e-01
3.781020939350128174e-01
3.781020939350128174e-01
3.781020939350128174e-01
3.781020939350128174e-01
3.781020939350128174e-01
3.781020939350128174e-01
3.781020939350128174e-01
3.781020939350128174e-01
3.781020939350128174e-01
3.781020939350128174e-01
3.781020939350128174e-01
3.781020939350128174e-01
3.781020939350128174e-01
3.781020939350128174e-01
3.781020939350128174e-01
3.781020939350128174e-01
3.781020939350128174e-01
3.781020939350128174e-01
5.704007297754287720e-02
3.781020939350128174e-01
3.781020939350128174e-01
3.781020939350128174e-01
3.781020939350128174e-01
3.781020939350128174e-01
3.781020939350128174e-01
3.781020939350128174e-01
3.781020939350128174e-01
3.781020939350128174e-01
3.781020939350128174e-01
3.781020939350128174e-01
3.781020939350128174e-01
3.781020939350128174e-01
3.781020939350128174e-01
3.781020939350128174e-01
3.781020939350128174e-01
3.781020939350128174e-01
3.781020939350128174e-01
3.781020939350128174e-01
3.781020939350128174e-01
3.781020939350128174e-01
3.781020939350128174e-01
3.781020939350128174e-01
3.781020939350128174e-01
3.781020939350128174e-01
3.781020939350128174e-01
3.781020939350128174e-01
3.781020939350128174e-01
3.781020939350128174e-01
3.781020939350128174e-01
3.781020939350128174e-01
3.781020939350128174e-01
3.781020939350128174e-01
3.781020939350128174e-01
3.781020939350128174e-01
3.781020939350128174e-01
3.781020939350128174e-01
3.781020939350128174e-01
3.781020939350128174e-01
3.781020939350128174e-01
3.781020939350128174e-01
3.781020939350128174e-01
3.781020939350128174e-01
3.781020939350128174e-01
3.781020939350128174e-01
3.781020939350128174e-01
3.781020939350128174e-01
3.781020939350128174e-01
3.781020939350128174e-01
3.781020939350128174e-01
3.781020939350128174e-01
3.781020939350128174e-01
3.781020939350128174e-01
3.781020939350128174e-01
3.781020939350128174e-01
3.781020939350128174e-01
3.781020939350128174e-01
3.781020939350128174e-01
3.781020939350128174e-01
3.781020939350128174e-01
3.781020939350128174e-01
3.781020939350128174e-01
3.781020939350128174e-01
3.781020939350128174e-01
3.781020939350128174e-01
3.781020939350128174e-01
3.781020939350128174e-01
3.781020939350128174e-01
3.781020939350128174e-01
3.781020939350128174e-01
3.781020939350128174e-01
3.781020939350128174e-01
3.781020939350128174e-01
3.781020939350128174e-01
3.781020939350128174e-01
3.781020939350128174e-01
3.781020939350128174e-01
3.781020939350128174e-01
3.781020939350128174e-01
3.781020939350128174e-01
3.781020939350128174e-01
3.781020939350128174e-01
3.781020939350128174e-01
3.781020939350128174e-01
1.265695244073867798e-01
3.781020939350128174e-01
3.781020939350128174e-01
3.781020939350128174e-01
3.781020939350128174e-01
3.781020939350128174e-01
3.781020939350128174e-01
3.781020939350128174e-01
3.781020939350128174e-01
3.781020939350128174e-01
3.781020939350128174e-01
3.781020939350128174e-01
3.781020939350128174e-01
3.781020939350128174e-01
3.781020939350128174e-01
3.781020939350128174e-01
3.781020939350128174e-01
3.781020939350128174e-01
3.781020939350128174e-01
3.781020939350128174e-01
3.781020939350128174e-01
3.781020939350128174e-01
3.781020939350128174e-01
3.781020939350128174e-01
3.781020939350128174e-01
3.781020939350128174e-01
3.781020939350128174e-01
3.781020939350128174e-01
1.099320873618125916e-01
3.781020939350128174e-01
3.781020939350128174e-01
1.834267973899841309e-01
2.005408406257629395e-01
3.781020939350128174e-01
3.781020939350128174e-01
1.280190497636795044e-01
3.781020939350128174e-01
3.781020939350128174e-01
3.781020939350128174e-01
