4.803335070610046387e-01
4.811742901802062988e-01
5.049576163291931152e-01
4.766388833522796631e-01
4.821093380451202393e-01
4.962255656719207764e-01
4.881279170513153076e-01
4.864997267723083496e-01
4.880439043045043945e-01
4.983138740062713623e-01
4.887158274650573730e-01
4.291569888591766357e-01
4.778493344783782959e-01
4.816570281982421875e-01
5.204466581344604492e-01
4.865979552268981934e-01
4.811391532421112061e-01
4.807456135749816895e-01
4.853259027004241943e-01
4.927166998386383057e-01
4.802792966365814209e-01
4.956183433532714844e-01
4.792767167091369629e-01
4.952051043510437012e-01
4.843503534793853760e-01
4.800837934017181396e-01
4.694503247737884521e-01
4.918007552623748779e-01
4.866707921028137207e-01
4.778423309326171875e-01
4.781932830810546875e-01
4.745116233825683594e-01
4.762023985385894775e-01
5.017918348312377930e-01
4.859219193458557129e-01
4.869575798511505127e-01
4.702381193637847900e-01
4.774768948554992676e-01
4.788586795330047607e-01
4.771634638309478760e-01
4.910099804401397705e-01
4.961432218551635742e-01
4.908260703086853027e-01
5.012145042419433594e-01
4.863015413284301758e-01
4.894067645072937012e-01
5.017561316490173340e-01
4.786571264266967773e-01
4.830312132835388184e-01
4.668588638305664062e-01
4.854465723037719727e-01
4.746553003787994385e-01
4.850525856018066406e-01
4.824371337890625000e-01
5.021160840988159180e-01
4.859653711318969727e-01
4.743242263793945312e-01
4.752982854843139648e-01
4.798105359077453613e-01
4.974053502082824707e-01
4.917588829994201660e-01
5.067382454872131348e-01
4.947739839553833008e-01
4.743807315826416016e-01
4.987900853157043457e-01
4.867522120475769043e-01
4.810774922370910645e-01
4.912905991077423096e-01
5.115121603012084961e-01
4.499283432960510254e-01
4.824944436550140381e-01
4.798221588134765625e-01
4.828263819217681885e-01
4.802681803703308105e-01
4.893558323383331299e-01
4.662292897701263428e-01
5.239704251289367676e-01
5.500704050064086914e-01
4.675636589527130127e-01
5.382146835327148438e-01
5.148908495903015137e-01
5.102505683898925781e-01
5.457413792610168457e-01
4.586193263530731201e-01
5.355917811393737793e-01
5.138787031173706055e-01
4.601726531982421875e-01
5.445494651794433594e-01
4.245559275150299072e-01
4.670338928699493408e-01
4.825391471385955811e-01
4.695800542831420898e-01
5.265306234359741211e-01
4.814108908176422119e-01
5.369237661361694336e-01
5.482949018478393555e-01
4.601259231567382812e-01
5.550959110260009766e-01
5.359719395637512207e-01
5.502787828445434570e-01
5.554885864257812500e-01
5.764204859733581543e-01
5.427014827728271484e-01
5.505514144897460938e-01
5.310539007186889648e-01
4.908744096755981445e-01
4.449271261692047119e-01
4.422800540924072266e-01
5.336466431617736816e-01
5.119375586509704590e-01
5.187930464744567871e-01
4.922028481960296631e-01
5.439030528068542480e-01
5.136327147483825684e-01
4.837298095226287842e-01
5.216484069824218750e-01
5.001564025878906250e-01
4.601568579673767090e-01
4.612021148204803467e-01
5.386062264442443848e-01
5.571130514144897461e-01
4.654568135738372803e-01
5.450587868690490723e-01
5.428035855293273926e-01
4.703675210475921631e-01
5.397666692733764648e-01
4.854477047920227051e-01
4.679034650325775146e-01
5.451251268386840820e-01
5.416884422302246094e-01
5.585497617721557617e-01
5.321990847587585449e-01
4.543210864067077637e-01
5.653154253959655762e-01
4.792045652866363525e-01
4.574409127235412598e-01
5.574247241020202637e-01
5.518365502357482910e-01
4.616386592388153076e-01
5.166372656822204590e-01
5.245459079742431641e-01
4.601010382175445557e-01
5.559807419776916504e-01
5.582859516143798828e-01
4.685397446155548096e-01
4.291324317455291748e-01
5.417639017105102539e-01
4.314484000205993652e-01
5.264789462089538574e-01
5.701479315757751465e-01
4.905288815498352051e-01
5.177025794982910156e-01
5.043699741363525391e-01
4.943337738513946533e-01
4.649339616298675537e-01
5.269194841384887695e-01
5.306780338287353516e-01
4.819965362548828125e-01
4.932844638824462891e-01
5.167335867881774902e-01
4.848492741584777832e-01
5.466499924659729004e-01
4.460748434066772461e-01
5.171169042587280273e-01
5.205158591270446777e-01
5.113039612770080566e-01
4.936164021492004395e-01
5.033714771270751953e-01
5.074771046638488770e-01
4.973711371421813965e-01
4.494805932044982910e-01
4.780547320842742920e-01
5.330605506896972656e-01
5.168123841285705566e-01
5.129314661026000977e-01
5.064960718154907227e-01
5.078702569007873535e-01
4.140046238899230957e-01
5.285778641700744629e-01
5.179562568664550781e-01
4.775854051113128662e-01
4.717462658882141113e-01
5.130278468132019043e-01
5.029720067977905273e-01
5.018246173858642578e-01
4.795313179492950439e-01
5.244812965393066406e-01
4.964509904384613037e-01
4.900337755680084229e-01
5.024039745330810547e-01
4.884558618068695068e-01
5.094094276428222656e-01
4.650610685348510742e-01
5.255866050720214844e-01
5.056598782539367676e-01
5.099129676818847656e-01
4.744310081005096436e-01
4.824669361114501953e-01
4.749574959278106689e-01
5.119715929031372070e-01
4.588357210159301758e-01
5.095584988594055176e-01
5.026870965957641602e-01
5.096117258071899414e-01
4.935985207557678223e-01
4.997439384460449219e-01
5.138866305351257324e-01
4.988301992416381836e-01
4.956815242767333984e-01
5.002082586288452148e-01
4.762627780437469482e-01
5.366210341453552246e-01
5.158216357231140137e-01
4.913320243358612061e-01
5.154855251312255859e-01
5.147185325622558594e-01
5.001987814903259277e-01
5.355833768844604492e-01
4.860212504863739014e-01
5.242585539817810059e-01
4.836162328720092773e-01
4.991201162338256836e-01
4.964169263839721680e-01
5.262601971626281738e-01
5.137409567832946777e-01
5.016160607337951660e-01
5.068389773368835449e-01
4.876542091369628906e-01
4.459008574485778809e-01
5.360447168350219727e-01
5.011160373687744141e-01
5.130864381790161133e-01
4.819352924823760986e-01
5.102605223655700684e-01
5.085815787315368652e-01
4.952145814895629883e-01
5.407316684722900391e-01
4.700565338134765625e-01
4.252634048461914062e-01
5.257350206375122070e-01
4.996585845947265625e-01
5.412378311157226562e-01
5.300035476684570312e-01
4.321171343326568604e-01
4.883203804492950439e-01
5.141508579254150391e-01
5.020485520362854004e-01
4.838943779468536377e-01
4.915310144424438477e-01
4.925299286842346191e-01
5.010151863098144531e-01
4.906062781810760498e-01
4.988866746425628662e-01
4.978218078613281250e-01
4.958797991275787354e-01
4.874489903450012207e-01
5.035122632980346680e-01
5.005699992179870605e-01
4.883559942245483398e-01
4.784769415855407715e-01
4.902383089065551758e-01
4.813996255397796631e-01
5.011426806449890137e-01
5.055401921272277832e-01
4.700667560100555420e-01
4.871571958065032959e-01
4.930239915847778320e-01
5.137038230895996094e-01
5.016061663627624512e-01
4.828042387962341309e-01
4.870050847530364990e-01
4.999712109565734863e-01
5.027307271957397461e-01
4.929608404636383057e-01
5.060064792633056641e-01
4.846281111240386963e-01
4.950957894325256348e-01
4.880528748035430908e-01
4.946850538253784180e-01
4.984175264835357666e-01
4.837149679660797119e-01
5.078833103179931641e-01
5.035862326622009277e-01
4.757713973522186279e-01
4.881497919559478760e-01
5.096946358680725098e-01
4.994524121284484863e-01
4.946702420711517334e-01
4.961467981338500977e-01
4.913621842861175537e-01
4.700300693511962891e-01
4.940139651298522949e-01
5.169974565505981445e-01
4.622843563556671143e-01
4.857486486434936523e-01
4.870682060718536377e-01
5.026468634605407715e-01
4.859570562839508057e-01
4.943332672119140625e-01
4.804125130176544189e-01
4.893890619277954102e-01
4.882394373416900635e-01
4.965995848178863525e-01
4.818538427352905273e-01
4.716731607913970947e-01
4.987779855728149414e-01
4.875987470149993896e-01
4.885287880897521973e-01
4.946289360523223877e-01
4.994164407253265381e-01
4.924515485763549805e-01
4.746150374412536621e-01
4.849762916564941406e-01
5.037966966629028320e-01
4.992899298667907715e-01
4.839330017566680908e-01
4.762026071548461914e-01
5.071608424186706543e-01
5.004521608352661133e-01
4.855535030364990234e-01
4.892055988311767578e-01
5.043812394142150879e-01
4.948945343494415283e-01
4.678446352481842041e-01
4.870943427085876465e-01
4.958133101463317871e-01
4.722213447093963623e-01
5.334460735321044922e-01
5.797176957130432129e-01
4.936876296997070312e-01
5.165980458259582520e-01
4.998817741870880127e-01
4.591791629791259766e-01
5.001092553138732910e-01
4.982947111129760742e-01
4.714699387550354004e-01
4.814630746841430664e-01
5.060492157936096191e-01
5.333386659622192383e-01
5.045547485351562500e-01
4.901634454727172852e-01
5.288760662078857422e-01
4.948005974292755127e-01
4.946716427803039551e-01
5.085276365280151367e-01
4.812066555023193359e-01
5.017514824867248535e-01
4.888305664062500000e-01
5.043812394142150879e-01
4.892150759696960449e-01
4.953265190124511719e-01
5.101987719535827637e-01
4.728952646255493164e-01
5.128973126411437988e-01
4.919768571853637695e-01
4.809501767158508301e-01
4.874882400035858154e-01
4.929698705673217773e-01
4.938589930534362793e-01
4.719718694686889648e-01
4.699204862117767334e-01
4.798907935619354248e-01
5.025728940963745117e-01
4.952172636985778809e-01
4.566967785358428955e-01
4.926679432392120361e-01
4.785439670085906982e-01
4.793936312198638916e-01
4.689539074897766113e-01
5.368397235870361328e-01
4.828009605407714844e-01
4.755948185920715332e-01
5.124413371086120605e-01
5.238612294197082520e-01
4.676426649093627930e-01
4.742280840873718262e-01
5.051997303962707520e-01
5.040832757949829102e-01
4.727557301521301270e-01
4.729919135570526123e-01
5.287845134735107422e-01
4.968978166580200195e-01
4.889339208602905273e-01
4.634344279766082764e-01
4.620786011219024658e-01
4.696262180805206299e-01
4.924752116203308105e-01
4.808369874954223633e-01
5.209147930145263672e-01
5.202960371971130371e-01
4.777824580669403076e-01
4.571608006954193115e-01
4.585327506065368652e-01
4.641043841838836670e-01
4.861146211624145508e-01
4.839344024658203125e-01
5.045618414878845215e-01
4.524491429328918457e-01
4.626078009605407715e-01
5.164544582366943359e-01
4.585610628128051758e-01
4.635545909404754639e-01
4.448891878128051758e-01
5.141971111297607422e-01
5.068684816360473633e-01
5.092024207115173340e-01
4.768924117088317871e-01
4.858134984970092773e-01
4.594706892967224121e-01
4.737458229064941406e-01
4.863992631435394287e-01
4.898108243942260742e-01
4.481753706932067871e-01
4.741964936256408691e-01
4.827286899089813232e-01
4.835431873798370361e-01
4.716214537620544434e-01
4.695435166358947754e-01
4.715504348278045654e-01
4.715548455715179443e-01
4.698507785797119141e-01
5.256341099739074707e-01
4.716304540634155273e-01
4.682564437389373779e-01
5.244078040122985840e-01
4.481806457042694092e-01
4.870335757732391357e-01
4.885812699794769287e-01
4.873448312282562256e-01
4.880470931529998779e-01
5.081961750984191895e-01
4.785303175449371338e-01
4.848072230815887451e-01
4.444326758384704590e-01
4.871174693107604980e-01
4.662503898143768311e-01
4.977217912673950195e-01
4.877142012119293213e-01
4.939796328544616699e-01
4.986235201358795166e-01
4.828305840492248535e-01
4.846427738666534424e-01
4.999337196350097656e-01
4.826656877994537354e-01
4.919668734073638916e-01
4.874086976051330566e-01
4.879730343818664551e-01
4.985709488391876221e-01
4.681333601474761963e-01
4.643829464912414551e-01
4.609757065773010254e-01
4.824628233909606934e-01
4.921660423278808594e-01
4.844124317169189453e-01
4.502485692501068115e-01
4.857459962368011475e-01
4.848085939884185791e-01
4.837594628334045410e-01
5.012884140014648438e-01
4.874276220798492432e-01
4.912694096565246582e-01
4.316368401050567627e-01
4.808122813701629639e-01
5.013932585716247559e-01
4.642111957073211670e-01
4.861173331737518311e-01
4.758038222789764404e-01
4.998437762260437012e-01
4.771536886692047119e-01
4.920478463172912598e-01
4.972618222236633301e-01
4.888557493686676025e-01
4.881221652030944824e-01
4.973545074462890625e-01
4.867731332778930664e-01
4.633198678493499756e-01
4.890186786651611328e-01
4.876126348972320557e-01
4.861609637737274170e-01
4.906407296657562256e-01
4.886198043823242188e-01
4.659800231456756592e-01
5.002750158309936523e-01
4.719195663928985596e-01
4.882664978504180908e-01
5.322235822677612305e-01
5.019025206565856934e-01
4.755601882934570312e-01
4.810534417629241943e-01
5.023223757743835449e-01
5.128465890884399414e-01
4.889693856239318848e-01
4.816590249538421631e-01
4.956795573234558105e-01
4.840906858444213867e-01
5.074878334999084473e-01
4.931677579879760742e-01
4.866002202033996582e-01
4.662171006202697754e-01
4.833413660526275635e-01
4.762383997440338135e-01
4.730166494846343994e-01
4.998535811901092529e-01
4.954485595226287842e-01
4.473302066326141357e-01
4.816106855869293213e-01
4.807257652282714844e-01
4.970664083957672119e-01
4.846628308296203613e-01
4.694256782531738281e-01
4.818586707115173340e-01
4.648751020431518555e-01
4.334308207035064697e-01
4.831568598747253418e-01
4.921329617500305176e-01
4.673216640949249268e-01
4.718238413333892822e-01
4.839235246181488037e-01
4.289757013320922852e-01
4.410637021064758301e-01
4.712013900279998779e-01
4.868618845939636230e-01
5.191295742988586426e-01
4.689449965953826904e-01
4.766504764556884766e-01
4.864307940006256104e-01
4.245602190494537354e-01
4.727818071842193604e-01
4.526680111885070801e-01
4.454147517681121826e-01
4.715554416179656982e-01
4.896011054515838623e-01
5.000066757202148438e-01
4.569245874881744385e-01
4.658124744892120361e-01
4.730526804924011230e-01
4.906462132930755615e-01
4.858758747577667236e-01
4.806706309318542480e-01
4.784352481365203857e-01
4.866752326488494873e-01
4.750056266784667969e-01
4.734409153461456299e-01
4.648637175559997559e-01
4.886295199394226074e-01
4.821183681488037109e-01
4.830822944641113281e-01
4.847459495067596436e-01
4.760540723800659180e-01
4.781146049499511719e-01
4.826536476612091064e-01
4.777781367301940918e-01
4.883105158805847168e-01
4.640358388423919678e-01
4.756585061550140381e-01
4.808615744113922119e-01
4.540711343288421631e-01
4.773114919662475586e-01
4.775637090206146240e-01
4.687318503856658936e-01
4.624980390071868896e-01
4.805335998535156250e-01
4.927893877029418945e-01
4.767608940601348877e-01
4.763639867305755615e-01
4.723936021327972412e-01
4.807963669300079346e-01
4.765919744968414307e-01
4.799016416072845459e-01
4.524903297424316406e-01
4.751864075660705566e-01
4.707537591457366943e-01
4.214804768562316895e-01
4.854768514633178711e-01
4.727675020694732666e-01
5.042164921760559082e-01
4.247279465198516846e-01
3.874413371086120605e-01
5.130225419998168945e-01
4.115671515464782715e-01
4.148238599300384521e-01
4.115671515464782715e-01
3.944945335388183594e-01
5.071394443511962891e-01
4.228695034980773926e-01
4.150892198085784912e-01
4.797660112380981445e-01
4.245493113994598389e-01
4.975672662258148193e-01
4.957206845283508301e-01
4.904750287532806396e-01
4.892497658729553223e-01
3.944945335388183594e-01
5.127879977226257324e-01
4.878093600273132324e-01
3.915733397006988525e-01
4.889964461326599121e-01
4.851848781108856201e-01
3.944945335388183594e-01
3.915733397006988525e-01
4.348087906837463379e-01
4.222420156002044678e-01
4.288980662822723389e-01
4.286369085311889648e-01
4.243250787258148193e-01
5.423460006713867188e-01
4.514611065387725830e-01
5.170057415962219238e-01
3.874413371086120605e-01
4.749405086040496826e-01
4.521338343620300293e-01
4.690834879875183105e-01
4.690834879875183105e-01
4.082006514072418213e-01
4.241104722023010254e-01
4.247279465198516846e-01
4.082006514072418213e-01
4.904750287532806396e-01
4.893493652343750000e-01
3.915733397006988525e-01
4.150892198085784912e-01
4.874891936779022217e-01
4.287628829479217529e-01
4.831196665763854980e-01
5.227343440055847168e-01
4.348087906837463379e-01
5.313744544982910156e-01
4.885779619216918945e-01
4.115671515464782715e-01
4.749405086040496826e-01
4.749405086040496826e-01
4.277423322200775146e-01
4.999454021453857422e-01
4.150892198085784912e-01
4.615566730499267578e-01
5.039164423942565918e-01
4.227615892887115479e-01
4.466788768768310547e-01
5.046572685241699219e-01
4.772588610649108887e-01
4.222420156002044678e-01
4.643308222293853760e-01
4.309764802455902100e-01
4.148238599300384521e-01
4.658840596675872803e-01
5.130525827407836914e-01
4.793543517589569092e-01
4.473075866699218750e-01
4.431084394454956055e-01
3.911057114601135254e-01
5.338112115859985352e-01
4.905228614807128906e-01
5.296202301979064941e-01
5.015901923179626465e-01
4.581760168075561523e-01
5.039803981781005859e-01
4.809903204441070557e-01
4.837128818035125732e-01
4.831969439983367920e-01
4.985263943672180176e-01
5.131782889366149902e-01
4.875840842723846436e-01
4.629529416561126709e-01
4.797909259796142578e-01
4.798055291175842285e-01
5.160344243049621582e-01
5.281981229782104492e-01
4.787003993988037109e-01
4.884762763977050781e-01
4.873648583889007568e-01
4.933029115200042725e-01
4.857286810874938965e-01
5.232628583908081055e-01
4.609003663063049316e-01
5.087837576866149902e-01
4.731415212154388428e-01
5.254714488983154297e-01
4.953151643276214600e-01
5.001914501190185547e-01
4.689971208572387695e-01
5.044934749603271484e-01
4.587059915065765381e-01
5.177064538002014160e-01
5.089750885963439941e-01
5.077459216117858887e-01
4.882107079029083252e-01
5.101996064186096191e-01
5.134215354919433594e-01
5.320014357566833496e-01
5.125830173492431641e-01
4.642964899539947510e-01
4.906980097293853760e-01
5.065054297447204590e-01
4.765094816684722900e-01
4.259335398674011230e-01
4.808099865913391113e-01
5.112626552581787109e-01
4.886237680912017822e-01
4.823327660560607910e-01
4.630503058433532715e-01
5.360181331634521484e-01
5.026134252548217773e-01
4.197213053703308105e-01
4.763509035110473633e-01
4.623946249485015869e-01
4.709565341472625732e-01
4.875682592391967773e-01
4.951773285865783691e-01
4.939768314361572266e-01
5.081967711448669434e-01
4.026302993297576904e-01
4.693688452243804932e-01
4.807274937629699707e-01
4.963343143463134766e-01
4.774445295333862305e-01
4.662883579730987549e-01
5.039582848548889160e-01
5.101071596145629883e-01
5.321163535118103027e-01
4.932260513305664062e-01
4.843788146972656250e-01
5.208072662353515625e-01
4.971315562725067139e-01
4.991838037967681885e-01
4.452501833438873291e-01
5.018125772476196289e-01
4.995671808719635010e-01
4.930311739444732666e-01
5.107516646385192871e-01
5.209711790084838867e-01
5.219417214393615723e-01
5.069605708122253418e-01
5.043031573295593262e-01
5.024919509887695312e-01
4.831045567989349365e-01
4.626750051975250244e-01
5.110644102096557617e-01
5.207290053367614746e-01
4.964334368705749512e-01
4.644761681556701660e-01
5.172361731529235840e-01
5.131658911705017090e-01
5.112185478210449219e-01
5.074153542518615723e-01
4.863226115703582764e-01
5.044498443603515625e-01
5.069922804832458496e-01
5.095952153205871582e-01
5.090672373771667480e-01
4.670984447002410889e-01
4.630918502807617188e-01
4.701082706451416016e-01
4.619927406311035156e-01
4.928604960441589355e-01
4.853576421737670898e-01
4.937829673290252686e-01
4.949567914009094238e-01
4.823683798313140869e-01
4.723787605762481689e-01
4.890355169773101807e-01
5.076490640640258789e-01
4.938971400260925293e-01
4.710397720336914062e-01
4.761078059673309326e-01
4.965181052684783936e-01
4.945915937423706055e-01
4.728294014930725098e-01
4.883065223693847656e-01
4.843102395534515381e-01
5.034009218215942383e-01
5.058975815773010254e-01
5.078200697898864746e-01
4.996320307254791260e-01
4.913959205150604248e-01
4.849900901317596436e-01
4.728316366672515869e-01
4.915289580821990967e-01
4.667895734310150146e-01
4.926979243755340576e-01
4.980665445327758789e-01
5.080260634422302246e-01
4.913576543331146240e-01
4.630002081394195557e-01
4.684234261512756348e-01
4.941805005073547363e-01
5.071149468421936035e-01
4.899929165840148926e-01
5.008975267410278320e-01
4.941715896129608154e-01
5.030186176300048828e-01
4.978595077991485596e-01
4.687454104423522949e-01
5.087004303932189941e-01
4.492469131946563721e-01
4.746896922588348389e-01
4.652512371540069580e-01
4.849730432033538818e-01
4.598866403102874756e-01
4.968042373657226562e-01
4.943173527717590332e-01
4.708876907825469971e-01
4.862442612648010254e-01
4.768601953983306885e-01
4.908502399921417236e-01
4.968148767948150635e-01
4.761748313903808594e-01
4.809404611587524414e-01
4.986974596977233887e-01
5.028520226478576660e-01
5.014915466308593750e-01
4.609289467334747314e-01
5.211236476898193359e-01
5.044074654579162598e-01
4.853855669498443604e-01
4.962860643863677979e-01
5.018754601478576660e-01
4.727919697761535645e-01
4.864892959594726562e-01
4.186930358409881592e-01
4.691210091114044189e-01
4.704670310020446777e-01
4.372206032276153564e-01
4.093849956989288330e-01
5.062564611434936523e-01
4.802989661693572998e-01
4.929976761341094971e-01
4.761074185371398926e-01
4.752342998981475830e-01
4.823929071426391602e-01
4.891356527805328369e-01
4.803870916366577148e-01
4.393060505390167236e-01
4.851279258728027344e-01
4.682213664054870605e-01
4.826899170875549316e-01
4.645651876926422119e-01
4.689232409000396729e-01
4.635888040065765381e-01
4.666190147399902344e-01
4.624170660972595215e-01
4.751975536346435547e-01
4.433975517749786377e-01
5.386943817138671875e-01
4.875441193580627441e-01
4.082407653331756592e-01
5.074290633201599121e-01
4.804194569587707520e-01
4.896600842475891113e-01
4.897974431514739990e-01
5.060302615165710449e-01
4.170412123203277588e-01
4.876037538051605225e-01
5.070992112159729004e-01
4.992473721504211426e-01
4.544951021671295166e-01
4.854220747947692871e-01
4.846123158931732178e-01
5.007445812225341797e-01
4.679805636405944824e-01
4.709141850471496582e-01
4.929185509681701660e-01
5.297406315803527832e-01
4.758183062076568604e-01
4.544116556644439697e-01
4.874795079231262207e-01
4.550854861736297607e-01
4.640774428844451904e-01
4.620255529880523682e-01
4.826674163341522217e-01
4.571150541305541992e-01
4.569478631019592285e-01
4.917129874229431152e-01
4.671858549118041992e-01
4.729904830455780029e-01
4.874476790428161621e-01
4.703895449638366699e-01
4.489153325557708740e-01
4.803624153137207031e-01
4.561105370521545410e-01
4.737603962421417236e-01
4.548628926277160645e-01
4.777309596538543701e-01
4.926612377166748047e-01
4.800379872322082520e-01
4.768462181091308594e-01
4.725094735622406006e-01
4.679626226425170898e-01
4.656870961189270020e-01
4.851919710636138916e-01
4.697652161121368408e-01
4.748904705047607422e-01
4.639783501625061035e-01
4.810140430927276611e-01
4.544917047023773193e-01
4.685424566268920898e-01
4.622140526771545410e-01
4.555628299713134766e-01
5.095528364181518555e-01
4.713417589664459229e-01
4.909602105617523193e-01
4.530171751976013184e-01
4.669938683509826660e-01
4.513851702213287354e-01
5.054369568824768066e-01
4.696639776229858398e-01
4.780964851379394531e-01
4.780399203300476074e-01
5.169981122016906738e-01
4.626276195049285889e-01
4.549192786216735840e-01
4.727204740047454834e-01
4.540618360042572021e-01
4.675495326519012451e-01
4.649466276168823242e-01
5.112679004669189453e-01
4.717502295970916748e-01
4.904435873031616211e-01
5.095968246459960938e-01
4.619405269622802734e-01
4.805756807327270508e-01
4.618933796882629395e-01
4.970093965530395508e-01
4.501090347766876221e-01
4.575506746768951416e-01
4.632003903388977051e-01
4.312557280063629150e-01
4.095948338508605957e-01
4.821148812770843506e-01
4.717918336391448975e-01
4.537718594074249268e-01
4.932549893856048584e-01
4.500626623630523682e-01
4.459897577762603760e-01
4.844022095203399658e-01
5.000074505805969238e-01
4.997653961181640625e-01
4.994049072265625000e-01
4.868427217006683350e-01
4.468169808387756348e-01
4.863255620002746582e-01
4.603444337844848633e-01
4.033893048763275146e-01
4.512206912040710449e-01
4.875892400741577148e-01
4.532375633716583252e-01
4.749466180801391602e-01
4.876616299152374268e-01
4.937076866626739502e-01
4.927200376987457275e-01
4.699030518531799316e-01
4.934298694133758545e-01
4.428591430187225342e-01
4.929727613925933838e-01
4.310211241245269775e-01
4.839238524436950684e-01
4.797922968864440918e-01
4.972048699855804443e-01
4.958805441856384277e-01
4.704864621162414551e-01
5.010501742362976074e-01
4.513132572174072266e-01
4.866737127304077148e-01
4.695747792720794678e-01
4.324231147766113281e-01
4.489145278930664062e-01
4.652240872383117676e-01
4.195217788219451904e-01
4.694540202617645264e-01
4.413736760616302490e-01
4.370849728584289551e-01
4.629981517791748047e-01
4.859252870082855225e-01
4.811541438102722168e-01
4.676120579242706299e-01
4.961825907230377197e-01
4.853690564632415771e-01
4.890020489692687988e-01
4.837717413902282715e-01
4.474856555461883545e-01
4.754859209060668945e-01
4.458079636096954346e-01
4.690007865428924561e-01
4.504341781139373779e-01
4.959495067596435547e-01
4.828515946865081787e-01
4.829332828521728516e-01
4.958311915397644043e-01
4.948456585407257080e-01
4.795645177364349365e-01
4.769197404384613037e-01
4.985537230968475342e-01
4.523977041244506836e-01
4.914224147796630859e-01
4.896607697010040283e-01
4.774318933486938477e-01
4.934895634651184082e-01
4.810073673725128174e-01
4.323075115680694580e-01
4.865691661834716797e-01
4.592476189136505127e-01
