9.808949828147888184e-01
9.876240491867065430e-01
9.635282754898071289e-01
3.609043955802917480e-01
3.609043955802917480e-01
9.677670001983642578e-01
3.609043955802917480e-01
3.609043955802917480e-01
3.609043955802917480e-01
9.385538101196289062e-01
9.694268703460693359e-01
3.609043955802917480e-01
9.989323019981384277e-01
4.811007976531982422e-01
3.609043955802917480e-01
3.609043955802917480e-01
9.776632785797119141e-01
9.080396294593811035e-01
3.609043955802917480e-01
9.701438546180725098e-01
3.609043955802917480e-01
9.456097483634948730e-01
3.609043955802917480e-01
9.915636777877807617e-01
3.609043955802917480e-01
9.846879839897155762e-01
6.985172033309936523e-01
9.782536029815673828e-01
9.787397384643554688e-01
3.609043955802917480e-01
9.935669302940368652e-01
3.609043955802917480e-01
4.928371012210845947e-01
9.782845377922058105e-01
9.799168705940246582e-01
9.668589234352111816e-01
9.780689477920532227e-01
9.392099380493164062e-01
3.609043955802917480e-01
4.520521461963653564e-01
3.609043955802917480e-01
3.609043955802917480e-01
9.678450226783752441e-01
3.609043955802917480e-01
3.609043955802917480e-01
3.609043955802917480e-01
3.609043955802917480e-01
3.609043955802917480e-01
9.371986985206604004e-01
3.609043955802917480e-01
8.757441043853759766e-01
3.609043955802917480e-01
3.609043955802917480e-01
5.378036499023437500e-01
3.609043955802917480e-01
3.609043955802917480e-01
4.489254355430603027e-01
3.609043955802917480e-01
3.609043955802917480e-01
9.258729219436645508e-01
9.941689968109130859e-01
9.468696713447570801e-01
9.593074917793273926e-01
3.609043955802917480e-01
8.370577096939086914e-01
3.609043955802917480e-01
3.609043955802917480e-01
9.657303690910339355e-01
3.609043955802917480e-01
3.609043955802917480e-01
9.354268908500671387e-01
9.899619817733764648e-01
3.609043955802917480e-01
3.609043955802917480e-01
9.785370826721191406e-01
3.609043955802917480e-01
3.609043955802917480e-01
3.609043955802917480e-01
9.657054543495178223e-01
3.609043955802917480e-01
3.609043955802917480e-01
5.123450756072998047e-01
3.609043955802917480e-01
3.609043955802917480e-01
3.609043955802917480e-01
3.609043955802917480e-01
9.845634698867797852e-01
3.609043955802917480e-01
6.523569226264953613e-01
3.609043955802917480e-01
9.437146782875061035e-01
7.889680266380310059e-01
3.609043955802917480e-01
9.713378548622131348e-01
9.647407531738281250e-01
9.862472414970397949e-01
9.570909142494201660e-01
9.970459342002868652e-01
3.609043955802917480e-01
3.609043955802917480e-01
3.609043955802917480e-01
9.201092123985290527e-01
3.609043955802917480e-01
3.609043955802917480e-01
9.569032192230224609e-01
7.223610281944274902e-01
9.191254377365112305e-01
3.609043955802917480e-01
3.609043955802917480e-01
3.609043955802917480e-01
9.584232568740844727e-01
3.609043955802917480e-01
3.609043955802917480e-01
3.609043955802917480e-01
9.668512344360351562e-01
3.609043955802917480e-01
3.609043955802917480e-01
9.952835440635681152e-01
9.711570739746093750e-01
9.858009219169616699e-01
4.679795801639556885e-01
9.793235063552856445e-01
9.622882008552551270e-01
3.609043955802917480e-01
9.862986207008361816e-01
3.609043955802917480e-01
9.954972267150878906e-01
3.609043955802917480e-01
9.487143158912658691e-01
9.790152311325073242e-01
9.406110048294067383e-01
9.192997217178344727e-01
9.241904020309448242e-01
3.609043955802917480e-01
5.283426642417907715e-01
3.609043955802917480e-01
4.761816263198852539e-01
9.896566867828369141e-01
9.942718744277954102e-01
8.566688895225524902e-01
3.609043955802917480e-01
9.974270462989807129e-01
9.014664888381958008e-01
3.609043955802917480e-01
9.939818978309631348e-01
3.609043955802917480e-01
3.609043955802917480e-01
3.609043955802917480e-01
4.409284889698028564e-01
8.560640811920166016e-01
9.852973818778991699e-01
3.609043955802917480e-01
9.883854389190673828e-01
3.609043955802917480e-01
9.843975901603698730e-01
9.719480872154235840e-01
9.746015667915344238e-01
9.105799198150634766e-01
6.783600449562072754e-01
3.609043955802917480e-01
3.609043955802917480e-01
3.609043955802917480e-01
3.609043955802917480e-01
5.060312747955322266e-01
9.708973169326782227e-01
9.816424846649169922e-01
3.609043955802917480e-01
3.609043955802917480e-01
9.937648773193359375e-01
3.609043955802917480e-01
3.609043955802917480e-01
9.469823241233825684e-01
3.609043955802917480e-01
3.464601933956146240e-01
7.992525100708007812e-01
3.609043955802917480e-01
9.625023007392883301e-01
3.609043955802917480e-01
3.609043955802917480e-01
9.657661318778991699e-01
3.609043955802917480e-01
3.609043955802917480e-01
9.265244603157043457e-01
3.609043955802917480e-01
9.800115823745727539e-01
9.958863854408264160e-01
3.609043955802917480e-01
3.609043955802917480e-01
8.366470932960510254e-01
3.732972741127014160e-01
3.609043955802917480e-01
3.609043955802917480e-01
9.652454853057861328e-01
9.968537688255310059e-01
3.609043955802917480e-01
8.904233574867248535e-01
3.609043955802917480e-01
3.609043955802917480e-01
3.609043955802917480e-01
4.467480480670928955e-01
3.609043955802917480e-01
9.964014291763305664e-01
3.609043955802917480e-01
9.477981328964233398e-01
9.824021458625793457e-01
3.609043955802917480e-01
3.609043955802917480e-01
3.609043955802917480e-01
4.181270897388458252e-01
3.609043955802917480e-01
3.609043955802917480e-01
3.609043955802917480e-01
3.609043955802917480e-01
9.176700115203857422e-01
9.784335494041442871e-01
9.138524532318115234e-01
9.906675219535827637e-01
3.609043955802917480e-01
4.429752528667449951e-01
9.626981616020202637e-01
9.901127815246582031e-01
9.667571783065795898e-01
9.685223102569580078e-01
3.609043955802917480e-01
9.634904265403747559e-01
3.609043955802917480e-01
3.609043955802917480e-01
3.609043955802917480e-01
9.735931158065795898e-01
8.612636327743530273e-01
3.609043955802917480e-01
3.609043955802917480e-01
3.609043955802917480e-01
9.599426984786987305e-01
4.148005545139312744e-01
9.669605493545532227e-01
3.609043955802917480e-01
9.737696647644042969e-01
9.833815097808837891e-01
7.552456259727478027e-01
3.609043955802917480e-01
9.436505436897277832e-01
3.609043955802917480e-01
9.525470137596130371e-01
3.609043955802917480e-01
3.609043955802917480e-01
3.609043955802917480e-01
9.052480459213256836e-01
3.609043955802917480e-01
3.609043955802917480e-01
3.609043955802917480e-01
3.609043955802917480e-01
3.609043955802917480e-01
3.912035822868347168e-01
3.609043955802917480e-01
8.969693183898925781e-01
8.441349267959594727e-01
4.799638688564300537e-01
9.521898627281188965e-01
3.609043955802917480e-01
9.941266775131225586e-01
3.609043955802917480e-01
3.609043955802917480e-01
3.609043955802917480e-01
9.889667630195617676e-01
3.609043955802917480e-01
9.153006672859191895e-01
4.494015276432037354e-01
3.609043955802917480e-01
6.863301992416381836e-01
3.609043955802917480e-01
8.812239766120910645e-01
9.865434765815734863e-01
9.779856204986572266e-01
4.949642717838287354e-01
3.609043955802917480e-01
3.609043955802917480e-01
3.609043955802917480e-01
3.609043955802917480e-01
3.609043955802917480e-01
9.175503849983215332e-01
3.609043955802917480e-01
3.609043955802917480e-01
3.609043955802917480e-01
9.785587787628173828e-01
9.784680604934692383e-01
3.609043955802917480e-01
8.812239766120910645e-01
9.042604565620422363e-01
3.609043955802917480e-01
3.609043955802917480e-01
3.609043955802917480e-01
3.609043955802917480e-01
9.958838820457458496e-01
9.116239547729492188e-01
3.609043955802917480e-01
4.876880049705505371e-01
3.609043955802917480e-01
3.609043955802917480e-01
5.590676665306091309e-01
3.609043955802917480e-01
9.900925755500793457e-01
3.609043955802917480e-01
3.609043955802917480e-01
9.768610000610351562e-01
7.325645089149475098e-01
3.609043955802917480e-01
9.863871335983276367e-01
8.679782748222351074e-01
3.609043955802917480e-01
3.609043955802917480e-01
3.609043955802917480e-01
5.324619412422180176e-01
9.404667615890502930e-01
3.609043955802917480e-01
3.609043955802917480e-01
9.636790156364440918e-01
3.609043955802917480e-01
4.479065537452697754e-01
4.607679545879364014e-01
3.609043955802917480e-01
3.609043955802917480e-01
9.807015061378479004e-01
3.609043955802917480e-01
3.609043955802917480e-01
3.609043955802917480e-01
3.609043955802917480e-01
3.609043955802917480e-01
3.609043955802917480e-01
9.769427776336669922e-01
4.687846004962921143e-01
9.599763154983520508e-01
3.609043955802917480e-01
3.609043955802917480e-01
3.609043955802917480e-01
3.609043955802917480e-01
3.609043955802917480e-01
3.609043955802917480e-01
3.609043955802917480e-01
3.609043955802917480e-01
8.743146061897277832e-01
9.694547057151794434e-01
3.609043955802917480e-01
7.801013588905334473e-01
3.609043955802917480e-01
3.609043955802917480e-01
3.609043955802917480e-01
3.609043955802917480e-01
3.609043955802917480e-01
9.714235067367553711e-01
9.936083555221557617e-01
3.609043955802917480e-01
3.609043955802917480e-01
3.609043955802917480e-01
3.609043955802917480e-01
9.596948027610778809e-01
3.609043955802917480e-01
3.609043955802917480e-01
9.722815752029418945e-01
3.609043955802917480e-01
9.867798089981079102e-01
3.609043955802917480e-01
3.609043955802917480e-01
9.503004550933837891e-01
3.609043955802917480e-01
3.609043955802917480e-01
3.609043955802917480e-01
5.094844102859497070e-01
3.609043955802917480e-01
3.609043955802917480e-01
9.875187277793884277e-01
9.615942835807800293e-01
3.609043955802917480e-01
3.609043955802917480e-01
3.609043955802917480e-01
3.609043955802917480e-01
9.486197233200073242e-01
4.809854924678802490e-01
3.609043955802917480e-01
3.609043955802917480e-01
3.609043955802917480e-01
3.609043955802917480e-01
3.609043955802917480e-01
3.609043955802917480e-01
9.818460345268249512e-01
3.609043955802917480e-01
3.609043955802917480e-01
3.609043955802917480e-01
3.609043955802917480e-01
3.609043955802917480e-01
3.609043955802917480e-01
3.609043955802917480e-01
3.609043955802917480e-01
3.609043955802917480e-01
3.609043955802917480e-01
3.609043955802917480e-01
3.609043955802917480e-01
9.788587689399719238e-01
3.609043955802917480e-01
3.609043955802917480e-01
3.609043955802917480e-01
9.863989353179931641e-01
8.918333649635314941e-01
3.609043955802917480e-01
3.609043955802917480e-01
9.476535320281982422e-01
3.609043955802917480e-01
3.609043955802917480e-01
3.609043955802917480e-01
9.302040338516235352e-01
3.609043955802917480e-01
3.609043955802917480e-01
3.609043955802917480e-01
3.609043955802917480e-01
3.609043955802917480e-01
3.609043955802917480e-01
3.609043955802917480e-01
3.609043955802917480e-01
9.952966570854187012e-01
3.609043955802917480e-01
3.609043955802917480e-01
3.609043955802917480e-01
3.609043955802917480e-01
3.609043955802917480e-01
3.609043955802917480e-01
3.609043955802917480e-01
3.609043955802917480e-01
9.637731313705444336e-01
9.820781350135803223e-01
5.536237359046936035e-01
4.614867866039276123e-01
9.443569183349609375e-01
9.802400469779968262e-01
3.609043955802917480e-01
3.609043955802917480e-01
3.609043955802917480e-01
4.799493253231048584e-01
9.827484488487243652e-01
9.358237385749816895e-01
3.609043955802917480e-01
3.609043955802917480e-01
9.147025346755981445e-01
3.609043955802917480e-01
3.609043955802917480e-01
3.609043955802917480e-01
8.328096270561218262e-01
9.518122673034667969e-01
9.182393550872802734e-01
9.339679479598999023e-01
3.609043955802917480e-01
3.609043955802917480e-01
3.609043955802917480e-01
9.772960543632507324e-01
3.609043955802917480e-01
3.609043955802917480e-01
9.327324628829956055e-01
8.219584822654724121e-01
3.609043955802917480e-01
3.609043955802917480e-01
9.234334230422973633e-01
3.609043955802917480e-01
4.774047136306762695e-01
3.609043955802917480e-01
3.609043955802917480e-01
3.609043955802917480e-01
3.609043955802917480e-01
9.172260165214538574e-01
3.609043955802917480e-01
3.609043955802917480e-01
9.751978516578674316e-01
9.951041936874389648e-01
3.609043955802917480e-01
3.609043955802917480e-01
3.609043955802917480e-01
9.806526899337768555e-01
3.609043955802917480e-01
8.808543086051940918e-01
9.986404776573181152e-01
3.609043955802917480e-01
3.609043955802917480e-01
3.609043955802917480e-01
3.609043955802917480e-01
9.510179758071899414e-01
3.609043955802917480e-01
3.609043955802917480e-01
3.609043955802917480e-01
9.385027885437011719e-01
3.609043955802917480e-01
4.445691406726837158e-01
4.832611680030822754e-01
9.723081588745117188e-01
3.609043955802917480e-01
9.711022973060607910e-01
9.861496686935424805e-01
9.483265280723571777e-01
3.609043955802917480e-01
9.114399552345275879e-01
3.609043955802917480e-01
3.609043955802917480e-01
3.609043955802917480e-01
3.609043955802917480e-01
3.609043955802917480e-01
3.609043955802917480e-01
3.609043955802917480e-01
3.609043955802917480e-01
3.609043955802917480e-01
3.609043955802917480e-01
3.609043955802917480e-01
3.609043955802917480e-01
3.609043955802917480e-01
4.382861256599426270e-01
3.609043955802917480e-01
3.609043955802917480e-01
3.609043955802917480e-01
2.495679557323455811e-01
3.609043955802917480e-01
3.609043955802917480e-01
3.609043955802917480e-01
3.609043955802917480e-01
3.609043955802917480e-01
3.609043955802917480e-01
3.609043955802917480e-01
3.609043955802917480e-01
3.609043955802917480e-01
3.609043955802917480e-01
3.609043955802917480e-01
3.609043955802917480e-01
3.609043955802917480e-01
3.609043955802917480e-01
3.609043955802917480e-01
3.609043955802917480e-01
3.609043955802917480e-01
3.609043955802917480e-01
3.609043955802917480e-01
3.609043955802917480e-01
3.609043955802917480e-01
3.609043955802917480e-01
3.609043955802917480e-01
3.609043955802917480e-01
3.609043955802917480e-01
3.609043955802917480e-01
3.609043955802917480e-01
3.609043955802917480e-01
3.609043955802917480e-01
3.609043955802917480e-01
3.609043955802917480e-01
3.609043955802917480e-01
3.609043955802917480e-01
3.609043955802917480e-01
3.609043955802917480e-01
3.609043955802917480e-01
3.609043955802917480e-01
3.609043955802917480e-01
3.609043955802917480e-01
2.844544947147369385e-01
3.609043955802917480e-01
3.609043955802917480e-01
3.609043955802917480e-01
3.609043955802917480e-01
3.609043955802917480e-01
4.681088030338287354e-01
2.962302863597869873e-01
3.609043955802917480e-01
3.609043955802917480e-01
3.609043955802917480e-01
3.609043955802917480e-01
3.609043955802917480e-01
3.609043955802917480e-01
3.609043955802917480e-01
3.609043955802917480e-01
3.609043955802917480e-01
3.609043955802917480e-01
3.609043955802917480e-01
3.609043955802917480e-01
3.609043955802917480e-01
3.609043955802917480e-01
3.609043955802917480e-01
3.609043955802917480e-01
3.609043955802917480e-01
3.609043955802917480e-01
3.609043955802917480e-01
3.609043955802917480e-01
3.609043955802917480e-01
3.609043955802917480e-01
3.609043955802917480e-01
3.609043955802917480e-01
3.609043955802917480e-01
3.609043955802917480e-01
3.609043955802917480e-01
2.211503237485885620e-01
3.609043955802917480e-01
3.609043955802917480e-01
3.609043955802917480e-01
3.609043955802917480e-01
3.609043955802917480e-01
3.609043955802917480e-01
3.609043955802917480e-01
3.609043955802917480e-01
4.312256276607513428e-01
3.609043955802917480e-01
3.609043955802917480e-01
3.609043955802917480e-01
3.609043955802917480e-01
3.609043955802917480e-01
3.609043955802917480e-01
3.609043955802917480e-01
3.609043955802917480e-01
3.609043955802917480e-01
3.609043955802917480e-01
3.609043955802917480e-01
3.609043955802917480e-01
3.609043955802917480e-01
3.609043955802917480e-01
3.609043955802917480e-01
3.609043955802917480e-01
3.609043955802917480e-01
3.609043955802917480e-01
3.609043955802917480e-01
3.609043955802917480e-01
3.609043955802917480e-01
3.609043955802917480e-01
3.609043955802917480e-01
3.609043955802917480e-01
3.609043955802917480e-01
3.609043955802917480e-01
3.609043955802917480e-01
3.609043955802917480e-01
3.609043955802917480e-01
3.609043955802917480e-01
3.609043955802917480e-01
3.609043955802917480e-01
3.609043955802917480e-01
3.609043955802917480e-01
3.609043955802917480e-01
3.609043955802917480e-01
3.609043955802917480e-01
3.609043955802917480e-01
3.609043955802917480e-01
3.609043955802917480e-01
3.609043955802917480e-01
3.609043955802917480e-01
3.609043955802917480e-01
3.609043955802917480e-01
3.609043955802917480e-01
3.609043955802917480e-01
3.609043955802917480e-01
3.609043955802917480e-01
3.609043955802917480e-01
3.609043955802917480e-01
3.234864473342895508e-01
3.609043955802917480e-01
3.609043955802917480e-01
3.609043955802917480e-01
3.609043955802917480e-01
3.609043955802917480e-01
3.609043955802917480e-01
3.609043955802917480e-01
3.609043955802917480e-01
3.609043955802917480e-01
3.609043955802917480e-01
3.609043955802917480e-01
3.609043955802917480e-01
3.609043955802917480e-01
3.609043955802917480e-01
3.609043955802917480e-01
3.609043955802917480e-01
3.609043955802917480e-01
3.609043955802917480e-01
3.609043955802917480e-01
3.609043955802917480e-01
3.609043955802917480e-01
3.609043955802917480e-01
3.609043955802917480e-01
3.609043955802917480e-01
3.609043955802917480e-01
3.609043955802917480e-01
3.609043955802917480e-01
3.609043955802917480e-01
3.609043955802917480e-01
3.609043955802917480e-01
3.609043955802917480e-01
3.609043955802917480e-01
3.609043955802917480e-01
2.747668325901031494e-01
3.609043955802917480e-01
4.811007976531982422e-01
3.609043955802917480e-01
3.609043955802917480e-01
6.985172033309936523e-01
4.928371012210845947e-01
3.609043955802917480e-01
4.520521461963653564e-01
3.609043955802917480e-01
5.378036499023437500e-01
4.489254355430603027e-01
3.609043955802917480e-01
3.609043955802917480e-01
5.123450756072998047e-01
6.523569226264953613e-01
7.889680266380310059e-01
3.609043955802917480e-01
3.609043955802917480e-01
7.223610281944274902e-01
4.679795801639556885e-01
3.609043955802917480e-01
3.609043955802917480e-01
5.283426642417907715e-01
4.761816263198852539e-01
3.609043955802917480e-01
4.409284889698028564e-01
6.783600449562072754e-01
5.060312747955322266e-01
3.609043955802917480e-01
3.464601933956146240e-01
3.609043955802917480e-01
3.732972741127014160e-01
4.467480480670928955e-01
3.609043955802917480e-01
3.609043955802917480e-01
4.181270897388458252e-01
3.609043955802917480e-01
4.429752528667449951e-01
3.609043955802917480e-01
3.609043955802917480e-01
4.148005545139312744e-01
3.609043955802917480e-01
3.912035822868347168e-01
4.799638688564300537e-01
4.494015276432037354e-01
4.949642717838287354e-01
3.609043955802917480e-01
3.609043955802917480e-01
3.609043955802917480e-01
4.876880049705505371e-01
5.590676665306091309e-01
3.609043955802917480e-01
5.324619412422180176e-01
4.479065537452697754e-01
4.607679545879364014e-01
3.609043955802917480e-01
4.687846004962921143e-01
3.609043955802917480e-01
3.609043955802917480e-01
3.609043955802917480e-01
3.609043955802917480e-01
5.094844102859497070e-01
4.809854924678802490e-01
3.609043955802917480e-01
3.609043955802917480e-01
3.609043955802917480e-01
3.609043955802917480e-01
3.609043955802917480e-01
3.609043955802917480e-01
5.536237359046936035e-01
4.614867866039276123e-01
4.799493253231048584e-01
3.609043955802917480e-01
3.609043955802917480e-01
4.774047136306762695e-01
3.609043955802917480e-01
3.609043955802917480e-01
3.609043955802917480e-01
4.445691406726837158e-01
4.832611680030822754e-01
3.609043955802917480e-01
3.609043955802917480e-01
3.609043955802917480e-01
3.609043955802917480e-01
3.609043955802917480e-01
3.609043955802917480e-01
3.609043955802917480e-01
3.609043955802917480e-01
3.609043955802917480e-01
1.888339370489120483e-01
3.609043955802917480e-01
3.609043955802917480e-01
3.609043955802917480e-01
3.609043955802917480e-01
3.609043955802917480e-01
3.609043955802917480e-01
3.609043955802917480e-01
3.609043955802917480e-01
3.609043955802917480e-01
3.609043955802917480e-01
3.609043955802917480e-01
3.609043955802917480e-01
3.609043955802917480e-01
3.609043955802917480e-01
3.609043955802917480e-01
3.609043955802917480e-01
3.609043955802917480e-01
3.609043955802917480e-01
3.609043955802917480e-01
3.609043955802917480e-01
3.609043955802917480e-01
3.609043955802917480e-01
3.609043955802917480e-01
3.609043955802917480e-01
3.609043955802917480e-01
3.609043955802917480e-01
3.609043955802917480e-01
3.609043955802917480e-01
3.609043955802917480e-01
3.609043955802917480e-01
3.609043955802917480e-01
3.609043955802917480e-01
3.609043955802917480e-01
3.609043955802917480e-01
3.609043955802917480e-01
3.609043955802917480e-01
3.609043955802917480e-01
3.609043955802917480e-01
3.609043955802917480e-01
3.609043955802917480e-01
3.609043955802917480e-01
3.609043955802917480e-01
3.609043955802917480e-01
3.609043955802917480e-01
3.609043955802917480e-01
3.609043955802917480e-01
3.609043955802917480e-01
3.609043955802917480e-01
3.609043955802917480e-01
3.609043955802917480e-01
3.609043955802917480e-01
3.609043955802917480e-01
3.609043955802917480e-01
3.609043955802917480e-01
3.609043955802917480e-01
3.609043955802917480e-01
3.609043955802917480e-01
3.609043955802917480e-01
3.609043955802917480e-01
3.609043955802917480e-01
3.609043955802917480e-01
3.609043955802917480e-01
3.609043955802917480e-01
3.609043955802917480e-01
3.609043955802917480e-01
3.609043955802917480e-01
3.609043955802917480e-01
3.609043955802917480e-01
3.609043955802917480e-01
3.609043955802917480e-01
3.609043955802917480e-01
3.609043955802917480e-01
3.609043955802917480e-01
3.609043955802917480e-01
3.609043955802917480e-01
3.609043955802917480e-01
3.609043955802917480e-01
3.609043955802917480e-01
3.609043955802917480e-01
3.609043955802917480e-01
3.609043955802917480e-01
3.609043955802917480e-01
3.609043955802917480e-01
3.609043955802917480e-01
3.609043955802917480e-01
3.609043955802917480e-01
3.609043955802917480e-01
3.609043955802917480e-01
3.609043955802917480e-01
3.609043955802917480e-01
3.609043955802917480e-01
3.609043955802917480e-01
3.609043955802917480e-01
3.609043955802917480e-01
3.609043955802917480e-01
3.609043955802917480e-01
3.609043955802917480e-01
3.609043955802917480e-01
3.609043955802917480e-01
3.609043955802917480e-01
3.609043955802917480e-01
3.609043955802917480e-01
3.609043955802917480e-01
3.609043955802917480e-01
3.609043955802917480e-01
3.609043955802917480e-01
3.609043955802917480e-01
3.609043955802917480e-01
3.609043955802917480e-01
3.609043955802917480e-01
3.609043955802917480e-01
3.609043955802917480e-01
3.609043955802917480e-01
3.609043955802917480e-01
3.609043955802917480e-01
3.609043955802917480e-01
3.609043955802917480e-01
1.972632706165313721e-01
3.609043955802917480e-01
3.609043955802917480e-01
3.609043955802917480e-01
4.731023609638214111e-01
3.609043955802917480e-01
3.609043955802917480e-01
3.609043955802917480e-01
3.609043955802917480e-01
3.609043955802917480e-01
3.609043955802917480e-01
3.609043955802917480e-01
3.609043955802917480e-01
3.609043955802917480e-01
3.609043955802917480e-01
3.609043955802917480e-01
2.817415595054626465e-01
3.609043955802917480e-01
3.609043955802917480e-01
3.609043955802917480e-01
3.609043955802917480e-01
3.609043955802917480e-01
3.609043955802917480e-01
3.609043955802917480e-01
3.609043955802917480e-01
3.609043955802917480e-01
3.609043955802917480e-01
3.609043955802917480e-01
3.609043955802917480e-01
3.609043955802917480e-01
3.609043955802917480e-01
3.609043955802917480e-01
3.609043955802917480e-01
3.609043955802917480e-01
3.609043955802917480e-01
3.609043955802917480e-01
3.609043955802917480e-01
3.609043955802917480e-01
3.609043955802917480e-01
3.609043955802917480e-01
3.609043955802917480e-01
3.609043955802917480e-01
3.609043955802917480e-01
3.609043955802917480e-01
3.609043955802917480e-01
3.609043955802917480e-01
3.609043955802917480e-01
3.609043955802917480e-01
3.609043955802917480e-01
3.609043955802917480e-01
3.609043955802917480e-01
3.609043955802917480e-01
3.609043955802917480e-01
3.609043955802917480e-01
3.609043955802917480e-01
3.609043955802917480e-01
3.609043955802917480e-01
3.609043955802917480e-01
3.609043955802917480e-01
3.609043955802917480e-01
3.609043955802917480e-01
3.609043955802917480e-01
3.609043955802917480e-01
3.609043955802917480e-01
3.609043955802917480e-01
3.609043955802917480e-01
3.609043955802917480e-01
3.609043955802917480e-01
3.609043955802917480e-01
3.609043955802917480e-01
3.609043955802917480e-01
3.609043955802917480e-01
3.609043955802917480e-01
3.609043955802917480e-01
3.609043955802917480e-01
3.609043955802917480e-01
3.609043955802917480e-01
3.609043955802917480e-01
3.609043955802917480e-01
3.609043955802917480e-01
3.609043955802917480e-01
3.609043955802917480e-01
3.609043955802917480e-01
3.609043955802917480e-01
3.609043955802917480e-01
3.609043955802917480e-01
3.609043955802917480e-01
3.609043955802917480e-01
3.609043955802917480e-01
3.609043955802917480e-01
3.609043955802917480e-01
3.609043955802917480e-01
3.609043955802917480e-01
3.609043955802917480e-01
3.609043955802917480e-01
3.609043955802917480e-01
3.609043955802917480e-01
3.609043955802917480e-01
3.609043955802917480e-01
3.609043955802917480e-01
3.609043955802917480e-01
3.609043955802917480e-01
3.609043955802917480e-01
3.609043955802917480e-01
3.609043955802917480e-01
3.609043955802917480e-01
3.609043955802917480e-01
3.609043955802917480e-01
3.609043955802917480e-01
3.609043955802917480e-01
3.609043955802917480e-01
3.609043955802917480e-01
3.609043955802917480e-01
3.609043955802917480e-01
3.609043955802917480e-01
3.609043955802917480e-01
3.609043955802917480e-01
3.609043955802917480e-01
3.609043955802917480e-01
3.609043955802917480e-01
3.609043955802917480e-01
3.609043955802917480e-01
3.609043955802917480e-01
3.609043955802917480e-01
3.609043955802917480e-01
3.609043955802917480e-01
3.609043955802917480e-01
3.609043955802917480e-01
3.609043955802917480e-01
3.609043955802917480e-01
3.609043955802917480e-01
3.609043955802917480e-01
3.609043955802917480e-01
3.609043955802917480e-01
