5.146440863609313965e-01
5.020968317985534668e-01
5.009205341339111328e-01
5.442256927490234375e-01
4.898931086063385010e-01
5.514544844627380371e-01
5.458049774169921875e-01
5.541321039199829102e-01
5.583811402320861816e-01
5.754399895668029785e-01
5.018253922462463379e-01
4.840565621852874756e-01
4.549927115440368652e-01
5.091345906257629395e-01
5.502194762229919434e-01
5.410644412040710449e-01
5.350605845451354980e-01
5.597836971282958984e-01
5.425568222999572754e-01
5.378023982048034668e-01
5.354561805725097656e-01
4.686293005943298340e-01
5.471222400665283203e-01
5.570560693740844727e-01
5.387685298919677734e-01
5.002266168594360352e-01
5.469931960105895996e-01
5.205030441284179688e-01
5.096830725669860840e-01
5.196571350097656250e-01
4.972467422485351562e-01
5.541482567787170410e-01
5.422934889793395996e-01
5.747887492179870605e-01
5.174077749252319336e-01
5.502849221229553223e-01
5.648534893989562988e-01
5.171039104461669922e-01
5.528160929679870605e-01
5.270187258720397949e-01
5.120984315872192383e-01
5.445019006729125977e-01
5.600605607032775879e-01
5.727066397666931152e-01
5.544999837875366211e-01
5.539631247520446777e-01
5.671569705009460449e-01
5.416536331176757812e-01
5.059400200843811035e-01
5.372229814529418945e-01
5.400788784027099609e-01
5.350751280784606934e-01
5.095457434654235840e-01
5.329684019088745117e-01
5.448777079582214355e-01
4.731395840644836426e-01
4.764636754989624023e-01
5.318833589553833008e-01
4.949819743633270264e-01
5.612037181854248047e-01
5.494011044502258301e-01
5.451533198356628418e-01
5.160994529724121094e-01
5.290461182594299316e-01
5.421172976493835449e-01
5.294403433799743652e-01
5.554777383804321289e-01
5.325578451156616211e-01
5.571388006210327148e-01
4.949080348014831543e-01
5.325179696083068848e-01
4.898278713226318359e-01
5.414600968360900879e-01
4.834434390068054199e-01
5.438452363014221191e-01
4.994451701641082764e-01
5.368943214416503906e-01
5.730885863304138184e-01
4.663137197494506836e-01
5.343759655952453613e-01
5.393010377883911133e-01
4.968795180320739746e-01
5.467350482940673828e-01
4.720330536365509033e-01
5.433987379074096680e-01
5.317981839179992676e-01
4.602354168891906738e-01
5.349569916725158691e-01
4.929910898208618164e-01
4.972839951515197754e-01
4.768017232418060303e-01
4.818510115146636963e-01
5.505349040031433105e-01
5.525884032249450684e-01
5.015330910682678223e-01
5.605919957160949707e-01
4.983229339122772217e-01
5.325729250907897949e-01
5.467182993888854980e-01
5.439404845237731934e-01
5.529051423072814941e-01
5.596828460693359375e-01
5.491629242897033691e-01
5.364039540290832520e-01
5.424456000328063965e-01
4.983730912208557129e-01
5.138854384422302246e-01
5.345079302787780762e-01
5.142771005630493164e-01
5.620134472846984863e-01
5.102111697196960449e-01
4.683988690376281738e-01
5.534335374832153320e-01
5.203797221183776855e-01
4.849948585033416748e-01
5.306184291839599609e-01
5.245983004570007324e-01
4.713662266731262207e-01
4.851284325122833252e-01
5.139236450195312500e-01
5.450322031974792480e-01
4.728664755821228027e-01
5.272260904312133789e-01
5.286327004432678223e-01
4.621647000312805176e-01
5.258951187133789062e-01
4.240732789039611816e-01
4.734011590480804443e-01
5.344127416610717773e-01
5.264890789985656738e-01
5.111742615699768066e-01
5.304011106491088867e-01
4.824314117431640625e-01
5.363164544105529785e-01
5.372197031974792480e-01
4.851954281330108643e-01
5.747026205062866211e-01
5.419404506683349609e-01
4.885274171829223633e-01
5.487384796142578125e-01
5.327972769737243652e-01
4.624373614788055420e-01
5.194818377494812012e-01
5.352318286895751953e-01
4.677726328372955322e-01
4.826566874980926514e-01
5.429957509040832520e-01
5.177312493324279785e-01
5.348247885704040527e-01
5.665817856788635254e-01
5.706192255020141602e-01
5.763067603111267090e-01
5.601170659065246582e-01
5.339145660400390625e-01
4.978983998298645020e-01
5.616719126701354980e-01
5.083328485488891602e-01
5.224346518516540527e-01
5.200896263122558594e-01
5.147899389266967773e-01
5.187222957611083984e-01
5.365710258483886719e-01
5.421238541603088379e-01
5.569251775741577148e-01
5.668829679489135742e-01
5.620564818382263184e-01
5.515040159225463867e-01
5.607572197914123535e-01
5.599443316459655762e-01
5.132470130920410156e-01
5.386677980422973633e-01
5.296037197113037109e-01
4.733793735504150391e-01
5.289381146430969238e-01
4.978724420070648193e-01
4.822351038455963135e-01
5.319031476974487305e-01
4.612731337547302246e-01
5.519357323646545410e-01
5.336435437202453613e-01
5.255919694900512695e-01
5.219025611877441406e-01
5.203028321266174316e-01
5.057601332664489746e-01
5.281109809875488281e-01
5.003124475479125977e-01
5.386216640472412109e-01
5.347546339035034180e-01
4.931797683238983154e-01
4.367752671241760254e-01
4.796632528305053711e-01
5.238069891929626465e-01
5.325155258178710938e-01
4.870973229408264160e-01
5.463344454765319824e-01
5.278956294059753418e-01
5.216806530952453613e-01
4.974585771560668945e-01
4.990437328815460205e-01
5.130960941314697266e-01
4.905168414115905762e-01
5.410989522933959961e-01
5.331254005432128906e-01
5.322226285934448242e-01
5.257011651992797852e-01
4.998724758625030518e-01
5.240897536277770996e-01
5.152400732040405273e-01
5.265462398529052734e-01
5.080792307853698730e-01
5.241008400917053223e-01
5.305069088935852051e-01
5.225523710250854492e-01
5.524404048919677734e-01
5.421229600906372070e-01
5.248721837997436523e-01
5.225148200988769531e-01
5.358979105949401855e-01
5.080440044403076172e-01
5.161598324775695801e-01
5.051203370094299316e-01
5.393199324607849121e-01
5.283296704292297363e-01
5.436634421348571777e-01
5.279181003570556641e-01
5.352295041084289551e-01
5.454720258712768555e-01
5.248122811317443848e-01
4.909085631370544434e-01
5.408951640129089355e-01
5.183210968971252441e-01
5.213573575019836426e-01
5.223128199577331543e-01
5.161023736000061035e-01
5.062039494514465332e-01
5.347249507904052734e-01
5.580427646636962891e-01
5.096236467361450195e-01
4.449205100536346436e-01
5.349591374397277832e-01
5.451444983482360840e-01
5.357823371887207031e-01
5.304898023605346680e-01
5.070292949676513672e-01
5.671011805534362793e-01
5.467969775199890137e-01
5.432200431823730469e-01
5.510882735252380371e-01
5.585948228836059570e-01
5.459108948707580566e-01
5.498597025871276855e-01
5.418968200683593750e-01
5.624771714210510254e-01
5.373203754425048828e-01
5.530129671096801758e-01
5.562551021575927734e-01
5.230340361595153809e-01
4.831872582435607910e-01
5.622230768203735352e-01
5.516795516014099121e-01
5.592711567878723145e-01
5.441079735755920410e-01
5.300467014312744141e-01
5.593211650848388672e-01
5.384904742240905762e-01
5.270085334777832031e-01
5.580847263336181641e-01
5.452551841735839844e-01
5.536965131759643555e-01
5.589755177497863770e-01
5.550899505615234375e-01
5.668669939041137695e-01
5.365539789199829102e-01
5.586332082748413086e-01
5.397914648056030273e-01
5.562226176261901855e-01
5.490313172340393066e-01
5.528728365898132324e-01
5.446084141731262207e-01
5.432223081588745117e-01
5.453283190727233887e-01
5.217634439468383789e-01
4.822521209716796875e-01
4.962077140808105469e-01
5.632026791572570801e-01
5.437058210372924805e-01
5.494858622550964355e-01
5.633665323257446289e-01
5.388598442077636719e-01
5.535730123519897461e-01
5.427888631820678711e-01
5.478904843330383301e-01
5.578368306159973145e-01
5.415571331977844238e-01
5.678964853286743164e-01
5.626547336578369141e-01
5.470535159111022949e-01
5.398562550544738770e-01
5.493782162666320801e-01
5.585291385650634766e-01
5.456067919731140137e-01
5.637239813804626465e-01
5.544481873512268066e-01
5.620754957199096680e-01
5.343594551086425781e-01
5.481836795806884766e-01
5.501115918159484863e-01
5.561731457710266113e-01
5.675804018974304199e-01
5.583491325378417969e-01
5.194169878959655762e-01
5.570485591888427734e-01
5.307391285896301270e-01
5.495854616165161133e-01
5.454554557800292969e-01
5.501497983932495117e-01
5.335801243782043457e-01
5.672921538352966309e-01
5.130649805068969727e-01
5.100787281990051270e-01
5.445104241371154785e-01
5.520125627517700195e-01
5.081859230995178223e-01
5.527901649475097656e-01
5.098810195922851562e-01
5.039443969726562500e-01
5.328285098075866699e-01
5.478036403656005859e-01
5.124308466911315918e-01
5.524329543113708496e-01
3.944270312786102295e-01
5.419162511825561523e-01
5.272993445396423340e-01
4.387535452842712402e-01
5.329612493515014648e-01
5.299688577651977539e-01
5.114989876747131348e-01
5.320263504981994629e-01
5.730467438697814941e-01
5.633471012115478516e-01
4.861784279346466064e-01
5.650451779365539551e-01
4.823798537254333496e-01
4.804942011833190918e-01
5.357904434204101562e-01
5.239376425743103027e-01
5.589404106140136719e-01
5.195428729057312012e-01
5.520125627517700195e-01
5.426080226898193359e-01
4.585834145545959473e-01
4.613905549049377441e-01
5.290766954421997070e-01
4.981876909732818604e-01
5.071090459823608398e-01
5.335982441902160645e-01
5.526903867721557617e-01
5.413504242897033691e-01
5.395688414573669434e-01
4.875394701957702637e-01
5.052859783172607422e-01
5.335685610771179199e-01
4.202952086925506592e-01
5.276741385459899902e-01
4.389272928237915039e-01
5.162919759750366211e-01
5.614954233169555664e-01
5.459463000297546387e-01
4.646231830120086670e-01
4.867062568664550781e-01
5.480340123176574707e-01
5.403012633323669434e-01
5.139847993850708008e-01
4.920692145824432373e-01
5.209690332412719727e-01
5.504255890846252441e-01
5.776234865188598633e-01
5.072205066680908203e-01
5.641688704490661621e-01
5.141267180442810059e-01
4.655072391033172607e-01
5.307852029800415039e-01
5.518459081649780273e-01
5.329665541648864746e-01
5.084405541419982910e-01
5.532798767089843750e-01
5.658618211746215820e-01
5.542848110198974609e-01
5.076619386672973633e-01
5.514026284217834473e-01
5.116277337074279785e-01
5.286560058593750000e-01
5.431479811668395996e-01
4.892116487026214600e-01
5.208421945571899414e-01
5.292472839355468750e-01
5.384984612464904785e-01
5.174327492713928223e-01
5.601842403411865234e-01
3.838826417922973633e-01
5.436718463897705078e-01
5.253822803497314453e-01
5.160239934921264648e-01
4.414478838443756104e-01
4.528524577617645264e-01
5.669867992401123047e-01
5.024746060371398926e-01
5.603365898132324219e-01
5.480020046234130859e-01
5.491482615470886230e-01
4.143951237201690674e-01
4.388139545917510986e-01
5.294844508171081543e-01
5.238777399063110352e-01
5.668063759803771973e-01
5.699393749237060547e-01
5.720471739768981934e-01
5.190309882164001465e-01
5.044854283332824707e-01
5.556054711341857910e-01
5.353205800056457520e-01
4.833178818225860596e-01
5.400285720825195312e-01
5.008961558341979980e-01
5.432638525962829590e-01
4.913700222969055176e-01
5.227817893028259277e-01
5.573083162307739258e-01
5.181016921997070312e-01
5.113061666488647461e-01
5.294517874717712402e-01
4.902558028697967529e-01
5.153876543045043945e-01
4.493785202503204346e-01
6.002174019813537598e-01
4.583349227905273438e-01
5.735281705856323242e-01
5.234052538871765137e-01
5.380771160125732422e-01
5.037018060684204102e-01
5.300052165985107422e-01
5.584060549736022949e-01
5.232741236686706543e-01
5.399566888809204102e-01
5.758493542671203613e-01
5.301520228385925293e-01
5.739507675170898438e-01
5.747364759445190430e-01
4.974226355552673340e-01
4.322370290756225586e-01
5.543154478073120117e-01
5.534636974334716797e-01
5.309309363365173340e-01
5.346933603286743164e-01
4.718990027904510498e-01
5.065276622772216797e-01
5.584505200386047363e-01
5.445345640182495117e-01
5.568541288375854492e-01
5.322912931442260742e-01
5.373054146766662598e-01
4.938094615936279297e-01
5.526456832885742188e-01
5.702360272407531738e-01
4.707835018634796143e-01
5.430242419242858887e-01
5.407358407974243164e-01
5.595393180847167969e-01
5.505772233009338379e-01
5.287322998046875000e-01
5.485699772834777832e-01
5.192581415176391602e-01
5.463133454322814941e-01
5.758168101310729980e-01
5.220454335212707520e-01
4.773826003074645996e-01
4.971990883350372314e-01
5.046812295913696289e-01
5.279000997543334961e-01
5.659092068672180176e-01
5.602787733078002930e-01
4.382193982601165771e-01
5.245674848556518555e-01
4.163171052932739258e-01
5.389150381088256836e-01
5.711731910705566406e-01
5.552099347114562988e-01
4.948371350765228271e-01
5.176774263381958008e-01
5.313997864723205566e-01
5.512500405311584473e-01
5.414576530456542969e-01
5.557813644409179688e-01
5.661141872406005859e-01
5.542389154434204102e-01
5.740357041358947754e-01
5.133981108665466309e-01
5.210945010185241699e-01
4.637841284275054932e-01
5.369588732719421387e-01
9.260739386081695557e-02
5.614334940910339355e-01
4.718452394008636475e-01
4.879440963268280029e-01
1.433562785387039185e-01
1.479956060647964478e-01
1.916780769824981689e-01
1.941190659999847412e-01
1.097217276692390442e-01
5.276929140090942383e-01
2.524691522121429443e-01
2.657439708709716797e-01
3.566677570343017578e-01
5.254935026168823242e-01
8.834022283554077148e-02
1.699136495590209961e-01
3.640078902244567871e-01
2.926510572433471680e-02
4.733434617519378662e-01
4.984756708145141602e-01
4.789095818996429443e-01
5.033440589904785156e-01
1.799335032701492310e-01
3.982143402099609375e-01
5.564724206924438477e-01
4.244641065597534180e-01
4.259875416755676270e-01
4.832019507884979248e-01
1.144798398017883301e-01
3.622883558273315430e-02
1.971285939216613770e-01
1.422447115182876587e-01
2.288743704557418823e-01
1.859434396028518677e-01
8.715645968914031982e-02
4.889444261789321899e-02
4.636029005050659180e-01
4.585470259189605713e-01
4.334075450897216797e-01
2.093378007411956787e-01
5.166565626859664917e-02
4.124980419874191284e-02
1.126309335231781006e-01
5.166997909545898438e-01
5.532327890396118164e-01
2.445566803216934204e-01
3.837550580501556396e-01
5.130960345268249512e-01
2.645945549011230469e-01
5.054371356964111328e-01
8.212386071681976318e-02
5.555481910705566406e-01
5.535627007484436035e-01
2.499886155128479004e-01
2.046819031238555908e-01
5.147140622138977051e-01
5.138504505157470703e-01
5.333820581436157227e-01
1.176086440682411194e-01
5.338786840438842773e-01
5.597541928291320801e-01
2.330549061298370361e-01
2.371907085180282593e-01
3.250167667865753174e-01
1.977590024471282959e-01
1.617753356695175171e-01
1.853874921798706055e-01
2.199811935424804688e-01
5.414759516716003418e-01
5.789491906762123108e-02
4.194099009037017822e-01
1.695116162300109863e-01
5.196042060852050781e-01
4.058933258056640625e-02
5.092439651489257812e-01
4.961220324039459229e-01
5.321192741394042969e-01
2.796147465705871582e-01
2.084172666072845459e-01
6.668972969055175781e-02
3.467316031455993652e-01
4.852474331855773926e-01
5.318437814712524414e-01
1.306749433279037476e-01
9.149474650621414185e-02
5.658285617828369141e-01
5.226563811302185059e-01
9.937521815299987793e-02
2.016778737306594849e-01
1.647478640079498291e-01
2.514276504516601562e-01
5.549921467900276184e-02
4.585715532302856445e-01
1.302374154329299927e-01
5.073642730712890625e-02
9.696155786514282227e-02
3.960460796952247620e-02
5.180632472038269043e-01
4.984932839870452881e-01
5.290387272834777832e-01
4.284681677818298340e-01
4.990870952606201172e-01
5.224056243896484375e-01
5.185557007789611816e-01
5.034575462341308594e-01
5.563449263572692871e-01
5.681980252265930176e-01
5.329837203025817871e-01
5.247506499290466309e-01
5.657864809036254883e-01
5.471451282501220703e-01
5.123546719551086426e-01
5.112047195434570312e-01
4.593565762042999268e-01
5.267076492309570312e-01
4.335298240184783936e-01
4.702566266059875488e-01
5.166021585464477539e-01
4.695678353309631348e-01
3.968145847320556641e-01
5.058354139328002930e-01
4.818020761013031006e-01
4.269639253616333008e-01
4.593565762042999268e-01
4.677516818046569824e-01
5.794153213500976562e-01
3.949445486068725586e-01
5.665604472160339355e-01
5.276044011116027832e-01
5.398609638214111328e-01
5.331682562828063965e-01
5.001149177551269531e-01
4.764753580093383789e-01
5.070355534553527832e-01
4.885410368442535400e-01
5.365866422653198242e-01
5.346667766571044922e-01
5.233905911445617676e-01
5.295178890228271484e-01
4.838806986808776855e-01
5.190268754959106445e-01
5.437182188034057617e-01
5.393378734588623047e-01
5.379866957664489746e-01
5.615319609642028809e-01
5.322501063346862793e-01
5.326423645019531250e-01
5.449330806732177734e-01
5.331306457519531250e-01
5.601928830146789551e-01
5.416734218597412109e-01
5.383853316307067871e-01
5.491784214973449707e-01
5.599734187126159668e-01
3.506318330764770508e-01
5.320487022399902344e-01
4.545494318008422852e-01
5.484735369682312012e-01
4.892045855522155762e-01
4.554678201675415039e-01
4.480202198028564453e-01
5.396699905395507812e-01
5.610675811767578125e-01
5.069530010223388672e-01
5.518700480461120605e-01
5.221976041793823242e-01
5.503716468811035156e-01
5.381904840469360352e-01
5.453621745109558105e-01
5.282123684883117676e-01
5.263693332672119141e-01
4.940823912620544434e-01
4.735656678676605225e-01
4.765454828739166260e-01
5.590304136276245117e-01
4.677895605564117432e-01
5.222459435462951660e-01
5.128307938575744629e-01
5.091063380241394043e-01
4.022350013256072998e-01
5.187702178955078125e-01
5.323722362518310547e-01
5.375887751579284668e-01
5.456854104995727539e-01
5.583811402320861816e-01
5.091345906257629395e-01
5.502194762229919434e-01
5.410644412040710449e-01
5.469931960105895996e-01
5.422934889793395996e-01
5.528160929679870605e-01
5.270187258720397949e-01
5.445019006729125977e-01
5.329684019088745117e-01
4.764636754989624023e-01
4.949819743633270264e-01
4.834434390068054199e-01
4.968795180320739746e-01
4.929910898208618164e-01
4.818510115146636963e-01
5.467182993888854980e-01
5.529051423072814941e-01
4.983730912208557129e-01
5.450322031974792480e-01
5.258951187133789062e-01
5.363164544105529785e-01
5.372197031974792480e-01
5.747026205062866211e-01
5.352318286895751953e-01
5.348247885704040527e-01
5.200896263122558594e-01
5.569251775741577148e-01
4.733793735504150391e-01
5.289381146430969238e-01
4.822351038455963135e-01
4.367752671241760254e-01
5.130960941314697266e-01
4.905168414115905762e-01
5.152400732040405273e-01
5.265462398529052734e-01
5.358979105949401855e-01
5.080440044403076172e-01
5.183210968971252441e-01
5.223128199577331543e-01
5.062039494514465332e-01
5.624771714210510254e-01
5.373203754425048828e-01
4.831872582435607910e-01
5.452551841735839844e-01
5.397914648056030273e-01
5.562226176261901855e-01
5.490313172340393066e-01
5.535730123519897461e-01
5.470535159111022949e-01
5.585291385650634766e-01
5.544481873512268066e-01
5.307391285896301270e-01
5.130649805068969727e-01
5.100787281990051270e-01
5.098810195922851562e-01
3.944270312786102295e-01
5.272993445396423340e-01
5.290766954421997070e-01
5.335685610771179199e-01
4.389272928237915039e-01
5.459463000297546387e-01
5.072205066680908203e-01
4.655072391033172607e-01
5.658618211746215820e-01
5.431479811668395996e-01
5.208421945571899414e-01
5.190309882164001465e-01
5.353205800056457520e-01
5.113061666488647461e-01
5.294517874717712402e-01
5.735281705856323242e-01
5.037018060684204102e-01
5.346933603286743164e-01
4.938094615936279297e-01
5.602787733078002930e-01
4.163171052932739258e-01
5.711731910705566406e-01
5.176774263381958008e-01
5.313997864723205566e-01
5.740357041358947754e-01
5.210945010185241699e-01
5.511342287063598633e-01
4.990870952606201172e-01
5.007775425910949707e-01
5.542288422584533691e-01
5.329094529151916504e-01
5.526048541069030762e-01
4.704838097095489502e-01
5.629816055297851562e-01
5.682051181793212891e-01
5.262128710746765137e-01
4.727375507354736328e-01
5.357425808906555176e-01
5.361497998237609863e-01
4.706520736217498779e-01
4.473282992839813232e-01
4.586479067802429199e-01
5.573285818099975586e-01
5.632608532905578613e-01
4.646257460117340088e-01
5.476697087287902832e-01
5.069587230682373047e-01
5.081550478935241699e-01
5.304655432701110840e-01
5.241571664810180664e-01
5.159651041030883789e-01
4.562738835811614990e-01
5.657035708427429199e-01
5.106479525566101074e-01
5.340924263000488281e-01
5.449268221855163574e-01
5.728422403335571289e-01
5.524317026138305664e-01
5.208901166915893555e-01
5.222093462944030762e-01
4.905085861682891846e-01
5.033329129219055176e-01
4.983816146850585938e-01
5.471760630607604980e-01
5.272083282470703125e-01
5.001277327537536621e-01
5.088534355163574219e-01
5.374965667724609375e-01
5.445997118949890137e-01
5.291363000869750977e-01
5.505675673484802246e-01
5.149349570274353027e-01
5.380052328109741211e-01
5.469695329666137695e-01
5.434248447418212891e-01
5.512456297874450684e-01
5.346528887748718262e-01
5.068823099136352539e-01
5.613521933555603027e-01
5.622759461402893066e-01
4.963018000125885010e-01
4.542866945266723633e-01
5.438372492790222168e-01
5.477516055107116699e-01
4.865672290325164795e-01
5.352762341499328613e-01
5.497398376464843750e-01
5.391980409622192383e-01
4.821761250495910645e-01
5.470167994499206543e-01
5.233383178710937500e-01
4.566909074783325195e-01
5.057653784751892090e-01
4.689429998397827148e-01
5.449995994567871094e-01
4.836702346801757812e-01
5.428395867347717285e-01
4.629590213298797607e-01
3.140254318714141846e-01
5.379306077957153320e-01
4.633677601814270020e-01
4.735397994518280029e-01
5.571672320365905762e-01
5.646449923515319824e-01
4.796952903270721436e-01
5.636177659034729004e-01
4.905712902545928955e-01
5.423178076744079590e-01
5.122595429420471191e-01
5.035537481307983398e-01
5.019537210464477539e-01
5.377331972122192383e-01
4.855916798114776611e-01
4.468239247798919678e-01
5.743454098701477051e-01
5.398105978965759277e-01
4.800646901130676270e-01
5.540660023689270020e-01
5.363234877586364746e-01
5.176284909248352051e-01
4.795742332935333252e-01
5.322407484054565430e-01
4.920637309551239014e-01
4.949166774749755859e-01
5.452168583869934082e-01
5.294632911682128906e-01
4.623473882675170898e-01
5.177103281021118164e-01
5.378223061561584473e-01
4.319900274276733398e-01
4.315824806690216064e-01
5.163710713386535645e-01
4.335298240184783936e-01
4.548131823539733887e-01
4.332255125045776367e-01
5.106024742126464844e-01
5.446768999099731445e-01
4.854235947132110596e-01
5.193046927452087402e-01
4.267722964286804199e-01
5.019583106040954590e-01
4.292796254158020020e-01
4.567990303039550781e-01
5.457613468170166016e-01
5.195095539093017578e-01
5.321992635726928711e-01
5.411140918731689453e-01
5.371366143226623535e-01
4.242158234119415283e-01
5.346012711524963379e-01
5.174986124038696289e-01
5.378767251968383789e-01
5.393562912940979004e-01
5.092498064041137695e-01
5.001686215400695801e-01
5.643328428268432617e-01
5.408093929290771484e-01
5.441549420356750488e-01
5.437245368957519531e-01
5.629823207855224609e-01
5.629199147224426270e-01
5.380052328109741211e-01
5.598937273025512695e-01
5.422968864440917969e-01
5.202064514160156250e-01
5.528960227966308594e-01
5.522674322128295898e-01
4.972499012947082520e-01
5.427594780921936035e-01
5.632253885269165039e-01
5.263765454292297363e-01
5.222176313400268555e-01
5.428409576416015625e-01
5.416298508644104004e-01
5.441371798515319824e-01
4.552423059940338135e-01
5.270270109176635742e-01
5.332432985305786133e-01
5.539991855621337891e-01
4.404280185699462891e-01
4.339389801025390625e-01
5.652166008949279785e-01
5.455865859985351562e-01
4.651416242122650146e-01
4.423825740814208984e-01
5.363578200340270996e-01
5.094379186630249023e-01
5.448886156082153320e-01
5.531934499740600586e-01
5.292406082153320312e-01
4.943236410617828369e-01
4.776320755481719971e-01
4.652588665485382080e-01
4.796680808067321777e-01
4.948790669441223145e-01
5.611412525177001953e-01
5.437749624252319336e-01
5.275229737162590027e-02
6.562816351652145386e-02
2.089790701866149902e-01
5.685585737228393555e-02
1.809272319078445435e-01
2.598907351493835449e-01
5.608736872673034668e-01
2.005036175251007080e-01
2.018399536609649658e-01
7.869934290647506714e-02
2.142457664012908936e-01
4.253012239933013916e-01
4.976277053356170654e-01
4.725416600704193115e-01
5.422877669334411621e-01
2.038366943597793579e-01
5.440688133239746094e-01
4.297918975353240967e-01
5.344445109367370605e-01
2.165416777133941650e-01
4.794416725635528564e-01
4.851370751857757568e-01
1.238375380635261536e-01
7.411292940378189087e-02
1.174096018075942993e-01
6.763529777526855469e-02
1.672861576080322266e-01
4.230087697505950928e-01
2.692667841911315918e-01
1.618198156356811523e-01
1.860530674457550049e-01
2.361226826906204224e-01
1.073561310768127441e-01
2.944024801254272461e-01
1.188291534781455994e-01
1.147159785032272339e-01
3.676849603652954102e-02
8.273334056138992310e-02
8.860258758068084717e-02
6.332044303417205811e-02
3.290392756462097168e-01
7.277791947126388550e-02
8.740852773189544678e-02
1.107989698648452759e-01
2.343004941940307617e-01
4.613625407218933105e-01
5.279495120048522949e-01
4.637023210525512695e-01
5.206394195556640625e-01
5.197085738182067871e-01
4.668200016021728516e-01
5.338926911354064941e-01
5.330096483230590820e-01
5.655536055564880371e-01
3.786155879497528076e-01
5.709400177001953125e-01
4.556314945220947266e-01
5.745648145675659180e-01
3.614132702350616455e-01
5.780220627784729004e-01
5.611784458160400391e-01
3.576751351356506348e-01
3.833429515361785889e-01
2.230140119791030884e-01
3.848456442356109619e-01
5.180431604385375977e-01
4.457062184810638428e-01
5.060136914253234863e-01
5.005086064338684082e-01
5.033794641494750977e-01
5.041232109069824219e-01
5.109861493110656738e-01
4.563122093677520752e-01
4.936748445034027100e-01
5.279383063316345215e-01
5.322571396827697754e-01
5.417524576187133789e-01
2.357185333967208862e-01
2.260287553071975708e-01
1.535679697990417480e-01
1.016623452305793762e-01
4.951995015144348145e-01
4.793147444725036621e-01
5.285294651985168457e-01
2.538920044898986816e-01
4.876307249069213867e-01
4.610545560717582703e-02
5.061754211783409119e-02
