6.462362408638000488e-01
6.615434885025024414e-01
6.453021168708801270e-01
6.336370706558227539e-01
6.336370706558227539e-01
6.382474899291992188e-01
6.336370706558227539e-01
6.336370706558227539e-01
6.336370706558227539e-01
6.473209857940673828e-01
6.140411496162414551e-01
6.336370706558227539e-01
6.478274464607238770e-01
6.465100049972534180e-01
6.336370706558227539e-01
6.336370706558227539e-01
6.482658386230468750e-01
6.479463577270507812e-01
6.257412433624267578e-01
6.422107219696044922e-01
6.336370706558227539e-01
6.490966081619262695e-01
6.336370706558227539e-01
6.434049010276794434e-01
6.336370706558227539e-01
6.412190198898315430e-01
6.413979530334472656e-01
6.413140892982482910e-01
6.463447809219360352e-01
6.336370706558227539e-01
6.549885869026184082e-01
6.327285170555114746e-01
6.429215073585510254e-01
5.157409906387329102e-01
6.524096727371215820e-01
6.415417790412902832e-01
6.412088274955749512e-01
6.495501995086669922e-01
6.336370706558227539e-01
6.417477130889892578e-01
6.336370706558227539e-01
6.336370706558227539e-01
6.409335136413574219e-01
6.336234211921691895e-01
6.336370706558227539e-01
6.336370706558227539e-01
6.336370706558227539e-01
6.336370706558227539e-01
3.773565888404846191e-01
6.336370706558227539e-01
6.443220376968383789e-01
6.336370706558227539e-01
6.336370706558227539e-01
4.022323191165924072e-01
6.336370706558227539e-01
6.336370706558227539e-01
6.490783691406250000e-01
6.336370706558227539e-01
6.336370706558227539e-01
6.444715857505798340e-01
6.546283364295959473e-01
6.535455584526062012e-01
6.389786601066589355e-01
6.336370706558227539e-01
6.396622061729431152e-01
3.628177046775817871e-01
6.336370706558227539e-01
6.423513889312744141e-01
6.336370706558227539e-01
6.336370706558227539e-01
6.434562206268310547e-01
6.463616490364074707e-01
6.336370706558227539e-01
6.336370706558227539e-01
6.441557407379150391e-01
3.628177046775817871e-01
3.628177046775817871e-01
3.628177046775817871e-01
3.892021477222442627e-01
3.628177046775817871e-01
3.628177046775817871e-01
3.991657793521881104e-01
3.628177046775817871e-01
3.628177046775817871e-01
3.628177046775817871e-01
3.628177046775817871e-01
3.864333331584930420e-01
3.628177046775817871e-01
3.895017206668853760e-01
3.628177046775817871e-01
3.911606371402740479e-01
3.938512504100799561e-01
3.628177046775817871e-01
3.849658071994781494e-01
3.901300132274627686e-01
3.955798745155334473e-01
3.883315622806549072e-01
3.882414102554321289e-01
3.628177046775817871e-01
3.628177046775817871e-01
3.628177046775817871e-01
3.899644613265991211e-01
3.628177046775817871e-01
3.628177046775817871e-01
4.026233255863189697e-01
3.868312835693359375e-01
3.922253251075744629e-01
3.628177046775817871e-01
3.628177046775817871e-01
3.628177046775817871e-01
3.974814713001251221e-01
3.628177046775817871e-01
3.628177046775817871e-01
3.628177046775817871e-01
4.063768386840820312e-01
3.628177046775817871e-01
3.628177046775817871e-01
3.890262842178344727e-01
3.943601250648498535e-01
4.021268784999847412e-01
3.886471390724182129e-01
3.925548791885375977e-01
3.964793682098388672e-01
3.628177046775817871e-01
3.971469700336456299e-01
3.628177046775817871e-01
3.866576850414276123e-01
3.628177046775817871e-01
3.895461261272430420e-01
4.074169099330902100e-01
4.058616459369659424e-01
3.903754949569702148e-01
3.940373659133911133e-01
3.628177046775817871e-01
3.934900462627410889e-01
3.628177046775817871e-01
3.934697806835174561e-01
3.931316733360290527e-01
3.944334089756011963e-01
3.858548402786254883e-01
3.628177046775817871e-01
3.895511925220489502e-01
3.910278677940368652e-01
3.628177046775817871e-01
3.950772881507873535e-01
3.628177046775817871e-01
3.628177046775817871e-01
3.628177046775817871e-01
3.981140255928039551e-01
3.927137553691864014e-01
3.796713352203369141e-01
3.628177046775817871e-01
3.882422149181365967e-01
3.628177046775817871e-01
3.705991804599761963e-01
3.797356784343719482e-01
3.774563372135162354e-01
3.783087730407714844e-01
3.803774416446685791e-01
3.628177046775817871e-01
3.628177046775817871e-01
3.628177046775817871e-01
3.628177046775817871e-01
3.942661881446838379e-01
3.803499042987823486e-01
3.770608901977539062e-01
3.628177046775817871e-01
3.628177046775817871e-01
3.815343379974365234e-01
3.628177046775817871e-01
3.628177046775817871e-01
3.958308696746826172e-01
3.628177046775817871e-01
3.835271000862121582e-01
3.793559372425079346e-01
3.628177046775817871e-01
3.850238919258117676e-01
3.628177046775817871e-01
3.628177046775817871e-01
3.793660700321197510e-01
3.628177046775817871e-01
3.628177046775817871e-01
3.850783407688140869e-01
3.628177046775817871e-01
3.981688320636749268e-01
3.931772708892822266e-01
3.628177046775817871e-01
3.628177046775817871e-01
3.802972435951232910e-01
3.816263973712921143e-01
3.628177046775817871e-01
3.628177046775817871e-01
3.904981613159179688e-01
4.010941088199615479e-01
3.628177046775817871e-01
3.989946842193603516e-01
3.628177046775817871e-01
3.628177046775817871e-01
3.628177046775817871e-01
3.888631761074066162e-01
3.628177046775817871e-01
4.008182585239410400e-01
3.628177046775817871e-01
3.930148482322692871e-01
3.922013044357299805e-01
3.628177046775817871e-01
3.628177046775817871e-01
3.628177046775817871e-01
3.860182464122772217e-01
3.628177046775817871e-01
3.628177046775817871e-01
3.628177046775817871e-01
3.628177046775817871e-01
3.837698101997375488e-01
3.919476568698883057e-01
3.817656040191650391e-01
4.134982824325561523e-01
3.628177046775817871e-01
3.944354951381683350e-01
3.852578699588775635e-01
3.788307905197143555e-01
3.844357430934906006e-01
3.923947811126708984e-01
3.628177046775817871e-01
3.922771811485290527e-01
3.628177046775817871e-01
3.628177046775817871e-01
3.628177046775817871e-01
3.967979848384857178e-01
3.832460939884185791e-01
3.628177046775817871e-01
3.628177046775817871e-01
3.628177046775817871e-01
3.859193325042724609e-01
3.968823552131652832e-01
3.932807743549346924e-01
3.628177046775817871e-01
3.952556550502777100e-01
3.841641247272491455e-01
3.888154327869415283e-01
3.628177046775817871e-01
3.964225053787231445e-01
3.628177046775817871e-01
3.909334838390350342e-01
3.628177046775817871e-01
3.628177046775817871e-01
6.336370706558227539e-01
6.435253620147705078e-01
6.336370706558227539e-01
3.628177046775817871e-01
3.628177046775817871e-01
6.336370706558227539e-01
5.140394568443298340e-01
6.418583393096923828e-01
3.628177046775817871e-01
6.511535048484802246e-01
6.394007802009582520e-01
5.294843912124633789e-01
6.565778851509094238e-01
6.336370706558227539e-01
6.449331641197204590e-01
6.336370706558227539e-01
3.628177046775817871e-01
3.628177046775817871e-01
3.796217739582061768e-01
6.336370706558227539e-01
6.578341126441955566e-01
6.432899832725524902e-01
3.628177046775817871e-01
6.514981389045715332e-01
6.336370706558227539e-01
6.423211097717285156e-01
3.879389166831970215e-01
6.170928478240966797e-01
6.502534747123718262e-01
6.336370706558227539e-01
6.336370706558227539e-01
6.336370706558227539e-01
6.336370706558227539e-01
6.336370706558227539e-01
6.424303054809570312e-01
6.336370706558227539e-01
3.628177046775817871e-01
3.628177046775817871e-01
4.047882258892059326e-01
6.402348279953002930e-01
6.336370706558227539e-01
6.423211097717285156e-01
6.422230005264282227e-01
6.336370706558227539e-01
6.336370706558227539e-01
6.336370706558227539e-01
3.628177046775817871e-01
3.786180913448333740e-01
6.392975449562072754e-01
6.336370706558227539e-01
6.487145423889160156e-01
6.336370706558227539e-01
6.336370706558227539e-01
6.497109532356262207e-01
6.336370706558227539e-01
6.493370532989501953e-01
6.336370706558227539e-01
3.628177046775817871e-01
3.832001984119415283e-01
6.467269062995910645e-01
5.140394568443298340e-01
3.840156197547912598e-01
6.457817554473876953e-01
6.336370706558227539e-01
3.628177046775817871e-01
6.334236264228820801e-01
3.869615793228149414e-01
6.423472762107849121e-01
6.336370706558227539e-01
6.336370706558227539e-01
3.908472955226898193e-01
6.336370706558227539e-01
6.448240876197814941e-01
3.878321051597595215e-01
3.628177046775817871e-01
6.336370706558227539e-01
3.837196528911590576e-01
6.053187847137451172e-01
3.628177046775817871e-01
3.628177046775817871e-01
6.336370706558227539e-01
3.628177046775817871e-01
3.628177046775817871e-01
6.492842435836791992e-01
3.823548257350921631e-01
3.807907998561859131e-01
3.628177046775817871e-01
3.628177046775817871e-01
3.628177046775817871e-01
6.336370706558227539e-01
6.336370706558227539e-01
3.628177046775817871e-01
3.628177046775817871e-01
3.628177046775817871e-01
6.546728610992431641e-01
3.916955292224884033e-01
3.628177046775817871e-01
6.474719643592834473e-01
3.628177046775817871e-01
3.628177046775817871e-01
3.628177046775817871e-01
6.336370706558227539e-01
6.336370706558227539e-01
3.879824876785278320e-01
6.503350734710693359e-01
3.628177046775817871e-01
6.336370706558227539e-01
3.628177046775817871e-01
3.628177046775817871e-01
3.897915482521057129e-01
3.628177046775817871e-01
3.628177046775817871e-01
6.434347629547119141e-01
3.628177046775817871e-01
3.907804787158966064e-01
3.628177046775817871e-01
3.628177046775817871e-01
4.153559207916259766e-01
3.628177046775817871e-01
3.628177046775817871e-01
3.628177046775817871e-01
3.757348954677581787e-01
3.628177046775817871e-01
3.628177046775817871e-01
3.971892595291137695e-01
3.853052854537963867e-01
3.628177046775817871e-01
3.628177046775817871e-01
3.628177046775817871e-01
3.628177046775817871e-01
3.774504363536834717e-01
3.818144202232360840e-01
3.628177046775817871e-01
3.628177046775817871e-01
3.628177046775817871e-01
3.628177046775817871e-01
3.628177046775817871e-01
3.628177046775817871e-01
3.814878761768341064e-01
3.628177046775817871e-01
3.628177046775817871e-01
3.628177046775817871e-01
3.628177046775817871e-01
3.628177046775817871e-01
3.628177046775817871e-01
3.628177046775817871e-01
3.628177046775817871e-01
3.628177046775817871e-01
3.628177046775817871e-01
3.628177046775817871e-01
3.628177046775817871e-01
3.779582977294921875e-01
3.628177046775817871e-01
3.628177046775817871e-01
3.628177046775817871e-01
3.892223238945007324e-01
3.796865642070770264e-01
3.628177046775817871e-01
3.628177046775817871e-01
3.810938894748687744e-01
3.628177046775817871e-01
3.628177046775817871e-01
3.628177046775817871e-01
3.810687065124511719e-01
3.628177046775817871e-01
3.628177046775817871e-01
3.628177046775817871e-01
3.628177046775817871e-01
3.628177046775817871e-01
3.628177046775817871e-01
3.628177046775817871e-01
3.628177046775817871e-01
3.842828571796417236e-01
3.628177046775817871e-01
3.628177046775817871e-01
3.628177046775817871e-01
3.628177046775817871e-01
3.628177046775817871e-01
3.628177046775817871e-01
3.628177046775817871e-01
6.336370706558227539e-01
6.400982737541198730e-01
6.451104283332824707e-01
3.837806284427642822e-01
6.440822482109069824e-01
6.411976814270019531e-01
6.420117020606994629e-01
6.336370706558227539e-01
6.336370706558227539e-01
6.336370706558227539e-01
6.444428563117980957e-01
6.445692777633666992e-01
6.413788199424743652e-01
6.336370706558227539e-01
6.336370706558227539e-01
6.376638412475585938e-01
6.336370706558227539e-01
6.336370706558227539e-01
5.311228036880493164e-01
6.370987296104431152e-01
6.434385776519775391e-01
6.427673697471618652e-01
6.377821564674377441e-01
6.336370706558227539e-01
6.336370706558227539e-01
6.336370706558227539e-01
6.427153944969177246e-01
3.628177046775817871e-01
6.336370706558227539e-01
6.466742753982543945e-01
6.409547328948974609e-01
6.336370706558227539e-01
6.336370706558227539e-01
6.421849727630615234e-01
6.336370706558227539e-01
6.435362100601196289e-01
6.336370706558227539e-01
6.336238980293273926e-01
6.336370706558227539e-01
6.336370706558227539e-01
5.339753627777099609e-01
6.336370706558227539e-01
6.336370706558227539e-01
6.479769349098205566e-01
3.915203213691711426e-01
6.149567365646362305e-01
6.336370706558227539e-01
6.336370706558227539e-01
6.401921510696411133e-01
6.336370706558227539e-01
6.449752449989318848e-01
6.456038951873779297e-01
6.336370706558227539e-01
3.628177046775817871e-01
6.336370706558227539e-01
6.336370706558227539e-01
6.497880220413208008e-01
6.336370706558227539e-01
6.336370706558227539e-01
6.336370706558227539e-01
6.509298086166381836e-01
6.336370706558227539e-01
6.385476589202880859e-01
6.237293481826782227e-01
6.130483746528625488e-01
6.336370706558227539e-01
6.419976949691772461e-01
6.490811705589294434e-01
3.815463483333587646e-01
6.336370706558227539e-01
3.792109191417694092e-01
6.336370706558227539e-01
6.336370706558227539e-01
6.324334144592285156e-01
3.628177046775817871e-01
3.628177046775817871e-01
3.628177046775817871e-01
6.306291818618774414e-01
3.628177046775817871e-01
3.628177046775817871e-01
6.090137958526611328e-01
3.628177046775817871e-01
3.628177046775817871e-01
6.328660845756530762e-01
3.628177046775817871e-01
3.628177046775817871e-01
6.336029767990112305e-01
3.628177046775817871e-01
3.628177046775817871e-01
3.628177046775817871e-01
3.628177046775817871e-01
5.301486253738403320e-01
6.317980885505676270e-01
3.628177046775817871e-01
3.628177046775817871e-01
3.628177046775817871e-01
3.628177046775817871e-01
3.628177046775817871e-01
3.628177046775817871e-01
5.201965570449829102e-01
3.628177046775817871e-01
3.628177046775817871e-01
3.628177046775817871e-01
3.628177046775817871e-01
6.306044459342956543e-01
3.628177046775817871e-01
3.628177046775817871e-01
3.628177046775817871e-01
3.628177046775817871e-01
6.372218728065490723e-01
6.327754259109497070e-01
6.336247920989990234e-01
6.332177519798278809e-01
3.628177046775817871e-01
6.336370706558227539e-01
3.628177046775817871e-01
3.628177046775817871e-01
6.335751414299011230e-01
5.156611800193786621e-01
3.628177046775817871e-01
3.628177046775817871e-01
3.628177046775817871e-01
3.628177046775817871e-01
3.628177046775817871e-01
3.628177046775817871e-01
5.296174883842468262e-01
6.326921582221984863e-01
3.628177046775817871e-01
3.628177046775817871e-01
3.628177046775817871e-01
6.281220912933349609e-01
3.628177046775817871e-01
3.628177046775817871e-01
5.520079135894775391e-01
6.108867526054382324e-01
3.628177046775817871e-01
3.628177046775817871e-01
3.628177046775817871e-01
6.255101561546325684e-01
3.628177046775817871e-01
3.628177046775817871e-01
6.334984898567199707e-01
3.628177046775817871e-01
3.628177046775817871e-01
6.330674886703491211e-01
3.628177046775817871e-01
3.628177046775817871e-01
3.628177046775817871e-01
5.576901435852050781e-01
3.628177046775817871e-01
3.628177046775817871e-01
3.628177046775817871e-01
3.628177046775817871e-01
3.628177046775817871e-01
3.628177046775817871e-01
3.628177046775817871e-01
3.628177046775817871e-01
3.628177046775817871e-01
3.628177046775817871e-01
3.628177046775817871e-01
3.628177046775817871e-01
3.628177046775817871e-01
3.628177046775817871e-01
3.628177046775817871e-01
3.628177046775817871e-01
3.628177046775817871e-01
3.628177046775817871e-01
3.628177046775817871e-01
3.628177046775817871e-01
3.628177046775817871e-01
3.628177046775817871e-01
3.628177046775817871e-01
3.628177046775817871e-01
3.628177046775817871e-01
3.628177046775817871e-01
3.628177046775817871e-01
3.628177046775817871e-01
3.628177046775817871e-01
3.628177046775817871e-01
3.628177046775817871e-01
3.628177046775817871e-01
3.628177046775817871e-01
3.628177046775817871e-01
3.628177046775817871e-01
3.628177046775817871e-01
3.628177046775817871e-01
3.628177046775817871e-01
3.628177046775817871e-01
3.628177046775817871e-01
3.628177046775817871e-01
3.628177046775817871e-01
3.628177046775817871e-01
3.628177046775817871e-01
3.628177046775817871e-01
3.628177046775817871e-01
3.628177046775817871e-01
3.628177046775817871e-01
3.628177046775817871e-01
3.628177046775817871e-01
3.628177046775817871e-01
3.628177046775817871e-01
3.628177046775817871e-01
3.628177046775817871e-01
3.628177046775817871e-01
3.628177046775817871e-01
3.628177046775817871e-01
3.628177046775817871e-01
3.628177046775817871e-01
3.628177046775817871e-01
3.628177046775817871e-01
3.628177046775817871e-01
3.628177046775817871e-01
3.628177046775817871e-01
3.628177046775817871e-01
3.628177046775817871e-01
3.628177046775817871e-01
3.628177046775817871e-01
3.628177046775817871e-01
3.628177046775817871e-01
3.628177046775817871e-01
3.628177046775817871e-01
3.628177046775817871e-01
3.628177046775817871e-01
3.628177046775817871e-01
3.628177046775817871e-01
3.628177046775817871e-01
3.628177046775817871e-01
3.628177046775817871e-01
3.628177046775817871e-01
3.628177046775817871e-01
3.628177046775817871e-01
3.628177046775817871e-01
3.628177046775817871e-01
3.628177046775817871e-01
3.628177046775817871e-01
3.628177046775817871e-01
3.628177046775817871e-01
3.628177046775817871e-01
3.628177046775817871e-01
3.628177046775817871e-01
3.628177046775817871e-01
3.628177046775817871e-01
3.628177046775817871e-01
3.628177046775817871e-01
3.628177046775817871e-01
3.628177046775817871e-01
3.628177046775817871e-01
3.628177046775817871e-01
3.628177046775817871e-01
3.628177046775817871e-01
3.628177046775817871e-01
3.628177046775817871e-01
3.628177046775817871e-01
3.628177046775817871e-01
3.628177046775817871e-01
3.628177046775817871e-01
3.628177046775817871e-01
3.628177046775817871e-01
3.628177046775817871e-01
3.628177046775817871e-01
3.628177046775817871e-01
3.628177046775817871e-01
3.628177046775817871e-01
3.628177046775817871e-01
3.628177046775817871e-01
3.628177046775817871e-01
3.628177046775817871e-01
3.628177046775817871e-01
3.628177046775817871e-01
3.628177046775817871e-01
3.628177046775817871e-01
3.628177046775817871e-01
3.628177046775817871e-01
3.628177046775817871e-01
3.628177046775817871e-01
3.628177046775817871e-01
3.628177046775817871e-01
3.628177046775817871e-01
3.628177046775817871e-01
3.628177046775817871e-01
3.628177046775817871e-01
3.628177046775817871e-01
3.628177046775817871e-01
3.628177046775817871e-01
3.628177046775817871e-01
3.628177046775817871e-01
3.628177046775817871e-01
3.628177046775817871e-01
3.628177046775817871e-01
3.628177046775817871e-01
3.628177046775817871e-01
3.628177046775817871e-01
3.628177046775817871e-01
3.628177046775817871e-01
3.628177046775817871e-01
3.628177046775817871e-01
3.628177046775817871e-01
3.628177046775817871e-01
3.628177046775817871e-01
3.628177046775817871e-01
3.628177046775817871e-01
3.628177046775817871e-01
3.628177046775817871e-01
3.628177046775817871e-01
3.628177046775817871e-01
3.628177046775817871e-01
3.628177046775817871e-01
3.628177046775817871e-01
3.628177046775817871e-01
3.628177046775817871e-01
3.628177046775817871e-01
3.628177046775817871e-01
3.628177046775817871e-01
3.628177046775817871e-01
3.888343870639801025e-01
3.628177046775817871e-01
3.628177046775817871e-01
3.628177046775817871e-01
3.628177046775817871e-01
3.628177046775817871e-01
3.628177046775817871e-01
3.628177046775817871e-01
3.628177046775817871e-01
3.628177046775817871e-01
3.628177046775817871e-01
3.628177046775817871e-01
3.628177046775817871e-01
3.628177046775817871e-01
3.628177046775817871e-01
3.628177046775817871e-01
5.140394568443298340e-01
3.628177046775817871e-01
3.628177046775817871e-01
3.652036786079406738e-01
6.246846318244934082e-01
3.628177046775817871e-01
3.628177046775817871e-01
3.628177046775817871e-01
3.628177046775817871e-01
3.628177046775817871e-01
3.628177046775817871e-01
3.628177046775817871e-01
3.628177046775817871e-01
3.628177046775817871e-01
3.628177046775817871e-01
3.628177046775817871e-01
3.628177046775817871e-01
3.628177046775817871e-01
5.140394568443298340e-01
3.628177046775817871e-01
3.628177046775817871e-01
3.628177046775817871e-01
3.628177046775817871e-01
3.628177046775817871e-01
3.628177046775817871e-01
3.628177046775817871e-01
3.628177046775817871e-01
3.628177046775817871e-01
3.628177046775817871e-01
3.628177046775817871e-01
3.628177046775817871e-01
3.628177046775817871e-01
3.628177046775817871e-01
3.628177046775817871e-01
3.628177046775817871e-01
3.628177046775817871e-01
3.628177046775817871e-01
3.628177046775817871e-01
3.628177046775817871e-01
3.628177046775817871e-01
3.628177046775817871e-01
3.628177046775817871e-01
3.628177046775817871e-01
3.628177046775817871e-01
3.733249306678771973e-01
3.628177046775817871e-01
3.628177046775817871e-01
3.628177046775817871e-01
3.628177046775817871e-01
3.628177046775817871e-01
3.628177046775817871e-01
3.628177046775817871e-01
3.628177046775817871e-01
3.628177046775817871e-01
3.628177046775817871e-01
3.628177046775817871e-01
3.628177046775817871e-01
3.628177046775817871e-01
3.628177046775817871e-01
3.628177046775817871e-01
3.628177046775817871e-01
3.628177046775817871e-01
3.628177046775817871e-01
3.628177046775817871e-01
3.628177046775817871e-01
3.628177046775817871e-01
3.628177046775817871e-01
3.628177046775817871e-01
3.628177046775817871e-01
3.628177046775817871e-01
3.628177046775817871e-01
3.628177046775817871e-01
3.628177046775817871e-01
3.628177046775817871e-01
3.628177046775817871e-01
3.628177046775817871e-01
3.628177046775817871e-01
3.628177046775817871e-01
3.628177046775817871e-01
3.628177046775817871e-01
3.628177046775817871e-01
3.628177046775817871e-01
3.628177046775817871e-01
3.628177046775817871e-01
3.628177046775817871e-01
3.628177046775817871e-01
6.053187847137451172e-01
3.628177046775817871e-01
3.628177046775817871e-01
3.628177046775817871e-01
3.628177046775817871e-01
3.628177046775817871e-01
3.628177046775817871e-01
3.628177046775817871e-01
3.628177046775817871e-01
3.628177046775817871e-01
3.628177046775817871e-01
3.628177046775817871e-01
3.628177046775817871e-01
3.628177046775817871e-01
3.628177046775817871e-01
3.628177046775817871e-01
3.628177046775817871e-01
3.628177046775817871e-01
3.628177046775817871e-01
3.628177046775817871e-01
3.628177046775817871e-01
3.628177046775817871e-01
3.628177046775817871e-01
3.628177046775817871e-01
3.716617226600646973e-01
3.628177046775817871e-01
3.628177046775817871e-01
3.628177046775817871e-01
3.628177046775817871e-01
3.628177046775817871e-01
3.628177046775817871e-01
3.628177046775817871e-01
3.628177046775817871e-01
3.628177046775817871e-01
3.628177046775817871e-01
3.628177046775817871e-01
3.628177046775817871e-01
3.628177046775817871e-01
3.628177046775817871e-01
3.628177046775817871e-01
3.628177046775817871e-01
3.628177046775817871e-01
3.628177046775817871e-01
3.628177046775817871e-01
3.628177046775817871e-01
3.628177046775817871e-01
3.628177046775817871e-01
3.628177046775817871e-01
3.628177046775817871e-01
3.628177046775817871e-01
3.628177046775817871e-01
3.628177046775817871e-01
3.628177046775817871e-01
3.628177046775817871e-01
3.628177046775817871e-01
3.628177046775817871e-01
3.628177046775817871e-01
3.628177046775817871e-01
3.628177046775817871e-01
3.628177046775817871e-01
3.628177046775817871e-01
3.628177046775817871e-01
3.628177046775817871e-01
3.628177046775817871e-01
3.628177046775817871e-01
3.628177046775817871e-01
3.628177046775817871e-01
3.628177046775817871e-01
3.628177046775817871e-01
3.628177046775817871e-01
3.628177046775817871e-01
3.628177046775817871e-01
3.628177046775817871e-01
3.628177046775817871e-01
3.628177046775817871e-01
3.628177046775817871e-01
3.628177046775817871e-01
3.628177046775817871e-01
3.628177046775817871e-01
3.628177046775817871e-01
3.628177046775817871e-01
3.628177046775817871e-01
3.628177046775817871e-01
3.628177046775817871e-01
3.687801957130432129e-01
3.628177046775817871e-01
6.378333568572998047e-01
3.628177046775817871e-01
3.628177046775817871e-01
3.628177046775817871e-01
3.628177046775817871e-01
3.628177046775817871e-01
3.628177046775817871e-01
3.628177046775817871e-01
3.628177046775817871e-01
3.628177046775817871e-01
5.102539062500000000e-01
3.628177046775817871e-01
3.628177046775817871e-01
6.324663162231445312e-01
3.628177046775817871e-01
3.628177046775817871e-01
6.108234524726867676e-01
6.058172583580017090e-01
6.336370706558227539e-01
3.628177046775817871e-01
3.628177046775817871e-01
3.628177046775817871e-01
3.628177046775817871e-01
6.489123106002807617e-01
5.359985828399658203e-01
3.628177046775817871e-01
3.628177046775817871e-01
3.628177046775817871e-01
5.470590591430664062e-01
3.628177046775817871e-01
3.628177046775817871e-01
3.628177046775817871e-01
3.628177046775817871e-01
3.628177046775817871e-01
3.628177046775817871e-01
3.628177046775817871e-01
6.271535158157348633e-01
5.189888477325439453e-01
3.628177046775817871e-01
6.058172583580017090e-01
5.311228036880493164e-01
3.628177046775817871e-01
3.628177046775817871e-01
3.628177046775817871e-01
3.628177046775817871e-01
3.628177046775817871e-01
3.628177046775817871e-01
3.628177046775817871e-01
3.628177046775817871e-01
3.628177046775817871e-01
3.628177046775817871e-01
5.189888477325439453e-01
3.628177046775817871e-01
3.628177046775817871e-01
3.628177046775817871e-01
5.189888477325439453e-01
3.628177046775817871e-01
3.628177046775817871e-01
6.104075312614440918e-01
3.628177046775817871e-01
3.628177046775817871e-01
3.628177046775817871e-01
3.628177046775817871e-01
3.628177046775817871e-01
5.119354724884033203e-01
3.628177046775817871e-01
3.628177046775817871e-01
3.628177046775817871e-01
3.628177046775817871e-01
3.628177046775817871e-01
3.628177046775817871e-01
