6.363365650177001953e-01
6.675145626068115234e-01
5.776285529136657715e-01
4.735319912433624268e-01
4.867224693298339844e-01
6.168192625045776367e-01
6.039206385612487793e-01
5.349342226982116699e-01
5.734087824821472168e-01
6.624991893768310547e-01
5.293188691139221191e-01
4.141434431076049805e-01
5.122300982475280762e-01
6.150524616241455078e-01
5.907868742942810059e-01
5.178228616714477539e-01
5.948623418807983398e-01
6.075465679168701172e-01
6.276153922080993652e-01
6.187260150909423828e-01
5.165272355079650879e-01
5.577800869941711426e-01
5.582994818687438965e-01
6.210159659385681152e-01
6.152792572975158691e-01
5.823764801025390625e-01
6.148124337196350098e-01
5.925109982490539551e-01
5.752713680267333984e-01
4.981894791126251221e-01
6.857721209526062012e-01
4.560868144035339355e-01
6.543305516242980957e-01
6.510457992553710938e-01
5.798802971839904785e-01
6.432827115058898926e-01
6.181040406227111816e-01
6.002713441848754883e-01
6.605209112167358398e-01
6.463015079498291016e-01
6.072627902030944824e-01
6.693567633628845215e-01
6.179788708686828613e-01
6.489698886871337891e-01
6.018213629722595215e-01
6.239364147186279297e-01
6.636969447135925293e-01
4.683450162410736084e-01
6.124677658081054688e-01
5.932012200355529785e-01
5.925276875495910645e-01
5.991085767745971680e-01
5.721688866615295410e-01
6.544288992881774902e-01
6.219371557235717773e-01
6.189794540405273438e-01
5.366982817649841309e-01
4.956468045711517334e-01
5.854260325431823730e-01
6.673718690872192383e-01
4.479634761810302734e-01
6.734098196029663086e-01
6.296054720878601074e-01
5.186479687690734863e-01
6.052116155624389648e-01
6.355157494544982910e-01
5.435250401496887207e-01
6.103301048278808594e-01
6.015808582305908203e-01
3.647528588771820068e-01
6.633485555648803711e-01
5.644530057907104492e-01
5.125779509544372559e-01
5.921768546104431152e-01
5.969747304916381836e-01
8.727099299430847168e-01
9.082636833190917969e-01
9.211702346801757812e-01
8.811442852020263672e-01
8.863651156425476074e-01
8.914890289306640625e-01
8.914282321929931641e-01
9.057335257530212402e-01
7.647095322608947754e-01
8.956156969070434570e-01
8.772457242012023926e-01
8.218750953674316406e-01
9.065892696380615234e-01
8.706742525100708008e-01
8.832238912582397461e-01
8.834345936775207520e-01
8.493298292160034180e-01
9.064602255821228027e-01
8.819284439086914062e-01
8.872511386871337891e-01
9.273862242698669434e-01
8.965985178947448730e-01
9.192191958427429199e-01
8.973473906517028809e-01
9.154746532440185547e-01
8.997753262519836426e-01
9.257723093032836914e-01
9.143352508544921875e-01
9.124199151992797852e-01
9.119257330894470215e-01
8.421087265014648438e-01
7.925376296043395996e-01
8.976777195930480957e-01
8.928892612457275391e-01
9.149950742721557617e-01
8.522549867630004883e-01
8.789201974868774414e-01
9.263229966163635254e-01
8.992606401443481445e-01
8.807001113891601562e-01
8.853193521499633789e-01
9.072681665420532227e-01
8.935147523880004883e-01
8.882649540901184082e-01
8.967711329460144043e-01
9.210153818130493164e-01
8.407915830612182617e-01
8.959745168685913086e-01
9.135451316833496094e-01
8.777396678924560547e-01
8.896436095237731934e-01
6.399452090263366699e-01
8.656895756721496582e-01
9.164591431617736816e-01
8.925377726554870605e-01
8.930465579032897949e-01
8.836951851844787598e-01
8.920038938522338867e-01
9.298982024192810059e-01
9.034322500228881836e-01
8.776475787162780762e-01
9.361260533332824707e-01
9.092447757720947266e-01
8.559950590133666992e-01
8.924009203910827637e-01
9.030351638793945312e-01
8.626366853713989258e-01
8.992861509323120117e-01
9.254701733589172363e-01
8.541250228881835938e-01
8.817755579948425293e-01
8.864265084266662598e-01
8.295862078666687012e-01
9.219805002212524414e-01
9.306593537330627441e-01
8.469341993331909180e-01
8.814543485641479492e-01
8.688289523124694824e-01
8.135293722152709961e-01
8.407633900642395020e-01
8.587979674339294434e-01
8.770354986190795898e-01
8.425388336181640625e-01
8.423640131950378418e-01
8.774763345718383789e-01
8.430131673812866211e-01
8.341981172561645508e-01
7.056207060813903809e-01
8.959351778030395508e-01
8.806154727935791016e-01
8.764675855636596680e-01
8.690522909164428711e-01
8.751412034034729004e-01
8.698786497116088867e-01
8.301449418067932129e-01
9.172784686088562012e-01
9.040722846984863281e-01
8.970081806182861328e-01
9.259682893753051758e-01
9.057428240776062012e-01
8.641147017478942871e-01
8.772312402725219727e-01
8.843289017677307129e-01
9.347103834152221680e-01
9.152634143829345703e-01
8.861116170883178711e-01
9.099051952362060547e-01
9.306823611259460449e-01
8.915147185325622559e-01
9.215984940528869629e-01
8.774492740631103516e-01
9.246150851249694824e-01
9.182989597320556641e-01
8.265469074249267578e-01
8.561096787452697754e-01
7.934246063232421875e-01
9.091054797172546387e-01
8.757511973381042480e-01
8.858245611190795898e-01
9.227222204208374023e-01
9.099171161651611328e-01
8.626762032508850098e-01
8.838872313499450684e-01
8.595026135444641113e-01
8.975555300712585449e-01
9.082593321800231934e-01
9.189290404319763184e-01
9.221032857894897461e-01
9.113299250602722168e-01
9.076403379440307617e-01
8.825451135635375977e-01
9.189826846122741699e-01
8.813225030899047852e-01
9.053599238395690918e-01
9.070419669151306152e-01
8.777931928634643555e-01
9.211627244949340820e-01
9.027742147445678711e-01
9.169233441352844238e-01
9.182441830635070801e-01
9.064874053001403809e-01
9.068583846092224121e-01
9.281742572784423828e-01
8.423227667808532715e-01
9.068597555160522461e-01
8.933815360069274902e-01
9.100810289382934570e-01
9.201816916465759277e-01
9.331152439117431641e-01
9.215284585952758789e-01
8.973582386970520020e-01
9.071581959724426270e-01
9.017537236213684082e-01
7.955131530761718750e-01
9.208552241325378418e-01
9.135965704917907715e-01
9.082825779914855957e-01
8.686272501945495605e-01
8.250688910484313965e-01
8.866653442382812500e-01
9.157713055610656738e-01
9.395742416381835938e-01
8.826730847358703613e-01
8.085371255874633789e-01
9.245019555091857910e-01
9.144956469535827637e-01
8.878511190414428711e-01
9.304389953613281250e-01
8.755689263343811035e-01
9.181880950927734375e-01
9.397726655006408691e-01
9.329617619514465332e-01
9.135457277297973633e-01
9.373543262481689453e-01
9.383496046066284180e-01
9.416253566741943359e-01
9.294269680976867676e-01
9.413245320320129395e-01
9.392588138580322266e-01
9.369699954986572266e-01
9.292662143707275391e-01
9.133437871932983398e-01
8.721423745155334473e-01
9.380112290382385254e-01
9.135764837265014648e-01
9.377980232238769531e-01
9.224075078964233398e-01
9.067957401275634766e-01
9.423403143882751465e-01
9.210497736930847168e-01
9.194613099098205566e-01
9.375394582748413086e-01
9.514611959457397461e-01
9.276917576789855957e-01
9.263535737991333008e-01
9.254667162895202637e-01
9.245718717575073242e-01
9.166383743286132812e-01
9.323891401290893555e-01
9.324203133583068848e-01
9.304405450820922852e-01
9.382628202438354492e-01
9.319849014282226562e-01
9.274024963378906250e-01
9.091066718101501465e-01
9.216799139976501465e-01
9.154214262962341309e-01
8.844846487045288086e-01
7.336652278900146484e-01
9.311612248420715332e-01
9.482420086860656738e-01
9.234365224838256836e-01
9.140565991401672363e-01
9.246520400047302246e-01
9.346542358398437500e-01
9.262800812721252441e-01
9.349495768547058105e-01
9.308137297630310059e-01
9.417475461959838867e-01
9.345468282699584961e-01
9.306951761245727539e-01
9.344308376312255859e-01
9.226446151733398438e-01
9.325990080833435059e-01
9.339182972908020020e-01
9.331933259963989258e-01
9.469555020332336426e-01
9.313547611236572266e-01
9.254795908927917480e-01
9.258006215095520020e-01
9.336781501770019531e-01
9.365231990814208984e-01
9.297011494636535645e-01
9.524759650230407715e-01
9.446169734001159668e-01
9.237204194068908691e-01
9.161664843559265137e-01
9.124801754951477051e-01
9.352056980133056641e-01
9.158592820167541504e-01
9.393451809883117676e-01
9.275694489479064941e-01
9.337918758392333984e-01
9.312713146209716797e-01
8.050324320793151855e-01
8.139845132827758789e-01
7.294523119926452637e-01
7.484188675880432129e-01
7.985892295837402344e-01
6.774275898933410645e-01
7.402534484863281250e-01
7.420810461044311523e-01
8.322194218635559082e-01
8.599556088447570801e-01
7.339944839477539062e-01
6.226558685302734375e-01
7.781774997711181641e-01
7.404303550720214844e-01
6.436534523963928223e-01
7.616589665412902832e-01
7.275776267051696777e-01
7.090056538581848145e-01
7.985010147094726562e-01
7.704262733459472656e-01
7.539971470832824707e-01
7.873358130455017090e-01
8.193770051002502441e-01
7.488182783126831055e-01
6.869394779205322266e-01
7.870829701423645020e-01
7.686042785644531250e-01
7.186045050621032715e-01
6.346035003662109375e-01
7.294523119926452637e-01
7.646342515945434570e-01
6.238088011741638184e-01
6.768030524253845215e-01
7.516542673110961914e-01
7.847237586975097656e-01
7.245744466781616211e-01
6.785514950752258301e-01
7.347051501274108887e-01
7.082174420356750488e-01
7.703844308853149414e-01
6.819437146186828613e-01
6.908081769943237305e-01
7.769536972045898438e-01
7.321946620941162109e-01
7.753687500953674316e-01
6.627168059349060059e-01
7.151470780372619629e-01
8.138455748558044434e-01
7.858694195747375488e-01
7.509538531303405762e-01
8.835164904594421387e-01
7.941693067550659180e-01
8.017143011093139648e-01
8.117825984954833984e-01
8.213084340095520020e-01
7.960259914398193359e-01
7.655546069145202637e-01
8.258204460144042969e-01
8.843328356742858887e-01
7.269726991653442383e-01
7.024857997894287109e-01
7.738494277000427246e-01
8.525536656379699707e-01
8.156957626342773438e-01
8.488206863403320312e-01
7.395741939544677734e-01
7.099161148071289062e-01
7.947703599929809570e-01
8.011096119880676270e-01
8.353627324104309082e-01
8.431201577186584473e-01
8.182271718978881836e-01
7.909505367279052734e-01
7.958778142929077148e-01
6.342415213584899902e-01
7.839003801345825195e-01
8.052310347557067871e-01
8.585464358329772949e-01
7.247325778007507324e-01
8.140174150466918945e-01
7.044596076011657715e-01
6.264275908470153809e-01
7.497099041938781738e-01
7.229433655738830566e-01
7.275621294975280762e-01
6.916257739067077637e-01
8.376950025558471680e-01
8.189711570739746094e-01
8.115531206130981445e-01
6.840148568153381348e-01
7.678269743919372559e-01
7.248998880386352539e-01
7.547000646591186523e-01
6.818598508834838867e-01
8.362513780593872070e-01
8.010509610176086426e-01
8.548607230186462402e-01
8.075733780860900879e-01
7.655385732650756836e-01
7.664199471473693848e-01
8.034041523933410645e-01
7.020434141159057617e-01
8.069151043891906738e-01
7.725165486335754395e-01
7.651579976081848145e-01
8.559906482696533203e-01
5.298553705215454102e-01
5.030110478401184082e-01
6.092502474784851074e-01
6.446771621704101562e-01
6.361195445060729980e-01
5.894311070442199707e-01
6.003032922744750977e-01
6.490883827209472656e-01
5.052722692489624023e-01
7.059649229049682617e-01
5.637505650520324707e-01
6.486222147941589355e-01
5.824611783027648926e-01
5.852742791175842285e-01
5.979105830192565918e-01
5.268098115921020508e-01
6.009189486503601074e-01
6.126973628997802734e-01
5.586684942245483398e-01
6.187828779220581055e-01
5.449623465538024902e-01
5.751376152038574219e-01
6.841703653335571289e-01
5.976898670196533203e-01
5.295280218124389648e-01
6.096687316894531250e-01
5.783137679100036621e-01
6.086646914482116699e-01
6.014080047607421875e-01
5.726746916770935059e-01
6.552087068557739258e-01
6.120849847793579102e-01
5.573859810829162598e-01
5.959268808364868164e-01
5.353425741195678711e-01
5.579835772514343262e-01
4.941972494125366211e-01
5.642254948616027832e-01
6.815610527992248535e-01
5.736466050148010254e-01
5.327510237693786621e-01
5.731776356697082520e-01
5.801631808280944824e-01
5.430706739425659180e-01
6.369522213935852051e-01
5.989574193954467773e-01
6.301565170288085938e-01
5.944759845733642578e-01
5.932109355926513672e-01
5.983418822288513184e-01
5.604288578033447266e-01
5.539284944534301758e-01
6.358500123023986816e-01
5.200487971305847168e-01
5.324409008026123047e-01
5.610113143920898438e-01
4.960614740848541260e-01
6.282899379730224609e-01
5.457361936569213867e-01
5.760632753372192383e-01
5.630325078964233398e-01
6.602240204811096191e-01
6.089293956756591797e-01
5.763192772865295410e-01
6.055591702461242676e-01
6.166309714317321777e-01
5.790575146675109863e-01
5.448331236839294434e-01
6.355217695236206055e-01
6.793770790100097656e-01
6.538497209548950195e-01
6.682221889495849609e-01
6.218917369842529297e-01
6.124601364135742188e-01
5.675813555717468262e-01
5.675961375236511230e-01
6.062731146812438965e-01
4.405093932291492820e-06
3.047571226488798857e-05
7.243301661219447851e-05
2.693268470466136932e-04
6.853467311884742230e-06
2.704744656512048095e-05
6.534053478389978409e-03
5.757572650909423828e-01
2.360898861297755502e-06
1.823315869842190295e-05
1.290473937988281250e-01
2.510032951831817627e-01
5.288314539939165115e-03
7.346786092966794968e-03
6.960849463939666748e-02
4.767040014266967773e-01
5.309551954269409180e-01
4.682117998600006104e-01
1.153961755335330963e-03
2.914474010467529297e-01
1.033650551107712090e-05
9.378463232678768691e-07
5.388646721839904785e-01
9.600189328193664551e-02
1.940896734595298767e-03
3.690988421440124512e-01
2.592781092971563339e-04
5.185875296592712402e-01
1.036589220166206360e-02
5.768758058547973633e-01
2.270407276228070259e-05
4.769555330276489258e-01
5.859493017196655273e-01
7.496284786611795425e-03
1.700983033515512943e-03
3.017988288775086403e-03
7.815079297870397568e-04
2.504748044884763658e-05
3.512011608108878136e-04
4.921391233801841736e-02
2.248173346742987633e-03
4.069248680025339127e-03
2.411739202216267586e-03
4.095211327075958252e-01
5.350410938262939453e-01
4.858475029468536377e-01
2.273976133437827229e-05
9.061918535735458136e-05
2.176641282858327031e-05
5.379350185394287109e-01
4.120680096093565226e-04
1.834448448789771646e-05
1.925253627632628195e-06
4.959991276264190674e-01
2.421142999082803726e-03
4.804616401088424027e-05
4.063828289508819580e-01
2.398166805505752563e-01
5.944451550021767616e-05
1.171302981674671173e-02
7.431538688251748681e-05
8.530538529157638550e-03
3.908282960765063763e-04
6.149582862854003906e-01
4.516466259956359863e-01
1.623589894734323025e-03
4.652245938777923584e-01
1.278111653846281115e-06
6.999404376983875409e-06
1.373527757823467255e-02
6.137052178382873535e-02
2.113457322120666504e-01
3.521001338958740234e-01
5.376162528991699219e-01
2.596608246676623821e-04
1.228388136951252818e-04
4.995777010917663574e-01
7.715682033449411392e-03
6.961193680763244629e-02
3.906233608722686768e-01
9.533119387924671173e-03
2.666891217231750488e-01
6.902624852955341339e-03
5.388539433479309082e-01
5.451559275388717651e-02
1.361584961414337158e-01
2.202776074409484863e-02
1.326381135731935501e-02
7.859407365322113037e-02
3.225658535957336426e-01
1.890283524990081787e-01
2.204757620347663760e-04
1.249818503856658936e-01
6.958612799644470215e-01
7.022453937679529190e-03
1.119810808449983597e-02
4.068345576524734497e-02
1.795739633962512016e-03
2.898419043049216270e-03
6.048941286280751228e-04
7.312738150358200073e-02
6.918231025338172913e-03
3.842201530933380127e-01
4.625068322638981044e-05
2.249354682862758636e-02
1.193844452500343323e-01
6.861003041267395020e-01
2.630449533462524414e-01
3.001067852892447263e-06
1.450283378362655640e-01
9.586973646946717054e-06
2.118883281946182251e-02
4.135238498292892473e-07
1.675613522529602051e-01
1.509427092969417572e-03
3.174801543354988098e-02
8.422748185694217682e-03
5.549654364585876465e-01
7.034417390823364258e-01
5.727924108505249023e-01
1.036966741085052490e-01
5.610880255699157715e-01
1.820948207750916481e-03
5.746226310729980469e-01
3.914867714047431946e-02
5.665599703788757324e-01
1.945951138623058796e-03
2.277064025402069092e-01
1.479817926883697510e-02
1.186530757695436478e-02
2.241647243499755859e-01
4.399675130844116211e-01
1.655195094645023346e-02
5.079424977302551270e-01
5.762964487075805664e-03
3.599805384874343872e-02
5.553462505340576172e-01
2.135351747274398804e-01
2.880798885598778725e-03
1.871665120124816895e-01
2.165453974157571793e-03
4.095977544784545898e-01
3.172252399963326752e-05
3.154800236225128174e-01
9.994887746870517731e-03
2.723398059606552124e-02
2.679503560066223145e-01
2.072447538375854492e-01
4.241933822631835938e-01
3.761289119720458984e-01
2.851363085210323334e-02
1.116590574383735657e-03
2.286922931671142578e-02
2.763802185654640198e-04
6.070060133934020996e-01
1.864077448844909668e-01
1.190227922052145004e-04
1.543028838932514191e-02
2.424751641228795052e-03
2.066223241854459047e-04
1.028317809104919434e-01
1.271241065114736557e-02
2.644286751747131348e-01
7.085488438606262207e-01
5.041522383689880371e-01
1.336224522674456239e-04
1.079078792827203870e-04
1.960934372618794441e-03
6.215585926838684827e-06
4.533781975624151528e-05
7.386223296634852886e-05
2.274708449840545654e-02
5.739044547080993652e-01
1.273537782253697515e-04
8.005293011665344238e-01
8.507030433975160122e-04
1.232935674488544464e-02
3.241049945354461670e-01
1.063931384123861790e-03
3.818557560443878174e-01
1.614312268793582916e-02
6.843604933237656951e-05
3.848038148134946823e-03
2.486171424388885498e-01
1.402350421994924545e-02
1.900875031424220651e-05
9.204745874740183353e-04
6.279845833778381348e-01
5.475020543599384837e-07
1.255718671018257737e-04
4.823433755518635735e-06
2.137816883623600006e-02
5.322171449661254883e-01
6.187028338899835944e-05
2.174859046936035156e-01
3.708611009642481804e-03
4.262883961200714111e-01
2.488285601139068604e-01
1.296059489250183105e-01
7.370956987142562866e-02
4.823401570320129395e-01
1.263989508152008057e-02
9.925962558554601856e-07
8.357787728309631348e-01
1.124114468693733215e-01
5.530015006661415100e-02
3.618491068482398987e-02
1.051997649483382702e-03
7.748897671699523926e-01
2.571185678243637085e-02
4.509754944592714310e-05
6.580766290426254272e-03
8.891780744306743145e-04
2.900773584842681885e-01
3.495273704174906015e-04
2.538370836191461422e-06
4.546770453453063965e-01
1.622862619115039706e-04
2.166854441165924072e-01
4.066603183746337891e-01
2.166164219379425049e-01
3.334890352562069893e-03
2.710050716996192932e-02
5.491808652877807617e-01
2.697717212140560150e-02
3.399344568606466055e-04
4.977087373845279217e-04
1.183929480612277985e-02
4.488039389252662659e-02
2.138515498018023209e-07
5.218273773789405823e-02
8.157643023878335953e-04
5.012585897929966450e-04
1.910028308629989624e-01
3.328251838684082031e-01
2.457536756992340088e-02
5.167739391326904297e-01
5.805594264529645443e-05
1.164250352303497493e-04
1.870400155894458294e-03
4.136540591716766357e-01
1.823232378228567541e-05
1.972361803054809570e-01
5.404767394065856934e-01
3.334331884980201721e-02
3.179264720529317856e-03
8.931122720241546631e-03
1.906561083160340786e-03
9.288322925567626953e-02
1.416567862033843994e-01
2.343158982694149017e-02
4.472418725490570068e-01
2.818678319454193115e-01
5.232245922088623047e-01
6.580383777618408203e-01
2.398923272266983986e-03
7.624028623104095459e-02
1.880645868368446827e-05
1.232277974486351013e-02
1.605549901723861694e-01
1.035905107855796814e-01
5.903603434562683105e-01
1.401894539594650269e-01
6.112916767597198486e-02
2.633349895477294922e-01
1.036618486978113651e-03
1.307567232288420200e-03
4.118964970111846924e-01
1.147185466834343970e-04
1.609482988715171814e-02
5.181894823908805847e-02
5.699353758245706558e-03
6.452538967132568359e-01
4.706355035305023193e-01
4.306809604167938232e-01
2.712654648348689079e-03
5.697698725271038711e-05
2.325027734041213989e-01
2.735573216341435909e-04
2.568725347518920898e-01
1.851922273635864258e-02
2.795628011226654053e-01
1.383138913661241531e-02
1.913967356085777283e-02
1.031294814310967922e-03
5.930628776550292969e-01
2.423981279134750366e-01
1.271103322505950928e-01
3.462561070919036865e-01
1.961000561714172363e-01
1.097842007875442505e-01
1.867779414169490337e-03
3.114337101578712463e-02
8.022057823836803436e-03
1.764121055603027344e-01
4.111273586750030518e-01
2.113567292690277100e-01
5.336356163024902344e-01
5.981917306780815125e-02
1.986039429903030396e-01
9.368533641099929810e-02
4.701243247836828232e-03
3.269871696829795837e-02
1.454459130764007568e-01
1.377336739096790552e-04
8.645058274269104004e-01
2.094464871333912015e-04
3.711540484800934792e-03
4.451762652024626732e-05
9.874445822788402438e-05
2.545489072799682617e-01
1.112332195043563843e-01
2.999074384570121765e-02
4.485599696636199951e-02
7.043146761134266853e-04
5.491059273481369019e-04
2.182414978742599487e-01
3.489880263805389404e-01
1.790617220103740692e-02
2.764761149883270264e-01
7.747751474380493164e-01
1.767552224919199944e-03
7.278009057044982910e-01
2.507556055206805468e-04
1.951612299308180809e-03
2.530979216098785400e-01
6.080484986305236816e-01
2.981151342391967773e-01
4.901040938420919701e-06
3.103716298937797546e-02
1.140980166383087635e-03
5.365964956581592560e-03
1.093407571315765381e-01
1.953219324350357056e-01
2.073701769113540649e-01
2.714768697842373513e-06
2.134965658187866211e-01
5.060659721493721008e-02
5.243718624114990234e-04
9.424944221973419189e-02
3.005372881889343262e-01
1.143151801079511642e-02
1.724392026662826538e-01
4.884265363216400146e-03
1.455174237489700317e-01
1.168555542826652527e-01
1.034099329262971878e-02
7.850330322980880737e-02
1.671157479286193848e-01
5.478565115481615067e-03
1.578292176418472081e-05
2.211608886718750000e-01
6.686795949935913086e-01
5.012288689613342285e-01
1.236831396818161011e-01
9.555283002555370331e-03
4.811932444572448730e-01
9.189842939376831055e-01
3.171276450157165527e-01
6.233936874195933342e-04
1.044085342437028885e-02
1.388961391057819128e-04
6.256861961446702480e-04
2.792215347290039062e-01
1.816291734576225281e-02
4.709762036800384521e-01
1.777548640966415405e-01
8.785410225391387939e-02
9.515528380870819092e-02
3.790704011917114258e-01
4.398041710373945534e-06
1.086961701512336731e-01
2.731022052466869354e-02
6.032218337059020996e-01
2.324273064732551575e-02
1.048219949007034302e-01
7.805426721461117268e-04
2.108486341967363842e-06
1.803171187639236450e-01
9.715426713228225708e-02
4.752981960773468018e-01
1.551254242658615112e-01
8.492732793092727661e-02
3.237937344238162041e-03
2.024488348979502916e-04
1.231279671192169189e-01
2.387253567576408386e-03
5.075712800025939941e-01
1.401600366079946980e-05
3.651589620858430862e-03
1.548077678307890892e-03
1.281917467713356018e-02
3.414201736450195312e-01
9.647294878959655762e-02
7.350403734562860336e-07
6.407967209815979004e-02
2.557719562901183963e-05
2.570806769654154778e-03
2.908021910116076469e-03
5.342999100685119629e-01
8.648348011774942279e-05
6.374690681695938110e-02
5.780057907104492188e-01
2.157417657144833356e-05
1.989680604310706258e-04
1.276149302721023560e-01
6.205542683601379395e-01
3.074167668819427490e-01
6.970738468226045370e-05
4.547264426946640015e-03
4.436304271221160889e-01
3.013161403941921890e-06
4.144189879298210144e-02
2.199869137257337570e-03
2.199143171310424805e-01
4.704874008893966675e-02
6.194360852241516113e-01
3.511974215507507324e-01
2.054432698059827089e-04
8.839906193315982819e-03
1.789202690124511719e-01
3.705608844757080078e-01
5.399261135607957840e-03
5.674194097518920898e-01
1.978190056979656219e-02
2.589466050267219543e-02
1.322663128376007080e-01
6.831318885087966919e-02
1.017294591292738914e-03
2.950751967728137970e-02
2.166340709663927555e-05
7.468267722288146615e-05
3.773565113078802824e-04
2.242031587229575962e-05
2.053146958351135254e-01
1.092147827148437500e-02
2.205519005656242371e-03
2.740685129538178444e-03
6.406377069652080536e-04
5.612743552774190903e-04
2.073285579681396484e-01
6.441088044084608555e-05
1.533497571945190430e-01
2.002281007662531920e-06
9.992861002683639526e-02
2.732302546501159668e-01
2.984077036380767822e-01
6.009296774864196777e-01
2.471395209431648254e-02
7.741329027339816093e-04
4.266183078289031982e-01
1.245688872586470097e-05
1.612317115068435669e-01
2.709764055907726288e-03
2.388107823207974434e-03
5.088343750685453415e-03
1.532876640558242798e-01
7.772278040647506714e-02
1.927153766155242920e-01
9.321577090304344893e-05
2.621958851814270020e-01
1.877276081359013915e-04
9.836159006226807833e-05
1.344872453046264127e-05
4.122873246669769287e-01
7.670434713363647461e-01
1.152557414025068283e-02
6.074878200888633728e-02
7.792260646820068359e-01
4.241973534226417542e-02
1.542376121506094933e-03
1.100488821975886822e-03
3.392025455832481384e-02
1.094062328338623047e-01
5.653229355812072754e-01
1.094420533627271652e-02
1.545964088290929794e-02
3.312536180019378662e-01
2.284419536590576172e-01
7.976260781288146973e-01
6.677165031433105469e-01
5.014740824699401855e-01
1.001363992691040039e-01
1.464144792407751083e-03
6.202588323503732681e-03
1.178032252937555313e-03
2.352214604616165161e-01
4.824382252991199493e-03
3.093041777610778809e-01
2.410325258970260620e-01
5.250761169008910656e-04
1.981467455625534058e-01
3.729993402957916260e-01
5.179771687835454941e-03
1.519976467534434050e-05
5.068086981773376465e-01
1.843066187575459480e-03
2.485662885010242462e-02
1.659207191551104188e-04
3.730705066118389368e-05
6.801599283789983019e-07
5.670788288116455078e-01
1.983175054192543030e-02
4.935879260301589966e-03
7.893461770436260849e-06
1.193901672959327698e-01
4.949102401733398438e-01
5.719795227050781250e-01
1.623393327463418245e-04
5.620933771133422852e-01
1.052936204359866679e-05
3.147443567286245525e-05
1.095312763936817646e-03
6.232445240020751953e-01
1.044337768689729273e-04
5.234925150871276855e-01
5.371831357479095459e-02
3.286753417341969907e-05
2.054452197626233101e-04
5.143027901649475098e-01
2.135537579306401312e-05
1.443926524370908737e-02
1.340182643616572022e-05
4.622185369953513145e-04
5.136818289756774902e-01
5.784208042314276099e-05
4.322397217038087547e-06
3.929727245122194290e-04
2.438220195472240448e-03
2.743789255619049072e-01
4.606460861396044493e-04
9.710726772027555853e-06
3.376322565600275993e-04
1.547031197696924210e-02
2.868358194828033447e-01
3.882178338244557381e-03
3.830786590697243810e-05
2.129403355866088532e-06
5.273647839203476906e-04
1.593043678440153599e-03
4.118821118026971817e-03
5.677648186683654785e-01
1.047766301780939102e-03
5.840304493904113770e-01
9.195922757498919964e-04
2.736469650699291378e-05
2.425035461328661768e-07
3.823125152848660946e-04
4.374339878559112549e-01
1.166659058071672916e-03
5.257794260978698730e-01
1.616826339159160852e-04
4.689358684117905796e-05
5.106303797219879925e-05
6.451251506805419922e-01
5.146185159683227539e-01
3.249612869694828987e-03
3.856815510516753420e-06
1.967453863471746445e-04
