4.893126785755157471e-01
5.213267803192138672e-01
5.190917849540710449e-01
4.746143817901611328e-01
4.937779009342193604e-01
4.972995519638061523e-01
4.788109958171844482e-01
4.749565124511718750e-01
4.828636050224304199e-01
5.255384445190429688e-01
5.217432379722595215e-01
4.192857742309570312e-01
4.879663586616516113e-01
4.880549311637878418e-01
5.261826515197753906e-01
4.815250933170318604e-01
4.867193400859832764e-01
4.795233011245727539e-01
4.815128147602081299e-01
4.838995635509490967e-01
4.724563062191009521e-01
5.412677526473999023e-01
4.580926001071929932e-01
5.016820430755615234e-01
4.729300439357757568e-01
4.808433353900909424e-01
4.704268276691436768e-01
5.246689915657043457e-01
4.994028210639953613e-01
4.646338820457458496e-01
4.771840870380401611e-01
4.722940921783447266e-01
4.753480255603790283e-01
5.040741562843322754e-01
5.172833800315856934e-01
4.777337014675140381e-01
4.735979735851287842e-01
4.758793115615844727e-01
4.754602611064910889e-01
4.749191403388977051e-01
5.167168974876403809e-01
4.863413274288177490e-01
4.823122918605804443e-01
4.936317503452301025e-01
4.689293503761291504e-01
4.834196865558624268e-01
5.010889172554016113e-01
4.855653643608093262e-01
5.165498852729797363e-01
4.634576141834259033e-01
4.744561016559600830e-01
4.674846529960632324e-01
5.160139799118041992e-01
5.058577656745910645e-01
4.983384013175964355e-01
5.215422511100769043e-01
4.720268547534942627e-01
4.668059647083282471e-01
4.777451157569885254e-01
5.441055297851562500e-01
4.832249879837036133e-01
5.085431933403015137e-01
5.060856342315673828e-01
4.754935204982757568e-01
4.993287324905395508e-01
5.109362006187438965e-01
4.824176430702209473e-01
4.955850243568420410e-01
5.127300620079040527e-01
4.257004559040069580e-01
4.738980531692504883e-01
4.856654107570648193e-01
4.704329967498779297e-01
4.842139184474945068e-01
4.917873740196228027e-01
4.395238459110260010e-01
5.221629142761230469e-01
5.513349175453186035e-01
4.479998946189880371e-01
5.250852108001708984e-01
5.148266553878784180e-01
4.874093830585479736e-01
5.364106297492980957e-01
4.553295373916625977e-01
5.182104706764221191e-01
4.999958276748657227e-01
4.386658072471618652e-01
5.344162583351135254e-01
4.006257057189941406e-01
4.351394474506378174e-01
4.784665703773498535e-01
4.427430927753448486e-01
5.119833350181579590e-01
4.813775718212127686e-01
5.242312550544738770e-01
5.485007762908935547e-01
4.336956143379211426e-01
5.427019596099853516e-01
5.190129876136779785e-01
5.335806608200073242e-01
5.574910044670104980e-01
5.792562961578369141e-01
5.352927446365356445e-01
5.475344061851501465e-01
5.101705789566040039e-01
4.751261472702026367e-01
4.182636141777038574e-01
4.273562431335449219e-01
5.235430598258972168e-01
5.070274472236633301e-01
5.000077486038208008e-01
4.716676771640777588e-01
5.321431756019592285e-01
4.912622272968292236e-01
4.685910940170288086e-01
5.236238241195678711e-01
4.765934944152832031e-01
4.263042211532592773e-01
4.268327951431274414e-01
5.151872038841247559e-01
5.492811203002929688e-01
4.354456663131713867e-01
5.338128209114074707e-01
5.269680023193359375e-01
4.436354935169219971e-01
5.373091101646423340e-01
4.667972624301910400e-01
4.452812075614929199e-01
5.301417708396911621e-01
5.257705450057983398e-01
5.543856024742126465e-01
5.110706686973571777e-01
4.309257864952087402e-01
5.682156085968017578e-01
4.782220125198364258e-01
4.283619225025177002e-01
5.544884800910949707e-01
5.521560907363891602e-01
4.251781702041625977e-01
5.153071880340576172e-01
5.233805775642395020e-01
4.317682981491088867e-01
5.374388098716735840e-01
5.519014000892639160e-01
4.404868185520172119e-01
4.039323925971984863e-01
5.334639549255371094e-01
3.999574184417724609e-01
5.228663086891174316e-01
5.634641647338867188e-01
4.666703641414642334e-01
4.854899346828460693e-01
4.781548976898193359e-01
4.801595509052276611e-01
4.735415279865264893e-01
4.743203520774841309e-01
5.151584744453430176e-01
4.699945151805877686e-01
4.831986129283905029e-01
5.096742510795593262e-01
4.728548526763916016e-01
5.261320471763610840e-01
4.305614531040191650e-01
4.906016886234283447e-01
4.865060746669769287e-01
4.911198616027832031e-01
4.864936470985412598e-01
4.886556565761566162e-01
4.948609173297882080e-01
4.875461459159851074e-01
4.620986580848693848e-01
4.937620162963867188e-01
4.969637989997863770e-01
4.945709705352783203e-01
4.859538972377777100e-01
4.783002734184265137e-01
4.918884634971618652e-01
3.971077799797058105e-01
5.007269978523254395e-01
5.009852051734924316e-01
4.744769930839538574e-01
4.704146385192871094e-01
4.844288229942321777e-01
4.839149117469787598e-01
4.862488210201263428e-01
4.640413820743560791e-01
4.974694848060607910e-01
4.983205199241638184e-01
4.652864336967468262e-01
4.673337042331695557e-01
4.626961052417755127e-01
4.835362732410430908e-01
4.670445621013641357e-01
5.039037466049194336e-01
4.822620153427124023e-01
4.871604144573211670e-01
4.774999916553497314e-01
4.597730040550231934e-01
4.693618714809417725e-01
4.914048016071319580e-01
4.336499869823455811e-01
4.891378879547119141e-01
4.841955304145812988e-01
4.891803264617919922e-01
4.703830480575561523e-01
4.771864712238311768e-01
4.915139675140380859e-01
4.792363047599792480e-01
4.959132075309753418e-01
4.768227934837341309e-01
4.752399027347564697e-01
5.144899487495422363e-01
4.901246130466461182e-01
4.982768297195434570e-01
4.920310080051422119e-01
5.050475597381591797e-01
4.820842444896697998e-01
5.072138309478759766e-01
4.863914847373962402e-01
5.009765625000000000e-01
4.770006537437438965e-01
5.024755597114562988e-01
4.762291014194488525e-01
4.997970759868621826e-01
4.895184934139251709e-01
4.913780689239501953e-01
4.873247742652893066e-01
4.744203090667724609e-01
4.452188014984130859e-01
5.052460432052612305e-01
4.775995314121246338e-01
4.960883557796478271e-01
4.691426753997802734e-01
4.888584613800048828e-01
4.907929301261901855e-01
4.936321377754211426e-01
5.104716420173645020e-01
4.590434730052947998e-01
4.099452495574951172e-01
5.127874016761779785e-01
4.784952402114868164e-01
5.171808600425720215e-01
5.015888810157775879e-01
4.395202696323394775e-01
4.979301989078521729e-01
5.107908844947814941e-01
4.829343259334564209e-01
4.672600328922271729e-01
4.774831831455230713e-01
4.764041900634765625e-01
4.970468580722808838e-01
4.772166609764099121e-01
4.867547154426574707e-01
4.896357953548431396e-01
4.822724163532257080e-01
4.692163169384002686e-01
4.828231334686279297e-01
4.682709574699401855e-01
4.873379170894622803e-01
4.623274505138397217e-01
4.866151809692382812e-01
4.738050103187561035e-01
4.632637202739715576e-01
4.957747459411621094e-01
4.646540582180023193e-01
4.786556661128997803e-01
4.822180271148681641e-01
5.111189484596252441e-01
4.824299514293670654e-01
4.702286422252655029e-01
4.704211950302124023e-01
5.082598328590393066e-01
4.987181723117828369e-01
4.926825463771820068e-01
5.113859772682189941e-01
4.730347990989685059e-01
4.779287874698638916e-01
4.898874759674072266e-01
4.793769121170043945e-01
4.882135391235351562e-01
4.662178158760070801e-01
4.817862510681152344e-01
4.675824046134948730e-01
4.803746640682220459e-01
5.072874426841735840e-01
5.032277107238769531e-01
4.858578443527221680e-01
5.018008947372436523e-01
4.783062040805816650e-01
4.803263545036315918e-01
4.813695847988128662e-01
4.964766204357147217e-01
5.283231735229492188e-01
4.727190732955932617e-01
4.839368462562561035e-01
4.887269437313079834e-01
4.969187676906585693e-01
4.766280949115753174e-01
4.776656925678253174e-01
4.683316349983215332e-01
4.816294610500335693e-01
4.903677403926849365e-01
4.878004193305969238e-01
5.022947192192077637e-01
4.735217988491058350e-01
5.073814392089843750e-01
4.793617427349090576e-01
5.050504207611083984e-01
4.936490654945373535e-01
4.878129959106445312e-01
4.796382486820220947e-01
4.623270332813262939e-01
4.760266840457916260e-01
5.121195316314697266e-01
4.877201914787292480e-01
4.825339615345001221e-01
4.807710051536560059e-01
5.093086957931518555e-01
4.906818866729736328e-01
4.871928393840789795e-01
4.579961001873016357e-01
4.771910309791564941e-01
4.700541496276855469e-01
4.691220521926879883e-01
4.562458395957946777e-01
5.007532835006713867e-01
4.540268778800964355e-01
5.143757462501525879e-01
5.919085741043090820e-01
4.787231385707855225e-01
5.125263333320617676e-01
5.026300549507141113e-01
4.572677910327911377e-01
4.747010767459869385e-01
4.786287248134613037e-01
4.429044127464294434e-01
4.784531891345977783e-01
4.697900116443634033e-01
5.276842117309570312e-01
4.891810715198516846e-01
4.704107940196990967e-01
5.032922029495239258e-01
4.577495157718658447e-01
4.850197136402130127e-01
4.802592694759368896e-01
4.814684689044952393e-01
5.160183310508728027e-01
4.656093120574951172e-01
4.771910309791564941e-01
4.901917278766632080e-01
4.800311625003814697e-01
5.155019164085388184e-01
4.774237871170043945e-01
5.122541189193725586e-01
4.964090585708618164e-01
4.535212218761444092e-01
4.775769114494323730e-01
4.979891180992126465e-01
4.619767069816589355e-01
4.569695293903350830e-01
4.515951275825500488e-01
4.442437291145324707e-01
4.809522330760955811e-01
4.730639159679412842e-01
4.657592475414276123e-01
5.064841508865356445e-01
4.838823676109313965e-01
4.879286587238311768e-01
5.051816701889038086e-01
5.425750017166137695e-01
4.965240955352783203e-01
4.989471137523651123e-01
5.207549333572387695e-01
5.285024046897888184e-01
4.780359268188476562e-01
4.848576784133911133e-01
5.208288431167602539e-01
5.101974606513977051e-01
4.759667813777923584e-01
5.000129938125610352e-01
5.406326055526733398e-01
5.263834595680236816e-01
5.012217760086059570e-01
4.828826189041137695e-01
4.649850428104400635e-01
4.912301599979400635e-01
4.995189905166625977e-01
4.970904290676116943e-01
5.563153028488159180e-01
5.344804525375366211e-01
4.856036007404327393e-01
4.604639112949371338e-01
4.679801464080810547e-01
4.623326361179351807e-01
4.956482052803039551e-01
5.005724430084228516e-01
5.004910826683044434e-01
4.587319791316986084e-01
4.816675782203674316e-01
5.282040238380432129e-01
4.613411724567413330e-01
4.724608063697814941e-01
4.510182738304138184e-01
5.300710201263427734e-01
5.260080099105834961e-01
5.151576399803161621e-01
4.907122552394866943e-01
5.004087686538696289e-01
4.672158360481262207e-01
4.828371107578277588e-01
5.032721757888793945e-01
5.009334683418273926e-01
4.615322351455688477e-01
4.881545603275299072e-01
4.959310293197631836e-01
5.002730488777160645e-01
4.816227853298187256e-01
4.832120239734649658e-01
4.943696260452270508e-01
4.516105353832244873e-01
4.741475880146026611e-01
5.458313226699829102e-01
4.663211405277252197e-01
4.920405149459838867e-01
5.257043242454528809e-01
4.231829345226287842e-01
4.649742543697357178e-01
4.659213423728942871e-01
5.228865146636962891e-01
4.769812524318695068e-01
5.093182921409606934e-01
4.787018299102783203e-01
4.854748845100402832e-01
4.207345545291900635e-01
5.124617218971252441e-01
4.555991291999816895e-01
5.224499106407165527e-01
4.977725744247436523e-01
4.935725927352905273e-01
4.981099665164947510e-01
4.697060883045196533e-01
4.672829806804656982e-01
5.182567834854125977e-01
4.706224501132965088e-01
4.911085367202758789e-01
4.753303825855255127e-01
4.842774271965026855e-01
4.968726634979248047e-01
4.496853649616241455e-01
4.735791683197021484e-01
4.439764320850372314e-01
4.686913490295410156e-01
5.039604902267456055e-01
4.790051281452178955e-01
4.230848848819732666e-01
5.182198286056518555e-01
4.808352887630462646e-01
4.609213769435882568e-01
4.918846189975738525e-01
5.083114504814147949e-01
4.822017252445220947e-01
4.187295436859130859e-01
4.927334785461425781e-01
4.968119263648986816e-01
4.429813325405120850e-01
4.686787426471710205e-01
4.810755252838134766e-01
5.080413818359375000e-01
4.612443149089813232e-01
4.927502572536468506e-01
4.873816967010498047e-01
4.949797093868255615e-01
4.660116136074066162e-01
4.917280375957489014e-01
5.079668760299682617e-01
4.413374662399291992e-01
5.156891345977783203e-01
4.879952371120452881e-01
4.733502864837646484e-01
4.586491584777832031e-01
4.772209525108337402e-01
4.581159055233001709e-01
5.137253999710083008e-01
4.721279442310333252e-01
4.764855504035949707e-01
5.313591957092285156e-01
5.360898375511169434e-01
4.605875909328460693e-01
4.898276031017303467e-01
5.373306870460510254e-01
5.206530094146728516e-01
4.657007455825805664e-01
4.716827571392059326e-01
4.863597154617309570e-01
5.251218676567077637e-01
4.967538714408874512e-01
5.368917584419250488e-01
4.901137053966522217e-01
4.779059290885925293e-01
4.660776853561401367e-01
4.713151156902313232e-01
5.189752578735351562e-01
5.180512666702270508e-01
5.028899312019348145e-01
4.709113836288452148e-01
4.751477539539337158e-01
4.794644713401794434e-01
4.938980937004089355e-01
4.908639788627624512e-01
4.858203828334808350e-01
5.033986568450927734e-01
4.659446179866790771e-01
4.496754705905914307e-01
4.961156845092773438e-01
4.867187738418579102e-01
4.818645119667053223e-01
4.604667425155639648e-01
4.816386699676513672e-01
4.211849868297576904e-01
4.579814970493316650e-01
4.549863934516906738e-01
5.163381695747375488e-01
5.074140429496765137e-01
4.547183215618133545e-01
4.653210043907165527e-01
4.838817119598388672e-01
4.625829160213470459e-01
4.853561222553253174e-01
4.778056740760803223e-01
4.463165402412414551e-01
4.864872097969055176e-01
4.944126904010772705e-01
5.071457624435424805e-01
4.914301931858062744e-01
4.633496999740600586e-01
4.878426194190979004e-01
4.851560294628143311e-01
4.928430020809173584e-01
4.761387705802917480e-01
4.756429195404052734e-01
4.986056983470916748e-01
4.657848477363586426e-01
4.647823870182037354e-01
4.725306034088134766e-01
4.693861901760101318e-01
4.787558615207672119e-01
4.783560633659362793e-01
4.905273914337158203e-01
4.872341454029083252e-01
4.761775135993957520e-01
4.702360033988952637e-01
5.028389692306518555e-01
4.751940369606018066e-01
4.748656451702117920e-01
4.606621563434600830e-01
5.097930431365966797e-01
4.785113930702209473e-01
4.539537727832794189e-01
4.721692502498626709e-01
5.016760230064392090e-01
4.651276171207427979e-01
4.857153892517089844e-01
4.995678961277008057e-01
4.751726090908050537e-01
4.842201769351959229e-01
4.819192290306091309e-01
4.722568094730377197e-01
4.840924739837646484e-01
4.698651134967803955e-01
4.504386782646179199e-01
4.793697297573089600e-01
4.500413239002227783e-01
4.101472795009613037e-01
4.695349335670471191e-01
4.667920172214508057e-01
5.167276263236999512e-01
3.927960693836212158e-01
3.689195811748504639e-01
5.307613015174865723e-01
3.765255510807037354e-01
3.849146068096160889e-01
3.765255510807037354e-01
3.692218959331512451e-01
5.149191617965698242e-01
4.038258492946624756e-01
3.893323838710784912e-01
4.902392923831939697e-01
3.961039185523986816e-01
5.132517218589782715e-01
4.959037601947784424e-01
4.894411861896514893e-01
5.001264214515686035e-01
3.692218959331512451e-01
5.206953287124633789e-01
4.663097262382507324e-01
3.676657676696777344e-01
5.033967494964599609e-01
4.570234119892120361e-01
3.692218959331512451e-01
3.676657676696777344e-01
4.037744402885437012e-01
3.966629803180694580e-01
4.075783193111419678e-01
4.073853194713592529e-01
3.937208354473114014e-01
5.494090914726257324e-01
4.222095608711242676e-01
5.305191874504089355e-01
3.689195811748504639e-01
4.542917907238006592e-01
4.281882047653198242e-01
4.477787911891937256e-01
4.477787911891937256e-01
3.790004551410675049e-01
4.002247750759124756e-01
3.927960693836212158e-01
3.790004551410675049e-01
4.894411861896514893e-01
4.928264617919921875e-01
3.676657676696777344e-01
3.893323838710784912e-01
4.921572804450988770e-01
4.087913632392883301e-01
4.688901901245117188e-01
5.160780549049377441e-01
4.037744402885437012e-01
5.274470448493957520e-01
5.122069120407104492e-01
3.765255510807037354e-01
4.542917907238006592e-01
4.542917907238006592e-01
4.054820537567138672e-01
5.175998210906982422e-01
3.893323838710784912e-01
4.272820353507995605e-01
5.149130225181579590e-01
4.010114967823028564e-01
4.157103300094604492e-01
5.037025213241577148e-01
4.618796706199645996e-01
3.966629803180694580e-01
4.281622171401977539e-01
4.075623154640197754e-01
3.849146068096160889e-01
4.371033310890197754e-01
5.194360613822937012e-01
4.480725526809692383e-01
4.242154657840728760e-01
4.349784553050994873e-01
3.697132170200347900e-01
5.075491666793823242e-01
4.639202654361724854e-01
5.053713917732238770e-01
5.055131316184997559e-01
4.382327795028686523e-01
4.915458858013153076e-01
4.648204445838928223e-01
4.734120666980743408e-01
4.817100167274475098e-01
4.959163665771484375e-01
4.917985498905181885e-01
4.706886410713195801e-01
4.502408206462860107e-01
4.561409056186676025e-01
4.582289755344390869e-01
4.966638088226318359e-01
5.320516228675842285e-01
4.650060534477233887e-01
4.748770296573638916e-01
4.739523231983184814e-01
4.961891770362854004e-01
4.617028534412384033e-01
4.811942279338836670e-01
4.336429536342620850e-01
4.809935390949249268e-01
4.598115086555480957e-01
5.105343461036682129e-01
4.979439079761505127e-01
4.812955558300018311e-01
4.611452221870422363e-01
4.860720932483673096e-01
4.648324549198150635e-01
4.950943887233734131e-01
4.859671294689178467e-01
4.864787459373474121e-01
4.882719516754150391e-01
4.903363883495330811e-01
4.837346971035003662e-01
4.977256357669830322e-01
4.944527149200439453e-01
4.319925606250762939e-01
4.934781789779663086e-01
4.865630567073822021e-01
4.552383124828338623e-01
4.085248410701751709e-01
4.895408153533935547e-01
4.841252267360687256e-01
4.850029945373535156e-01
4.636988937854766846e-01
4.354505240917205811e-01
5.118491649627685547e-01
4.934936165809631348e-01
4.328355789184570312e-01
4.554899036884307861e-01
4.601888656616210938e-01
4.716327488422393799e-01
4.725326299667358398e-01
4.934694766998291016e-01
4.944861233234405518e-01
4.840356111526489258e-01
3.866759240627288818e-01
4.691365361213684082e-01
4.672228693962097168e-01
4.751550555229187012e-01
4.545625448226928711e-01
4.464352130889892578e-01
4.852891862392425537e-01
4.873595535755157471e-01
5.275887250900268555e-01
4.730847477912902832e-01
4.630256593227386475e-01
4.964360892772674561e-01
4.732615351676940918e-01
4.881095588207244873e-01
4.472984671592712402e-01
4.883888661861419678e-01
5.072215199470520020e-01
4.860351979732513428e-01
4.866876006126403809e-01
4.949713349342346191e-01
4.992650747299194336e-01
4.831613004207611084e-01
4.809001088142395020e-01
4.806195199489593506e-01
4.602951109409332275e-01
4.408019781112670898e-01
4.961354136466979980e-01
5.157266855239868164e-01
4.768365621566772461e-01
4.729493558406829834e-01
4.950961470603942871e-01
4.935179650783538818e-01
4.985312521457672119e-01
4.953487217426300049e-01
5.042978525161743164e-01
4.781329929828643799e-01
4.963059127330780029e-01
4.956119060516357422e-01
5.012962222099304199e-01
4.649218022823333740e-01
4.619837105274200439e-01
4.758742749691009521e-01
4.684120714664459229e-01
4.772537946701049805e-01
4.706087708473205566e-01
4.579314589500427246e-01
4.948953092098236084e-01
4.936023354530334473e-01
4.829630255699157715e-01
4.797407090663909912e-01
4.728119075298309326e-01
4.792231619358062744e-01
4.671796262264251709e-01
4.647577106952667236e-01
4.832990467548370361e-01
4.919547140598297119e-01
4.608295857906341553e-01
4.831136763095855713e-01
4.737703502178192139e-01
5.001586675643920898e-01
4.981573522090911865e-01
4.971188902854919434e-01
4.976164996623992920e-01
4.853375256061553955e-01
4.721705317497253418e-01
4.661450386047363281e-01
5.025240778923034668e-01
4.761381149291992188e-01
4.819553196430206299e-01
4.861603379249572754e-01
4.718829691410064697e-01
4.798036217689514160e-01
4.819876849651336670e-01
4.718134999275207520e-01
4.845111966133117676e-01
5.084472298622131348e-01
4.856444299221038818e-01
4.923027157783508301e-01
4.946776032447814941e-01
5.101084709167480469e-01
4.985502064228057861e-01
4.882542788982391357e-01
5.016198754310607910e-01
4.682379364967346191e-01
4.749839007854461670e-01
4.679408967494964600e-01
4.674171805381774902e-01
4.619860649108886719e-01
4.909727871417999268e-01
4.990346133708953857e-01
4.715398848056793213e-01
4.849428236484527588e-01
4.863293766975402832e-01
4.904249012470245361e-01
5.006688237190246582e-01
4.834667742252349854e-01
4.795487523078918457e-01
4.945969581604003906e-01
4.821343421936035156e-01
4.911462962627410889e-01
4.653360247611999512e-01
5.143032670021057129e-01
4.825067818164825439e-01
4.865171909332275391e-01
4.901903569698333740e-01
4.957332015037536621e-01
4.727007448673248291e-01
4.768300652503967285e-01
4.506326615810394287e-01
4.624068737030029297e-01
4.471799731254577637e-01
4.496185183525085449e-01
3.959924876689910889e-01
4.812304973602294922e-01
4.611013233661651611e-01
4.588181078433990479e-01
4.807235002517700195e-01
4.652231633663177490e-01
4.735946655273437500e-01
4.612212777137756348e-01
4.963532388210296631e-01
4.529189467430114746e-01
4.499323070049285889e-01
4.676486849784851074e-01
4.797076284885406494e-01
4.605729281902313232e-01
4.535638988018035889e-01
4.438418745994567871e-01
4.595994949340820312e-01
4.496199488639831543e-01
4.796625971794128418e-01
4.610140621662139893e-01
5.211972594261169434e-01
4.615814089775085449e-01
3.934363126754760742e-01
4.912796020507812500e-01
4.555250108242034912e-01
4.644373059272766113e-01
4.736574590206146240e-01
4.872533380985260010e-01
4.275843799114227295e-01
4.883330166339874268e-01
4.983007311820983887e-01
4.746921658515930176e-01
4.420049190521240234e-01
4.683771729469299316e-01
4.669628143310546875e-01
4.887402653694152832e-01
4.690647721290588379e-01
4.593524336814880371e-01
4.657165706157684326e-01
5.119681954383850098e-01
4.582836031913757324e-01
4.592312872409820557e-01
4.904780089855194092e-01
4.524645805358886719e-01
4.672732055187225342e-01
4.740473330020904541e-01
5.182031393051147461e-01
4.515634179115295410e-01
4.702885448932647705e-01
5.033948421478271484e-01
4.734859764575958252e-01
4.683390557765960693e-01
4.973789155483245850e-01
4.889878332614898682e-01
4.681845009326934814e-01
4.824831187725067139e-01
4.724307060241699219e-01
4.974873661994934082e-01
4.485879540443420410e-01
4.886001646518707275e-01
4.957356154918670654e-01
4.901545047760009766e-01
4.997721016407012939e-01
4.870155453681945801e-01
4.799703061580657959e-01
4.839997291564941406e-01
5.158141255378723145e-01
4.733331501483917236e-01
4.862308204174041748e-01
4.644508361816406250e-01
4.855617880821228027e-01
4.645630121231079102e-01
4.663072526454925537e-01
4.669571518898010254e-01
4.631812870502471924e-01
5.291926264762878418e-01
4.829618036746978760e-01
4.844310283660888672e-01
4.585443139076232910e-01
4.771969020366668701e-01
4.642466306686401367e-01
5.272722244262695312e-01
4.756525754928588867e-01
4.844427108764648438e-01
4.968171119689941406e-01
5.479094982147216797e-01
4.712708592414855957e-01
4.580274522304534912e-01
4.817742109298706055e-01
4.738047122955322266e-01
4.761641025543212891e-01
4.942788481712341309e-01
4.977717101573944092e-01
4.942864179611206055e-01
4.927709698677062988e-01
5.163315534591674805e-01
4.765317738056182861e-01
4.755596518516540527e-01
4.452380836009979248e-01
5.235598087310791016e-01
4.755718410015106201e-01
4.641009569168090820e-01
4.735480248928070068e-01
4.243024587631225586e-01
3.992978036403656006e-01
4.754926562309265137e-01
4.731124937534332275e-01
4.417386353015899658e-01
4.912452399730682373e-01
4.419607520103454590e-01
4.251428842544555664e-01
4.628402888774871826e-01
4.954845011234283447e-01
5.146299600601196289e-01
5.290859341621398926e-01
4.971363842487335205e-01
4.399968683719635010e-01
4.696227014064788818e-01
4.866847395896911621e-01
4.130855202674865723e-01
4.320689439773559570e-01
4.910875260829925537e-01
4.340036809444427490e-01
4.728512465953826904e-01
4.804604649543762207e-01
4.794364869594573975e-01
4.937626719474792480e-01
4.763949513435363770e-01
4.732686281204223633e-01
4.575935304164886475e-01
5.276185274124145508e-01
4.698546826839447021e-01
4.667095839977264404e-01
5.205555558204650879e-01
4.978656470775604248e-01
4.690719544887542725e-01
4.636647999286651611e-01
5.312970876693725586e-01
4.802875816822052002e-01
4.725044667720794678e-01
4.775558710098266602e-01
4.426937699317932129e-01
4.249075353145599365e-01
4.683464765548706055e-01
4.158286452293395996e-01
4.896670579910278320e-01
4.254037141799926758e-01
4.270879030227661133e-01
4.705427289009094238e-01
4.728444218635559082e-01
4.597351551055908203e-01
4.852679669857025146e-01
5.281339883804321289e-01
4.734196066856384277e-01
5.030149221420288086e-01
5.095849037170410156e-01
4.400641322135925293e-01
4.628168344497680664e-01
4.351401925086975098e-01
4.737935662269592285e-01
4.522280991077423096e-01
5.405275225639343262e-01
4.664979875087738037e-01
4.754149913787841797e-01
5.131548643112182617e-01
5.004608631134033203e-01
4.817495048046112061e-01
5.003489255905151367e-01
4.995688199996948242e-01
4.320961833000183105e-01
4.866988062858581543e-01
4.747279882431030273e-01
4.793783426284790039e-01
4.786653220653533936e-01
5.164930224418640137e-01
4.280116856098175049e-01
5.056697130203247070e-01
4.686723649501800537e-01
