4.306854009628295898e-01
4.306854009628295898e-01
3.833384215831756592e-01
3.833384215831756592e-01
4.306854009628295898e-01
4.306854009628295898e-01
3.833384215831756592e-01
4.306854009628295898e-01
3.833384215831756592e-01
4.306854009628295898e-01
4.306854009628295898e-01
3.833384215831756592e-01
3.833192586898803711e-01
4.306854009628295898e-01
3.833384215831756592e-01
4.306854009628295898e-01
4.306854009628295898e-01
3.833384215831756592e-01
4.306854009628295898e-01
4.306854009628295898e-01
4.306854009628295898e-01
3.833384215831756592e-01
3.587553203105926514e-01
3.832759857177734375e-01
3.833384215831756592e-01
3.833384215831756592e-01
4.306854009628295898e-01
3.833384215831756592e-01
3.833384215831756592e-01
3.833384215831756592e-01
4.306854009628295898e-01
4.306854009628295898e-01
4.306854009628295898e-01
3.833384215831756592e-01
3.833384215831756592e-01
4.306854009628295898e-01
3.833384215831756592e-01
3.833384215831756592e-01
4.306854009628295898e-01
3.833384215831756592e-01
3.833384215831756592e-01
3.833384215831756592e-01
4.306854009628295898e-01
3.833384215831756592e-01
3.833384215831756592e-01
3.833384215831756592e-01
4.306854009628295898e-01
3.833384215831756592e-01
3.833384215831756592e-01
4.306854009628295898e-01
3.833384215831756592e-01
3.833384215831756592e-01
3.833383321762084961e-01
3.825314939022064209e-01
3.833358287811279297e-01
4.306854009628295898e-01
4.306854009628295898e-01
3.833384215831756592e-01
4.306854009628295898e-01
3.833384215831756592e-01
3.833384215831756592e-01
4.306854009628295898e-01
3.833384215831756592e-01
3.833384215831756592e-01
3.833384215831756592e-01
3.833384215831756592e-01
4.306854009628295898e-01
3.833384215831756592e-01
3.833384215831756592e-01
4.306854009628295898e-01
3.779608309268951416e-01
3.833384215831756592e-01
3.833384215831756592e-01
3.833383917808532715e-01
3.210114240646362305e-01
3.833384215831756592e-01
3.833384215831756592e-01
3.833384215831756592e-01
3.210114240646362305e-01
4.306854009628295898e-01
3.833384215831756592e-01
3.833384215831756592e-01
3.827647268772125244e-01
4.306854009628295898e-01
4.306854009628295898e-01
3.833384215831756592e-01
3.833384215831756592e-01
4.306854009628295898e-01
3.822104334831237793e-01
3.833384215831756592e-01
3.833384215831756592e-01
3.833384215831756592e-01
4.306854009628295898e-01
4.306854009628295898e-01
3.833383023738861084e-01
3.833384215831756592e-01
4.306854009628295898e-01
4.306854009628295898e-01
4.306854009628295898e-01
4.306854009628295898e-01
3.833384215831756592e-01
3.833384215831756592e-01
3.833384215831756592e-01
3.833373486995697021e-01
4.306854009628295898e-01
3.822702169418334961e-01
4.306854009628295898e-01
3.822903633117675781e-01
4.306854009628295898e-01
3.833383917808532715e-01
3.833353519439697266e-01
3.795706927776336670e-01
3.802357614040374756e-01
4.306854009628295898e-01
3.560349643230438232e-01
3.833183646202087402e-01
3.800418972969055176e-01
3.833377063274383545e-01
3.792387247085571289e-01
3.802357614040374756e-01
4.306854009628295898e-01
3.790656626224517822e-01
3.560349643230438232e-01
4.306854009628295898e-01
4.306854009628295898e-01
4.306854009628295898e-01
3.833346068859100342e-01
3.833087682723999023e-01
4.306854009628295898e-01
4.306854009628295898e-01
4.306854009628295898e-01
4.306854009628295898e-01
3.585405349731445312e-01
4.306854009628295898e-01
4.306854009628295898e-01
4.306854009628295898e-01
3.833371996879577637e-01
3.833383917808532715e-01
4.306854009628295898e-01
4.306854009628295898e-01
4.306854009628295898e-01
3.831315636634826660e-01
4.306854009628295898e-01
3.800905346870422363e-01
3.833310306072235107e-01
4.306854009628295898e-01
3.832750022411346436e-01
3.811875581741333008e-01
3.830759525299072266e-01
4.306854009628295898e-01
3.560349643230438232e-01
3.830560445785522461e-01
3.833383917808532715e-01
3.822790086269378662e-01
3.833374083042144775e-01
3.830344676971435547e-01
4.306854009628295898e-01
3.833343982696533203e-01
4.306854009628295898e-01
3.832983374595642090e-01
4.306854009628295898e-01
3.560349643230438232e-01
3.560349643230438232e-01
3.833351433277130127e-01
3.824379444122314453e-01
4.306854009628295898e-01
3.800131678581237793e-01
3.822790086269378662e-01
4.306854009628295898e-01
3.560349643230438232e-01
3.833384215831756592e-01
4.306854009628295898e-01
3.830560445785522461e-01
3.797000348567962646e-01
3.833384215831756592e-01
4.306854009628295898e-01
4.306854009628295898e-01
4.306854009628295898e-01
3.833384215831756592e-01
4.306854009628295898e-01
3.553805351257324219e-01
4.306854009628295898e-01
3.553805351257324219e-01
3.800905346870422363e-01
3.823611140251159668e-01
4.306854009628295898e-01
3.560349643230438232e-01
4.306854009628295898e-01
4.306854009628295898e-01
3.779329061508178711e-01
3.794687390327453613e-01
4.306854009628295898e-01
3.833383619785308838e-01
3.387558162212371826e-01
4.306854009628295898e-01
3.553805351257324219e-01
4.306854009628295898e-01
4.306854009628295898e-01
3.801121413707733154e-01
4.306854009628295898e-01
4.306854009628295898e-01
4.306854009628295898e-01
3.560349643230438232e-01
4.306854009628295898e-01
3.833383619785308838e-01
3.800905346870422363e-01
