9.131065011024475098e-01
9.131065011024475098e-01
9.131065011024475098e-01
9.131065011024475098e-01
9.131065011024475098e-01
9.130954742431640625e-01
9.131065011024475098e-01
9.131065011024475098e-01
9.131065011024475098e-01
9.131065011024475098e-01
8.293802142143249512e-01
9.131065011024475098e-01
9.131065011024475098e-01
9.131065011024475098e-01
9.131065011024475098e-01
9.131065011024475098e-01
9.131065011024475098e-01
9.131065011024475098e-01
8.969786763191223145e-01
9.131065011024475098e-01
9.131065011024475098e-01
9.131065011024475098e-01
9.131065011024475098e-01
9.131065011024475098e-01
9.131065011024475098e-01
9.131065011024475098e-01
9.131065011024475098e-01
9.131065011024475098e-01
9.131065011024475098e-01
9.131065011024475098e-01
9.131065011024475098e-01
9.113696217536926270e-01
9.101975560188293457e-01
4.140489995479583740e-01
9.131065011024475098e-01
9.131065011024475098e-01
9.131065011024475098e-01
9.131065011024475098e-01
9.131065011024475098e-01
9.131065011024475098e-01
9.131065011024475098e-01
9.131065011024475098e-01
9.131065011024475098e-01
9.130806326866149902e-01
9.131065011024475098e-01
9.131065011024475098e-01
9.131065011024475098e-01
9.131065011024475098e-01
4.019895195960998535e-01
9.131065011024475098e-01
9.131065011024475098e-01
9.131065011024475098e-01
9.131065011024475098e-01
4.019895195960998535e-01
9.131065011024475098e-01
9.131065011024475098e-01
9.131065011024475098e-01
9.131065011024475098e-01
9.131065011024475098e-01
9.131065011024475098e-01
9.131065011024475098e-01
9.131065011024475098e-01
9.131065011024475098e-01
9.131065011024475098e-01
9.131065011024475098e-01
4.019895195960998535e-01
9.131065011024475098e-01
9.131065011024475098e-01
9.131065011024475098e-01
9.131065011024475098e-01
9.131065011024475098e-01
9.131065011024475098e-01
9.131065011024475098e-01
9.131065011024475098e-01
9.131065011024475098e-01
4.019895195960998535e-01
4.019895195960998535e-01
4.019895195960998535e-01
4.019895195960998535e-01
4.019895195960998535e-01
4.019895195960998535e-01
4.019895195960998535e-01
4.019895195960998535e-01
4.019895195960998535e-01
4.019895195960998535e-01
4.019895195960998535e-01
4.019895195960998535e-01
4.019895195960998535e-01
4.019895195960998535e-01
4.019895195960998535e-01
4.019895195960998535e-01
4.019895195960998535e-01
4.019895195960998535e-01
4.019895195960998535e-01
4.019895195960998535e-01
4.019895195960998535e-01
4.019895195960998535e-01
4.019895195960998535e-01
4.019895195960998535e-01
4.019895195960998535e-01
4.019895195960998535e-01
4.019895195960998535e-01
4.019895195960998535e-01
4.019895195960998535e-01
4.019895195960998535e-01
4.019895195960998535e-01
4.019895195960998535e-01
4.019895195960998535e-01
4.019895195960998535e-01
4.019895195960998535e-01
4.019895195960998535e-01
4.019895195960998535e-01
4.019895195960998535e-01
4.019895195960998535e-01
4.019895195960998535e-01
4.019895195960998535e-01
4.019895195960998535e-01
4.019895195960998535e-01
4.019895195960998535e-01
4.019895195960998535e-01
4.019895195960998535e-01
4.019895195960998535e-01
4.019895195960998535e-01
4.019895195960998535e-01
4.019895195960998535e-01
4.019895195960998535e-01
4.019895195960998535e-01
4.019895195960998535e-01
4.019895195960998535e-01
4.019895195960998535e-01
4.019895195960998535e-01
4.019895195960998535e-01
4.019895195960998535e-01
4.019895195960998535e-01
4.019895195960998535e-01
4.019895195960998535e-01
4.019895195960998535e-01
4.019895195960998535e-01
4.019895195960998535e-01
4.019895195960998535e-01
4.019895195960998535e-01
4.019895195960998535e-01
4.019895195960998535e-01
4.019895195960998535e-01
4.019895195960998535e-01
4.019895195960998535e-01
4.019895195960998535e-01
4.019895195960998535e-01
4.019895195960998535e-01
4.019895195960998535e-01
4.019895195960998535e-01
4.019895195960998535e-01
4.019895195960998535e-01
4.019895195960998535e-01
4.019895195960998535e-01
4.019895195960998535e-01
4.019895195960998535e-01
4.019895195960998535e-01
4.019895195960998535e-01
4.019895195960998535e-01
4.019895195960998535e-01
4.019895195960998535e-01
4.019895195960998535e-01
4.019895195960998535e-01
4.019895195960998535e-01
4.019895195960998535e-01
4.019895195960998535e-01
4.019895195960998535e-01
4.019895195960998535e-01
4.019895195960998535e-01
4.019895195960998535e-01
4.019895195960998535e-01
4.019895195960998535e-01
4.019895195960998535e-01
4.019895195960998535e-01
4.019895195960998535e-01
4.019895195960998535e-01
4.019895195960998535e-01
4.019895195960998535e-01
4.019895195960998535e-01
4.019895195960998535e-01
4.019895195960998535e-01
4.019895195960998535e-01
4.019895195960998535e-01
4.019895195960998535e-01
4.019895195960998535e-01
4.019895195960998535e-01
4.019895195960998535e-01
4.019895195960998535e-01
4.019895195960998535e-01
4.019895195960998535e-01
4.019895195960998535e-01
4.019895195960998535e-01
4.019895195960998535e-01
4.019895195960998535e-01
4.019895195960998535e-01
4.019895195960998535e-01
4.019895195960998535e-01
4.019895195960998535e-01
4.019895195960998535e-01
4.019895195960998535e-01
4.019895195960998535e-01
4.019895195960998535e-01
4.019895195960998535e-01
4.019895195960998535e-01
4.019895195960998535e-01
4.019895195960998535e-01
4.019895195960998535e-01
4.019895195960998535e-01
4.019895195960998535e-01
4.019895195960998535e-01
4.019895195960998535e-01
4.019895195960998535e-01
4.019895195960998535e-01
4.019895195960998535e-01
4.019895195960998535e-01
4.019895195960998535e-01
4.019895195960998535e-01
4.019895195960998535e-01
4.019895195960998535e-01
4.019895195960998535e-01
4.019895195960998535e-01
4.019895195960998535e-01
4.019895195960998535e-01
4.019895195960998535e-01
4.019895195960998535e-01
4.019895195960998535e-01
4.019895195960998535e-01
4.019895195960998535e-01
4.019895195960998535e-01
4.019895195960998535e-01
4.019895195960998535e-01
4.019895195960998535e-01
4.019895195960998535e-01
4.019895195960998535e-01
4.019895195960998535e-01
4.019895195960998535e-01
4.019895195960998535e-01
4.019895195960998535e-01
4.019895195960998535e-01
4.019895195960998535e-01
4.019895195960998535e-01
4.019895195960998535e-01
4.019895195960998535e-01
4.019895195960998535e-01
4.019895195960998535e-01
9.131065011024475098e-01
9.131065011024475098e-01
9.131065011024475098e-01
4.019895195960998535e-01
4.019895195960998535e-01
9.131065011024475098e-01
4.681527316570281982e-01
9.131065011024475098e-01
4.019895195960998535e-01
9.131065011024475098e-01
9.131065011024475098e-01
4.681527316570281982e-01
9.131065011024475098e-01
9.131065011024475098e-01
9.131065011024475098e-01
9.131065011024475098e-01
4.019895195960998535e-01
4.019895195960998535e-01
4.019895195960998535e-01
9.131065011024475098e-01
9.131065011024475098e-01
9.131065011024475098e-01
4.019895195960998535e-01
9.131065011024475098e-01
9.131065011024475098e-01
9.131065011024475098e-01
4.019895195960998535e-01
8.389440178871154785e-01
9.131065011024475098e-01
9.131065011024475098e-01
9.131065011024475098e-01
9.131065011024475098e-01
9.131065011024475098e-01
9.131065011024475098e-01
9.131065011024475098e-01
9.131065011024475098e-01
4.019895195960998535e-01
4.019895195960998535e-01
4.019895195960998535e-01
9.131065011024475098e-01
9.131065011024475098e-01
9.131065011024475098e-01
9.131065011024475098e-01
9.131065011024475098e-01
9.131065011024475098e-01
9.131065011024475098e-01
4.019895195960998535e-01
4.019895195960998535e-01
9.131065011024475098e-01
9.131065011024475098e-01
9.131065011024475098e-01
9.131065011024475098e-01
9.131065011024475098e-01
9.131065011024475098e-01
9.131065011024475098e-01
9.131065011024475098e-01
9.131065011024475098e-01
4.019895195960998535e-01
4.019895195960998535e-01
9.131065011024475098e-01
4.681527316570281982e-01
4.019895195960998535e-01
9.131065011024475098e-01
9.131065011024475098e-01
4.019895195960998535e-01
9.127011299133300781e-01
4.019895195960998535e-01
9.131065011024475098e-01
9.131065011024475098e-01
9.131065011024475098e-01
4.019895195960998535e-01
9.131065011024475098e-01
9.131065011024475098e-01
4.019895195960998535e-01
4.019895195960998535e-01
9.131065011024475098e-01
4.019895195960998535e-01
8.444668650627136230e-01
4.019895195960998535e-01
4.019895195960998535e-01
9.131065011024475098e-01
4.019895195960998535e-01
4.019895195960998535e-01
9.131065011024475098e-01
4.019895195960998535e-01
4.019895195960998535e-01
4.019895195960998535e-01
4.019895195960998535e-01
4.019895195960998535e-01
9.131065011024475098e-01
9.131065011024475098e-01
4.019895195960998535e-01
4.019895195960998535e-01
4.019895195960998535e-01
9.131065011024475098e-01
4.019895195960998535e-01
4.019895195960998535e-01
9.131065011024475098e-01
4.019895195960998535e-01
4.019895195960998535e-01
4.019895195960998535e-01
9.131065011024475098e-01
9.131065011024475098e-01
4.019895195960998535e-01
9.131065011024475098e-01
4.019895195960998535e-01
9.131065011024475098e-01
4.019895195960998535e-01
4.019895195960998535e-01
4.019895195960998535e-01
4.019895195960998535e-01
4.019895195960998535e-01
9.131065011024475098e-01
4.019895195960998535e-01
4.019895195960998535e-01
4.019895195960998535e-01
4.019895195960998535e-01
4.019895195960998535e-01
4.019895195960998535e-01
4.019895195960998535e-01
4.019895195960998535e-01
4.019895195960998535e-01
4.019895195960998535e-01
4.019895195960998535e-01
4.019895195960998535e-01
4.019895195960998535e-01
4.019895195960998535e-01
4.019895195960998535e-01
4.019895195960998535e-01
4.019895195960998535e-01
4.019895195960998535e-01
4.019895195960998535e-01
4.019895195960998535e-01
4.019895195960998535e-01
4.019895195960998535e-01
4.019895195960998535e-01
4.019895195960998535e-01
4.019895195960998535e-01
4.019895195960998535e-01
4.019895195960998535e-01
4.019895195960998535e-01
4.019895195960998535e-01
4.019895195960998535e-01
4.019895195960998535e-01
4.019895195960998535e-01
4.019895195960998535e-01
4.019895195960998535e-01
4.019895195960998535e-01
4.019895195960998535e-01
4.019895195960998535e-01
4.019895195960998535e-01
4.019895195960998535e-01
4.019895195960998535e-01
4.019895195960998535e-01
4.019895195960998535e-01
4.019895195960998535e-01
4.019895195960998535e-01
4.019895195960998535e-01
4.019895195960998535e-01
4.019895195960998535e-01
4.019895195960998535e-01
4.019895195960998535e-01
4.019895195960998535e-01
4.019895195960998535e-01
4.019895195960998535e-01
4.019895195960998535e-01
4.019895195960998535e-01
4.019895195960998535e-01
4.019895195960998535e-01
4.019895195960998535e-01
4.019895195960998535e-01
4.019895195960998535e-01
4.019895195960998535e-01
4.019895195960998535e-01
4.019895195960998535e-01
4.019895195960998535e-01
4.019895195960998535e-01
4.019895195960998535e-01
4.019895195960998535e-01
4.019895195960998535e-01
9.131065011024475098e-01
9.131065011024475098e-01
9.131000041961669922e-01
4.019895195960998535e-01
9.131065011024475098e-01
9.131065011024475098e-01
9.131065011024475098e-01
9.131065011024475098e-01
9.131065011024475098e-01
9.131065011024475098e-01
9.131054282188415527e-01
9.131065011024475098e-01
9.131065011024475098e-01
9.131065011024475098e-01
9.131065011024475098e-01
9.131065011024475098e-01
9.131065011024475098e-01
9.131065011024475098e-01
5.384444594383239746e-01
9.131065011024475098e-01
9.131065011024475098e-01
9.131065011024475098e-01
9.131065011024475098e-01
9.131065011024475098e-01
9.131065011024475098e-01
9.131065011024475098e-01
9.131065011024475098e-01
4.019895195960998535e-01
9.131065011024475098e-01
9.131065011024475098e-01
9.130833148956298828e-01
9.131065011024475098e-01
9.131065011024475098e-01
9.131065011024475098e-01
9.131065011024475098e-01
9.131065011024475098e-01
9.131065011024475098e-01
9.130815267562866211e-01
9.131065011024475098e-01
9.131065011024475098e-01
4.877076148986816406e-01
9.131065011024475098e-01
9.131065011024475098e-01
9.131065011024475098e-01
4.019895195960998535e-01
8.713287711143493652e-01
9.131065011024475098e-01
9.131065011024475098e-01
9.131065011024475098e-01
9.131065011024475098e-01
9.131065011024475098e-01
9.131065011024475098e-01
9.131065011024475098e-01
4.019895195960998535e-01
9.131065011024475098e-01
9.131065011024475098e-01
9.131065011024475098e-01
9.131065011024475098e-01
9.131065011024475098e-01
9.131065011024475098e-01
9.131065011024475098e-01
9.131065011024475098e-01
9.131065011024475098e-01
8.601302504539489746e-01
8.365948796272277832e-01
9.131065011024475098e-01
9.131065011024475098e-01
9.131065011024475098e-01
4.019895195960998535e-01
9.131065011024475098e-01
4.019895195960998535e-01
9.131065011024475098e-01
9.131065011024475098e-01
9.107989668846130371e-01
4.019895195960998535e-01
4.019895195960998535e-01
4.019895195960998535e-01
4.019895195960998535e-01
4.019895195960998535e-01
8.729123473167419434e-01
9.130417704582214355e-01
4.019895195960998535e-01
4.019895195960998535e-01
4.173405766487121582e-01
9.117164015769958496e-01
9.131057262420654297e-01
4.900213479995727539e-01
4.019895195960998535e-01
4.019895195960998535e-01
4.019895195960998535e-01
9.125776290893554688e-01
9.131065011024475098e-01
9.131065011024475098e-01
4.019895195960998535e-01
4.019895195960998535e-01
4.019895195960998535e-01
4.019895195960998535e-01
4.019895195960998535e-01
4.019895195960998535e-01
9.120419621467590332e-01
4.019895195960998535e-01
4.215205609798431396e-01
4.019895195960998535e-01
4.019895195960998535e-01
4.019895195960998535e-01
4.019895195960998535e-01
4.019895195960998535e-01
4.019895195960998535e-01
4.019895195960998535e-01
4.019895195960998535e-01
4.926511645317077637e-01
8.969941735267639160e-01
4.019895195960998535e-01
9.027554988861083984e-01
4.019895195960998535e-01
9.131059050559997559e-01
4.400604367256164551e-01
4.926511645317077637e-01
4.019895195960998535e-01
9.130644798278808594e-01
4.926511645317077637e-01
4.019895195960998535e-01
4.019895195960998535e-01
9.072349071502685547e-01
4.019895195960998535e-01
4.019895195960998535e-01
4.019895195960998535e-01
4.019895195960998535e-01
4.019895195960998535e-01
4.019895195960998535e-01
4.019895195960998535e-01
4.019895195960998535e-01
4.019895195960998535e-01
4.019895195960998535e-01
9.129691720008850098e-01
4.019895195960998535e-01
4.019895195960998535e-01
4.019895195960998535e-01
9.107099771499633789e-01
4.019895195960998535e-01
4.019895195960998535e-01
9.115943908691406250e-01
4.019895195960998535e-01
4.019895195960998535e-01
6.315530538558959961e-01
4.019895195960998535e-01
4.019895195960998535e-01
5.155035257339477539e-01
4.926511645317077637e-01
4.019895195960998535e-01
4.019895195960998535e-01
4.019895195960998535e-01
4.019895195960998535e-01
4.019895195960998535e-01
4.019895195960998535e-01
4.019895195960998535e-01
4.019895195960998535e-01
4.019895195960998535e-01
4.019895195960998535e-01
4.019895195960998535e-01
4.019895195960998535e-01
4.019895195960998535e-01
4.019895195960998535e-01
4.019895195960998535e-01
4.019895195960998535e-01
4.019895195960998535e-01
4.019895195960998535e-01
4.019895195960998535e-01
4.019895195960998535e-01
4.019895195960998535e-01
4.019895195960998535e-01
4.019895195960998535e-01
4.019895195960998535e-01
4.019895195960998535e-01
4.019895195960998535e-01
4.019895195960998535e-01
4.019895195960998535e-01
4.019895195960998535e-01
4.019895195960998535e-01
4.019895195960998535e-01
4.019895195960998535e-01
4.019895195960998535e-01
4.019895195960998535e-01
4.019895195960998535e-01
4.019895195960998535e-01
4.019895195960998535e-01
4.019895195960998535e-01
4.019895195960998535e-01
4.019895195960998535e-01
4.019895195960998535e-01
4.019895195960998535e-01
4.019895195960998535e-01
4.019895195960998535e-01
4.019895195960998535e-01
4.019895195960998535e-01
4.019895195960998535e-01
4.019895195960998535e-01
4.019895195960998535e-01
4.019895195960998535e-01
4.019895195960998535e-01
4.019895195960998535e-01
4.019895195960998535e-01
4.019895195960998535e-01
4.019895195960998535e-01
4.019895195960998535e-01
4.019895195960998535e-01
4.019895195960998535e-01
4.019895195960998535e-01
4.019895195960998535e-01
4.019895195960998535e-01
4.019895195960998535e-01
4.019895195960998535e-01
4.019895195960998535e-01
4.019895195960998535e-01
4.019895195960998535e-01
4.019895195960998535e-01
4.019895195960998535e-01
4.019895195960998535e-01
4.019895195960998535e-01
4.019895195960998535e-01
4.019895195960998535e-01
4.019895195960998535e-01
4.019895195960998535e-01
4.019895195960998535e-01
4.019895195960998535e-01
4.019895195960998535e-01
4.019895195960998535e-01
4.019895195960998535e-01
4.019895195960998535e-01
4.019895195960998535e-01
4.019895195960998535e-01
4.019895195960998535e-01
4.019895195960998535e-01
4.019895195960998535e-01
4.019895195960998535e-01
4.019895195960998535e-01
4.019895195960998535e-01
4.019895195960998535e-01
4.019895195960998535e-01
4.019895195960998535e-01
4.019895195960998535e-01
4.019895195960998535e-01
4.019895195960998535e-01
4.019895195960998535e-01
4.019895195960998535e-01
4.019895195960998535e-01
4.019895195960998535e-01
4.019895195960998535e-01
4.019895195960998535e-01
4.019895195960998535e-01
4.019895195960998535e-01
4.019895195960998535e-01
4.019895195960998535e-01
4.019895195960998535e-01
4.019895195960998535e-01
4.019895195960998535e-01
4.019895195960998535e-01
4.019895195960998535e-01
4.019895195960998535e-01
4.019895195960998535e-01
4.019895195960998535e-01
4.019895195960998535e-01
4.019895195960998535e-01
4.019895195960998535e-01
4.019895195960998535e-01
4.019895195960998535e-01
4.019895195960998535e-01
4.019895195960998535e-01
4.019895195960998535e-01
4.019895195960998535e-01
4.019895195960998535e-01
4.019895195960998535e-01
4.019895195960998535e-01
4.019895195960998535e-01
4.019895195960998535e-01
4.019895195960998535e-01
4.019895195960998535e-01
4.019895195960998535e-01
4.019895195960998535e-01
4.019895195960998535e-01
4.019895195960998535e-01
4.019895195960998535e-01
4.019895195960998535e-01
4.019895195960998535e-01
4.019895195960998535e-01
4.019895195960998535e-01
4.019895195960998535e-01
4.019895195960998535e-01
4.019895195960998535e-01
4.019895195960998535e-01
4.019895195960998535e-01
4.019895195960998535e-01
4.019895195960998535e-01
4.019895195960998535e-01
4.019895195960998535e-01
4.019895195960998535e-01
4.019895195960998535e-01
4.019895195960998535e-01
4.019895195960998535e-01
4.019895195960998535e-01
4.019895195960998535e-01
4.019895195960998535e-01
4.019895195960998535e-01
4.019895195960998535e-01
4.019895195960998535e-01
4.019895195960998535e-01
4.019895195960998535e-01
4.019895195960998535e-01
4.019895195960998535e-01
4.019895195960998535e-01
4.019895195960998535e-01
4.019895195960998535e-01
4.019895195960998535e-01
4.019895195960998535e-01
4.019895195960998535e-01
4.019895195960998535e-01
4.019895195960998535e-01
4.019895195960998535e-01
4.019895195960998535e-01
4.019895195960998535e-01
4.019895195960998535e-01
4.019895195960998535e-01
4.019895195960998535e-01
4.019895195960998535e-01
4.019895195960998535e-01
4.019895195960998535e-01
4.019895195960998535e-01
4.019895195960998535e-01
4.019895195960998535e-01
4.019895195960998535e-01
4.019895195960998535e-01
4.019895195960998535e-01
4.019895195960998535e-01
4.019895195960998535e-01
4.019895195960998535e-01
4.019895195960998535e-01
4.019895195960998535e-01
4.019895195960998535e-01
4.019895195960998535e-01
4.019895195960998535e-01
4.019895195960998535e-01
4.019895195960998535e-01
4.019895195960998535e-01
4.019895195960998535e-01
4.019895195960998535e-01
4.019895195960998535e-01
4.019895195960998535e-01
4.019895195960998535e-01
4.019895195960998535e-01
4.019895195960998535e-01
4.019895195960998535e-01
4.019895195960998535e-01
4.019895195960998535e-01
4.019895195960998535e-01
4.019895195960998535e-01
4.019895195960998535e-01
4.019895195960998535e-01
4.019895195960998535e-01
4.019895195960998535e-01
4.019895195960998535e-01
4.681527316570281982e-01
4.019895195960998535e-01
4.019895195960998535e-01
4.019895195960998535e-01
4.019895195960998535e-01
4.019895195960998535e-01
4.019895195960998535e-01
4.019895195960998535e-01
4.019895195960998535e-01
4.019895195960998535e-01
4.019895195960998535e-01
4.019895195960998535e-01
4.019895195960998535e-01
4.019895195960998535e-01
4.019895195960998535e-01
4.019895195960998535e-01
4.019895195960998535e-01
4.019895195960998535e-01
4.019895195960998535e-01
4.019895195960998535e-01
4.019895195960998535e-01
4.174345731735229492e-01
4.019895195960998535e-01
4.019895195960998535e-01
4.019895195960998535e-01
4.019895195960998535e-01
4.019895195960998535e-01
8.946506977081298828e-01
4.019895195960998535e-01
4.019895195960998535e-01
4.019895195960998535e-01
4.019895195960998535e-01
4.019895195960998535e-01
4.019895195960998535e-01
4.019895195960998535e-01
4.019895195960998535e-01
4.019895195960998535e-01
4.019895195960998535e-01
4.019895195960998535e-01
4.019895195960998535e-01
4.019895195960998535e-01
4.019895195960998535e-01
4.019895195960998535e-01
4.019895195960998535e-01
4.019895195960998535e-01
4.019895195960998535e-01
4.019895195960998535e-01
4.019895195960998535e-01
4.019895195960998535e-01
4.019895195960998535e-01
4.019895195960998535e-01
4.019895195960998535e-01
4.019895195960998535e-01
4.019895195960998535e-01
4.019895195960998535e-01
4.019895195960998535e-01
4.019895195960998535e-01
4.019895195960998535e-01
8.444668650627136230e-01
4.019895195960998535e-01
4.019895195960998535e-01
4.019895195960998535e-01
4.019895195960998535e-01
4.019895195960998535e-01
4.019895195960998535e-01
4.019895195960998535e-01
4.019895195960998535e-01
4.019895195960998535e-01
4.019895195960998535e-01
4.019895195960998535e-01
4.019895195960998535e-01
4.019895195960998535e-01
4.019895195960998535e-01
4.019895195960998535e-01
4.019895195960998535e-01
4.019895195960998535e-01
4.019895195960998535e-01
4.019895195960998535e-01
4.019895195960998535e-01
4.019895195960998535e-01
4.019895195960998535e-01
4.019895195960998535e-01
4.019895195960998535e-01
4.019895195960998535e-01
4.019895195960998535e-01
4.019895195960998535e-01
4.019895195960998535e-01
4.019895195960998535e-01
4.019895195960998535e-01
4.019895195960998535e-01
4.019895195960998535e-01
4.019895195960998535e-01
4.019895195960998535e-01
4.019895195960998535e-01
4.019895195960998535e-01
4.019895195960998535e-01
4.019895195960998535e-01
4.019895195960998535e-01
4.019895195960998535e-01
4.019895195960998535e-01
4.019895195960998535e-01
4.019895195960998535e-01
4.019895195960998535e-01
4.019895195960998535e-01
4.019895195960998535e-01
4.019895195960998535e-01
4.019895195960998535e-01
4.019895195960998535e-01
4.019895195960998535e-01
4.019895195960998535e-01
4.019895195960998535e-01
4.019895195960998535e-01
4.019895195960998535e-01
4.019895195960998535e-01
4.019895195960998535e-01
4.019895195960998535e-01
4.019895195960998535e-01
4.019895195960998535e-01
4.019895195960998535e-01
4.019895195960998535e-01
4.019895195960998535e-01
4.019895195960998535e-01
4.019895195960998535e-01
4.019895195960998535e-01
4.019895195960998535e-01
4.019895195960998535e-01
4.019895195960998535e-01
4.019895195960998535e-01
4.019895195960998535e-01
4.019895195960998535e-01
4.019895195960998535e-01
4.019895195960998535e-01
4.019895195960998535e-01
4.019895195960998535e-01
4.019895195960998535e-01
4.019895195960998535e-01
4.019895195960998535e-01
4.019895195960998535e-01
4.019895195960998535e-01
4.019895195960998535e-01
4.019895195960998535e-01
4.019895195960998535e-01
4.019895195960998535e-01
4.019895195960998535e-01
4.019895195960998535e-01
4.019895195960998535e-01
4.019895195960998535e-01
4.019895195960998535e-01
8.642736673355102539e-01
4.019895195960998535e-01
8.383882045745849609e-01
5.594311952590942383e-01
4.019895195960998535e-01
4.019895195960998535e-01
4.019895195960998535e-01
8.646286129951477051e-01
5.154405236244201660e-01
4.019895195960998535e-01
4.019895195960998535e-01
4.019895195960998535e-01
4.019895195960998535e-01
8.456214666366577148e-01
4.019895195960998535e-01
4.019895195960998535e-01
4.019895195960998535e-01
4.019895195960998535e-01
4.605875909328460693e-01
4.019895195960998535e-01
4.605875909328460693e-01
4.019895195960998535e-01
4.019895195960998535e-01
4.019895195960998535e-01
4.019895195960998535e-01
4.019895195960998535e-01
4.019895195960998535e-01
4.019895195960998535e-01
4.416668117046356201e-01
4.019895195960998535e-01
4.019895195960998535e-01
4.019895195960998535e-01
4.019895195960998535e-01
4.691205918788909912e-01
4.019895195960998535e-01
4.019895195960998535e-01
4.019895195960998535e-01
4.019895195960998535e-01
4.019895195960998535e-01
4.019895195960998535e-01
4.877076148986816406e-01
4.019895195960998535e-01
4.019895195960998535e-01
4.019895195960998535e-01
4.019895195960998535e-01
4.019895195960998535e-01
4.019895195960998535e-01
4.019895195960998535e-01
4.546572864055633545e-01
4.019895195960998535e-01
4.019895195960998535e-01
4.019895195960998535e-01
4.019895195960998535e-01
4.546572864055633545e-01
4.019895195960998535e-01
4.019895195960998535e-01
4.019895195960998535e-01
4.019895195960998535e-01
4.691205918788909912e-01
9.130199551582336426e-01
4.019895195960998535e-01
4.877076148986816406e-01
4.019895195960998535e-01
4.019895195960998535e-01
4.019895195960998535e-01
7.652390003204345703e-01
