3.103274405002593994e-01
3.103274405002593994e-01
5.680498480796813965e-01
5.680476427078247070e-01
3.103274405002593994e-01
3.103274405002593994e-01
5.680437088012695312e-01
3.103274405002593994e-01
5.680418610572814941e-01
3.103353679180145264e-01
3.103304505348205566e-01
5.680498480796813965e-01
5.666007399559020996e-01
3.103274405002593994e-01
5.680498480796813965e-01
3.103274405002593994e-01
3.103274405002593994e-01
5.680498480796813965e-01
3.103274405002593994e-01
3.103274405002593994e-01
3.103345334529876709e-01
5.680498480796813965e-01
3.332579433917999268e-01
5.632666349411010742e-01
5.680498480796813965e-01
5.680498480796813965e-01
3.103251159191131592e-01
5.680498480796813965e-01
5.680498480796813965e-01
5.680498480796813965e-01
3.103274405002593994e-01
3.103261888027191162e-01
3.103274405002593994e-01
5.680498480796813965e-01
5.680498480796813965e-01
3.103294074535369873e-01
5.680498480796813965e-01
5.680498480796813965e-01
3.103206455707550049e-01
5.680485367774963379e-01
5.680498480796813965e-01
5.680498480796813965e-01
3.103274405002593994e-01
5.680508613586425781e-01
5.680524110794067383e-01
5.680498480796813965e-01
3.103274405002593994e-01
5.680498480796813965e-01
5.680498480796813965e-01
3.103258609771728516e-01
5.680498480796813965e-01
5.680498480796813965e-01
5.680454969406127930e-01
5.352674126625061035e-01
5.678498744964599609e-01
3.103274405002593994e-01
3.103274405002593994e-01
5.680512189865112305e-01
3.103274405002593994e-01
5.680498480796813965e-01
5.680498480796813965e-01
3.103274405002593994e-01
5.680538415908813477e-01
5.680498480796813965e-01
5.680498480796813965e-01
5.680498480796813965e-01
3.103305101394653320e-01
5.680491924285888672e-01
5.680498480796813965e-01
3.103274405002593994e-01
3.664849102497100830e-01
5.680498480796813965e-01
5.680498480796813965e-01
5.680474042892456055e-01
4.121862649917602539e-01
5.680498480796813965e-01
5.680498480796813965e-01
5.680521726608276367e-01
4.121868610382080078e-01
3.103291988372802734e-01
5.680466294288635254e-01
5.680503249168395996e-01
5.443556308746337891e-01
3.103274405002593994e-01
3.103274405002593994e-01
5.680498480796813965e-01
5.680498480796813965e-01
3.103221952915191650e-01
5.180439949035644531e-01
5.680498480796813965e-01
5.680498480796813965e-01
5.680464506149291992e-01
3.103274405002593994e-01
3.103274405002593994e-01
5.680363178253173828e-01
5.680527687072753906e-01
3.103291392326354980e-01
3.103274405002593994e-01
3.103314638137817383e-01
3.103274405002593994e-01
5.680494904518127441e-01
5.680498480796813965e-01
5.680498480796813965e-01
5.679671764373779297e-01
3.103283941745758057e-01
5.225645303726196289e-01
3.103294074535369873e-01
5.237085819244384766e-01
3.103274405002593994e-01
5.680496096611022949e-01
5.678108334541320801e-01
3.993680179119110107e-01
4.169852733612060547e-01
3.103274405002593994e-01
3.440693318843841553e-01
5.665248036384582520e-01
4.111678302288055420e-01
5.679935216903686523e-01
3.917117118835449219e-01
4.169852733612060547e-01
3.103274405002593994e-01
3.876224756240844727e-01
3.440693318843841553e-01
3.103274405002593994e-01
3.103221952915191650e-01
3.103274405002593994e-01
5.677537918090820312e-01
5.657903552055358887e-01
3.103291392326354980e-01
3.103251159191131592e-01
3.103274405002593994e-01
3.103274405002593994e-01
3.341669142246246338e-01
3.103274405002593994e-01
3.103305101394653320e-01
3.103274405002593994e-01
5.679552555084228516e-01
5.680480599403381348e-01
3.103345334529876709e-01
3.103291988372802734e-01
3.103274405002593994e-01
5.571564435958862305e-01
3.103274405002593994e-01
4.124699831008911133e-01
5.674861669540405273e-01
3.103274405002593994e-01
5.631952285766601562e-01
4.475055634975433350e-01
5.550435185432434082e-01
3.103245496749877930e-01
3.440693318843841553e-01
5.543177723884582520e-01
5.680456757545471191e-01
5.230556726455688477e-01
5.679728984832763672e-01
5.535171627998352051e-01
3.103274405002593994e-01
5.677428245544433594e-01
3.103314638137817383e-01
5.649871230125427246e-01
3.103274405002593994e-01
3.440693318843841553e-01
3.440693318843841553e-01
5.678004622459411621e-01
5.312535166740417480e-01
3.103274405002593994e-01
4.104127287864685059e-01
5.230582952499389648e-01
3.103206455707550049e-01
3.440693318843841553e-01
5.680493712425231934e-01
3.103274405002593994e-01
5.543150901794433594e-01
4.023407101631164551e-01
5.680547952651977539e-01
3.103274405002593994e-01
3.103353679180145264e-01
3.103304505348205566e-01
5.680416822433471680e-01
3.103274405002593994e-01
3.464433252811431885e-01
3.103261888027191162e-01
3.464433252811431885e-01
4.124650061130523682e-01
5.277550816535949707e-01
3.103274405002593994e-01
3.440693318843841553e-01
3.103274405002593994e-01
3.103274405002593994e-01
3.659958243370056152e-01
3.971046209335327148e-01
3.103274405002593994e-01
5.680423378944396973e-01
3.907127678394317627e-01
3.103274405002593994e-01
3.464433252811431885e-01
3.103258609771728516e-01
3.103274405002593994e-01
4.130510687828063965e-01
3.103274405002593994e-01
3.103276789188385010e-01
3.103274405002593994e-01
3.440684378147125244e-01
3.103274405002593994e-01
5.680449008941650391e-01
4.124670624732971191e-01
