9.808603525161743164e-01
9.735038876533508301e-01
9.529715180397033691e-01
9.017867445945739746e-01
9.420384168624877930e-01
9.385315179824829102e-01
8.431265950202941895e-01
8.377993106842041016e-01
9.296849966049194336e-01
9.826893806457519531e-01
9.844176769256591797e-01
4.271478056907653809e-01
8.295744657516479492e-01
9.852297902107238770e-01
9.934339523315429688e-01
9.633174538612365723e-01
8.915274143218994141e-01
6.280915141105651855e-01
5.771589875221252441e-01
7.972677946090698242e-01
9.634837508201599121e-01
9.956823587417602539e-01
9.536912441253662109e-01
9.367352128028869629e-01
8.929101824760437012e-01
4.970653951168060303e-01
5.475860834121704102e-01
9.836766123771667480e-01
8.458579778671264648e-01
9.504985809326171875e-01
9.651632308959960938e-01
8.439751863479614258e-01
6.802409887313842773e-01
5.215853452682495117e-01
9.882817864418029785e-01
6.546056866645812988e-01
5.580222606658935547e-01
5.065168142318725586e-01
8.554604053497314453e-01
5.603675842285156250e-01
9.402920007705688477e-01
8.495982885360717773e-01
7.436739802360534668e-01
7.991000413894653320e-01
9.341665506362915039e-01
6.552640795707702637e-01
8.027691245079040527e-01
8.983435630798339844e-01
8.200097680091857910e-01
5.120386481285095215e-01
9.806164503097534180e-01
6.052330732345581055e-01
9.789656400680541992e-01
8.158204555511474609e-01
7.365288138389587402e-01
9.861082434654235840e-01
9.132705330848693848e-01
9.558739066123962402e-01
9.947013854980468750e-01
9.971767663955688477e-01
9.008642435073852539e-01
9.270020127296447754e-01
9.737115502357482910e-01
9.293495416641235352e-01
7.336103320121765137e-01
6.911574602127075195e-01
9.422405958175659180e-01
5.214539170265197754e-01
9.865328073501586914e-01
9.538246393203735352e-01
8.861287832260131836e-01
9.844264388084411621e-01
9.424408078193664551e-01
9.927076697349548340e-01
7.572162151336669922e-01
9.265234470367431641e-01
9.782289862632751465e-01
9.688991904258728027e-01
9.291203618049621582e-01
9.842760562896728516e-01
9.599320292472839355e-01
9.424368739128112793e-01
9.905080795288085938e-01
9.299463629722595215e-01
9.865635633468627930e-01
9.808200001716613770e-01
9.319823384284973145e-01
9.875071048736572266e-01
9.169403910636901855e-01
7.875229716300964355e-01
7.975884675979614258e-01
8.717827796936035156e-01
9.656053781509399414e-01
8.690501451492309570e-01
9.875372052192687988e-01
9.834073185920715332e-01
9.223342537879943848e-01
9.831651449203491211e-01
9.772311449050903320e-01
9.711306095123291016e-01
9.914060831069946289e-01
9.938035011291503906e-01
8.826844692230224609e-01
9.934632778167724609e-01
9.659645557403564453e-01
9.407218694686889648e-01
9.145448803901672363e-01
9.351302981376647949e-01
9.820625185966491699e-01
9.472356438636779785e-01
8.361851572990417480e-01
5.739676356315612793e-01
9.669132828712463379e-01
9.166586399078369141e-01
9.007336497306823730e-01
9.735255837440490723e-01
8.160656094551086426e-01
8.072643876075744629e-01
8.458738327026367188e-01
8.705471754074096680e-01
9.953012466430664062e-01
2.244607955217361450e-01
9.896039962768554688e-01
9.817870855331420898e-01
8.613319396972656250e-01
9.887884259223937988e-01
8.111359477043151855e-01
9.462895393371582031e-01
9.698608517646789551e-01
9.860478639602661133e-01
9.957174658775329590e-01
9.691705107688903809e-01
9.188614487648010254e-01
9.736331701278686523e-01
8.837900161743164062e-01
9.307876229286193848e-01
9.869341850280761719e-01
9.945061802864074707e-01
7.657246589660644531e-01
9.772317409515380859e-01
9.475218653678894043e-01
9.304954409599304199e-01
9.796750545501708984e-01
9.934372305870056152e-01
8.129971623420715332e-01
9.482022523880004883e-01
9.787740111351013184e-01
8.696606755256652832e-01
9.598492383956909180e-01
9.907902479171752930e-01
5.587211251258850098e-01
6.283443570137023926e-01
6.762968301773071289e-01
7.760278582572937012e-01
5.883024334907531738e-01
7.059967517852783203e-01
7.152544260025024414e-01
6.056337952613830566e-01
6.044119596481323242e-01
8.027649521827697754e-01
5.825604796409606934e-01
8.431976437568664551e-01
8.005855083465576172e-01
7.439370751380920410e-01
6.640595197677612305e-01
6.568524837493896484e-01
7.483076453208923340e-01
6.550098657608032227e-01
7.068777084350585938e-01
7.192341685295104980e-01
5.985137820243835449e-01
5.978727340698242188e-01
7.290586829185485840e-01
6.448476314544677734e-01
5.603077411651611328e-01
5.439762473106384277e-01
5.248684883117675781e-01
3.859794735908508301e-01
6.967295408248901367e-01
5.717231631278991699e-01
4.400530457496643066e-01
4.974190294742584229e-01
6.077153682708740234e-01
6.625941991806030273e-01
4.949088394641876221e-01
4.131019711494445801e-01
7.204868793487548828e-01
4.962126612663269043e-01
8.285056948661804199e-01
5.779666304588317871e-01
6.086165308952331543e-01
5.795708298683166504e-01
4.819674491882324219e-01
4.828998744487762451e-01
5.200881958007812500e-01
5.377794504165649414e-01
5.196967124938964844e-01
4.989551603794097900e-01
6.219721436500549316e-01
5.440500974655151367e-01
3.566074371337890625e-01
6.211233735084533691e-01
5.544866323471069336e-01
5.523687601089477539e-01
3.657821118831634521e-01
5.670677423477172852e-01
6.350608468055725098e-01
5.118578076362609863e-01
5.820860266685485840e-01
6.262304782867431641e-01
5.755451321601867676e-01
7.583924531936645508e-01
5.700409412384033203e-01
5.664788484573364258e-01
6.720218062400817871e-01
6.152149438858032227e-01
5.095090866088867188e-01
6.796892881393432617e-01
5.095443129539489746e-01
6.609672904014587402e-01
6.076084971427917480e-01
6.761197447776794434e-01
4.929672181606292725e-01
6.831506490707397461e-01
5.256662964820861816e-01
6.148158907890319824e-01
5.493314862251281738e-01
5.113323926925659180e-01
5.671495795249938965e-01
7.778419256210327148e-01
5.139675736427307129e-01
5.801708698272705078e-01
5.427393317222595215e-01
7.038927674293518066e-01
4.730346798896789551e-01
4.950779080390930176e-01
8.199340701103210449e-01
6.476251482963562012e-01
1.940381973981857300e-01
5.268244743347167969e-01
6.007663607597351074e-01
6.008833646774291992e-01
7.208865284919738770e-01
5.225406289100646973e-01
8.707196712493896484e-01
2.220558673143386841e-01
9.102144241333007812e-01
9.365572929382324219e-01
9.604783058166503906e-01
7.060591578483581543e-01
6.301274299621582031e-01
9.489624500274658203e-01
9.045778512954711914e-01
9.129450321197509766e-01
3.754345178604125977e-01
9.565677046775817871e-01
9.004792571067810059e-01
9.113456010818481445e-01
9.352685809135437012e-01
9.492453932762145996e-01
9.142076969146728516e-01
8.579866290092468262e-01
5.313127040863037109e-01
2.343593984842300415e-01
7.072629332542419434e-01
9.732655882835388184e-01
9.448407292366027832e-01
9.200776219367980957e-01
1.828341335058212280e-01
9.355697035789489746e-01
9.161493778228759766e-01
9.916322827339172363e-01
5.412204265594482422e-01
9.694879651069641113e-01
9.843502044677734375e-01
8.102660179138183594e-01
9.055995941162109375e-01
8.757920861244201660e-01
9.707633852958679199e-01
9.439756274223327637e-01
9.383705854415893555e-01
9.169228672981262207e-01
7.168495059013366699e-01
9.771561622619628906e-01
7.123114466667175293e-01
9.656952023506164551e-01
9.698262214660644531e-01
9.949223399162292480e-01
8.699304461479187012e-01
9.675547480583190918e-01
9.722340106964111328e-01
9.901437759399414062e-01
8.702834248542785645e-01
4.027489423751831055e-01
9.833410382270812988e-01
9.318755865097045898e-01
9.558667540550231934e-01
9.455451369285583496e-01
9.546459913253784180e-01
9.126780033111572266e-01
9.553970694541931152e-01
8.876486420631408691e-01
8.419815897941589355e-01
4.625369906425476074e-01
5.136765837669372559e-01
9.897488951683044434e-01
5.901268124580383301e-01
7.072670459747314453e-01
9.475811719894409180e-01
7.989208102226257324e-01
8.261693716049194336e-01
9.539284110069274902e-01
2.610873281955718994e-01
9.864017367362976074e-01
9.675172567367553711e-01
7.600370049476623535e-01
4.020536541938781738e-01
9.787099361419677734e-01
9.714698195457458496e-01
8.766324520111083984e-01
7.752901315689086914e-01
9.873834252357482910e-01
8.863800764083862305e-01
9.968016147613525391e-01
6.736028194427490234e-01
9.401935338973999023e-01
9.693506956100463867e-01
9.286308884620666504e-01
9.949724674224853516e-01
9.676264524459838867e-01
9.702137708663940430e-01
9.686282277107238770e-01
6.659758687019348145e-01
9.485124349594116211e-01
9.172291159629821777e-01
9.900637269020080566e-01
9.890493154525756836e-01
8.317450284957885742e-01
9.959254264831542969e-01
9.627358317375183105e-01
9.802087545394897461e-01
9.142971038818359375e-01
6.825771331787109375e-01
9.704570174217224121e-01
6.518056392669677734e-01
9.530752301216125488e-01
9.234538078308105469e-01
9.925853610038757324e-01
9.873834252357482910e-01
9.082399606704711914e-01
9.883810281753540039e-01
9.494668245315551758e-01
9.986776709556579590e-01
9.569570422172546387e-01
8.964096903800964355e-01
5.437740683555603027e-01
8.008312582969665527e-01
9.467785954475402832e-01
9.891820549964904785e-01
8.681880831718444824e-01
8.089988827705383301e-01
6.738371849060058594e-01
8.045552968978881836e-01
7.126497030258178711e-01
9.640725255012512207e-01
9.716900587081909180e-01
6.355979442596435547e-01
6.930723190307617188e-01
7.234769463539123535e-01
8.863791227340698242e-01
5.986706018447875977e-01
7.601853609085083008e-01
9.028156995773315430e-01
9.402747154235839844e-01
8.301581144332885742e-01
5.460268855094909668e-01
7.888177037239074707e-01
7.377289533615112305e-01
4.920690357685089111e-01
8.472685217857360840e-01
9.244179725646972656e-01
7.829827666282653809e-01
8.275106549263000488e-01
5.319005846977233887e-01
3.724659979343414307e-01
5.113948583602905273e-01
6.142701506614685059e-01
9.035374522209167480e-01
9.029031991958618164e-01
7.476173639297485352e-01
7.956808805465698242e-01
6.186668872833251953e-01
4.847895205020904541e-01
7.447795271873474121e-01
8.774683475494384766e-01
8.735345005989074707e-01
9.023372530937194824e-01
6.932942271232604980e-01
3.533612787723541260e-01
6.701946258544921875e-01
5.077943205833435059e-01
7.607071399688720703e-01
5.882920026779174805e-01
9.381318688392639160e-01
8.777875900268554688e-01
8.606574535369873047e-01
6.188926696777343750e-01
8.951741456985473633e-01
7.066738605499267578e-01
6.995424628257751465e-01
8.771396279335021973e-01
7.477560639381408691e-01
4.070081710815429688e-01
4.790090024471282959e-01
5.943638086318969727e-01
6.653652787208557129e-01
3.000273406505584717e-01
6.167142987251281738e-01
7.480532526969909668e-01
9.395335912704467773e-01
5.686626434326171875e-01
4.081850945949554443e-01
6.151149272918701172e-01
7.887293696403503418e-01
8.691866397857666016e-01
6.381934881210327148e-01
9.671342372894287109e-01
9.580305814743041992e-01
9.964124560356140137e-01
5.174773931503295898e-01
9.629243612289428711e-01
9.578357934951782227e-01
9.837185740470886230e-01
9.679665565490722656e-01
7.715221643447875977e-01
9.909031987190246582e-01
9.379070401191711426e-01
9.365252256393432617e-01
9.848386049270629883e-01
9.191396236419677734e-01
9.796634316444396973e-01
5.638036727905273438e-01
9.485691785812377930e-01
9.771690964698791504e-01
9.946961402893066406e-01
9.870259165763854980e-01
7.703045606613159180e-01
8.432323932647705078e-01
9.550694227218627930e-01
9.743016958236694336e-01
9.900376796722412109e-01
5.134859681129455566e-01
9.435005784034729004e-01
5.466244220733642578e-01
9.850244522094726562e-01
9.980494976043701172e-01
8.935532569885253906e-01
9.913995265960693359e-01
9.854241013526916504e-01
9.521874785423278809e-01
9.407984018325805664e-01
9.290928244590759277e-01
9.786053299903869629e-01
9.388150572776794434e-01
9.733552336692810059e-01
8.093466758728027344e-01
7.577237486839294434e-01
9.547652006149291992e-01
6.862995028495788574e-01
9.941482543945312500e-01
8.139963150024414062e-01
9.972462654113769531e-01
9.792901277542114258e-01
9.396795630455017090e-01
9.819126129150390625e-01
9.982070922851562500e-01
9.885795116424560547e-01
9.937485456466674805e-01
9.722661972045898438e-01
9.688911437988281250e-01
9.607679247856140137e-01
9.429982900619506836e-01
9.666414260864257812e-01
9.505778551101684570e-01
9.896538853645324707e-01
9.967672824859619141e-01
9.682772755622863770e-01
9.693808555603027344e-01
9.964550733566284180e-01
9.758667349815368652e-01
8.958250880241394043e-01
9.716706871986389160e-01
6.677302122116088867e-01
9.135314822196960449e-01
9.037683606147766113e-01
9.545840620994567871e-01
9.255632162094116211e-01
9.816474914550781250e-01
9.819357991218566895e-01
6.503679156303405762e-01
6.575641781091690063e-02
1.275191642343997955e-02
7.065403461456298828e-02
2.488088235259056091e-02
8.019508793950080872e-03
4.932413101196289062e-01
4.819086492061614990e-01
7.023189961910247803e-02
1.053330823779106140e-01
1.272895187139511108e-01
1.601681560277938843e-01
4.796539843082427979e-01
3.147767782211303711e-01
8.932953327894210815e-02
6.663049012422561646e-02
3.329418599605560303e-02
5.777272582054138184e-01
4.806479215621948242e-01
3.722331225872039795e-01
6.388802081346511841e-03
3.084039129316806793e-02
3.412575274705886841e-02
8.375830203294754028e-02
7.320465147495269775e-02
4.655465949326753616e-03
4.865579307079315186e-01
6.648371927440166473e-04
2.965641580522060394e-02
6.640272680670022964e-03
1.000229385681450367e-03
7.589754648506641388e-03
1.329205483198165894e-01
1.040581390261650085e-01
1.780360564589500427e-02
6.006962619721889496e-03
2.557830139994621277e-02
4.441449344158172607e-01
5.148715376853942871e-01
1.653537154197692871e-02
4.565108716487884521e-01
5.918697919696569443e-03
5.465804338455200195e-01
6.475077569484710693e-02
5.038674175739288330e-02
1.324316412210464478e-01
7.143082022666931152e-01
3.695139288902282715e-01
7.043574005365371704e-02
1.534366328269243240e-02
4.943503439426422119e-01
1.212882399559020996e-01
5.352521315217018127e-03
2.618452347815036774e-02
1.835343427956104279e-02
1.293247914873063564e-03
4.486348107457160950e-02
2.439723908901214600e-02
5.888645350933074951e-02
3.032973967492580414e-02
8.602024172432720661e-04
5.792641043663024902e-01
1.461417675018310547e-01
2.365949191153049469e-02
4.854863882064819336e-02
3.522941470146179199e-01
2.688702195882797241e-02
7.659706752747297287e-03
4.730448424816131592e-01
1.026037614792585373e-02
3.327546641230583191e-02
2.362233027815818787e-02
1.948650926351547241e-02
2.074542827904224396e-02
2.861599326133728027e-01
1.954052150249481201e-01
8.557672053575515747e-02
1.712650246918201447e-02
1.157184690237045288e-02
1.506935209035873413e-01
5.773473903536796570e-02
8.310659788548946381e-03
5.773473903536796570e-02
3.006636723875999451e-02
3.337959349155426025e-01
4.258047416806221008e-02
9.102559648454189301e-03
1.956471949815750122e-01
5.259512737393379211e-02
3.885160386562347412e-02
2.186520397663116455e-01
3.021467924118041992e-01
1.322807520627975464e-01
3.006636723875999451e-02
5.146931856870651245e-02
1.098389700055122375e-01
1.249615941196680069e-02
3.397116810083389282e-02
1.209217384457588196e-01
3.006636723875999451e-02
1.249615941196680069e-02
6.579895969480276108e-03
8.604159578680992126e-03
2.807289548218250275e-02
1.520743314176797867e-02
6.111387535929679871e-02
3.984483182430267334e-01
5.746676027774810791e-02
4.324722886085510254e-01
1.157184690237045288e-02
5.939938873052597046e-02
9.304309636354446411e-02
1.250481903553009033e-01
1.250481903553009033e-01
4.552451428025960922e-03
2.059752307832241058e-02
1.712650246918201447e-02
4.552451428025960922e-03
3.021467924118041992e-01
3.779861927032470703e-01
1.249615941196680069e-02
9.102559648454189301e-03
8.052841424942016602e-01
1.981571316719055176e-02
5.739920958876609802e-02
1.624804735183715820e-01
6.579895969480276108e-03
4.485633373260498047e-01
2.208520285785198212e-02
5.773473903536796570e-02
5.939938873052597046e-02
5.939938873052597046e-02
2.319509908556938171e-02
4.163291156291961670e-01
9.102559648454189301e-03
6.061030030250549316e-01
7.301130890846252441e-02
2.190096117556095123e-02
4.881674796342849731e-02
1.384064555168151855e-01
1.999994739890098572e-02
8.604159578680992126e-03
7.668011188507080078e-01
2.805815823376178741e-02
8.310659788548946381e-03
2.543607354164123535e-01
1.884251236915588379e-01
1.135929897427558899e-01
1.033302620053291321e-01
7.317958027124404907e-02
2.290970645844936371e-02
5.367527008056640625e-01
5.509729981422424316e-01
5.677797198295593262e-01
1.241651847958564758e-01
3.002496957778930664e-01
5.710923075675964355e-01
3.499405384063720703e-01
5.219849944114685059e-01
2.955155074596405029e-01
6.800180077552795410e-01
4.205827116966247559e-01
4.225488007068634033e-01
3.007912337779998779e-01
1.895495951175689697e-01
4.351773858070373535e-01
6.405637860298156738e-01
1.273470073938369751e-01
3.980782330036163330e-01
4.720629751682281494e-01
7.028843164443969727e-01
3.486953377723693848e-01
3.048557937145233154e-01
5.068364739418029785e-01
3.067625761032104492e-01
5.442682504653930664e-01
4.236163198947906494e-01
5.060061216354370117e-01
4.710569679737091064e-01
5.061461925506591797e-01
4.261649250984191895e-01
5.510255098342895508e-01
4.870620369911193848e-01
5.315513610839843750e-01
5.150746703147888184e-01
5.436424016952514648e-01
4.304621219635009766e-01
4.151205420494079590e-01
3.647614717483520508e-01
6.496438980102539062e-01
2.787400782108306885e-01
3.206700384616851807e-01
4.489150643348693848e-01
4.314785003662109375e-01
4.496856927871704102e-01
9.420148283243179321e-02
5.367638468742370605e-01
5.127162337303161621e-01
4.923077523708343506e-01
4.520700275897979736e-01
3.945635557174682617e-01
5.905286073684692383e-01
4.230155050754547119e-01
3.748930990695953369e-01
4.021705985069274902e-01
4.693577587604522705e-01
4.567872881889343262e-01
4.864746928215026855e-01
5.612249374389648438e-01
4.248661398887634277e-01
5.401403307914733887e-01
2.928296029567718506e-01
5.011252164840698242e-01
3.937367200851440430e-01
3.994397222995758057e-01
4.022226631641387939e-01
3.448870480060577393e-01
5.134736895561218262e-01
5.592988133430480957e-01
6.652648448944091797e-01
3.151001930236816406e-01
3.551743924617767334e-01
5.367772579193115234e-01
4.227146506309509277e-01
4.457778334617614746e-01
4.122463166713714600e-01
5.255744457244873047e-01
6.033244132995605469e-01
5.191141366958618164e-01
5.057021975517272949e-01
6.605381965637207031e-01
5.948143005371093750e-01
3.888269364833831787e-01
4.644639790058135986e-01
5.486977100372314453e-01
4.857655763626098633e-01
2.961565554141998291e-01
5.360635519027709961e-01
6.403565406799316406e-01
5.306223034858703613e-01
5.355147719383239746e-01
5.866485834121704102e-01
5.308145284652709961e-01
1.957708969712257385e-02
1.613975167274475098e-01
4.855355918407440186e-01
5.505689233541488647e-02
1.276745796203613281e-01
1.793332397937774658e-01
2.569268941879272461e-01
1.964658796787261963e-01
1.316638737916946411e-01
1.662561595439910889e-01
3.222121000289916992e-01
1.310515403747558594e-01
7.459367066621780396e-02
3.028181008994579315e-02
7.107664644718170166e-02
2.343869060277938843e-01
1.614490151405334473e-01
1.177710816264152527e-01
4.730321168899536133e-01
1.268836855888366699e-01
2.667129635810852051e-01
8.455027639865875244e-02
1.486888080835342407e-01
7.970838993787765503e-02
1.624249368906021118e-01
9.709321707487106323e-02
2.127261310815811157e-01
3.521267771720886230e-01
1.219483539462089539e-01
1.203832626342773438e-01
1.955235004425048828e-01
8.261955529451370239e-02
1.079548373818397522e-01
5.274902284145355225e-02
4.301939010620117188e-01
1.395458262413740158e-02
1.104571744799613953e-01
1.032821685075759888e-01
2.046548277139663696e-01
1.496927887201309204e-01
3.704501688480377197e-02
3.930422365665435791e-01
1.414075791835784912e-01
2.383246719837188721e-01
7.478427290916442871e-01
2.937591671943664551e-01
7.689611613750457764e-02
4.938839375972747803e-01
1.508687436580657959e-01
3.473369479179382324e-01
1.348629444837570190e-01
2.711261063814163208e-02
1.313480585813522339e-01
2.165253609418869019e-01
5.261313915252685547e-02
6.897350400686264038e-02
9.706714004278182983e-02
9.828919172286987305e-02
2.057860493659973145e-01
9.000547230243682861e-02
2.546369731426239014e-01
4.771758913993835449e-01
1.511729210615158081e-01
1.237065121531486511e-01
2.105838954448699951e-01
5.614238977432250977e-01
8.436810970306396484e-02
1.361399143934249878e-01
1.448934227228164673e-01
1.087576076388359070e-01
7.260192930698394775e-02
7.171708941459655762e-01
2.235254049301147461e-01
1.930270344018936157e-01
2.655310034751892090e-01
8.909591287374496460e-02
3.712952882051467896e-02
3.895620405673980713e-01
1.020750924944877625e-01
4.660060256719589233e-02
4.256450105458498001e-03
3.390840291976928711e-01
2.130836248397827148e-01
2.822835445404052734e-01
2.429449707269668579e-01
1.077705398201942444e-01
6.023153662681579590e-02
2.989959716796875000e-01
8.484670519828796387e-02
5.371189117431640625e-02
1.013395339250564575e-01
4.726380482316017151e-02
1.286080330610275269e-01
1.083059608936309814e-02
5.745594203472137451e-02
8.899413049221038818e-02
2.846182510256767273e-02
1.246190071105957031e-02
3.272832930088043213e-02
8.813065290451049805e-02
2.881021201610565186e-01
3.651109337806701660e-01
2.551318705081939697e-01
9.514086693525314331e-02
3.957183659076690674e-01
2.273136377334594727e-01
1.798889636993408203e-01
4.081204533576965332e-02
8.924272260628640652e-04
1.198643669486045837e-01
1.428200602531433105e-01
5.657271742820739746e-01
1.262420117855072021e-01
9.273020923137664795e-02
7.202830910682678223e-02
1.126759350299835205e-01
3.667130321264266968e-02
3.966127336025238037e-02
1.850007623434066772e-01
9.898089617490768433e-02
2.899494767189025879e-01
2.242296040058135986e-01
1.230160072445869446e-01
4.273173213005065918e-01
4.285632669925689697e-01
5.814026594161987305e-01
3.093446791172027588e-01
2.266755700111389160e-01
5.780912935733795166e-02
4.642261862754821777e-01
1.117101237177848816e-01
1.724080443382263184e-01
7.751563191413879395e-02
3.177916705608367920e-01
4.123405814170837402e-01
1.400751620531082153e-01
4.758042693138122559e-01
2.268216311931610107e-01
1.367867439985275269e-01
1.154131889343261719e-01
3.683880865573883057e-01
4.217196106910705566e-01
4.615917205810546875e-01
5.548200011253356934e-01
2.652886211872100830e-01
1.830923557281494141e-01
2.268852591514587402e-01
1.302920132875442505e-01
6.318892240524291992e-01
1.803474575281143188e-01
5.444204807281494141e-01
5.486450791358947754e-01
2.369790896773338318e-02
1.496369093656539917e-01
5.166542530059814453e-01
2.116570025682449341e-01
3.662031292915344238e-01
2.603944018483161926e-02
2.344527542591094971e-01
3.491294085979461670e-01
1.332886666059494019e-01
3.271936178207397461e-01
4.876553416252136230e-01
1.298165917396545410e-01
2.545765638351440430e-01
5.329335108399391174e-02
1.042530536651611328e-01
1.962337493896484375e-01
1.612044125795364380e-01
1.476564556360244751e-01
5.094676837325096130e-02
4.494892656803131104e-01
8.154983818531036377e-02
4.509529173374176025e-01
5.389533042907714844e-01
1.254493147134780884e-01
3.030855655670166016e-01
3.314158618450164795e-01
1.104537025094032288e-01
1.725170165300369263e-01
4.652529656887054443e-01
1.040992885828018188e-01
5.438604354858398438e-01
1.433519423007965088e-01
6.011322513222694397e-02
3.333764523267745972e-02
4.413834586739540100e-02
5.254888907074928284e-03
1.465903315693140030e-02
9.369604289531707764e-02
2.092125415802001953e-01
1.329969167709350586e-01
6.673317551612854004e-01
2.961168065667152405e-02
5.159909129142761230e-01
1.296186894178390503e-01
9.193170070648193359e-02
8.694483339786529541e-02
3.830616362392902374e-03
3.508626520633697510e-01
8.330252021551132202e-02
7.351747155189514160e-02
9.303013980388641357e-02
7.192595303058624268e-02
5.567794293165206909e-02
5.346247553825378418e-01
1.387289166450500488e-01
5.612546578049659729e-02
1.248782873153686523e-01
2.091646660119295120e-03
1.266947090625762939e-01
1.708201598376035690e-03
7.179635167121887207e-01
5.178103689104318619e-03
1.443634182214736938e-01
7.926061004400253296e-02
5.321568250656127930e-02
7.936075329780578613e-03
2.429499058052897453e-03
1.212361529469490051e-01
6.362178325653076172e-01
6.217984855175018311e-02
4.070632159709930420e-02
2.272647619247436523e-02
4.585962742567062378e-02
6.901201605796813965e-02
2.039545774459838867e-01
2.271439582109451294e-01
1.405928377062082291e-02
6.285519897937774658e-02
1.311997324228286743e-01
2.227506600320339203e-03
6.516792625188827515e-02
8.624748140573501587e-02
8.387988805770874023e-02
3.092185556888580322e-01
8.060194668360054493e-04
1.909708529710769653e-01
1.206731721758842468e-01
1.762851886451244354e-02
1.572122573852539062e-01
1.137454658746719360e-01
1.316858232021331787e-01
1.952778995037078857e-01
1.703723333775997162e-02
4.358201846480369568e-02
1.684651477262377739e-03
4.747603088617324829e-03
1.884227432310581207e-02
1.694868803024291992e-01
4.164457321166992188e-01
6.980202198028564453e-01
2.262369915843009949e-02
5.257511138916015625e-01
1.019940804690122604e-02
1.461757421493530273e-01
1.394162885844707489e-02
2.454436123371124268e-01
