5.856083631515502930e-01
7.281856536865234375e-01
6.451647877693176270e-01
7.302593588829040527e-01
5.803223848342895508e-01
6.529214382171630859e-01
5.787760615348815918e-01
6.774904131889343262e-01
7.086690664291381836e-01
6.519809961318969727e-01
8.278663754463195801e-01
6.153980493545532227e-01
5.600361824035644531e-01
6.029669046401977539e-01
6.658793091773986816e-01
6.372091770172119141e-01
6.381227374076843262e-01
6.182174682617187500e-01
5.680445432662963867e-01
6.624769568443298340e-01
6.769570112228393555e-01
6.961889863014221191e-01
6.771225929260253906e-01
5.988714694976806641e-01
6.099833846092224121e-01
5.926699042320251465e-01
5.796536207199096680e-01
7.399080395698547363e-01
5.936374068260192871e-01
6.320055127143859863e-01
7.498373389244079590e-01
7.197214365005493164e-01
5.758137702941894531e-01
5.496284961700439453e-01
7.015079259872436523e-01
5.899451971054077148e-01
6.908262372016906738e-01
6.017592549324035645e-01
5.765484571456909180e-01
5.769309401512145996e-01
7.090978622436523438e-01
5.620569586753845215e-01
6.465326547622680664e-01
5.694333314895629883e-01
7.054430842399597168e-01
6.438668966293334961e-01
6.606686115264892578e-01
6.719697713851928711e-01
5.505656599998474121e-01
6.523673534393310547e-01
7.185206413269042969e-01
5.622713565826416016e-01
7.618325352668762207e-01
4.981026351451873779e-01
6.436632275581359863e-01
6.806254982948303223e-01
5.857089161872863770e-01
6.675967574119567871e-01
6.372594237327575684e-01
6.329922676086425781e-01
5.747142434120178223e-01
6.140743494033813477e-01
7.594437599182128906e-01
6.183871030807495117e-01
6.491697430610656738e-01
5.777046084403991699e-01
6.885089874267578125e-01
6.157072782516479492e-01
6.294581890106201172e-01
7.277845740318298340e-01
5.405572652816772461e-01
6.089766025543212891e-01
7.337392568588256836e-01
6.172322630882263184e-01
6.553314328193664551e-01
7.697073817253112793e-01
6.521234512329101562e-01
7.636262774467468262e-01
7.140214443206787109e-01
7.248779535293579102e-01
7.111511230468750000e-01
6.569963097572326660e-01
7.772840261459350586e-01
8.224685192108154297e-01
7.770751118659973145e-01
7.168738245964050293e-01
7.534389495849609375e-01
7.165784835815429688e-01
6.740878820419311523e-01
8.060170412063598633e-01
7.159181833267211914e-01
6.030808687210083008e-01
7.717869281768798828e-01
7.998067140579223633e-01
7.494144439697265625e-01
7.372771501541137695e-01
7.452699542045593262e-01
6.013841629028320312e-01
6.974728703498840332e-01
6.757509708404541016e-01
5.556675791740417480e-01
7.203262448310852051e-01
7.191408276557922363e-01
6.719992160797119141e-01
7.454208731651306152e-01
7.202161550521850586e-01
7.383757829666137695e-01
7.308564186096191406e-01
7.716336846351623535e-01
6.628111600875854492e-01
6.792258024215698242e-01
4.418642818927764893e-01
7.211357355117797852e-01
6.977320909500122070e-01
6.876424551010131836e-01
7.016417384147644043e-01
6.045005321502685547e-01
6.650828123092651367e-01
7.451115250587463379e-01
5.673392415046691895e-01
7.071490287780761719e-01
7.347338199615478516e-01
7.366852164268493652e-01
7.318382263183593750e-01
7.430798411369323730e-01
6.965260505676269531e-01
6.318609118461608887e-01
7.641381025314331055e-01
7.195178270339965820e-01
6.927672624588012695e-01
6.783496141433715820e-01
7.122641801834106445e-01
7.259575128555297852e-01
6.734646558761596680e-01
6.667854785919189453e-01
7.578037381172180176e-01
6.618508696556091309e-01
6.583711504936218262e-01
7.377268075942993164e-01
7.577118277549743652e-01
6.537696123123168945e-01
7.546973824501037598e-01
6.109974980354309082e-01
6.275247335433959961e-01
7.790243029594421387e-01
6.981032490730285645e-01
7.388294339179992676e-01
7.098537683486938477e-01
5.178666710853576660e-01
7.445421814918518066e-01
7.825158834457397461e-01
7.670646309852600098e-01
8.559960722923278809e-01
8.576601743698120117e-01
8.917941451072692871e-01
9.057410955429077148e-01
8.881773948669433594e-01
7.533625960350036621e-01
8.104740977287292480e-01
8.658882975578308105e-01
8.737649917602539062e-01
9.126514792442321777e-01
8.565688133239746094e-01
8.175113797187805176e-01
8.605049848556518555e-01
8.119048476219177246e-01
8.399667143821716309e-01
7.904896140098571777e-01
7.936575412750244141e-01
8.517569303512573242e-01
6.544242501258850098e-01
6.361374855041503906e-01
6.142107248306274414e-01
6.199762225151062012e-01
5.567631721496582031e-01
5.962253212928771973e-01
5.735437273979187012e-01
5.581170320510864258e-01
6.260499358177185059e-01
6.091669797897338867e-01
6.325355172157287598e-01
7.473539113998413086e-01
6.428211927413940430e-01
6.256923675537109375e-01
5.944220423698425293e-01
5.223955512046813965e-01
7.203980684280395508e-01
6.237050294876098633e-01
6.295818686485290527e-01
6.546573638916015625e-01
7.810722589492797852e-01
6.319847702980041504e-01
6.437723636627197266e-01
5.554232001304626465e-01
5.661504268646240234e-01
6.721181273460388184e-01
6.434252858161926270e-01
6.796047687530517578e-01
5.884322524070739746e-01
6.448133587837219238e-01
5.365024209022521973e-01
6.220145821571350098e-01
6.606698036193847656e-01
5.752367973327636719e-01
6.175895333290100098e-01
6.598507165908813477e-01
6.170511245727539062e-01
6.123802661895751953e-01
5.860196948051452637e-01
6.111534833908081055e-01
6.234611272811889648e-01
6.077251434326171875e-01
6.817960143089294434e-01
5.654608011245727539e-01
6.913736462593078613e-01
6.020812988281250000e-01
5.988353490829467773e-01
5.700948238372802734e-01
5.868138074874877930e-01
6.233691573143005371e-01
5.807297229766845703e-01
6.948010325431823730e-01
5.749191641807556152e-01
6.309570670127868652e-01
5.557082295417785645e-01
6.757366061210632324e-01
6.506583690643310547e-01
6.186321973800659180e-01
6.289430856704711914e-01
6.809764504432678223e-01
5.802189111709594727e-01
6.117590069770812988e-01
5.481747984886169434e-01
6.181639432907104492e-01
5.248270034790039062e-01
6.620968580245971680e-01
6.746296286582946777e-01
6.603839993476867676e-01
4.337129592895507812e-01
6.000983715057373047e-01
7.649480104446411133e-01
6.067046523094177246e-01
6.787421703338623047e-01
6.714141368865966797e-01
6.085330843925476074e-01
3.299790322780609131e-01
7.495483756065368652e-01
7.143282890319824219e-01
7.476735711097717285e-01
5.372428894042968750e-01
5.029717087745666504e-01
6.670091152191162109e-01
6.314339041709899902e-01
6.042490601539611816e-01
5.153951644897460938e-01
7.182956337928771973e-01
6.841322779655456543e-01
5.294490456581115723e-01
6.569375991821289062e-01
7.232595682144165039e-01
6.981660723686218262e-01
6.516607999801635742e-01
6.631584167480468750e-01
3.692933320999145508e-01
6.338861584663391113e-01
6.718475222587585449e-01
6.712058186531066895e-01
6.331511139869689941e-01
4.178012311458587646e-01
7.259472608566284180e-01
7.329292893409729004e-01
8.160916566848754883e-01
6.390889883041381836e-01
6.594043374061584473e-01
7.071381807327270508e-01
6.267296075820922852e-01
6.910040378570556641e-01
7.229681611061096191e-01
6.879969835281372070e-01
6.443445682525634766e-01
6.930088996887207031e-01
6.908999681472778320e-01
6.034556627273559570e-01
6.849392056465148926e-01
5.827078223228454590e-01
6.721359491348266602e-01
7.319986820220947266e-01
7.937231659889221191e-01
6.663370728492736816e-01
6.856872439384460449e-01
6.575880646705627441e-01
7.448990941047668457e-01
5.901616215705871582e-01
5.555553436279296875e-01
7.196517586708068848e-01
7.803881764411926270e-01
6.760981678962707520e-01
6.720561385154724121e-01
6.963593959808349609e-01
6.756743192672729492e-01
6.851240396499633789e-01
6.481928825378417969e-01
6.633900403976440430e-01
5.930379033088684082e-01
5.773315429687500000e-01
6.583997607231140137e-01
5.525038242340087891e-01
5.928351283073425293e-01
6.839081048965454102e-01
6.873887777328491211e-01
5.489842891693115234e-01
7.372880578041076660e-01
3.326458036899566650e-01
7.149961590766906738e-01
7.176701426506042480e-01
7.089818716049194336e-01
4.831030368804931641e-01
7.189012765884399414e-01
6.174258589744567871e-01
5.920015573501586914e-01
7.240646481513977051e-01
9.504958987236022949e-01
8.492368459701538086e-01
9.192496538162231445e-01
7.794211506843566895e-01
8.884954452514648438e-01
9.439444541931152344e-01
6.752189397811889648e-01
8.545518517494201660e-01
9.306799173355102539e-01
7.080585360527038574e-01
8.639032840728759766e-01
6.806252002716064453e-01
8.813297748565673828e-01
8.799859881401062012e-01
9.445244669914245605e-01
9.229777455329895020e-01
8.545573353767395020e-01
8.817675113677978516e-01
9.262983798980712891e-01
8.676623106002807617e-01
8.351940512657165527e-01
7.979863286018371582e-01
9.001354575157165527e-01
7.235854864120483398e-01
8.873361349105834961e-01
8.827220201492309570e-01
9.494353532791137695e-01
9.504958987236022949e-01
8.669082522392272949e-01
8.822329640388488770e-01
7.840836644172668457e-01
8.998754024505615234e-01
8.232618570327758789e-01
6.768639683723449707e-01
7.683920264244079590e-01
9.065420627593994141e-01
8.509862422943115234e-01
9.059760570526123047e-01
8.255785703659057617e-01
8.596339225769042969e-01
5.527671575546264648e-01
7.068006396293640137e-01
7.347353100776672363e-01
7.751429080963134766e-01
8.477391600608825684e-01
8.879224061965942383e-01
7.195600271224975586e-01
8.907570838928222656e-01
5.900121331214904785e-01
8.925072550773620605e-01
8.229769468307495117e-01
8.356693983078002930e-01
8.500801324844360352e-01
8.657858967781066895e-01
8.382638692855834961e-01
9.034295678138732910e-01
7.825039029121398926e-01
8.277571797370910645e-01
7.475528120994567871e-01
7.890831232070922852e-01
7.429507374763488770e-01
8.318055868148803711e-01
9.049310684204101562e-01
7.549068331718444824e-01
7.952808141708374023e-01
7.468813061714172363e-01
8.897259831428527832e-01
9.195606112480163574e-01
9.182670116424560547e-01
8.135837316513061523e-01
7.432453632354736328e-01
7.364793419837951660e-01
7.234055995941162109e-01
7.070868015289306641e-01
8.746178150177001953e-01
8.578158020973205566e-01
8.136325478553771973e-01
8.377732038497924805e-01
8.599947690963745117e-01
7.678062319755554199e-01
7.549450397491455078e-01
7.960109114646911621e-01
9.046009778976440430e-01
8.223237991333007812e-01
7.719500660896301270e-01
8.215019702911376953e-01
8.917376399040222168e-01
8.046550154685974121e-01
7.401742339134216309e-01
5.353605747222900391e-01
7.800206542015075684e-01
8.137834668159484863e-01
9.015113115310668945e-01
8.951804637908935547e-01
9.145708084106445312e-01
8.784000277519226074e-01
7.425046563148498535e-01
8.129103183746337891e-01
8.543412089347839355e-01
7.614426016807556152e-01
8.763806819915771484e-01
7.378696203231811523e-01
7.985063791275024414e-01
7.564556002616882324e-01
4.523977041244506836e-01
6.875750422477722168e-01
6.932907700538635254e-01
6.808165907859802246e-01
3.611672818660736084e-01
6.051686406135559082e-01
6.035566329956054688e-01
6.499145030975341797e-01
6.692683100700378418e-01
7.984992265701293945e-01
7.482376694679260254e-01
6.458361148834228516e-01
6.168342828750610352e-01
6.545453071594238281e-01
5.887499451637268066e-01
7.065033316612243652e-01
6.602820158004760742e-01
7.501116394996643066e-01
6.577000021934509277e-01
7.696375846862792969e-01
6.995437741279602051e-01
7.075351476669311523e-01
5.766111016273498535e-01
7.194659709930419922e-01
6.675422191619873047e-01
8.430121541023254395e-01
5.910332202911376953e-01
6.314224600791931152e-01
1.981242448091506958e-01
6.650949120521545410e-01
6.606777310371398926e-01
7.250957489013671875e-01
7.058631181716918945e-01
6.938195824623107910e-01
7.104007005691528320e-01
6.841851472854614258e-01
6.172966957092285156e-01
6.613717675209045410e-01
5.853983163833618164e-01
6.799813508987426758e-01
7.294931411743164062e-01
5.807024240493774414e-01
6.532620191574096680e-01
5.902990102767944336e-01
6.703727245330810547e-01
4.719078838825225830e-01
7.828807830810546875e-01
7.240573167800903320e-01
7.683460116386413574e-01
7.487378716468811035e-01
7.253915667533874512e-01
6.592412590980529785e-01
6.483135819435119629e-01
6.109097599983215332e-01
6.996344923973083496e-01
6.086400151252746582e-01
7.327975630760192871e-01
7.721366286277770996e-01
6.314516067504882812e-01
7.477466464042663574e-01
6.200770735740661621e-01
6.639998555183410645e-01
6.138938069343566895e-01
6.408529877662658691e-01
5.737826824188232422e-01
6.264559626579284668e-01
6.894220709800720215e-01
6.842873096466064453e-01
5.737540125846862793e-01
5.757187008857727051e-01
5.824092626571655273e-01
4.532516300678253174e-01
6.152217388153076172e-01
6.782423257827758789e-01
6.042055487632751465e-01
7.208819035440683365e-03
5.525532364845275879e-01
8.793445676565170288e-02
1.694214791059494019e-01
1.113291643559932709e-02
3.188699483871459961e-02
1.992534250020980835e-01
1.761817606166005135e-03
2.298726886510848999e-02
3.553337231278419495e-02
2.190570719540119171e-02
1.069189459085464478e-01
1.251121889799833298e-02
1.998749189078807831e-02
1.789965853095054626e-02
5.912935733795166016e-02
9.395792335271835327e-02
2.933328785002231598e-02
2.308956533670425415e-01
9.709525853395462036e-03
2.171730448026210070e-04
6.534590572118759155e-02
7.229864131659269333e-03
1.253083441406488419e-02
3.510020673274993896e-02
1.100357174873352051e-01
6.737295072525739670e-03
1.030470505356788635e-01
1.919260621070861816e-02
2.863517776131629944e-02
2.144392393529415131e-02
9.195177117362618446e-04
5.071051418781280518e-02
3.393245115876197815e-02
2.411700319498777390e-03
6.300326902419328690e-03
2.733538858592510223e-02
7.161272689700126648e-03
2.449012594297528267e-03
1.192482747137546539e-02
6.542531400918960571e-02
7.597900927066802979e-03
5.775818228721618652e-02
2.312638796865940094e-02
8.749543875455856323e-02
1.260579470545053482e-02
1.139947474002838135e-01
1.940241642296314240e-02
4.543449729681015015e-03
8.067717775702476501e-03
1.582156121730804443e-02
2.630564868450164795e-01
6.924359500408172607e-02
2.480016089975833893e-02
4.185925237834453583e-03
9.412568807601928711e-02
1.874828594736754894e-03
1.947471522726118565e-03
3.884489648044109344e-03
6.515628099441528320e-02
5.336760729551315308e-02
1.280845515429973602e-02
2.146842330694198608e-02
5.140422284603118896e-02
4.303102567791938782e-02
2.986360713839530945e-02
6.137312739156186581e-04
7.350728660821914673e-02
7.668456435203552246e-02
5.881132557988166809e-03
3.554092347621917725e-02
6.422647833824157715e-02
8.662072941660881042e-03
1.457528211176395416e-02
2.172254621982574463e-01
1.494202390313148499e-02
1.601313054561614990e-01
7.247509807348251343e-02
4.711721092462539673e-03
3.202528506517410278e-02
3.422586247324943542e-02
6.240123510360717773e-02
4.297524690628051758e-03
3.159356862306594849e-02
7.089049369096755981e-02
4.616664052009582520e-01
2.111746743321418762e-02
5.130144767463207245e-03
1.426420267671346664e-02
4.081437364220619202e-03
2.585041522979736328e-02
9.631505236029624939e-03
1.056921035051345825e-01
4.297406971454620361e-02
8.847514167428016663e-03
3.147905692458152771e-02
4.814550746232271194e-03
2.932945266366004944e-02
1.437083631753921509e-01
1.124947145581245422e-02
6.871537119150161743e-02
5.828564167022705078e-01
3.711604699492454529e-02
3.815901651978492737e-02
3.638432919979095459e-02
1.401145309209823608e-01
7.757277041673660278e-02
5.893309712409973145e-01
9.193622320890426636e-02
2.057285457849502563e-01
5.431035906076431274e-02
9.348499029874801636e-02
1.628998965024948120e-01
7.045198976993560791e-02
3.288950920104980469e-01
1.036497503519058228e-01
1.503149420022964478e-01
1.063626632094383240e-01
1.139677986502647400e-01
2.275543659925460815e-01
8.590986579656600952e-02
4.892206490039825439e-01
5.829693377017974854e-02
7.045198976993560791e-02
8.611840754747390747e-02
6.962381005287170410e-01
4.116084277629852295e-01
7.003213763236999512e-01
5.929846763610839844e-01
5.816888213157653809e-01
5.842651724815368652e-01
6.163980364799499512e-01
5.684604048728942871e-01
4.227343201637268066e-01
5.656830072402954102e-01
6.091673374176025391e-01
5.437749028205871582e-01
4.890835285186767578e-01
5.135494470596313477e-01
5.150075554847717285e-01
5.617668628692626953e-01
1.028683930635452271e-01
3.648091256618499756e-01
2.065150439739227295e-01
3.643650114536285400e-01
1.861068606376647949e-01
8.448794484138488770e-02
3.652477264404296875e-01
4.254347383975982666e-01
2.302003651857376099e-01
2.245987802743911743e-01
2.641503810882568359e-01
2.089980095624923706e-01
4.818575382232666016e-01
4.742134213447570801e-01
3.674635589122772217e-01
1.873961836099624634e-01
3.737382888793945312e-01
3.865967988967895508e-01
5.044307708740234375e-01
2.006726711988449097e-01
4.358460307121276855e-01
7.577743530273437500e-01
6.021168231964111328e-01
2.985481321811676025e-01
4.870307445526123047e-01
7.654181718826293945e-01
3.613504767417907715e-01
4.267424643039703369e-01
3.763920664787292480e-01
5.000349283218383789e-01
4.230948165059089661e-02
6.030628457665443420e-02
2.415541708469390869e-01
3.942438587546348572e-02
2.391554713249206543e-01
1.197028234601020813e-01
1.199480891227722168e-01
7.321189343929290771e-02
2.208997681736946106e-02
3.275208771228790283e-01
1.585663557052612305e-01
3.388420119881629944e-02
6.440116763114929199e-01
7.086690664291381836e-01
6.029669046401977539e-01
6.658793091773986816e-01
6.372091770172119141e-01
5.796536207199096680e-01
5.758137702941894531e-01
5.765484571456909180e-01
5.769309401512145996e-01
5.620569586753845215e-01
4.981026351451873779e-01
5.857089161872863770e-01
6.372594237327575684e-01
6.172322630882263184e-01
6.569963097572326660e-01
6.740878820419311523e-01
6.030808687210083008e-01
6.974728703498840332e-01
5.556675791740417480e-01
7.202161550521850586e-01
7.071490287780761719e-01
6.965260505676269531e-01
6.734646558761596680e-01
6.667854785919189453e-01
6.618508696556091309e-01
6.275247335433959961e-01
5.178666710853576660e-01
8.104740977287292480e-01
8.175113797187805176e-01
6.142107248306274414e-01
6.199762225151062012e-01
5.962253212928771973e-01
6.546573638916015625e-01
6.448133587837219238e-01
5.365024209022521973e-01
6.123802661895751953e-01
5.860196948051452637e-01
5.700948238372802734e-01
5.868138074874877930e-01
5.802189111709594727e-01
5.481747984886169434e-01
5.248270034790039062e-01
6.314339041709899902e-01
6.042490601539611816e-01
5.294490456581115723e-01
6.331511139869689941e-01
7.071381807327270508e-01
6.267296075820922852e-01
6.910040378570556641e-01
6.856872439384460449e-01
6.760981678962707520e-01
6.756743192672729492e-01
6.633900403976440430e-01
3.326458036899566650e-01
6.174258589744567871e-01
5.920015573501586914e-01
7.794211506843566895e-01
7.080585360527038574e-01
6.806252002716064453e-01
8.998754024505615234e-01
5.527671575546264648e-01
7.751429080963134766e-01
7.195600271224975586e-01
7.825039029121398926e-01
7.890831232070922852e-01
7.468813061714172363e-01
7.364793419837951660e-01
7.070868015289306641e-01
7.425046563148498535e-01
7.614426016807556152e-01
3.611672818660736084e-01
6.051686406135559082e-01
6.458361148834228516e-01
5.887499451637268066e-01
1.981242448091506958e-01
6.172966957092285156e-01
6.086400151252746582e-01
6.314516067504882812e-01
6.200770735740661621e-01
6.408529877662658691e-01
5.737826824188232422e-01
5.824092626571655273e-01
6.152217388153076172e-01
5.951108336448669434e-01
5.828564167022705078e-01
9.365762025117874146e-02
1.327975839376449585e-01
1.150226294994354248e-01
3.079800866544246674e-02
1.501041185110807419e-02
5.714273452758789062e-01
5.597514510154724121e-01
2.864310443401336670e-01
5.659423470497131348e-01
5.163815617561340332e-01
1.256136149168014526e-01
1.041057929396629333e-01
8.042977750301361084e-02
1.820798069238662720e-01
9.184672683477401733e-02
1.003251001238822937e-01
5.465026199817657471e-02
1.169853806495666504e-01
1.963386982679367065e-01
7.144436240196228027e-02
1.870598942041397095e-01
1.609790921211242676e-01
2.656898088753223419e-02
7.033450901508331299e-02
5.415312051773071289e-01
6.384509205818176270e-01
7.465422749519348145e-01
3.551757335662841797e-01
6.096735000610351562e-01
6.034221053123474121e-01
5.873029828071594238e-01
5.904060602188110352e-01
5.808140635490417480e-01
4.958599805831909180e-01
5.068365931510925293e-01
6.328118443489074707e-01
6.297531723976135254e-01
5.115262866020202637e-01
5.947123169898986816e-01
5.337598323822021484e-01
6.167861223220825195e-01
5.809873342514038086e-01
3.178202807903289795e-01
1.344173550605773926e-01
6.075414419174194336e-01
2.384417802095413208e-01
2.040177732706069946e-01
5.213931798934936523e-01
6.457682698965072632e-02
5.866022706031799316e-01
3.712398409843444824e-01
1.107305139303207397e-01
2.950255274772644043e-01
2.246355563402175903e-01
3.611117899417877197e-01
4.996696412563323975e-01
4.350065588951110840e-01
5.977004766464233398e-01
5.989708900451660156e-01
6.263092756271362305e-01
2.835794389247894287e-01
1.408478021621704102e-01
6.820919513702392578e-01
1.286741644144058228e-01
5.924377441406250000e-01
7.488133907318115234e-01
6.028581857681274414e-01
6.551036834716796875e-01
4.532150328159332275e-01
3.842918276786804199e-01
5.092452168464660645e-01
6.238747239112854004e-01
4.912493824958801270e-01
2.242972999811172485e-01
7.906334400177001953e-01
7.611076831817626953e-01
1.273203939199447632e-01
3.080301284790039062e-01
1.573258191347122192e-01
7.506066560745239258e-02
1.496440470218658447e-01
4.528489895164966583e-03
1.937556415796279907e-01
6.029414758086204529e-02
1.312754303216934204e-01
1.857016608119010925e-02
1.276070624589920044e-01
5.050459876656532288e-02
3.052529133856296539e-02
5.633798837661743164e-01
5.289699509739875793e-02
1.499557495117187500e-01
1.443961914628744125e-02
4.129885882139205933e-02
2.781026996672153473e-02
6.315094884485006332e-03
1.180845871567726135e-01
3.542379438877105713e-01
6.109338998794555664e-01
1.414382904767990112e-01
3.950211778283119202e-02
8.386829495429992676e-02
5.809261649847030640e-02
9.376702457666397095e-02
1.036497503519058228e-01
6.911284327507019043e-01
8.689250051975250244e-02
1.741288602352142334e-01
1.362282931804656982e-01
4.049999713897705078e-01
8.527358621358871460e-02
6.306254118680953979e-02
1.249336376786231995e-01
2.181958220899105072e-02
7.527756690979003906e-02
8.638598918914794922e-01
5.101754665374755859e-01
6.708689332008361816e-01
6.144186854362487793e-01
5.590630173683166504e-01
2.553449571132659912e-01
6.355739831924438477e-01
5.106168389320373535e-01
5.149453282356262207e-01
5.794193148612976074e-01
5.586862564086914062e-01
5.582720637321472168e-01
1.591501086950302124e-01
3.757121264934539795e-01
2.673200368881225586e-01
3.787932991981506348e-01
1.342547237873077393e-01
4.468278288841247559e-01
6.075414419174194336e-01
1.365019232034683228e-01
8.521751314401626587e-02
2.443433105945587158e-01
1.757697761058807373e-01
1.722679138183593750e-01
4.668165743350982666e-01
3.760398328304290771e-01
4.439800977706909180e-01
2.936521470546722412e-01
2.039695084095001221e-01
2.720793485641479492e-01
5.870907902717590332e-01
5.686063766479492188e-01
8.063366264104843140e-02
7.410835027694702148e-01
6.591253280639648438e-01
7.384607195854187012e-01
2.689127922058105469e-01
4.021456241607666016e-01
6.723282337188720703e-01
6.054558753967285156e-01
6.227332949638366699e-01
2.801634371280670166e-02
1.127234846353530884e-02
1.419770438224077225e-02
5.248239636421203613e-02
5.224843621253967285e-01
4.312225058674812317e-02
5.516260489821434021e-02
4.970392957329750061e-02
1.736187487840652466e-01
2.340743839740753174e-01
5.129133462905883789e-01
5.518337488174438477e-01
5.401967838406562805e-02
1.807973720133304596e-02
1.411822624504566193e-02
1.026374101638793945e-01
1.880258205346763134e-03
1.656678617000579834e-01
8.486979454755783081e-02
5.836399793624877930e-01
3.093995153903961182e-02
2.502280846238136292e-02
1.503238920122385025e-02
1.835420168936252594e-02
4.628917574882507324e-02
1.412028521299362183e-01
1.501969993114471436e-01
5.968791246414184570e-02
2.764250338077545166e-02
1.023853346705436707e-01
7.247561216354370117e-02
1.406999975442886353e-01
7.059621065855026245e-02
6.769593060016632080e-02
2.311125211417675018e-02
3.737658262252807617e-02
1.107129920274019241e-02
8.860092610120773315e-03
1.714256219565868378e-02
4.638342186808586121e-03
6.162555217742919922e-01
1.323652714490890503e-01
3.774678334593772888e-02
1.461920142173767090e-02
2.237500250339508057e-02
1.172310039401054382e-01
1.952559128403663635e-02
1.583310067653656006e-01
1.296839863061904907e-01
1.341210585087537766e-02
1.309666633605957031e-01
1.134782209992408752e-01
2.019745483994483948e-02
4.120218381285667419e-02
7.552798837423324585e-02
9.121716022491455078e-02
4.117130488157272339e-02
1.271320600062608719e-02
2.967577576637268066e-01
6.679227203130722046e-02
3.435241803526878357e-02
8.010426163673400879e-02
4.458572342991828918e-02
3.457295522093772888e-02
4.186511784791946411e-02
2.133796066045761108e-01
4.691670238971710205e-01
8.245471864938735962e-02
1.538607329130172729e-01
1.724374741315841675e-01
1.103847995400428772e-01
4.360334947705268860e-02
4.166205525398254395e-01
4.506619870662689209e-01
7.679182291030883789e-02
6.670708209276199341e-02
1.166113838553428650e-01
3.068939447402954102e-01
5.181906744837760925e-02
3.801551461219787598e-02
5.975656956434249878e-02
4.894874617457389832e-02
3.803511708974838257e-02
2.479450963437557220e-02
8.124520070850849152e-03
1.091301292181015015e-01
4.995004832744598389e-02
4.112641513347625732e-02
1.381367724388837814e-02
6.815908849239349365e-02
5.092688649892807007e-02
1.341531053185462952e-02
3.604350611567497253e-02
2.014559693634510040e-02
6.405609250068664551e-01
5.936990380287170410e-01
1.690330803394317627e-01
1.492083519697189331e-01
6.511120200157165527e-01
4.254035593476146460e-04
7.754649268463253975e-04
