5.178714990615844727e-01
4.816504418849945068e-01
5.121014714241027832e-01
4.976454973220825195e-01
5.113170146942138672e-01
5.156800150871276855e-01
5.101248025894165039e-01
4.921225011348724365e-01
4.959390163421630859e-01
4.980699717998504639e-01
5.078038573265075684e-01
5.028176903724670410e-01
5.165818929672241211e-01
5.067077875137329102e-01
5.239692926406860352e-01
4.687980115413665771e-01
5.139034390449523926e-01
5.190854072570800781e-01
5.175718665122985840e-01
5.082006454467773438e-01
4.937093555927276611e-01
4.828620553016662598e-01
4.793740212917327881e-01
5.085892677307128906e-01
5.169364809989929199e-01
5.039501786231994629e-01
5.061837434768676758e-01
4.992698431015014648e-01
5.112968087196350098e-01
5.034589171409606934e-01
4.267352521419525146e-01
5.023833513259887695e-01
5.157783627510070801e-01
5.163481831550598145e-01
4.715418517589569092e-01
5.174311399459838867e-01
4.989098310470581055e-01
5.079600214958190918e-01
5.072038173675537109e-01
5.107308626174926758e-01
5.051285028457641602e-01
5.127471685409545898e-01
5.217962861061096191e-01
5.267518758773803711e-01
4.927678704261779785e-01
5.130650401115417480e-01
5.160210728645324707e-01
4.924985766410827637e-01
4.706893265247344971e-01
5.136731266975402832e-01
4.925144314765930176e-01
4.950280785560607910e-01
4.982492327690124512e-01
4.556163549423217773e-01
5.305966734886169434e-01
5.017458200454711914e-01
5.032805204391479492e-01
4.962556362152099609e-01
5.029578208923339844e-01
4.952107667922973633e-01
5.300980806350708008e-01
5.170904397964477539e-01
4.916155934333801270e-01
4.966148734092712402e-01
5.238774418830871582e-01
4.566102623939514160e-01
5.108506679534912109e-01
5.171124339103698730e-01
5.257112383842468262e-01
4.775873720645904541e-01
4.904170334339141846e-01
5.064733624458312988e-01
4.951510131359100342e-01
5.036625266075134277e-01
5.153374671936035156e-01
4.383757710456848145e-01
5.498020648956298828e-01
5.333573222160339355e-01
4.384467601776123047e-01
5.273749232292175293e-01
5.431294441223144531e-01
4.989139735698699951e-01
5.346148014068603516e-01
4.478336274623870850e-01
5.307034850120544434e-01
5.232303738594055176e-01
4.336176812648773193e-01
5.430769920349121094e-01
4.098348021507263184e-01
4.410507977008819580e-01
4.603984057903289795e-01
4.556704163551330566e-01
5.170734524726867676e-01
4.620135426521301270e-01
5.261995792388916016e-01
5.264918208122253418e-01
4.245167076587677002e-01
5.633122324943542480e-01
5.105359554290771484e-01
5.584424734115600586e-01
5.623139739036560059e-01
5.398587584495544434e-01
5.210170745849609375e-01
5.490791201591491699e-01
5.162123441696166992e-01
4.567321240901947021e-01
4.332955181598663330e-01
4.286945760250091553e-01
5.238302946090698242e-01
5.399614572525024414e-01
5.060933828353881836e-01
4.722352623939514160e-01
5.191355347633361816e-01
5.086843967437744141e-01
4.576610624790191650e-01
5.342717766761779785e-01
4.885835349559783936e-01
4.378252327442169189e-01
4.322941899299621582e-01
5.457220673561096191e-01
5.563062429428100586e-01
4.477935433387756348e-01
5.422803163528442383e-01
5.313566327095031738e-01
4.497939050197601318e-01
5.416777729988098145e-01
4.861046075820922852e-01
4.456069469451904297e-01
5.200127363204956055e-01
5.347412824630737305e-01
5.455284118652343750e-01
5.101864337921142578e-01
4.231797754764556885e-01
5.293980240821838379e-01
4.660079479217529297e-01
4.310118556022644043e-01
5.475033521652221680e-01
5.596076846122741699e-01
4.349084794521331787e-01
5.447765588760375977e-01
5.216307640075683594e-01
4.324108660221099854e-01
5.603119730949401855e-01
5.499589443206787109e-01
4.457911849021911621e-01
4.141942858695983887e-01
5.295233130455017090e-01
4.375498294830322266e-01
5.088610053062438965e-01
5.434492826461791992e-01
5.477559566497802734e-01
5.496123433113098145e-01
5.291631221771240234e-01
5.248966813087463379e-01
5.185744166374206543e-01
5.529263615608215332e-01
5.153917670249938965e-01
5.110852718353271484e-01
5.326740145683288574e-01
5.237355828285217285e-01
4.971329271793365479e-01
5.829057097434997559e-01
4.423324167728424072e-01
5.372995138168334961e-01
5.378932356834411621e-01
5.319548845291137695e-01
5.215877890586853027e-01
5.276181697845458984e-01
5.275200009346008301e-01
5.159919261932373047e-01
5.225601792335510254e-01
5.546316504478454590e-01
5.803473591804504395e-01
5.705299377441406250e-01
5.642701387405395508e-01
5.529400706291198730e-01
5.728906393051147461e-01
4.661164283752441406e-01
5.821134448051452637e-01
5.889514088630676270e-01
5.582529902458190918e-01
5.430713891983032227e-01
5.567810535430908203e-01
5.736901164054870605e-01
5.651488900184631348e-01
5.518525242805480957e-01
5.914701223373413086e-01
5.757557749748229980e-01
5.292302966117858887e-01
5.507284998893737793e-01
5.298472642898559570e-01
5.588392615318298340e-01
5.433945059776306152e-01
5.797527432441711426e-01
5.656448602676391602e-01
5.620395541191101074e-01
5.548579096794128418e-01
5.337624549865722656e-01
5.391038060188293457e-01
5.623719692230224609e-01
5.128474831581115723e-01
5.599696040153503418e-01
6.001439690589904785e-01
5.657146573066711426e-01
5.454870462417602539e-01
5.557414293289184570e-01
5.777571797370910645e-01
5.712898969650268555e-01
5.493690967559814453e-01
5.472791194915771484e-01
5.356253981590270996e-01
5.754855871200561523e-01
5.764899253845214844e-01
5.822238326072692871e-01
5.839124917984008789e-01
5.615766644477844238e-01
5.431491136550903320e-01
5.851035714149475098e-01
5.516529679298400879e-01
5.749683976173400879e-01
5.453857779502868652e-01
5.556921958923339844e-01
5.417745709419250488e-01
5.850528478622436523e-01
5.579118132591247559e-01
5.486438870429992676e-01
5.710231065750122070e-01
5.725196003913879395e-01
5.194079875946044922e-01
5.810317993164062500e-01
5.624034404754638672e-01
5.858178138732910156e-01
5.415537357330322266e-01
5.595402717590332031e-01
5.631555318832397461e-01
5.686057209968566895e-01
5.832797288894653320e-01
5.237544178962707520e-01
4.851022958755493164e-01
5.597460269927978516e-01
5.649811625480651855e-01
5.841034054756164551e-01
5.784640312194824219e-01
5.040377378463745117e-01
5.552150011062622070e-01
5.649433732032775879e-01
5.852361321449279785e-01
5.442273616790771484e-01
5.695354342460632324e-01
5.645946860313415527e-01
5.710436105728149414e-01
5.695000290870666504e-01
5.657356977462768555e-01
5.868418812751770020e-01
5.918399691581726074e-01
5.458364486694335938e-01
5.717754960060119629e-01
5.668030977249145508e-01
5.568441152572631836e-01
5.517511367797851562e-01
5.668152570724487305e-01
5.738022327423095703e-01
5.487360358238220215e-01
5.642982721328735352e-01
5.616613030433654785e-01
5.660338401794433594e-01
5.586859583854675293e-01
5.886984467506408691e-01
5.518164634704589844e-01
5.530445575714111328e-01
5.586740374565124512e-01
5.691978335380554199e-01
5.378717780113220215e-01
5.582221746444702148e-01
5.584000945091247559e-01
5.661266446113586426e-01
5.673111081123352051e-01
5.743129849433898926e-01
5.654070377349853516e-01
5.619577169418334961e-01
5.513716340065002441e-01
5.714462995529174805e-01
5.477738976478576660e-01
5.393343567848205566e-01
5.743024349212646484e-01
5.938199162483215332e-01
5.605631470680236816e-01
5.515193343162536621e-01
5.844048261642456055e-01
5.661700963973999023e-01
5.630050301551818848e-01
5.644904375076293945e-01
5.561703443527221680e-01
5.669613480567932129e-01
5.606046915054321289e-01
5.766482353210449219e-01
5.601699948310852051e-01
5.654610395431518555e-01
5.646221637725830078e-01
5.530674457550048828e-01
5.823162794113159180e-01
5.705158710479736328e-01
5.645038485527038574e-01
5.774018764495849609e-01
5.683861970901489258e-01
5.597831010818481445e-01
5.675120353698730469e-01
5.725557208061218262e-01
5.745224356651306152e-01
5.679436922073364258e-01
5.374523401260375977e-01
5.552843809127807617e-01
5.665681958198547363e-01
5.607435703277587891e-01
5.590520501136779785e-01
5.774340033531188965e-01
5.552153587341308594e-01
5.635575056076049805e-01
5.609695315361022949e-01
5.494109988212585449e-01
5.568884015083312988e-01
5.218349099159240723e-01
5.181019306182861328e-01
5.216500163078308105e-01
5.352169871330261230e-01
4.954218864440917969e-01
5.068550705909729004e-01
5.774004459381103516e-01
5.444943308830261230e-01
5.252595543861389160e-01
5.566971302032470703e-01
5.372875928878784180e-01
5.337520241737365723e-01
4.872464239597320557e-01
5.346106290817260742e-01
5.108342170715332031e-01
4.953875839710235596e-01
5.582094788551330566e-01
5.569467544555664062e-01
5.017920136451721191e-01
5.473586320877075195e-01
5.727728605270385742e-01
5.205172300338745117e-01
5.209916830062866211e-01
5.401468276977539062e-01
5.259426832199096680e-01
5.173921585083007812e-01
5.500319004058837891e-01
5.218349099159240723e-01
5.232254862785339355e-01
5.133590102195739746e-01
5.227065086364746094e-01
5.233642458915710449e-01
5.173227787017822266e-01
5.203777551651000977e-01
4.982445240020751953e-01
5.026301145553588867e-01
5.031354427337646484e-01
5.231316685676574707e-01
5.110942721366882324e-01
5.230504274368286133e-01
5.051864385604858398e-01
5.321164131164550781e-01
5.311012864112854004e-01
4.575258195400238037e-01
4.974441826343536377e-01
5.087834000587463379e-01
4.840174317359924316e-01
5.090444684028625488e-01
5.425327420234680176e-01
5.046008229255676270e-01
4.842051267623901367e-01
5.062160491943359375e-01
5.055606365203857422e-01
4.841672480106353760e-01
4.928525090217590332e-01
5.170302391052246094e-01
5.126169323921203613e-01
4.922253191471099854e-01
4.860149323940277100e-01
5.278142690658569336e-01
5.105815529823303223e-01
4.786776304244995117e-01
4.981860518455505371e-01
4.960978627204895020e-01
4.551351070404052734e-01
5.026581287384033203e-01
5.133247375488281250e-01
5.447468757629394531e-01
5.260526537895202637e-01
4.861252903938293457e-01
4.731681048870086670e-01
4.896694719791412354e-01
4.892528355121612549e-01
4.952414631843566895e-01
4.901520907878875732e-01
5.084494352340698242e-01
4.605436921119689941e-01
5.411699414253234863e-01
5.482485890388488770e-01
4.896659255027770996e-01
4.653702676296234131e-01
4.520113170146942139e-01
5.078197121620178223e-01
5.316396951675415039e-01
5.147739648818969727e-01
4.867581427097320557e-01
5.181646347045898438e-01
4.739189445972442627e-01
4.682666957378387451e-01
4.835417568683624268e-01
5.011666417121887207e-01
4.799938797950744629e-01
5.050399303436279297e-01
4.977047145366668701e-01
4.966257512569427490e-01
5.050429105758666992e-01
4.886093139648437500e-01
4.815301001071929932e-01
4.623056352138519287e-01
5.118460059165954590e-01
5.160848498344421387e-01
5.009107589721679688e-01
4.822680950164794922e-01
5.158286690711975098e-01
4.942329525947570801e-01
5.107221007347106934e-01
5.079507827758789062e-01
5.075129270553588867e-01
5.023818016052246094e-01
4.872234463691711426e-01
5.052102208137512207e-01
5.054280757904052734e-01
4.956511259078979492e-01
5.045493841171264648e-01
5.032100081443786621e-01
5.077261328697204590e-01
4.792442023754119873e-01
4.898657500743865967e-01
5.050683617591857910e-01
5.120142698287963867e-01
5.136950612068176270e-01
5.161576271057128906e-01
5.085929632186889648e-01
4.897535145282745361e-01
5.120900869369506836e-01
5.194606781005859375e-01
5.130850672721862793e-01
5.016821026802062988e-01
5.061402320861816406e-01
4.721539318561553955e-01
5.050076246261596680e-01
4.837827980518341064e-01
5.039935708045959473e-01
4.986369907855987549e-01
4.948557019233703613e-01
5.196839570999145508e-01
4.913651943206787109e-01
5.295251607894897461e-01
4.889319837093353271e-01
5.224205255508422852e-01
4.964250326156616211e-01
4.824902415275573730e-01
5.267152786254882812e-01
4.864145517349243164e-01
5.248110890388488770e-01
5.187972187995910645e-01
5.327582359313964844e-01
5.015065073966979980e-01
4.955841302871704102e-01
5.217470526695251465e-01
4.801197350025177002e-01
5.122013688087463379e-01
5.264917016029357910e-01
4.872734248638153076e-01
4.967353940010070801e-01
4.718483686447143555e-01
5.031113624572753906e-01
4.899183809757232666e-01
4.711415171623229980e-01
5.118534564971923828e-01
4.865415096282958984e-01
5.172425508499145508e-01
4.969536364078521729e-01
5.150060653686523438e-01
5.375006198883056641e-01
4.993624985218048096e-01
4.867971241474151611e-01
4.769249558448791504e-01
5.010831952095031738e-01
5.150808691978454590e-01
5.150577425956726074e-01
5.164501070976257324e-01
5.289289951324462891e-01
4.876179099082946777e-01
5.285014510154724121e-01
5.045635104179382324e-01
4.896934926509857178e-01
5.102271437644958496e-01
5.011483430862426758e-01
4.937676191329956055e-01
5.010116100311279297e-01
5.030070543289184570e-01
4.851511120796203613e-01
5.123849511146545410e-01
5.120508074760437012e-01
5.112068653106689453e-01
4.558812081813812256e-01
4.878715574741363525e-01
5.012067556381225586e-01
4.707557857036590576e-01
4.899889528751373291e-01
5.020947456359863281e-01
5.011814832687377930e-01
4.934023618698120117e-01
4.868168532848358154e-01
5.155823230743408203e-01
4.410611093044281006e-01
4.887021780014038086e-01
4.815927147865295410e-01
4.654565453529357910e-01
4.580795466899871826e-01
4.948247671127319336e-01
4.874220788478851318e-01
4.955316185951232910e-01
4.923681914806365967e-01
5.100117325782775879e-01
5.072458982467651367e-01
5.226196646690368652e-01
4.850274026393890381e-01
5.270763635635375977e-01
4.854582548141479492e-01
5.023722052574157715e-01
5.096787810325622559e-01
5.046792030334472656e-01
4.903973639011383057e-01
4.594410061836242676e-01
4.782503545284271240e-01
4.498476088047027588e-01
4.953893423080444336e-01
4.657660126686096191e-01
4.936794340610504150e-01
4.590215682983398438e-01
4.742953181266784668e-01
4.857151806354522705e-01
5.069109201431274414e-01
4.540366232395172119e-01
4.606037735939025879e-01
5.142779350280761719e-01
5.039629936218261719e-01
4.898467659950256348e-01
4.953893423080444336e-01
5.198904871940612793e-01
5.092843174934387207e-01
4.507966637611389160e-01
5.011765360832214355e-01
4.711105823516845703e-01
4.736708104610443115e-01
4.742075800895690918e-01
4.665786325931549072e-01
4.969916641712188721e-01
4.895406365394592285e-01
4.506400227546691895e-01
4.431889951229095459e-01
4.589220583438873291e-01
5.068012475967407227e-01
4.939064681529998779e-01
4.628968238830566406e-01
5.087866187095642090e-01
4.845916926860809326e-01
4.962771236896514893e-01
5.040121674537658691e-01
5.201647877693176270e-01
4.923101067543029785e-01
5.030081868171691895e-01
5.326473116874694824e-01
4.297154545783996582e-01
4.602739214897155762e-01
5.357650518417358398e-01
4.319623708724975586e-01
4.212971329689025879e-01
4.119692146778106689e-01
4.454318583011627197e-01
4.082446098327636719e-01
4.202795624732971191e-01
4.367128610610961914e-01
5.398796796798706055e-01
4.547155499458312988e-01
5.265095829963684082e-01
5.205540060997009277e-01
5.234484076499938965e-01
5.266119837760925293e-01
4.119692146778106689e-01
5.172817707061767578e-01
4.232895374298095703e-01
4.278402924537658691e-01
5.247403979301452637e-01
4.232895374298095703e-01
4.425968825817108154e-01
4.372331798076629639e-01
4.459713995456695557e-01
4.454318583011627197e-01
3.992225825786590576e-01
4.370247423648834229e-01
4.315441846847534180e-01
5.222929120063781738e-01
4.911527335643768311e-01
5.271228551864624023e-01
4.146369993686676025e-01
4.547155499458312988e-01
4.401111304759979248e-01
4.235624969005584717e-01
4.401111304759979248e-01
4.816503822803497314e-01
4.294517934322357178e-01
4.201263785362243652e-01
4.082446098327636719e-01
5.327110886573791504e-01
4.550939202308654785e-01
4.254900515079498291e-01
4.359980523586273193e-01
4.232895374298095703e-01
4.294517934322357178e-01
4.021888971328735352e-01
5.215691328048706055e-01
4.222745895385742188e-01
5.294331312179565430e-01
5.215691328048706055e-01
4.315441846847534180e-01
4.201263785362243652e-01
4.235624969005584717e-01
4.300176799297332764e-01
5.386591553688049316e-01
4.490292370319366455e-01
4.653891026973724365e-01
5.183983445167541504e-01
4.240679740905761719e-01
4.550939202308654785e-01
5.235885381698608398e-01
4.454318583011627197e-01
4.230471849441528320e-01
5.187991857528686523e-01
4.187920689582824707e-01
4.146369993686676025e-01
4.248772561550140381e-01
5.072553753852844238e-01
4.598376750946044922e-01
5.253345966339111328e-01
4.216244518756866455e-01
4.202795624732971191e-01
5.191439986228942871e-01
5.143870115280151367e-01
5.283874869346618652e-01
5.124175548553466797e-01
5.083616971969604492e-01
4.924320280551910400e-01
5.124175548553466797e-01
5.323830246925354004e-01
5.244710445404052734e-01
5.435757040977478027e-01
5.056993961334228516e-01
5.381995439529418945e-01
5.361351966857910156e-01
5.146999359130859375e-01
4.983826279640197754e-01
5.424398779869079590e-01
5.434291958808898926e-01
5.319455265998840332e-01
4.792405962944030762e-01
5.442102551460266113e-01
5.410531163215637207e-01
5.698288083076477051e-01
5.593226552009582520e-01
5.673303008079528809e-01
5.657263398170471191e-01
5.546018481254577637e-01
5.571893453598022461e-01
5.796364545822143555e-01
5.603121519088745117e-01
5.646644234657287598e-01
5.386648774147033691e-01
4.961557090282440186e-01
5.577578544616699219e-01
5.424706935882568359e-01
5.452290773391723633e-01
5.675244331359863281e-01
5.501930117607116699e-01
5.804446935653686523e-01
5.357302427291870117e-01
5.661912560462951660e-01
5.604596734046936035e-01
4.679299294948577881e-01
5.415058135986328125e-01
5.277961492538452148e-01
5.533789396286010742e-01
5.370038747787475586e-01
5.942843556404113770e-01
5.573064684867858887e-01
5.734825730323791504e-01
5.854920744895935059e-01
5.423538684844970703e-01
5.710016489028930664e-01
5.392499566078186035e-01
5.946450829505920410e-01
5.333726406097412109e-01
5.655216574668884277e-01
5.377677083015441895e-01
5.740016102790832520e-01
5.385007262229919434e-01
5.566103458404541016e-01
5.484396219253540039e-01
5.454814434051513672e-01
5.010439753532409668e-01
5.602699518203735352e-01
5.047769546508789062e-01
5.704376697540283203e-01
5.396120548248291016e-01
5.735179185867309570e-01
5.618768930435180664e-01
5.156350135803222656e-01
5.338340401649475098e-01
5.643293857574462891e-01
5.211515426635742188e-01
5.195491909980773926e-01
5.632908344268798828e-01
5.362439751625061035e-01
5.181597471237182617e-01
5.021900534629821777e-01
5.605381131172180176e-01
5.572875142097473145e-01
5.427235960960388184e-01
5.523717999458312988e-01
5.776113271713256836e-01
5.603970289230346680e-01
5.283299088478088379e-01
5.766233801841735840e-01
5.266485810279846191e-01
5.222784280776977539e-01
5.788639187812805176e-01
5.570103526115417480e-01
5.560204386711120605e-01
5.485526323318481445e-01
5.755862593650817871e-01
5.508887767791748047e-01
5.520704388618469238e-01
5.523757338523864746e-01
5.489592552185058594e-01
5.539960265159606934e-01
5.661532878875732422e-01
5.651822686195373535e-01
5.513303875923156738e-01
5.511427521705627441e-01
5.569007992744445801e-01
5.551577806472778320e-01
5.547391772270202637e-01
5.512410998344421387e-01
5.651258826255798340e-01
5.510616898536682129e-01
5.664229393005371094e-01
5.556706786155700684e-01
5.642553567886352539e-01
5.490273237228393555e-01
5.648449063301086426e-01
5.735154747962951660e-01
5.484721064567565918e-01
5.663743019104003906e-01
5.605506300926208496e-01
5.776410698890686035e-01
5.440736413002014160e-01
5.486536622047424316e-01
5.422955155372619629e-01
5.693605542182922363e-01
5.435523986816406250e-01
5.452775359153747559e-01
5.704891681671142578e-01
5.582416653633117676e-01
5.855702161788940430e-01
5.584423542022705078e-01
5.637761354446411133e-01
5.586848855018615723e-01
5.753442049026489258e-01
5.471756458282470703e-01
5.483757257461547852e-01
5.649834871292114258e-01
5.563794970512390137e-01
5.577492713928222656e-01
5.732743740081787109e-01
5.619886517524719238e-01
5.572285652160644531e-01
5.797585844993591309e-01
5.565662980079650879e-01
5.616075396537780762e-01
5.853189229965209961e-01
5.724474787712097168e-01
5.373185276985168457e-01
5.714278817176818848e-01
5.696174502372741699e-01
5.583438873291015625e-01
5.530300140380859375e-01
5.788969993591308594e-01
5.756694078445434570e-01
5.866770148277282715e-01
5.648512840270996094e-01
5.803652405738830566e-01
5.570862889289855957e-01
5.516634583473205566e-01
5.746955275535583496e-01
5.535016655921936035e-01
5.250606536865234375e-01
5.737078189849853516e-01
5.535706281661987305e-01
5.440303683280944824e-01
5.467404723167419434e-01
5.644804239273071289e-01
5.332751274108886719e-01
4.916682243347167969e-01
4.895038008689880371e-01
5.049656033515930176e-01
5.596391558647155762e-01
4.949607253074645996e-01
4.680311381816864014e-01
5.068592429161071777e-01
5.332724452018737793e-01
4.874522089958190918e-01
5.078237652778625488e-01
5.187497138977050781e-01
4.880041480064392090e-01
5.175457000732421875e-01
5.172571539878845215e-01
4.552740752696990967e-01
5.162796378135681152e-01
4.959657490253448486e-01
5.504557490348815918e-01
5.048577785491943359e-01
5.097885131835937500e-01
4.427156448364257812e-01
5.264438390731811523e-01
4.985700249671936035e-01
5.197426676750183105e-01
5.136027336120605469e-01
4.820120930671691895e-01
5.133406519889831543e-01
5.096301436424255371e-01
5.250663161277770996e-01
4.787869453430175781e-01
5.216041207313537598e-01
5.311599373817443848e-01
5.286124348640441895e-01
4.754414558410644531e-01
5.531443953514099121e-01
4.925087392330169678e-01
5.085866451263427734e-01
5.086041092872619629e-01
5.073089599609375000e-01
4.625955224037170410e-01
4.977485537528991699e-01
5.037659406661987305e-01
4.769476056098937988e-01
4.841492474079132080e-01
4.688080847263336182e-01
4.889896810054779053e-01
5.119132995605468750e-01
4.593390524387359619e-01
4.883709549903869629e-01
4.969440996646881104e-01
4.902967810630798340e-01
4.741507172584533691e-01
4.570436179637908936e-01
4.910921454429626465e-01
5.107224583625793457e-01
4.546933174133300781e-01
4.834490716457366943e-01
4.837046861648559570e-01
4.794419705867767334e-01
4.730935990810394287e-01
5.046889185905456543e-01
4.868696928024291992e-01
4.774454534053802490e-01
4.793895781040191650e-01
5.079416632652282715e-01
5.011274218559265137e-01
4.872545301914215088e-01
4.729556441307067871e-01
5.026759505271911621e-01
4.912609457969665527e-01
5.039183497428894043e-01
5.356552600860595703e-01
4.900327622890472412e-01
4.587083458900451660e-01
4.843221008777618408e-01
5.068653821945190430e-01
4.610469043254852295e-01
5.130709409713745117e-01
5.158203840255737305e-01
4.846490919589996338e-01
4.685021638870239258e-01
5.179667472839355469e-01
4.827606976032257080e-01
4.844872653484344482e-01
4.919353723526000977e-01
4.762815535068511963e-01
4.620143175125122070e-01
4.786869585514068604e-01
5.023140907287597656e-01
4.714966416358947754e-01
4.911688566207885742e-01
4.617797732353210449e-01
4.770755171775817871e-01
4.616755545139312744e-01
5.081366896629333496e-01
4.800195097923278809e-01
5.122632384300231934e-01
4.682725965976715088e-01
5.107986330986022949e-01
4.950621426105499268e-01
5.100139379501342773e-01
4.864983856678009033e-01
5.022467970848083496e-01
5.009311437606811523e-01
4.845296740531921387e-01
4.905071556568145752e-01
5.016512870788574219e-01
4.999050199985504150e-01
5.127080678939819336e-01
4.861204326152801514e-01
4.857197403907775879e-01
5.112032294273376465e-01
5.178217291831970215e-01
4.631738364696502686e-01
4.765407145023345947e-01
4.841922819614410400e-01
4.867148399353027344e-01
5.243404507637023926e-01
4.690132737159729004e-01
5.104935765266418457e-01
4.668335020542144775e-01
4.832179248332977295e-01
5.127531886100769043e-01
4.977141618728637695e-01
4.705952107906341553e-01
4.820036292076110840e-01
5.141973495483398438e-01
4.888293445110321045e-01
4.805174171924591064e-01
4.891865551471710205e-01
5.113023519515991211e-01
4.897554516792297363e-01
4.822880029678344727e-01
5.116362571716308594e-01
4.769769608974456787e-01
4.828269183635711670e-01
5.085449218750000000e-01
5.182726383209228516e-01
4.926845729351043701e-01
4.712279736995697021e-01
4.782866239547729492e-01
4.908229410648345947e-01
4.899595975875854492e-01
4.991457760334014893e-01
5.370750427246093750e-01
4.800539612770080566e-01
5.166805386543273926e-01
4.671568870544433594e-01
4.896346032619476318e-01
5.075489878654479980e-01
4.710116386413574219e-01
5.056605935096740723e-01
5.096696615219116211e-01
5.283250808715820312e-01
5.060620307922363281e-01
4.932082295417785645e-01
4.939134418964385986e-01
5.121014714241027832e-01
5.179476737976074219e-01
4.766552448272705078e-01
4.664931297302246094e-01
4.698568880558013916e-01
4.713971316814422607e-01
4.961849451065063477e-01
4.815992712974548340e-01
4.790497720241546631e-01
4.717070460319519043e-01
5.099726915359497070e-01
5.098785161972045898e-01
4.905346632003784180e-01
4.595689773559570312e-01
4.908581078052520752e-01
5.171891450881958008e-01
4.909573793411254883e-01
4.824850261211395264e-01
