9.956836700439453125e-01
9.999985694885253906e-01
9.839522242546081543e-01
4.509711265563964844e-01
2.848845422267913818e-01
9.960145950317382812e-01
4.171386361122131348e-01
4.920316338539123535e-01
5.064319968223571777e-01
9.997934699058532715e-01
9.998064637184143066e-01
4.039690494537353516e-01
9.889405369758605957e-01
9.902405738830566406e-01
4.043673872947692871e-01
5.692400932312011719e-01
9.939295053482055664e-01
9.996907711029052734e-01
3.906396329402923584e-01
9.935243129730224609e-01
5.417810678482055664e-01
9.974664449691772461e-01
5.693241953849792480e-01
9.999753236770629883e-01
4.527577161788940430e-01
9.974828362464904785e-01
9.999147653579711914e-01
9.900091886520385742e-01
9.982565045356750488e-01
4.891485571861267090e-01
9.999920129776000977e-01
4.343025684356689453e-01
9.921223521232604980e-01
9.997947812080383301e-01
9.898359179496765137e-01
9.965103268623352051e-01
9.992985725402832031e-01
9.932825565338134766e-01
4.286378026008605957e-01
9.958359003067016602e-01
5.278471708297729492e-01
4.305764734745025635e-01
9.999998807907104492e-01
4.582952558994293213e-01
5.728101730346679688e-01
4.534560143947601318e-01
4.109020829200744629e-01
3.992944657802581787e-01
9.990185499191284180e-01
2.753445506095886230e-01
9.769769906997680664e-01
3.954020440578460693e-01
5.517302155494689941e-01
9.999785423278808594e-01
4.916364550590515137e-01
4.643547832965850830e-01
9.800859689712524414e-01
5.784696340560913086e-01
4.682726860046386719e-01
9.999172687530517578e-01
9.998063445091247559e-01
9.995330572128295898e-01
9.907259941101074219e-01
4.405056536197662354e-01
9.939688444137573242e-01
6.670849323272705078e-01
4.406432807445526123e-01
9.994533658027648926e-01
3.392008543014526367e-01
4.906780123710632324e-01
9.956511855125427246e-01
9.904503226280212402e-01
4.778614342212677002e-01
4.203718602657318115e-01
9.984826445579528809e-01
5.933857560157775879e-01
8.713729381561279297e-01
9.492780566215515137e-01
9.912425279617309570e-01
9.394927620887756348e-01
9.018990397453308105e-01
9.981867671012878418e-01
9.440076947212219238e-01
6.977055668830871582e-01
9.109231829643249512e-01
9.191989898681640625e-01
9.640871286392211914e-01
9.398056268692016602e-01
9.978116154670715332e-01
7.566924691200256348e-01
9.982091188430786133e-01
9.979152083396911621e-01
9.174773097038269043e-01
9.641623497009277344e-01
9.832738637924194336e-01
9.998511075973510742e-01
9.821206927299499512e-01
9.955759048461914062e-01
9.293333292007446289e-01
7.803232669830322266e-01
9.346300959587097168e-01
9.985100626945495605e-01
9.151285290718078613e-01
9.227870106697082520e-01
9.983866214752197266e-01
9.955131411552429199e-01
9.977357387542724609e-01
6.520653367042541504e-01
9.289242029190063477e-01
9.216794967651367188e-01
9.975515007972717285e-01
7.613279223442077637e-01
9.220457673072814941e-01
8.838768005371093750e-01
9.957958459854125977e-01
9.002901315689086914e-01
8.503652215003967285e-01
9.890377521514892578e-01
9.943646192550659180e-01
9.989787340164184570e-01
9.801606535911560059e-01
9.970549345016479492e-01
9.980904459953308105e-01
9.010905623435974121e-01
9.999057054519653320e-01
9.335513710975646973e-01
9.977986216545104980e-01
6.266661882400512695e-01
9.839857220649719238e-01
9.999601840972900391e-01
9.990002512931823730e-01
9.943017959594726562e-01
9.987607002258300781e-01
9.158142805099487305e-01
9.999750852584838867e-01
5.779085755348205566e-01
9.991915822029113770e-01
9.981715679168701172e-01
9.933453798294067383e-01
9.748662710189819336e-01
9.200665950775146484e-01
9.985698461532592773e-01
9.941524863243103027e-01
9.333651661872863770e-01
9.992745518684387207e-01
6.086098551750183105e-01
9.298641681671142578e-01
6.112628579139709473e-01
9.983291029930114746e-01
9.779947400093078613e-01
9.999860525131225586e-01
4.637868702411651611e-01
9.999698400497436523e-01
5.163090825080871582e-01
8.297082781791687012e-01
9.946107864379882812e-01
9.931716918945312500e-01
1.000000000000000000e+00
9.986242055892944336e-01
4.142765402793884277e-01
2.688850164413452148e-01
5.474373102188110352e-01
7.577173113822937012e-01
9.996157884597778320e-01
9.993051290512084961e-01
9.837906956672668457e-01
5.831959843635559082e-01
4.376685619354248047e-01
9.993187189102172852e-01
5.802033543586730957e-01
4.790826141834259033e-01
9.990735054016113281e-01
4.912828207015991211e-01
9.670512676239013672e-01
9.455203413963317871e-01
5.513035058975219727e-01
9.982131719589233398e-01
4.606351256370544434e-01
6.012962460517883301e-01
9.665723443031311035e-01
5.896722674369812012e-01
5.378874540328979492e-01
9.938164353370666504e-01
5.262308716773986816e-01
9.991109967231750488e-01
9.989494681358337402e-01
5.737562179565429688e-01
5.361964702606201172e-01
9.841495156288146973e-01
9.946994781494140625e-01
8.072822690010070801e-01
5.835008025169372559e-01
9.843630194664001465e-01
9.990236759185791016e-01
5.518826842308044434e-01
9.985022544860839844e-01
4.784438610076904297e-01
5.197644829750061035e-01
4.827496707439422607e-01
9.999254941940307617e-01
4.615659117698669434e-01
9.999020099639892578e-01
5.233911275863647461e-01
9.987273812294006348e-01
9.994862079620361328e-01
4.742542505264282227e-01
6.214935779571533203e-01
4.731614887714385986e-01
9.992392063140869141e-01
5.271561741828918457e-01
5.279033184051513672e-01
4.878465831279754639e-01
5.621251463890075684e-01
9.929409027099609375e-01
9.954682588577270508e-01
9.835878610610961914e-01
9.921499490737915039e-01
5.141913294792175293e-01
9.672020077705383301e-01
9.970732927322387695e-01
9.754431247711181641e-01
9.868114590644836426e-01
9.960101842880249023e-01
5.364271998405456543e-01
9.986991882324218750e-01
5.647023916244506836e-01
6.072873473167419434e-01
4.665049910545349121e-01
9.991233944892883301e-01
9.987641572952270508e-01
4.847329854965209961e-01
5.240007042884826660e-01
4.872489869594573975e-01
9.915621876716613770e-01
9.953108429908752441e-01
9.973485469818115234e-01
5.973255038261413574e-01
9.979255199432373047e-01
9.989323019981384277e-01
9.999973773956298828e-01
4.840503036975860596e-01
9.998245835304260254e-01
6.244853138923645020e-01
9.963318705558776855e-01
5.625035762786865234e-01
4.183754622936248779e-01
4.666411280632019043e-01
9.997380375862121582e-01
4.690551161766052246e-01
5.358326435089111328e-01
5.248782634735107422e-01
4.742336869239807129e-01
4.742429256439208984e-01
9.881679415702819824e-01
4.675775170326232910e-01
9.998860359191894531e-01
9.627872109413146973e-01
9.999978542327880859e-01
9.999096393585205078e-01
4.583106338977813721e-01
9.985835552215576172e-01
4.620630145072937012e-01
5.794395804405212402e-01
4.751216471195220947e-01
9.891063570976257324e-01
4.431726634502410889e-01
9.994251728057861328e-01
9.838535785675048828e-01
5.397484302520751953e-01
9.962846040725708008e-01
4.608208835124969482e-01
9.895560145378112793e-01
9.999980926513671875e-01
9.999990463256835938e-01
9.954492449760437012e-01
4.669839441776275635e-01
4.687518477439880371e-01
4.580914974212646484e-01
4.809864759445190430e-01
4.889020621776580811e-01
9.964488744735717773e-01
4.685683548450469971e-01
6.951544284820556641e-01
4.807998836040496826e-01
9.832726716995239258e-01
9.578446745872497559e-01
4.988716244697570801e-01
9.882532954216003418e-01
9.708064198493957520e-01
4.766700863838195801e-01
4.488580226898193359e-01
5.101319551467895508e-01
5.059500932693481445e-01
9.923857450485229492e-01
9.920803904533386230e-01
4.600291848182678223e-01
9.912496805191040039e-01
4.576728045940399170e-01
4.657916724681854248e-01
9.940151572227478027e-01
4.621684551239013672e-01
9.967294931411743164e-01
4.643282592296600342e-01
3.938462138175964355e-01
9.989246726036071777e-01
9.986240863800048828e-01
4.640489816665649414e-01
9.921360015869140625e-01
9.963706731796264648e-01
4.936434328556060791e-01
4.621018171310424805e-01
4.575159549713134766e-01
9.887145161628723145e-01
9.971543550491333008e-01
4.805043935775756836e-01
4.644584953784942627e-01
9.879035353660583496e-01
4.681964218616485596e-01
9.880254864692687988e-01
9.923486709594726562e-01
4.664661288261413574e-01
6.348061561584472656e-01
9.964587092399597168e-01
5.886557102203369141e-01
5.248280763626098633e-01
8.383911252021789551e-01
4.881973862648010254e-01
5.750691890716552734e-01
6.459158062934875488e-01
1.000000000000000000e+00
9.977757334709167480e-01
9.951602816581726074e-01
3.410446941852569580e-01
8.532824516296386719e-01
6.740332245826721191e-01
4.973059296607971191e-01
6.448613405227661133e-01
5.035390257835388184e-01
6.075883507728576660e-01
7.611529231071472168e-01
9.998825788497924805e-01
9.948058724403381348e-01
5.681989192962646484e-01
9.951956868171691895e-01
5.248647928237915039e-01
6.685764789581298828e-01
7.951249480247497559e-01
4.918157458305358887e-01
6.348061561584472656e-01
9.877940416336059570e-01
9.993926286697387695e-01
6.081761717796325684e-01
5.874093770980834961e-01
7.654079794883728027e-01
5.447166562080383301e-01
9.999994039535522461e-01
6.049419045448303223e-01
6.448308229446411133e-01
9.948722720146179199e-01
5.443225502967834473e-01
9.999883174896240234e-01
5.361110568046569824e-01
4.397085607051849365e-01
9.990440011024475098e-01
7.964628338813781738e-01
6.052669882774353027e-01
5.053959488868713379e-01
9.999135732650756836e-01
5.020386576652526855e-01
4.905295073986053467e-01
9.994720816612243652e-01
9.916244149208068848e-01
7.076916098594665527e-01
6.991890668869018555e-01
4.934383034706115723e-01
4.652408957481384277e-01
9.992776513099670410e-01
9.957820177078247070e-01
4.549190998077392578e-01
4.217036366462707520e-01
7.529650926589965820e-01
4.227109849452972412e-01
5.813165903091430664e-01
6.059188842773437500e-01
9.986525177955627441e-01
4.480251669883728027e-01
4.278914332389831543e-01
6.639650464057922363e-01
7.889989614486694336e-01
6.041404008865356445e-01
6.182138323783874512e-01
4.736429154872894287e-01
4.082952141761779785e-01
3.396142721176147461e-01
4.177970588207244873e-01
5.757846832275390625e-01
7.611920833587646484e-01
9.990332126617431641e-01
4.171613454818725586e-01
5.182814598083496094e-01
4.871566891670227051e-01
9.940273761749267578e-01
9.873296022415161133e-01
7.152717113494873047e-01
4.771072268486022949e-01
9.988663196563720703e-01
5.297514796257019043e-01
6.654291749000549316e-01
4.439828395843505859e-01
9.997964501380920410e-01
4.603275060653686523e-01
7.003484964370727539e-01
4.579752087593078613e-01
5.995407104492187500e-01
5.537127256393432617e-01
6.910043358802795410e-01
5.291962027549743652e-01
3.899516463279724121e-01
9.994651675224304199e-01
8.749617934226989746e-01
4.378196001052856445e-01
8.825988769531250000e-01
3.692457079887390137e-01
4.763440787792205811e-01
4.520178139209747314e-01
4.569306969642639160e-01
4.393469691276550293e-01
9.806573987007141113e-01
9.973080158233642578e-01
9.951792955398559570e-01
9.992358684539794922e-01
9.311068654060363770e-01
9.870764613151550293e-01
4.464255869388580322e-01
5.714353322982788086e-01
5.802413821220397949e-01
9.999798536300659180e-01
9.996260404586791992e-01
9.786464571952819824e-01
3.404411077499389648e-01
4.160495698451995850e-01
9.978156089782714844e-01
4.923679232597351074e-01
4.084118306636810303e-01
8.303945064544677734e-01
9.813450574874877930e-01
9.974603652954101562e-01
9.914965629577636719e-01
9.896929860115051270e-01
5.372072458267211914e-01
6.372052431106567383e-01
4.088966548442840576e-01
9.992713332176208496e-01
3.855115175247192383e-01
4.522541463375091553e-01
9.948363304138183594e-01
9.931051135063171387e-01
5.108374953269958496e-01
4.478505849838256836e-01
9.999997615814208984e-01
4.613767862319946289e-01
9.923106431961059570e-01
5.362648963928222656e-01
4.040141403675079346e-01
7.777228951454162598e-01
4.090417921543121338e-01
1.000000000000000000e+00
4.136573970317840576e-01
4.351705312728881836e-01
9.965637326240539551e-01
9.821097850799560547e-01
6.397797465324401855e-01
4.872266054153442383e-01
4.162200391292572021e-01
1.000000000000000000e+00
7.399090528488159180e-01
9.967104196548461914e-01
9.960770010948181152e-01
4.879299104213714600e-01
8.881487250328063965e-01
4.492426216602325439e-01
6.394102573394775391e-01
9.978941082954406738e-01
6.700827479362487793e-01
4.273953735828399658e-01
4.368492960929870605e-01
9.994031190872192383e-01
7.237837910652160645e-01
9.795644879341125488e-01
1.000000000000000000e+00
9.931752085685729980e-01
4.594061672687530518e-01
9.994124174118041992e-01
9.945427179336547852e-01
9.891730546951293945e-01
4.187199175357818604e-01
9.971507191658020020e-01
3.643470108509063721e-01
5.120491385459899902e-01
4.197136163711547852e-01
7.417012751102447510e-02
1.376745998859405518e-01
2.226201742887496948e-01
4.533706307411193848e-01
2.109433710575103760e-01
4.212075471878051758e-01
4.377296864986419678e-01
4.249455630779266357e-01
5.110786557197570801e-01
8.589228987693786621e-02
5.617309734225273132e-02
4.686959087848663330e-01
2.368182986974716187e-01
2.723622620105743408e-01
3.923635184764862061e-01
4.556932449340820312e-01
4.742687642574310303e-01
4.286867678165435791e-01
4.177337288856506348e-01
4.805581569671630859e-01
2.206160873174667358e-01
1.386764943599700928e-01
4.939718246459960938e-01
5.545255541801452637e-02
3.474220931529998779e-01
1.779070198535919189e-01
2.695583403110504150e-01
2.261194437742233276e-01
1.081206053495407104e-01
4.127182662487030029e-01
1.954440027475357056e-01
4.086178541183471680e-01
2.722438275814056396e-01
3.584174513816833496e-01
2.090035676956176758e-01
4.309203624725341797e-01
3.824567496776580811e-01
2.032144963741302490e-01
4.181243777275085449e-01
4.061085879802703857e-01
2.382924705743789673e-01
3.845396935939788818e-01
4.768781960010528564e-01
4.017445147037506104e-01
4.171392917633056641e-01
3.101103007793426514e-01
3.922065496444702148e-01
3.697026669979095459e-01
1.013135313987731934e-01
3.745502233505249023e-01
1.958292126655578613e-01
4.340379834175109863e-01
1.722839474678039551e-01
7.787995040416717529e-02
5.561347603797912598e-01
1.612991690635681152e-01
3.095794916152954102e-01
3.806024193763732910e-01
1.591982692480087280e-01
2.294356077909469604e-01
3.722213208675384521e-01
2.504613697528839111e-01
2.146203517913818359e-01
4.107888340950012207e-01
4.406304955482482910e-01
2.285249978303909302e-01
9.693682193756103516e-02
3.407708704471588135e-01
4.181228876113891602e-01
3.931443095207214355e-01
3.778510093688964844e-01
2.907103598117828369e-01
4.622241854667663574e-01
1.816761940717697144e-01
3.264459073543548584e-01
4.245548546314239502e-01
7.010360062122344971e-02
6.371223926544189453e-02
2.078299969434738159e-01
8.272194117307662964e-02
6.692211329936981201e-02
1.485103815793991089e-01
1.570306420326232910e-01
2.015202194452285767e-01
6.462620496749877930e-01
8.745697885751724243e-02
5.529880523681640625e-01
7.292395085096359253e-02
4.946380257606506348e-01
1.727336049079895020e-01
5.797129869461059570e-01
3.094652593135833740e-01
8.527966588735580444e-02
3.657192587852478027e-01
6.489786505699157715e-02
7.385408133268356323e-02
3.773389160633087158e-01
3.581192493438720703e-01
1.031243652105331421e-01
2.668563723564147949e-01
5.562310665845870972e-02
3.747488558292388916e-02
8.349700272083282471e-02
6.212416291236877441e-02
9.708105772733688354e-02
2.033512145280838013e-01
2.278670966625213623e-01
4.880486726760864258e-01
8.764854818582534790e-02
1.090280562639236450e-01
8.379938453435897827e-02
1.776020079851150513e-01
7.558990269899368286e-02
2.433898448944091797e-01
5.292919874191284180e-01
6.038311496376991272e-02
2.033550739288330078e-01
6.068221852183341980e-02
1.272846460342407227e-01
2.536235749721527100e-01
1.121218875050544739e-01
9.098642319440841675e-02
9.529969096183776855e-02
7.072034478187561035e-02
7.970354706048965454e-02
8.131565898656845093e-02
9.933435916900634766e-02
5.399964451789855957e-01
1.060643121600151062e-01
7.320202887058258057e-02
3.484549373388290405e-02
7.453680038452148438e-01
1.237078011035919189e-01
5.331246554851531982e-02
2.438136041164398193e-01
2.536248266696929932e-01
1.464785635471343994e-01
7.074139267206192017e-02
1.898303776979446411e-01
7.138822972774505615e-02
1.033551394939422607e-01
2.982256412506103516e-01
2.012218832969665527e-01
7.386315613985061646e-02
1.638095676898956299e-01
2.125368863344192505e-01
8.034733682870864868e-02
6.054755449295043945e-01
9.783753007650375366e-02
2.141412049531936646e-01
1.106701493263244629e-01
2.214467823505401611e-01
3.243416547775268555e-01
3.201021254062652588e-01
1.686694473028182983e-01
1.961461454629898071e-01
1.429808139801025391e-01
7.967429608106613159e-02
1.284397095441818237e-01
1.684769392013549805e-01
4.151013791561126709e-01
2.434197813272476196e-01
2.028413265943527222e-01
1.320355385541915894e-01
2.432464808225631714e-01
1.637203544378280640e-01
2.379354983568191528e-01
2.530647516250610352e-01
1.326370537281036377e-01
3.333256840705871582e-01
4.093925356864929199e-01
4.780319035053253174e-01
5.256124138832092285e-01
5.044493675231933594e-01
4.691023230552673340e-01
5.871719121932983398e-01
4.643535315990447998e-01
4.641917645931243896e-01
5.483617186546325684e-01
4.254078567028045654e-01
6.104280948638916016e-01
4.538710415363311768e-01
4.895431101322174072e-01
4.456065893173217773e-01
4.894823133945465088e-01
4.497871696949005127e-01
5.315854549407958984e-01
4.815404415130615234e-01
4.701778292655944824e-01
4.654738605022430420e-01
4.446226358413696289e-01
5.388634204864501953e-01
4.086698293685913086e-01
4.955528676509857178e-01
4.812363684177398682e-01
4.784197509288787842e-01
4.726749062538146973e-01
4.722308516502380371e-01
3.836408257484436035e-01
3.527643680572509766e-01
5.639702081680297852e-01
4.627214074134826660e-01
4.597394466400146484e-01
5.921429991722106934e-01
4.954768717288970947e-01
4.741069376468658447e-01
4.909811913967132568e-01
4.224544167518615723e-01
6.388337016105651855e-01
4.107599258422851562e-01
5.632025003433227539e-01
4.698355793952941895e-01
4.647440612316131592e-01
5.488209128379821777e-01
4.706631302833557129e-01
4.679014384746551514e-01
4.696733355522155762e-01
4.592263102531433105e-01
5.118042826652526855e-01
4.540168642997741699e-01
4.458267390727996826e-01
5.682114362716674805e-01
4.551998078823089600e-01
4.789038300514221191e-01
4.684903919696807861e-01
4.989937543869018555e-01
4.533631801605224609e-01
4.205482304096221924e-01
4.708821475505828857e-01
4.540760517120361328e-01
5.281485915184020996e-01
5.542088747024536133e-01
5.206049084663391113e-01
4.830919206142425537e-01
4.673136472702026367e-01
6.439303159713745117e-01
4.917797744274139404e-01
4.808434247970581055e-01
2.797820866107940674e-01
5.338445901870727539e-01
3.151817917823791504e-01
4.734500050544738770e-01
4.695603847503662109e-01
4.129428565502166748e-01
4.393269121646881104e-01
4.638225734233856201e-01
4.605693817138671875e-01
4.619162976741790771e-01
4.631672799587249756e-01
4.226733744144439697e-01
4.738830626010894775e-01
4.013427793979644775e-01
3.822868168354034424e-01
4.817963242530822754e-01
4.533813595771789551e-01
3.119336962699890137e-01
4.565930962562561035e-01
4.582628607749938965e-01
4.547134339809417725e-01
2.260292172431945801e-01
4.535194635391235352e-01
4.623253047466278076e-01
4.749023020267486572e-01
4.228287637233734131e-01
4.587498605251312256e-01
5.562846660614013672e-01
4.596238732337951660e-01
4.903861880302429199e-01
4.585016071796417236e-01
4.645883440971374512e-01
4.176472425460815430e-01
4.542064070701599121e-01
4.911583960056304932e-01
4.645046293735504150e-01
4.657669067382812500e-01
4.650070965290069580e-01
4.566451609134674072e-01
4.634709358215332031e-01
2.734124064445495605e-01
2.060327976942062378e-01
4.783548116683959961e-01
4.101322889328002930e-01
4.778449237346649170e-01
4.357057511806488037e-01
4.132324457168579102e-01
4.215914309024810791e-01
3.305736184120178223e-01
4.594207108020782471e-01
4.590963125228881836e-01
4.553858339786529541e-01
4.599246382713317871e-01
5.054451227188110352e-01
4.753558635711669922e-01
4.064677059650421143e-01
2.180263251066207886e-01
4.660904407501220703e-01
4.596479833126068115e-01
4.837957024574279785e-01
4.678654074668884277e-01
5.846409797668457031e-01
5.599426031112670898e-01
3.119710087776184082e-01
5.031028389930725098e-01
4.565428495407104492e-01
6.173729896545410156e-01
4.712947309017181396e-01
4.292460680007934570e-01
4.699207544326782227e-01
2.897572219371795654e-01
4.481741487979888916e-01
3.008178472518920898e-01
6.126273274421691895e-01
4.618885815143585205e-01
4.713647961616516113e-01
3.602586388587951660e-01
4.369300603866577148e-01
4.746959209442138672e-01
4.629898369312286377e-01
4.045824706554412842e-01
1.843363642692565918e-01
3.761403560638427734e-01
4.182751178741455078e-01
5.168098211288452148e-01
3.931681215763092041e-01
3.087497353553771973e-01
3.192580342292785645e-01
2.797709703445434570e-01
5.395749211311340332e-01
1.910652220249176025e-01
3.828067481517791748e-01
3.745958507061004639e-01
3.044275939464569092e-01
4.587504565715789795e-01
1.974433958530426025e-01
2.434725165367126465e-01
5.029912590980529785e-01
3.564836084842681885e-01
4.251117706298828125e-01
1.046224310994148254e-01
6.949774622917175293e-01
4.644926488399505615e-01
8.841140568256378174e-02
3.810637891292572021e-01
1.063926741480827332e-01
3.934598565101623535e-01
4.505622684955596924e-01
1.307678371667861938e-01
1.577049046754837036e-01
5.262382626533508301e-01
1.543234437704086304e-01
1.180261522531509399e-01
5.325554013252258301e-01
2.573514580726623535e-01
2.920196056365966797e-01
9.438154846429824829e-02
3.763383030891418457e-01
6.565938591957092285e-01
4.790849983692169189e-01
2.979353964328765869e-01
4.753717184066772461e-01
2.156852334737777710e-01
3.141752481460571289e-01
4.697591662406921387e-01
2.192388921976089478e-01
2.745423614978790283e-01
4.721877574920654297e-01
3.605946302413940430e-01
4.063584208488464355e-01
4.553349316120147705e-01
1.321290880441665649e-01
3.327116072177886963e-01
3.662074208259582520e-01
1.614202558994293213e-01
3.526324927806854248e-01
4.142901897430419922e-01
4.609738290309906006e-01
1.103842407464981079e-01
5.085061788558959961e-01
5.041913390159606934e-01
2.863544225692749023e-01
4.237129390239715576e-01
4.714413285255432129e-01
1.950116753578186035e-01
4.111543893814086914e-01
4.318098723888397217e-01
3.258324861526489258e-01
1.860746890306472778e-01
4.911087453365325928e-01
3.951752781867980957e-01
2.124836444854736328e-01
4.606602191925048828e-01
1.671189367771148682e-01
5.424506068229675293e-01
2.605047821998596191e-01
3.349553346633911133e-01
5.173216462135314941e-01
1.007314994931221008e-01
3.123965263366699219e-01
3.662629425525665283e-01
3.098025619983673096e-01
5.488417670130729675e-02
9.899002313613891602e-02
1.174463853240013123e-01
3.104879856109619141e-01
1.996960043907165527e-01
5.883013606071472168e-01
1.801170110702514648e-01
1.989142894744873047e-01
4.600352644920349121e-01
1.253293603658676147e-01
5.388116836547851562e-01
5.305836796760559082e-01
4.196756482124328613e-01
4.212297797203063965e-01
4.573096334934234619e-01
4.732796177268028259e-02
2.953988313674926758e-01
3.958235681056976318e-01
2.196547538042068481e-01
4.372899830341339111e-01
4.650924801826477051e-01
4.225780963897705078e-01
2.883522212505340576e-01
4.550627171993255615e-01
4.610027074813842773e-01
4.851306676864624023e-01
4.220282733440399170e-01
3.904134407639503479e-02
2.205756455659866333e-01
4.424459934234619141e-01
2.551348805427551270e-01
3.187169730663299561e-01
3.917113840579986572e-01
5.887643098831176758e-01
1.826795190572738647e-01
8.161036670207977295e-02
2.699345052242279053e-01
1.554922461509704590e-01
4.075181484222412109e-01
5.637933015823364258e-01
4.502424597740173340e-01
1.342645734548568726e-01
4.431793689727783203e-01
1.318398714065551758e-01
4.362848103046417236e-01
1.701309978961944580e-01
3.958830535411834717e-01
4.039998352527618408e-01
2.316810190677642822e-01
2.118719071149826050e-01
1.117330342531204224e-01
9.860706925392150879e-01
4.084335565567016602e-01
4.846730232238769531e-01
6.855292618274688721e-02
4.952684938907623291e-01
1.883095055818557739e-01
4.737175703048706055e-01
2.871808111667633057e-01
1.173812896013259888e-01
3.816303312778472900e-01
3.386806249618530273e-01
3.699994087219238281e-01
6.075528264045715332e-01
4.237271249294281006e-01
3.001980483531951904e-01
3.751321136951446533e-01
9.395404160022735596e-02
2.690296173095703125e-01
5.189850926399230957e-01
1.732682883739471436e-01
5.109447240829467773e-01
4.983837604522705078e-01
3.190080225467681885e-01
5.290355682373046875e-01
1.065348610281944275e-01
3.572947978973388672e-01
4.515872001647949219e-01
1.030327752232551575e-01
4.457091987133026123e-01
5.379745960235595703e-01
1.552621424198150635e-01
4.750598073005676270e-01
4.265358150005340576e-01
4.029494524002075195e-01
1.240969896316528320e-01
4.560690224170684814e-01
3.126841187477111816e-01
3.979639112949371338e-01
4.078139960765838623e-01
7.654532790184020996e-02
5.494412183761596680e-01
3.738499283790588379e-01
1.831338256597518921e-01
1.075924262404441833e-01
3.563976883888244629e-01
3.856070339679718018e-01
1.898897439241409302e-01
4.372250139713287354e-01
