4.839884042739868164e-01
4.565294384956359863e-01
5.235370993614196777e-01
4.987060129642486572e-01
4.360520839691162109e-01
4.997233450412750244e-01
5.015366077423095703e-01
5.236001610755920410e-01
5.253293514251708984e-01
4.811915159225463867e-01
5.042773485183715820e-01
4.903116822242736816e-01
4.890780448913574219e-01
5.342726707458496094e-01
4.868848919868469238e-01
5.164281129837036133e-01
4.341256022453308105e-01
5.228061079978942871e-01
4.823734760284423828e-01
5.180256962776184082e-01
5.322057604789733887e-01
4.991805851459503174e-01
5.472158789634704590e-01
5.002536773681640625e-01
5.233450531959533691e-01
4.690320491790771484e-01
4.983611404895782471e-01
5.163509249687194824e-01
4.533226191997528076e-01
5.216150879859924316e-01
5.125693082809448242e-01
4.905142486095428467e-01
5.348988771438598633e-01
5.102354884147644043e-01
4.842605888843536377e-01
5.476232767105102539e-01
5.020427107810974121e-01
4.578105211257934570e-01
4.892834424972534180e-01
5.157823562622070312e-01
4.979203641414642334e-01
5.108364820480346680e-01
5.387988090515136719e-01
5.179693698883056641e-01
5.466880798339843750e-01
4.987739026546478271e-01
4.696196913719177246e-01
4.615970551967620850e-01
5.228555202484130859e-01
4.212140738964080811e-01
5.471937060356140137e-01
4.934652447700500488e-01
5.040237903594970703e-01
5.399688482284545898e-01
5.196117162704467773e-01
4.901578128337860107e-01
4.729380011558532715e-01
5.524876713752746582e-01
4.969696402549743652e-01
4.975486099720001221e-01
5.617325901985168457e-01
4.976556599140167236e-01
5.024805068969726562e-01
5.069928765296936035e-01
5.298450589179992676e-01
4.692111313343048096e-01
4.901114702224731445e-01
4.636615812778472900e-01
4.594233036041259766e-01
5.175343155860900879e-01
5.472823977470397949e-01
5.260324478149414062e-01
5.168396830558776855e-01
4.895942509174346924e-01
5.057131052017211914e-01
4.260750412940979004e-01
5.627295374870300293e-01
6.037269234657287598e-01
4.258386790752410889e-01
5.871467590332031250e-01
5.887688398361206055e-01
5.684075355529785156e-01
5.983436703681945801e-01
5.203725099563598633e-01
5.709265470504760742e-01
5.758360028266906738e-01
4.471853077411651611e-01
5.892618298530578613e-01
4.806337356567382812e-01
4.309526085853576660e-01
4.206785559654235840e-01
4.494750201702117920e-01
5.726727843284606934e-01
4.316819608211517334e-01
5.705080628395080566e-01
6.096861958503723145e-01
4.445140659809112549e-01
5.591735839843750000e-01
5.752955079078674316e-01
5.262368321418762207e-01
6.058104038238525391e-01
5.936725735664367676e-01
5.670930743217468262e-01
5.761073827743530273e-01
5.915004014968872070e-01
4.981226027011871338e-01
4.747871756553649902e-01
4.407990574836730957e-01
5.885722637176513672e-01
5.914214253425598145e-01
5.833258032798767090e-01
5.081917047500610352e-01
5.784195661544799805e-01
5.482690334320068359e-01
5.595875978469848633e-01
5.757776498794555664e-01
5.346871018409729004e-01
4.446693360805511475e-01
4.391742646694183350e-01
5.210053920745849609e-01
5.646291971206665039e-01
4.508241713047027588e-01
5.912037491798400879e-01
5.620512962341308594e-01
4.436544775962829590e-01
5.903435349464416504e-01
4.394510090351104736e-01
4.375986158847808838e-01
5.910035371780395508e-01
6.100801229476928711e-01
6.113539934158325195e-01
5.851078033447265625e-01
4.331693947315216064e-01
5.738943219184875488e-01
4.565941095352172852e-01
4.240276217460632324e-01
5.903306603431701660e-01
6.202014684677124023e-01
4.535481631755828857e-01
6.023037433624267578e-01
5.753856897354125977e-01
4.551478028297424316e-01
5.396841764450073242e-01
5.761398077011108398e-01
4.785237908363342285e-01
4.379325807094573975e-01
5.802941322326660156e-01
4.958817958831787109e-01
5.900752544403076172e-01
5.800864696502685547e-01
3.961043059825897217e-01
4.509139358997344971e-01
4.346362352371215820e-01
4.684012830257415771e-01
3.967027962207794189e-01
4.846643209457397461e-01
4.494503438472747803e-01
4.321064949035644531e-01
4.524623155593872070e-01
4.310644865036010742e-01
4.139921665191650391e-01
5.077829360961914062e-01
4.819171726703643799e-01
4.380438327789306641e-01
4.839245080947875977e-01
3.985820114612579346e-01
4.584299623966217041e-01
4.445492923259735107e-01
4.455962479114532471e-01
4.600846171379089355e-01
4.766021668910980225e-01
4.564222395420074463e-01
4.764656722545623779e-01
4.937618672847747803e-01
4.597711265087127686e-01
4.712111949920654297e-01
4.576119482517242432e-01
4.484766721725463867e-01
4.841848909854888916e-01
4.819831252098083496e-01
5.054048299789428711e-01
4.736287891864776611e-01
5.101459026336669922e-01
4.854720830917358398e-01
5.231498479843139648e-01
4.637166261672973633e-01
4.950199425220489502e-01
4.892924726009368896e-01
5.266165733337402344e-01
4.958067536354064941e-01
5.510915517807006836e-01
4.779588580131530762e-01
4.813386797904968262e-01
4.543941318988800049e-01
4.685591459274291992e-01
4.731442034244537354e-01
4.501933157444000244e-01
4.567665457725524902e-01
4.432516396045684814e-01
4.396223425865173340e-01
4.369251430034637451e-01
4.987643063068389893e-01
4.993985891342163086e-01
4.605206251144409180e-01
4.675231575965881348e-01
4.363029897212982178e-01
4.942718446254730225e-01
4.639807641506195068e-01
5.182647705078125000e-01
4.587255120277404785e-01
4.578543603420257568e-01
4.511922597885131836e-01
4.801860451698303223e-01
4.568985998630523682e-01
5.262676477432250977e-01
4.759482145309448242e-01
4.677459299564361572e-01
4.598753452301025391e-01
4.558942317962646484e-01
4.566337168216705322e-01
4.777546823024749756e-01
5.075604915618896484e-01
4.944886267185211182e-01
4.784439206123352051e-01
4.840475022792816162e-01
4.715636968612670898e-01
4.859299063682556152e-01
4.694387316703796387e-01
4.511438608169555664e-01
4.785484671592712402e-01
4.486733675003051758e-01
4.660126566886901855e-01
4.661104381084442139e-01
5.315573215484619141e-01
4.478373527526855469e-01
5.353258252143859863e-01
4.808253645896911621e-01
5.050204396247863770e-01
4.072202146053314209e-01
4.499796032905578613e-01
4.712979793548583984e-01
4.266391098499298096e-01
4.881819486618041992e-01
4.660557806491851807e-01
5.294109582901000977e-01
4.370403289794921875e-01
5.013319849967956543e-01
4.863942265510559082e-01
4.968334734439849854e-01
5.258715748786926270e-01
5.012470483779907227e-01
4.986447691917419434e-01
5.003935098648071289e-01
4.924112558364868164e-01
4.922468662261962891e-01
5.080057382583618164e-01
5.123187899589538574e-01
4.574067294597625732e-01
5.200674533843994141e-01
4.662393331527709961e-01
5.328903794288635254e-01
4.921777248382568359e-01
5.151297450065612793e-01
4.979178309440612793e-01
5.324795246124267578e-01
4.611362516880035400e-01
5.230420231819152832e-01
5.256386995315551758e-01
5.109156966209411621e-01
4.916218221187591553e-01
4.883291423320770264e-01
5.540140271186828613e-01
5.431714653968811035e-01
4.882760643959045410e-01
4.996469020843505859e-01
4.964180886745452881e-01
4.908903837203979492e-01
4.768476188182830811e-01
5.023941397666931152e-01
5.041620135307312012e-01
5.001759529113769531e-01
4.935119748115539551e-01
5.701518654823303223e-01
5.291310548782348633e-01
5.134870409965515137e-01
5.050385594367980957e-01
5.132561922073364258e-01
5.464086532592773438e-01
5.140216946601867676e-01
4.954081773757934570e-01
4.843826889991760254e-01
5.019252896308898926e-01
5.042697191238403320e-01
5.099914669990539551e-01
4.762046635150909424e-01
4.780567884445190430e-01
5.060409903526306152e-01
4.888963103294372559e-01
4.884962439537048340e-01
4.891302883625030518e-01
4.983628988265991211e-01
5.140546560287475586e-01
4.934362769126892090e-01
4.655559659004211426e-01
5.138175487518310547e-01
4.997327625751495361e-01
4.898236393928527832e-01
5.335755944252014160e-01
5.273017883300781250e-01
5.009579062461853027e-01
5.093076229095458984e-01
4.669061601161956787e-01
5.246183276176452637e-01
4.928152263164520264e-01
4.971486032009124756e-01
4.890148639678955078e-01
5.143992304801940918e-01
4.539692401885986328e-01
4.970183372497558594e-01
4.730815291404724121e-01
4.882774055004119873e-01
5.098342299461364746e-01
4.989612400531768799e-01
5.076759457588195801e-01
4.670330286026000977e-01
5.636121034622192383e-01
4.894308447837829590e-01
5.219926238059997559e-01
4.983373284339904785e-01
4.577020704746246338e-01
5.928393602371215820e-01
5.736381411552429199e-01
4.614626169204711914e-01
6.045282483100891113e-01
5.358659625053405762e-01
4.870922863483428955e-01
4.940533041954040527e-01
5.021578669548034668e-01
5.527446866035461426e-01
5.625910758972167969e-01
4.901072978973388672e-01
5.235449671745300293e-01
5.151811242103576660e-01
4.588337540626525879e-01
5.035471320152282715e-01
5.212335586547851562e-01
5.589389801025390625e-01
4.526484608650207520e-01
5.098342299461364746e-01
5.469259619712829590e-01
4.602072536945343018e-01
4.940506219863891602e-01
4.931315779685974121e-01
5.455707907676696777e-01
5.050187110900878906e-01
4.932046532630920410e-01
5.315070748329162598e-01
5.246756672859191895e-01
4.878093600273132324e-01
5.198695063591003418e-01
4.883167445659637451e-01
4.986162483692169189e-01
4.699687659740447998e-01
5.079196095466613770e-01
5.402141809463500977e-01
5.347506403923034668e-01
4.805178642272949219e-01
4.397932589054107666e-01
4.746659994125366211e-01
4.912004768848419189e-01
5.107010006904602051e-01
5.141538381576538086e-01
4.982174038887023926e-01
4.842184484004974365e-01
4.937042593955993652e-01
4.629269242286682129e-01
5.182655453681945801e-01
5.138176679611206055e-01
4.653224647045135498e-01
4.478682279586791992e-01
5.542787313461303711e-01
3.994327485561370850e-01
4.940176308155059814e-01
5.090770721435546875e-01
4.354652762413024902e-01
4.361936151981353760e-01
4.375293254852294922e-01
5.166285037994384766e-01
5.297449827194213867e-01
5.333210825920104980e-01
5.057212710380554199e-01
4.566515088081359863e-01
4.085912406444549561e-01
3.851256072521209717e-01
4.659053385257720947e-01
4.704784452915191650e-01
5.098429322242736816e-01
5.008894801139831543e-01
4.616028666496276855e-01
4.981383979320526123e-01
4.766075313091278076e-01
4.442470073699951172e-01
5.114908218383789062e-01
5.466681718826293945e-01
5.057953000068664551e-01
4.799167513847351074e-01
4.731366038322448730e-01
4.898967444896697998e-01
4.732727408409118652e-01
4.925175309181213379e-01
4.626599550247192383e-01
4.777776598930358887e-01
4.576957821846008301e-01
5.187556743621826172e-01
4.887614548206329346e-01
5.289268493652343750e-01
4.929718971252441406e-01
4.155732095241546631e-01
5.144432187080383301e-01
6.000053882598876953e-01
4.505393803119659424e-01
5.993765592575073242e-01
4.386153817176818848e-01
4.980496168136596680e-01
4.553836584091186523e-01
5.349611043930053711e-01
5.085648298263549805e-01
5.347866415977478027e-01
4.740840494632720947e-01
5.321443676948547363e-01
4.522561430931091309e-01
4.638505280017852783e-01
5.129427313804626465e-01
5.443549752235412598e-01
5.349628329277038574e-01
5.590641498565673828e-01
4.985904097557067871e-01
4.811383187770843506e-01
5.351439714431762695e-01
4.692665040493011475e-01
5.059642791748046875e-01
5.111986398696899414e-01
5.037008523941040039e-01
4.929471015930175781e-01
6.066792607307434082e-01
5.318665504455566406e-01
5.419997572898864746e-01
5.201310515403747559e-01
5.292540192604064941e-01
5.473706126213073730e-01
5.479109287261962891e-01
4.858411848545074463e-01
4.528693556785583496e-01
4.833304584026336670e-01
5.351556539535522461e-01
5.015973448753356934e-01
4.873155951499938965e-01
5.303394198417663574e-01
5.182375311851501465e-01
4.761569797992706299e-01
5.080233216285705566e-01
5.326238870620727539e-01
4.601193070411682129e-01
4.856608510017395020e-01
5.980495214462280273e-01
4.845474064350128174e-01
4.782873988151550293e-01
4.882978200912475586e-01
5.051729679107666016e-01
5.072469711303710938e-01
5.900538563728332520e-01
5.467978715896606445e-01
5.217406749725341797e-01
5.107324719429016113e-01
5.149002671241760254e-01
6.122755408287048340e-01
4.727564752101898193e-01
5.063995122909545898e-01
5.321615338325500488e-01
6.586975455284118652e-01
5.080828070640563965e-01
5.514043569564819336e-01
5.377280712127685547e-01
5.656142234802246094e-01
5.015249848365783691e-01
5.045328736305236816e-01
4.754921495914459229e-01
5.603913068771362305e-01
4.840520322322845459e-01
4.919665455818176270e-01
5.485157966613769531e-01
5.228912830352783203e-01
5.291045904159545898e-01
5.255089998245239258e-01
4.629183411598205566e-01
4.960330724716186523e-01
4.653428494930267334e-01
4.523552656173706055e-01
5.375708341598510742e-01
5.046863555908203125e-01
3.934117257595062256e-01
4.023928940296173096e-01
4.482016861438751221e-01
4.959202408790588379e-01
4.119060039520263672e-01
4.832319915294647217e-01
5.202186107635498047e-01
4.891851842403411865e-01
5.213191509246826172e-01
4.232088625431060791e-01
3.754287064075469971e-01
5.228008627891540527e-01
4.178847670555114746e-01
4.147802591323852539e-01
4.777227044105529785e-01
5.081303715705871582e-01
4.943623244762420654e-01
4.905101358890533447e-01
4.871264100074768066e-01
5.169425010681152344e-01
4.592533707618713379e-01
4.366897642612457275e-01
5.026900768280029297e-01
3.731231093406677246e-01
4.804884791374206543e-01
4.292411804199218750e-01
4.620271325111389160e-01
4.627612233161926270e-01
4.209426045417785645e-01
4.914119243621826172e-01
4.109287261962890625e-01
4.893787801265716553e-01
4.424318075180053711e-01
4.813824295997619629e-01
4.885914027690887451e-01
5.007685422897338867e-01
4.872267246246337891e-01
4.036189913749694824e-01
4.879664480686187744e-01
4.849040806293487549e-01
4.187373518943786621e-01
4.851454794406890869e-01
5.216871500015258789e-01
5.057838559150695801e-01
4.860092401504516602e-01
3.975953459739685059e-01
4.679342210292816162e-01
4.545343518257141113e-01
3.916167616844177246e-01
4.525162279605865479e-01
4.491016566753387451e-01
5.107446908950805664e-01
4.075750708580017090e-01
4.061893224716186523e-01
5.216127634048461914e-01
4.548991620540618896e-01
4.458790421485900879e-01
4.878815412521362305e-01
4.230649471282958984e-01
4.833791255950927734e-01
5.008141398429870605e-01
4.391059875488281250e-01
4.364185929298400879e-01
4.786382317543029785e-01
4.976725876331329346e-01
4.236294925212860107e-01
4.167304933071136475e-01
4.282674789428710938e-01
4.704940617084503174e-01
4.706532955169677734e-01
4.929084479808807373e-01
4.441037476062774658e-01
5.103138089179992676e-01
4.194681644439697266e-01
4.576309621334075928e-01
4.684116542339324951e-01
3.827466666698455811e-01
4.009677469730377197e-01
4.159891009330749512e-01
4.084013998508453369e-01
4.024773240089416504e-01
4.119426906108856201e-01
4.270307719707489014e-01
4.525887668132781982e-01
5.039203166961669922e-01
4.086767733097076416e-01
4.215401113033294678e-01
4.063261449337005615e-01
4.939798116683959961e-01
4.380972087383270264e-01
4.721247255802154541e-01
4.626536369323730469e-01
4.058883786201477051e-01
4.279491901397705078e-01
3.846983909606933594e-01
4.036355614662170410e-01
4.650579392910003662e-01
4.569348990917205811e-01
4.121358096599578857e-01
3.854546248912811279e-01
4.079913794994354248e-01
3.635737001895904541e-01
3.917588293552398682e-01
3.822767734527587891e-01
4.075617194175720215e-01
4.248973727226257324e-01
4.702748060226440430e-01
4.916634261608123779e-01
4.076240062713623047e-01
4.216645061969757080e-01
4.114515185356140137e-01
3.901379108428955078e-01
4.057166576385498047e-01
4.109403192996978760e-01
4.895324110984802246e-01
3.896407186985015869e-01
4.063532352447509766e-01
3.950978219509124756e-01
4.289880692958831787e-01
3.800708055496215820e-01
3.819568455219268799e-01
4.104863405227661133e-01
3.998924493789672852e-01
3.938996791839599609e-01
4.146163761615753174e-01
4.101943671703338623e-01
4.526295661926269531e-01
4.261889159679412842e-01
4.007043242454528809e-01
3.897116184234619141e-01
3.800427615642547607e-01
5.067657828330993652e-01
3.982412219047546387e-01
3.744995892047882080e-01
4.075613915920257568e-01
4.575798809528350830e-01
3.965470194816589355e-01
4.034633636474609375e-01
4.435197412967681885e-01
4.148894250392913818e-01
3.986831605434417725e-01
4.520775377750396729e-01
3.806980252265930176e-01
3.878710269927978516e-01
4.387789666652679443e-01
4.609206318855285645e-01
4.050189256668090820e-01
5.218992233276367188e-01
3.923026025295257568e-01
3.942646384239196777e-01
3.730458617210388184e-01
4.244799315929412842e-01
4.049686193466186523e-01
4.390439987182617188e-01
4.207633733749389648e-01
4.184976518154144287e-01
4.013012647628784180e-01
3.292767405509948730e-01
3.757558763027191162e-01
3.970943689346313477e-01
4.340378642082214355e-01
4.256016612052917480e-01
3.762209415435791016e-01
4.036055505275726318e-01
3.881590664386749268e-01
3.747359812259674072e-01
3.847739398479461670e-01
4.273581504821777344e-01
3.699420690536499023e-01
4.224323630332946777e-01
4.374863505363464355e-01
4.470841288566589355e-01
4.619129002094268799e-01
4.547323584556579590e-01
4.486971795558929443e-01
4.995061755180358887e-01
4.496589601039886475e-01
4.547024965286254883e-01
4.686474800109863281e-01
4.270254671573638916e-01
4.934651255607604980e-01
4.279769361019134521e-01
4.458608031272888184e-01
4.343608915805816650e-01
4.543253183364868164e-01
4.399785399436950684e-01
4.792950153350830078e-01
4.591051638126373291e-01
4.498813450336456299e-01
4.423790276050567627e-01
4.322738647460937500e-01
4.723767340183258057e-01
4.150125384330749512e-01
4.873290359973907471e-01
4.482173919677734375e-01
4.465426504611968994e-01
4.594000875949859619e-01
4.588537216186523438e-01
3.991025388240814209e-01
4.084438681602478027e-01
4.698513746261596680e-01
4.632524251937866211e-01
4.330601394176483154e-01
4.820296764373779297e-01
4.495293498039245605e-01
4.647311866283416748e-01
4.468926787376403809e-01
4.252040684223175049e-01
4.995605051517486572e-01
4.369634389877319336e-01
4.682302474975585938e-01
4.397023618221282959e-01
4.414030909538269043e-01
4.889155626296997070e-01
4.508214592933654785e-01
4.518959522247314453e-01
4.503467082977294922e-01
4.532479643821716309e-01
4.591903686523437500e-01
4.396602213382720947e-01
4.410282969474792480e-01
4.713013470172882080e-01
4.539957642555236816e-01
4.511305391788482666e-01
4.436058104038238525e-01
4.529089927673339844e-01
4.548666477203369141e-01
4.330868422985076904e-01
4.463165998458862305e-01
4.321724772453308105e-01
4.683003425598144531e-01
4.639241993427276611e-01
4.649755060672760010e-01
4.492609202861785889e-01
4.588944911956787109e-01
4.934803843498229980e-01
4.625686109066009521e-01
4.515685439109802246e-01
3.853735029697418213e-01
4.724375009536743164e-01
4.507343471050262451e-01
4.507330060005187988e-01
4.625464975833892822e-01
4.970054924488067627e-01
4.568135440349578857e-01
4.991757273674011230e-01
4.652614891529083252e-01
4.334344863891601562e-01
4.987178742885589600e-01
4.731504917144775391e-01
5.025820732116699219e-01
4.629340171813964844e-01
4.669047594070434570e-01
4.863384068012237549e-01
4.703849554061889648e-01
4.455128014087677002e-01
4.803569018840789795e-01
4.925286471843719482e-01
4.763154089450836182e-01
4.694436192512512207e-01
4.804813265800476074e-01
4.876959323883056641e-01
4.846077561378479004e-01
4.659320414066314697e-01
4.874319434165954590e-01
5.125206112861633301e-01
4.361787140369415283e-01
5.057494044303894043e-01
4.872506260871887207e-01
4.914332330226898193e-01
4.925001859664916992e-01
4.734431505203247070e-01
5.110959410667419434e-01
4.996291697025299072e-01
4.986579120159149170e-01
4.898031651973724365e-01
4.743592441082000732e-01
4.951114654541015625e-01
4.295184016227722168e-01
4.407326281070709229e-01
4.982753396034240723e-01
4.515196382999420166e-01
5.171891450881958008e-01
4.816452860832214355e-01
4.476455450057983398e-01
4.784114956855773926e-01
4.571520388126373291e-01
4.939776659011840820e-01
4.715552031993865967e-01
4.871830344200134277e-01
4.949375689029693604e-01
4.954657554626464844e-01
4.938969612121582031e-01
4.573704600334167480e-01
4.276049137115478516e-01
4.824138581752777100e-01
4.881504178047180176e-01
4.854100942611694336e-01
4.682310223579406738e-01
5.286249518394470215e-01
4.395934045314788818e-01
4.556803107261657715e-01
4.773746132850646973e-01
4.937727749347686768e-01
5.417621731758117676e-01
5.037510395050048828e-01
4.841534793376922607e-01
4.870046973228454590e-01
4.333055019378662109e-01
4.738574922084808350e-01
4.465007483959197998e-01
5.220320224761962891e-01
4.911419451236724854e-01
4.986794292926788330e-01
4.366977810859680176e-01
4.698987603187561035e-01
5.106638073921203613e-01
4.901425838470458984e-01
4.797239303588867188e-01
4.388571083545684814e-01
4.700051248073577881e-01
4.764306545257568359e-01
5.079718232154846191e-01
4.805801808834075928e-01
4.954273700714111328e-01
4.404795169830322266e-01
4.427247941493988037e-01
5.110267996788024902e-01
4.511721730232238770e-01
4.562510550022125244e-01
5.151476860046386719e-01
4.980960488319396973e-01
4.719724953174591064e-01
4.468562006950378418e-01
4.554874300956726074e-01
5.004334449768066406e-01
4.515272080898284912e-01
4.869996607303619385e-01
4.471586048603057861e-01
5.313259959220886230e-01
4.744402170181274414e-01
3.913599550724029541e-01
4.771959185600280762e-01
4.164082705974578857e-01
4.764976799488067627e-01
4.856796264648437500e-01
4.376901388168334961e-01
4.784158170223236084e-01
4.975801408290863037e-01
4.113315343856811523e-01
3.757070302963256836e-01
5.052945613861083984e-01
4.573663771152496338e-01
4.715320467948913574e-01
3.719166219234466553e-01
4.999953508377075195e-01
5.268349647521972656e-01
4.587189555168151855e-01
4.760822951793670654e-01
4.994598031044006348e-01
4.285670220851898193e-01
4.707002043724060059e-01
4.737870395183563232e-01
4.342469871044158936e-01
4.393826723098754883e-01
4.849431216716766357e-01
3.629116415977478027e-01
4.526061713695526123e-01
4.553403556346893311e-01
4.028634130954742432e-01
3.867879211902618408e-01
3.913545608520507812e-01
4.582472443580627441e-01
3.961992561817169189e-01
4.487947821617126465e-01
4.808157682418823242e-01
4.183284938335418701e-01
4.949021339416503906e-01
4.578365683555603027e-01
4.989033043384552002e-01
4.032399952411651611e-01
4.630630612373352051e-01
4.479033052921295166e-01
4.567721188068389893e-01
4.346373081207275391e-01
3.898448348045349121e-01
3.931160867214202881e-01
4.904560446739196777e-01
4.505330026149749756e-01
3.601874709129333496e-01
4.823805689811706543e-01
4.609917104244232178e-01
4.922808706760406494e-01
3.713750243186950684e-01
4.095692038536071777e-01
4.387500584125518799e-01
3.794147968292236328e-01
4.156814515590667725e-01
4.872966408729553223e-01
3.932243585586547852e-01
3.602854311466217041e-01
4.315966367721557617e-01
3.908352553844451904e-01
4.852865934371948242e-01
3.987222909927368164e-01
4.943367540836334229e-01
3.725672662258148193e-01
3.633957505226135254e-01
4.621573090553283691e-01
4.595272839069366455e-01
4.883382618427276611e-01
4.833043813705444336e-01
4.661940932273864746e-01
4.335435330867767334e-01
4.734228551387786865e-01
4.216133356094360352e-01
3.940917253494262695e-01
4.326547980308532715e-01
3.589496314525604248e-01
4.396627247333526611e-01
4.867858886718750000e-01
4.556370377540588379e-01
3.769332766532897949e-01
4.470322132110595703e-01
5.399162173271179199e-01
5.261348485946655273e-01
5.145124793052673340e-01
3.468665480613708496e-01
4.304256737232208252e-01
5.077651739120483398e-01
4.175698757171630859e-01
4.565854668617248535e-01
4.985254406929016113e-01
5.852439403533935547e-01
4.529546499252319336e-01
3.955770134925842285e-01
4.583998024463653564e-01
4.122936725616455078e-01
4.880004823207855225e-01
5.424433946609497070e-01
5.084115266799926758e-01
4.013598859310150146e-01
5.126735568046569824e-01
4.529951810836791992e-01
5.026855468750000000e-01
4.412128627300262451e-01
4.927519857883453369e-01
4.977470040321350098e-01
4.758374691009521484e-01
4.480650722980499268e-01
4.244455695152282715e-01
5.040848255157470703e-01
4.883333444595336914e-01
5.546472668647766113e-01
4.055182039737701416e-01
5.150711536407470703e-01
4.792324304580688477e-01
5.185663700103759766e-01
4.538845121860504150e-01
3.821577131748199463e-01
5.030949115753173828e-01
4.734663665294647217e-01
4.747887849807739258e-01
5.438034534454345703e-01
4.793024659156799316e-01
4.407172203063964844e-01
4.693948626518249512e-01
4.228760302066802979e-01
4.198652207851409912e-01
5.180007219314575195e-01
4.471891224384307861e-01
5.230311155319213867e-01
5.350658297538757324e-01
4.634554088115692139e-01
4.965505003929138184e-01
4.123713374137878418e-01
4.668015241622924805e-01
5.152353644371032715e-01
4.550370872020721436e-01
5.156265497207641602e-01
5.550122261047363281e-01
3.962313830852508545e-01
5.601094961166381836e-01
4.869163334369659424e-01
4.909247457981109619e-01
4.409387409687042236e-01
5.193362236022949219e-01
4.423128962516784668e-01
5.108819007873535156e-01
5.056820511817932129e-01
3.981505036354064941e-01
5.396931767463684082e-01
4.769202172756195068e-01
4.554278850555419922e-01
4.222420156002044678e-01
4.605567455291748047e-01
4.759271442890167236e-01
4.473297297954559326e-01
5.188897252082824707e-01
