8.663892149925231934e-01
9.996769428253173828e-01
9.627957344055175781e-01
3.744110763072967529e-01
3.744110763072967529e-01
9.764861464500427246e-01
3.744110763072967529e-01
3.744110763072967529e-01
3.744110763072967529e-01
9.856422543525695801e-01
9.999905824661254883e-01
3.744110763072967529e-01
9.964073300361633301e-01
9.944505691528320312e-01
3.744110763072967529e-01
3.744110763072967529e-01
9.966245889663696289e-01
9.959737658500671387e-01
3.744110763072967529e-01
9.994878768920898438e-01
3.744110763072967529e-01
9.826148748397827148e-01
3.744110763072967529e-01
9.702525138854980469e-01
3.744110763072967529e-01
9.939023256301879883e-01
9.993250370025634766e-01
9.999977350234985352e-01
9.996898174285888672e-01
3.744110763072967529e-01
9.997666478157043457e-01
3.744110763072967529e-01
9.990549683570861816e-01
9.994490742683410645e-01
9.990185499191284180e-01
9.981398582458496094e-01
9.734488725662231445e-01
9.829087257385253906e-01
3.744110763072967529e-01
9.774169921875000000e-01
3.744110763072967529e-01
3.744110763072967529e-01
9.958652257919311523e-01
3.744110763072967529e-01
3.744110763072967529e-01
3.744110763072967529e-01
3.744110763072967529e-01
3.744110763072967529e-01
9.821552634239196777e-01
3.744110763072967529e-01
9.965395927429199219e-01
3.744110763072967529e-01
3.744110763072967529e-01
9.998855590820312500e-01
3.744110763072967529e-01
3.744110763072967529e-01
9.999994039535522461e-01
3.744110763072967529e-01
3.744110763072967529e-01
9.983534812927246094e-01
9.997796416282653809e-01
9.885889291763305664e-01
9.832534193992614746e-01
3.744110763072967529e-01
9.891611933708190918e-01
3.744110763072967529e-01
3.744110763072967529e-01
9.665501117706298828e-01
3.744110763072967529e-01
3.744110763072967529e-01
9.888767600059509277e-01
9.612544178962707520e-01
3.744110763072967529e-01
3.744110763072967529e-01
9.991685152053833008e-01
3.744110763072967529e-01
3.744110763072967529e-01
3.744110763072967529e-01
9.940587282180786133e-01
3.744110763072967529e-01
3.744110763072967529e-01
9.963325262069702148e-01
3.744110763072967529e-01
3.744110763072967529e-01
3.744110763072967529e-01
3.744110763072967529e-01
9.908640980720520020e-01
3.744110763072967529e-01
9.996997117996215820e-01
3.744110763072967529e-01
9.998173117637634277e-01
9.996070265769958496e-01
3.744110763072967529e-01
9.910848736763000488e-01
9.884741902351379395e-01
9.999792575836181641e-01
9.832786917686462402e-01
9.922307133674621582e-01
3.744110763072967529e-01
3.744110763072967529e-01
3.744110763072967529e-01
9.990782737731933594e-01
3.744110763072967529e-01
3.744110763072967529e-01
9.936895370483398438e-01
9.901316165924072266e-01
9.998611211776733398e-01
3.744110763072967529e-01
3.744110763072967529e-01
3.744110763072967529e-01
9.983965754508972168e-01
3.744110763072967529e-01
3.744110763072967529e-01
3.744110763072967529e-01
9.936564564704895020e-01
3.744110763072967529e-01
3.744110763072967529e-01
9.998022913932800293e-01
9.988225102424621582e-01
9.997469782829284668e-01
9.888046383857727051e-01
9.979851245880126953e-01
9.798190593719482422e-01
3.744110763072967529e-01
9.998661279678344727e-01
3.744110763072967529e-01
9.739701151847839355e-01
3.744110763072967529e-01
9.783454537391662598e-01
9.999047517776489258e-01
9.999667406082153320e-01
9.971336126327514648e-01
9.831610321998596191e-01
3.744110763072967529e-01
9.991644620895385742e-01
3.744110763072967529e-01
9.978735446929931641e-01
9.998062252998352051e-01
9.984363913536071777e-01
9.890112876892089844e-01
3.744110763072967529e-01
9.986746311187744141e-01
9.662519097328186035e-01
3.744110763072967529e-01
9.999631643295288086e-01
3.744110763072967529e-01
3.744110763072967529e-01
3.744110763072967529e-01
9.988170862197875977e-01
9.898207187652587891e-01
9.955953955650329590e-01
3.744110763072967529e-01
9.861504435539245605e-01
3.744110763072967529e-01
9.596310257911682129e-01
7.358656525611877441e-01
9.926795959472656250e-01
9.856690168380737305e-01
9.866768121719360352e-01
3.744110763072967529e-01
3.744110763072967529e-01
3.744110763072967529e-01
3.744110763072967529e-01
9.889734387397766113e-01
9.999073743820190430e-01
9.906364083290100098e-01
3.744110763072967529e-01
3.744110763072967529e-01
9.989315867424011230e-01
3.744110763072967529e-01
3.744110763072967529e-01
9.991494417190551758e-01
3.744110763072967529e-01
9.973570704460144043e-01
9.954892992973327637e-01
3.744110763072967529e-01
9.996161460876464844e-01
3.744110763072967529e-01
3.744110763072967529e-01
9.961705803871154785e-01
3.744110763072967529e-01
3.744110763072967529e-01
9.769293665885925293e-01
3.744110763072967529e-01
9.998778104782104492e-01
9.936990737915039062e-01
3.744110763072967529e-01
3.744110763072967529e-01
9.667131304740905762e-01
9.983720183372497559e-01
3.744110763072967529e-01
3.744110763072967529e-01
9.984784722328186035e-01
9.626302123069763184e-01
3.744110763072967529e-01
9.999608993530273438e-01
3.744110763072967529e-01
3.744110763072967529e-01
3.744110763072967529e-01
9.969262480735778809e-01
3.744110763072967529e-01
9.997795224189758301e-01
3.744110763072967529e-01
9.636743664741516113e-01
9.949630498886108398e-01
3.744110763072967529e-01
3.744110763072967529e-01
3.744110763072967529e-01
9.985998272895812988e-01
3.744110763072967529e-01
3.744110763072967529e-01
3.744110763072967529e-01
3.744110763072967529e-01
9.882017970085144043e-01
9.915649890899658203e-01
9.971933960914611816e-01
9.979161620140075684e-01
3.744110763072967529e-01
9.994332194328308105e-01
9.994136095046997070e-01
9.802100062370300293e-01
9.871182441711425781e-01
9.870387315750122070e-01
3.744110763072967529e-01
9.988126754760742188e-01
3.744110763072967529e-01
3.744110763072967529e-01
3.744110763072967529e-01
9.970418810844421387e-01
9.966275095939636230e-01
3.744110763072967529e-01
3.744110763072967529e-01
3.744110763072967529e-01
9.941406846046447754e-01
9.872618317604064941e-01
9.781422019004821777e-01
3.744110763072967529e-01
9.997285008430480957e-01
9.998217225074768066e-01
9.993681311607360840e-01
3.744110763072967529e-01
9.633917212486267090e-01
3.744110763072967529e-01
9.761669635772705078e-01
3.744110763072967529e-01
3.744110763072967529e-01
3.744110763072967529e-01
9.999543428421020508e-01
3.744110763072967529e-01
3.744110763072967529e-01
3.744110763072967529e-01
3.744110763072967529e-01
3.744110763072967529e-01
9.938098788261413574e-01
3.744110763072967529e-01
9.967979788780212402e-01
9.757546782493591309e-01
9.789911508560180664e-01
9.936809539794921875e-01
3.744110763072967529e-01
9.987092018127441406e-01
3.744110763072967529e-01
3.744110763072967529e-01
3.744110763072967529e-01
8.813404440879821777e-01
3.744110763072967529e-01
9.792494177818298340e-01
9.773015379905700684e-01
3.744110763072967529e-01
9.923470020294189453e-01
3.744110763072967529e-01
9.592286348342895508e-01
9.999274015426635742e-01
9.963195323944091797e-01
9.793015718460083008e-01
3.744110763072967529e-01
3.744110763072967529e-01
3.744110763072967529e-01
3.744110763072967529e-01
3.744110763072967529e-01
9.793364405632019043e-01
3.744110763072967529e-01
3.744110763072967529e-01
3.744110763072967529e-01
9.996163845062255859e-01
9.646589756011962891e-01
3.744110763072967529e-01
9.592286348342895508e-01
9.611348509788513184e-01
3.744110763072967529e-01
3.744110763072967529e-01
3.744110763072967529e-01
3.744110763072967529e-01
9.977194666862487793e-01
9.962021708488464355e-01
3.744110763072967529e-01
9.852483272552490234e-01
3.744110763072967529e-01
3.744110763072967529e-01
9.890174865722656250e-01
3.744110763072967529e-01
9.977053999900817871e-01
3.744110763072967529e-01
3.744110763072967529e-01
9.811354279518127441e-01
9.751945734024047852e-01
3.744110763072967529e-01
9.993140697479248047e-01
9.892114400863647461e-01
3.744110763072967529e-01
3.744110763072967529e-01
3.744110763072967529e-01
9.439542293548583984e-01
9.945200085639953613e-01
3.744110763072967529e-01
3.744110763072967529e-01
9.684382081031799316e-01
3.744110763072967529e-01
9.968560934066772461e-01
9.935429096221923828e-01
3.744110763072967529e-01
3.744110763072967529e-01
9.979034662246704102e-01
3.744110763072967529e-01
3.744110763072967529e-01
3.744110763072967529e-01
3.744110763072967529e-01
3.744110763072967529e-01
3.744110763072967529e-01
9.997699856758117676e-01
9.981079101562500000e-01
9.954761862754821777e-01
3.744110763072967529e-01
3.744110763072967529e-01
3.744110763072967529e-01
3.744110763072967529e-01
3.744110763072967529e-01
3.744110763072967529e-01
3.744110763072967529e-01
3.744110763072967529e-01
9.946361184120178223e-01
9.942920207977294922e-01
3.744110763072967529e-01
9.994138479232788086e-01
3.744110763072967529e-01
3.744110763072967529e-01
3.744110763072967529e-01
3.744110763072967529e-01
3.744110763072967529e-01
9.993230104446411133e-01
9.853111505508422852e-01
3.744110763072967529e-01
3.744110763072967529e-01
3.744110763072967529e-01
3.744110763072967529e-01
9.965311884880065918e-01
3.744110763072967529e-01
3.744110763072967529e-01
9.647491574287414551e-01
3.744110763072967529e-01
9.940358400344848633e-01
3.744110763072967529e-01
3.744110763072967529e-01
9.984332919120788574e-01
3.744110763072967529e-01
3.744110763072967529e-01
3.744110763072967529e-01
9.997045397758483887e-01
3.744110763072967529e-01
3.744110763072967529e-01
9.986320137977600098e-01
9.367993474006652832e-01
3.744110763072967529e-01
3.744110763072967529e-01
3.744110763072967529e-01
3.744110763072967529e-01
9.849238395690917969e-01
9.767157435417175293e-01
3.744110763072967529e-01
3.744110763072967529e-01
3.744110763072967529e-01
3.744110763072967529e-01
3.744110763072967529e-01
3.744110763072967529e-01
9.780918955802917480e-01
3.744110763072967529e-01
3.744110763072967529e-01
3.744110763072967529e-01
3.744110763072967529e-01
3.744110763072967529e-01
3.744110763072967529e-01
3.744110763072967529e-01
3.744110763072967529e-01
3.744110763072967529e-01
3.744110763072967529e-01
3.744110763072967529e-01
3.744110763072967529e-01
9.911919236183166504e-01
3.744110763072967529e-01
3.744110763072967529e-01
3.744110763072967529e-01
9.990512728691101074e-01
9.890778064727783203e-01
3.744110763072967529e-01
3.744110763072967529e-01
9.831422567367553711e-01
3.744110763072967529e-01
3.744110763072967529e-01
3.744110763072967529e-01
9.968829154968261719e-01
3.744110763072967529e-01
3.744110763072967529e-01
3.744110763072967529e-01
3.744110763072967529e-01
3.744110763072967529e-01
3.744110763072967529e-01
3.744110763072967529e-01
3.744110763072967529e-01
9.820212125778198242e-01
3.744110763072967529e-01
3.744110763072967529e-01
3.744110763072967529e-01
3.744110763072967529e-01
3.744110763072967529e-01
3.744110763072967529e-01
3.744110763072967529e-01
3.744110763072967529e-01
9.391671419143676758e-01
9.762419462203979492e-01
9.711355566978454590e-01
9.920411705970764160e-01
9.915532469749450684e-01
9.998733997344970703e-01
3.744110763072967529e-01
3.744110763072967529e-01
3.744110763072967529e-01
9.964913725852966309e-01
9.997239708900451660e-01
9.817183017730712891e-01
3.744110763072967529e-01
3.744110763072967529e-01
9.933845400810241699e-01
3.744110763072967529e-01
3.744110763072967529e-01
3.744110763072967529e-01
9.914929270744323730e-01
9.986299276351928711e-01
9.993780851364135742e-01
8.391819596290588379e-01
3.744110763072967529e-01
3.744110763072967529e-01
3.744110763072967529e-01
9.804177284240722656e-01
3.744110763072967529e-01
3.744110763072967529e-01
9.978844523429870605e-01
9.963994026184082031e-01
3.744110763072967529e-01
3.744110763072967529e-01
9.986067414283752441e-01
3.744110763072967529e-01
9.995877146720886230e-01
3.744110763072967529e-01
3.744110763072967529e-01
3.744110763072967529e-01
3.744110763072967529e-01
9.693460464477539062e-01
3.744110763072967529e-01
3.744110763072967529e-01
9.980012774467468262e-01
9.996893405914306641e-01
3.744110763072967529e-01
3.744110763072967529e-01
3.744110763072967529e-01
9.960393905639648438e-01
3.744110763072967529e-01
9.850426912307739258e-01
9.898663759231567383e-01
3.744110763072967529e-01
3.744110763072967529e-01
3.744110763072967529e-01
3.744110763072967529e-01
9.999997615814208984e-01
3.744110763072967529e-01
3.744110763072967529e-01
3.744110763072967529e-01
9.925774931907653809e-01
3.744110763072967529e-01
9.715057015419006348e-01
9.986320137977600098e-01
9.993395209312438965e-01
3.744110763072967529e-01
9.999527931213378906e-01
9.980256557464599609e-01
9.998786449432373047e-01
3.744110763072967529e-01
9.805150032043457031e-01
3.744110763072967529e-01
3.744110763072967529e-01
3.744110763072967529e-01
3.744110763072967529e-01
3.744110763072967529e-01
5.824096873402595520e-02
3.744110763072967529e-01
2.221907228231430054e-01
3.744110763072967529e-01
3.744110763072967529e-01
3.744110763072967529e-01
3.744110763072967529e-01
1.779838353395462036e-01
3.744110763072967529e-01
3.744110763072967529e-01
3.744110763072967529e-01
3.744110763072967529e-01
3.744110763072967529e-01
3.744110763072967529e-01
3.744110763072967529e-01
3.744110763072967529e-01
3.744110763072967529e-01
3.744110763072967529e-01
3.744110763072967529e-01
3.744110763072967529e-01
3.744110763072967529e-01
3.744110763072967529e-01
3.744110763072967529e-01
3.744110763072967529e-01
3.744110763072967529e-01
3.744110763072967529e-01
5.491727590560913086e-02
3.744110763072967529e-01
2.072429358959197998e-01
3.744110763072967529e-01
3.744110763072967529e-01
3.744110763072967529e-01
3.744110763072967529e-01
3.744110763072967529e-01
3.744110763072967529e-01
1.011031642556190491e-01
3.744110763072967529e-01
3.744110763072967529e-01
3.744110763072967529e-01
3.744110763072967529e-01
3.744110763072967529e-01
3.744110763072967529e-01
3.744110763072967529e-01
3.744110763072967529e-01
3.744110763072967529e-01
3.744110763072967529e-01
3.744110763072967529e-01
3.744110763072967529e-01
3.744110763072967529e-01
3.744110763072967529e-01
3.744110763072967529e-01
3.744110763072967529e-01
3.744110763072967529e-01
3.744110763072967529e-01
3.744110763072967529e-01
3.744110763072967529e-01
3.744110763072967529e-01
3.744110763072967529e-01
3.744110763072967529e-01
3.744110763072967529e-01
3.744110763072967529e-01
3.744110763072967529e-01
3.744110763072967529e-01
2.881882190704345703e-01
1.616626530885696411e-01
3.744110763072967529e-01
3.744110763072967529e-01
3.744110763072967529e-01
2.333139181137084961e-01
3.744110763072967529e-01
3.744110763072967529e-01
3.744110763072967529e-01
3.744110763072967529e-01
3.744110763072967529e-01
3.744110763072967529e-01
3.744110763072967529e-01
3.744110763072967529e-01
3.744110763072967529e-01
3.744110763072967529e-01
3.744110763072967529e-01
3.744110763072967529e-01
3.744110763072967529e-01
3.744110763072967529e-01
3.744110763072967529e-01
3.744110763072967529e-01
3.744110763072967529e-01
3.744110763072967529e-01
3.744110763072967529e-01
3.744110763072967529e-01
3.744110763072967529e-01
3.744110763072967529e-01
3.744110763072967529e-01
3.744110763072967529e-01
3.744110763072967529e-01
3.744110763072967529e-01
3.744110763072967529e-01
3.744110763072967529e-01
3.744110763072967529e-01
3.744110763072967529e-01
3.744110763072967529e-01
3.744110763072967529e-01
3.744110763072967529e-01
3.744110763072967529e-01
3.744110763072967529e-01
3.744110763072967529e-01
3.744110763072967529e-01
3.744110763072967529e-01
3.744110763072967529e-01
3.744110763072967529e-01
3.744110763072967529e-01
3.744110763072967529e-01
3.744110763072967529e-01
3.744110763072967529e-01
3.744110763072967529e-01
3.744110763072967529e-01
3.744110763072967529e-01
3.744110763072967529e-01
3.744110763072967529e-01
3.744110763072967529e-01
3.744110763072967529e-01
3.744110763072967529e-01
3.744110763072967529e-01
3.744110763072967529e-01
3.744110763072967529e-01
3.744110763072967529e-01
3.744110763072967529e-01
3.744110763072967529e-01
3.744110763072967529e-01
3.744110763072967529e-01
3.744110763072967529e-01
3.744110763072967529e-01
3.744110763072967529e-01
3.744110763072967529e-01
3.744110763072967529e-01
3.744110763072967529e-01
3.744110763072967529e-01
3.744110763072967529e-01
3.744110763072967529e-01
3.744110763072967529e-01
3.744110763072967529e-01
3.744110763072967529e-01
3.744110763072967529e-01
3.744110763072967529e-01
3.744110763072967529e-01
3.744110763072967529e-01
3.744110763072967529e-01
3.744110763072967529e-01
3.744110763072967529e-01
3.744110763072967529e-01
3.744110763072967529e-01
3.744110763072967529e-01
3.744110763072967529e-01
3.744110763072967529e-01
3.744110763072967529e-01
3.744110763072967529e-01
3.744110763072967529e-01
3.744110763072967529e-01
3.744110763072967529e-01
3.744110763072967529e-01
3.744110763072967529e-01
3.744110763072967529e-01
3.744110763072967529e-01
3.744110763072967529e-01
3.744110763072967529e-01
3.744110763072967529e-01
3.744110763072967529e-01
3.744110763072967529e-01
3.744110763072967529e-01
3.744110763072967529e-01
3.744110763072967529e-01
3.744110763072967529e-01
3.744110763072967529e-01
3.744110763072967529e-01
3.744110763072967529e-01
3.744110763072967529e-01
3.744110763072967529e-01
3.744110763072967529e-01
3.744110763072967529e-01
3.744110763072967529e-01
3.744110763072967529e-01
3.744110763072967529e-01
3.744110763072967529e-01
3.744110763072967529e-01
3.744110763072967529e-01
3.744110763072967529e-01
3.744110763072967529e-01
3.744110763072967529e-01
3.744110763072967529e-01
1.348175108432769775e-01
3.744110763072967529e-01
3.744110763072967529e-01
3.744110763072967529e-01
3.744110763072967529e-01
3.744110763072967529e-01
3.744110763072967529e-01
3.744110763072967529e-01
3.744110763072967529e-01
3.744110763072967529e-01
8.015787601470947266e-02
3.744110763072967529e-01
3.744110763072967529e-01
3.744110763072967529e-01
3.744110763072967529e-01
3.744110763072967529e-01
3.744110763072967529e-01
3.744110763072967529e-01
3.744110763072967529e-01
3.744110763072967529e-01
3.744110763072967529e-01
3.744110763072967529e-01
3.744110763072967529e-01
3.744110763072967529e-01
3.744110763072967529e-01
3.744110763072967529e-01
3.744110763072967529e-01
3.744110763072967529e-01
3.744110763072967529e-01
3.744110763072967529e-01
3.744110763072967529e-01
3.744110763072967529e-01
3.744110763072967529e-01
3.744110763072967529e-01
3.744110763072967529e-01
3.744110763072967529e-01
3.744110763072967529e-01
3.744110763072967529e-01
3.744110763072967529e-01
3.744110763072967529e-01
3.744110763072967529e-01
3.744110763072967529e-01
3.744110763072967529e-01
3.744110763072967529e-01
3.744110763072967529e-01
3.744110763072967529e-01
3.744110763072967529e-01
3.744110763072967529e-01
3.744110763072967529e-01
3.744110763072967529e-01
3.744110763072967529e-01
3.744110763072967529e-01
3.744110763072967529e-01
3.744110763072967529e-01
3.744110763072967529e-01
3.744110763072967529e-01
2.125332131981849670e-03
3.744110763072967529e-01
3.744110763072967529e-01
3.744110763072967529e-01
3.744110763072967529e-01
3.744110763072967529e-01
3.744110763072967529e-01
3.744110763072967529e-01
3.744110763072967529e-01
3.744110763072967529e-01
3.744110763072967529e-01
3.744110763072967529e-01
3.744110763072967529e-01
3.744110763072967529e-01
3.744110763072967529e-01
3.744110763072967529e-01
3.744110763072967529e-01
3.744110763072967529e-01
3.744110763072967529e-01
3.744110763072967529e-01
3.744110763072967529e-01
3.744110763072967529e-01
3.744110763072967529e-01
3.744110763072967529e-01
3.744110763072967529e-01
3.744110763072967529e-01
3.744110763072967529e-01
3.744110763072967529e-01
3.744110763072967529e-01
3.744110763072967529e-01
3.744110763072967529e-01
3.744110763072967529e-01
3.744110763072967529e-01
3.744110763072967529e-01
3.744110763072967529e-01
3.744110763072967529e-01
3.744110763072967529e-01
3.744110763072967529e-01
1.165585368871688843e-01
3.744110763072967529e-01
3.744110763072967529e-01
3.744110763072967529e-01
3.744110763072967529e-01
3.744110763072967529e-01
3.744110763072967529e-01
3.744110763072967529e-01
3.744110763072967529e-01
3.744110763072967529e-01
3.744110763072967529e-01
3.744110763072967529e-01
3.744110763072967529e-01
3.744110763072967529e-01
3.744110763072967529e-01
3.744110763072967529e-01
3.744110763072967529e-01
3.744110763072967529e-01
3.744110763072967529e-01
3.744110763072967529e-01
3.744110763072967529e-01
3.744110763072967529e-01
3.744110763072967529e-01
3.744110763072967529e-01
2.274566888809204102e-01
3.744110763072967529e-01
3.744110763072967529e-01
3.744110763072967529e-01
3.744110763072967529e-01
3.744110763072967529e-01
3.744110763072967529e-01
3.744110763072967529e-01
3.744110763072967529e-01
3.744110763072967529e-01
3.744110763072967529e-01
3.744110763072967529e-01
3.744110763072967529e-01
3.744110763072967529e-01
3.744110763072967529e-01
3.744110763072967529e-01
3.744110763072967529e-01
3.744110763072967529e-01
3.744110763072967529e-01
3.744110763072967529e-01
3.744110763072967529e-01
3.744110763072967529e-01
3.744110763072967529e-01
3.744110763072967529e-01
3.744110763072967529e-01
3.744110763072967529e-01
3.744110763072967529e-01
3.744110763072967529e-01
3.744110763072967529e-01
3.744110763072967529e-01
3.744110763072967529e-01
3.744110763072967529e-01
3.744110763072967529e-01
3.744110763072967529e-01
3.744110763072967529e-01
3.744110763072967529e-01
3.744110763072967529e-01
3.744110763072967529e-01
3.744110763072967529e-01
3.744110763072967529e-01
3.744110763072967529e-01
3.744110763072967529e-01
3.744110763072967529e-01
3.744110763072967529e-01
3.744110763072967529e-01
3.744110763072967529e-01
3.744110763072967529e-01
3.744110763072967529e-01
3.744110763072967529e-01
3.744110763072967529e-01
3.744110763072967529e-01
3.744110763072967529e-01
4.175953101366758347e-03
3.744110763072967529e-01
3.744110763072967529e-01
3.744110763072967529e-01
1.566614061594009399e-01
3.744110763072967529e-01
3.744110763072967529e-01
3.744110763072967529e-01
3.744110763072967529e-01
3.744110763072967529e-01
2.089620977640151978e-01
3.744110763072967529e-01
3.744110763072967529e-01
3.744110763072967529e-01
3.744110763072967529e-01
3.744110763072967529e-01
3.744110763072967529e-01
3.744110763072967529e-01
1.696082353591918945e-01
3.744110763072967529e-01
3.744110763072967529e-01
3.744110763072967529e-01
5.612085107713937759e-03
3.744110763072967529e-01
3.744110763072967529e-01
3.744110763072967529e-01
3.744110763072967529e-01
3.744110763072967529e-01
3.744110763072967529e-01
3.744110763072967529e-01
3.744110763072967529e-01
3.744110763072967529e-01
3.744110763072967529e-01
3.744110763072967529e-01
3.744110763072967529e-01
3.744110763072967529e-01
3.744110763072967529e-01
3.744110763072967529e-01
3.744110763072967529e-01
3.744110763072967529e-01
3.744110763072967529e-01
3.744110763072967529e-01
3.744110763072967529e-01
3.744110763072967529e-01
3.744110763072967529e-01
3.744110763072967529e-01
3.744110763072967529e-01
3.744110763072967529e-01
3.744110763072967529e-01
3.744110763072967529e-01
3.744110763072967529e-01
3.744110763072967529e-01
3.744110763072967529e-01
3.744110763072967529e-01
3.744110763072967529e-01
2.173853106796741486e-02
3.744110763072967529e-01
3.744110763072967529e-01
3.744110763072967529e-01
3.744110763072967529e-01
3.744110763072967529e-01
3.744110763072967529e-01
3.744110763072967529e-01
3.744110763072967529e-01
3.744110763072967529e-01
3.744110763072967529e-01
3.744110763072967529e-01
3.744110763072967529e-01
3.744110763072967529e-01
3.744110763072967529e-01
3.744110763072967529e-01
3.744110763072967529e-01
3.744110763072967529e-01
3.744110763072967529e-01
3.744110763072967529e-01
3.744110763072967529e-01
3.744110763072967529e-01
3.744110763072967529e-01
3.744110763072967529e-01
3.744110763072967529e-01
3.744110763072967529e-01
3.744110763072967529e-01
3.744110763072967529e-01
3.744110763072967529e-01
3.744110763072967529e-01
3.744110763072967529e-01
3.744110763072967529e-01
3.744110763072967529e-01
1.646569222211837769e-01
3.744110763072967529e-01
3.744110763072967529e-01
3.744110763072967529e-01
3.744110763072967529e-01
3.744110763072967529e-01
3.744110763072967529e-01
3.744110763072967529e-01
3.744110763072967529e-01
3.744110763072967529e-01
3.744110763072967529e-01
3.744110763072967529e-01
3.744110763072967529e-01
3.744110763072967529e-01
3.744110763072967529e-01
3.744110763072967529e-01
1.438328176736831665e-01
3.744110763072967529e-01
3.744110763072967529e-01
3.744110763072967529e-01
3.744110763072967529e-01
3.744110763072967529e-01
3.744110763072967529e-01
3.744110763072967529e-01
3.744110763072967529e-01
3.744110763072967529e-01
3.744110763072967529e-01
3.744110763072967529e-01
3.744110763072967529e-01
2.514034137129783630e-02
3.744110763072967529e-01
3.744110763072967529e-01
3.744110763072967529e-01
3.744110763072967529e-01
3.744110763072967529e-01
3.744110763072967529e-01
3.744110763072967529e-01
1.411376148462295532e-01
3.744110763072967529e-01
3.744110763072967529e-01
3.744110763072967529e-01
3.744110763072967529e-01
