9.202954173088073730e-01
6.930813789367675781e-01
8.469043374061584473e-01
9.624342918395996094e-01
9.042529463768005371e-01
9.566069841384887695e-01
9.415119886398315430e-01
9.623302817344665527e-01
9.676949381828308105e-01
9.205794334411621094e-01
7.331008911132812500e-01
8.795375823974609375e-01
9.330241084098815918e-01
9.425439238548278809e-01
7.952624559402465820e-01
9.538204073905944824e-01
9.051330089569091797e-01
8.932484388351440430e-01
8.231750130653381348e-01
9.373586177825927734e-01
9.747697114944458008e-01
8.188002109527587891e-01
9.723441004753112793e-01
9.143572449684143066e-01
8.841183781623840332e-01
9.137955904006958008e-01
8.460972905158996582e-01
8.806780576705932617e-01
8.827677965164184570e-01
9.637210965156555176e-01
7.409725189208984375e-01
9.535133242607116699e-01
8.872680068016052246e-01
8.618455529212951660e-01
8.480513095855712891e-01
9.007639288902282715e-01
9.023358821868896484e-01
9.222041964530944824e-01
9.333930015563964844e-01
8.547727465629577637e-01
9.031333923339843750e-01
8.881279230117797852e-01
9.043731093406677246e-01
9.434283375740051270e-01
9.765716791152954102e-01
9.453226327896118164e-01
8.831652998924255371e-01
8.555263876914978027e-01
6.851084232330322266e-01
9.081673026084899902e-01
9.830938577651977539e-01
9.199591279029846191e-01
8.801009058952331543e-01
7.834668159484863281e-01
9.436631798744201660e-01
7.626664638519287109e-01
9.089495539665222168e-01
9.766004085540771484e-01
9.541853666305541992e-01
7.948187589645385742e-01
8.833699226379394531e-01
9.015978574752807617e-01
9.312555789947509766e-01
9.797022938728332520e-01
9.749625325202941895e-01
6.803175806999206543e-01
9.648246169090270996e-01
8.570362329483032227e-01
7.896519303321838379e-01
8.925789594650268555e-01
9.160351157188415527e-01
9.414139986038208008e-01
9.461007714271545410e-01
9.475412368774414062e-01
8.882260322570800781e-01
9.019653797149658203e-01
8.712247014045715332e-01
9.829139113426208496e-01
8.530627489089965820e-01
8.603338599205017090e-01
8.099573254585266113e-01
8.779348731040954590e-01
9.479733705520629883e-01
9.743734598159790039e-01
9.257639050483703613e-01
7.689453363418579102e-01
8.893919587135314941e-01
9.304442405700683594e-01
9.001309871673583984e-01
8.989176750183105469e-01
9.636033773422241211e-01
8.732498884201049805e-01
9.533853530883789062e-01
9.690218567848205566e-01
8.414926528930664062e-01
9.722126126289367676e-01
9.231327772140502930e-01
9.003227949142456055e-01
9.689763188362121582e-01
9.101191163063049316e-01
9.386786818504333496e-01
9.838829636573791504e-01
9.779730439186096191e-01
8.995130658149719238e-01
9.110700488090515137e-01
9.603990316390991211e-01
7.900213599205017090e-01
9.052854180335998535e-01
9.156843423843383789e-01
9.232785701751708984e-01
8.680649995803833008e-01
7.199355363845825195e-01
9.464361667633056641e-01
8.994220495223999023e-01
9.240757226943969727e-01
8.224363327026367188e-01
9.464008212089538574e-01
9.093178510665893555e-01
8.582816720008850098e-01
7.159627676010131836e-01
9.625889062881469727e-01
8.188123703002929688e-01
8.819796442985534668e-01
8.964707851409912109e-01
9.116746187210083008e-01
9.070021510124206543e-01
7.843235731124877930e-01
8.806694149971008301e-01
9.712119102478027344e-01
8.811789751052856445e-01
9.629647135734558105e-01
9.039123058319091797e-01
9.049389958381652832e-01
9.845288395881652832e-01
9.817224144935607910e-01
9.343724250793457031e-01
9.408344626426696777e-01
9.300502538681030273e-01
9.126333594322204590e-01
7.715349793434143066e-01
8.689268231391906738e-01
8.300654888153076172e-01
7.983399629592895508e-01
9.438741803169250488e-01
8.154945969581604004e-01
8.912655115127563477e-01
9.620436429977416992e-01
6.476982235908508301e-01
9.774812459945678711e-01
9.866451621055603027e-01
9.531482458114624023e-01
9.680676460266113281e-01
9.600711464881896973e-01
9.528367519378662109e-01
9.049692749977111816e-01
9.670744538307189941e-01
9.779930114746093750e-01
9.644325375556945801e-01
9.781930446624755859e-01
9.715003371238708496e-01
9.652075171470642090e-01
9.676081538200378418e-01
9.473214149475097656e-01
9.874609112739562988e-01
9.883133172988891602e-01
9.742451310157775879e-01
9.803977012634277344e-01
9.851304888725280762e-01
9.755157232284545898e-01
9.819222688674926758e-01
6.166144609451293945e-01
6.198893785476684570e-01
8.641611933708190918e-01
8.702586889266967773e-01
7.852994799613952637e-01
7.071456313133239746e-01
8.841117620468139648e-01
6.443220973014831543e-01
9.000175595283508301e-01
9.303147196769714355e-01
9.164509177207946777e-01
9.188348054885864258e-01
7.529816627502441406e-01
9.225034713745117188e-01
9.074742197990417480e-01
7.995196580886840820e-01
8.979790806770324707e-01
9.393007159233093262e-01
7.629109025001525879e-01
6.732720732688903809e-01
7.583001255989074707e-01
8.097044825553894043e-01
8.587568402290344238e-01
8.024197816848754883e-01
8.014215826988220215e-01
7.604833841323852539e-01
6.707941889762878418e-01
5.750833153724670410e-01
7.133626341819763184e-01
8.119098544120788574e-01
7.382729053497314453e-01
6.676955819129943848e-01
9.265477061271667480e-01
7.540714740753173828e-01
8.539295196533203125e-01
8.150387406349182129e-01
9.126778244972229004e-01
9.168971776962280273e-01
9.186593890190124512e-01
7.303134202957153320e-01
7.746282219886779785e-01
8.678639531135559082e-01
8.832999467849731445e-01
8.672152757644653320e-01
8.885579109191894531e-01
8.936960101127624512e-01
7.819593548774719238e-01
9.221913218498229980e-01
6.806973814964294434e-01
9.029776453971862793e-01
5.085274577140808105e-01
5.222146511077880859e-01
7.123282551765441895e-01
9.331064224243164062e-01
8.236641883850097656e-01
4.636024832725524902e-01
8.908363580703735352e-01
8.929399251937866211e-01
7.372480630874633789e-01
8.822979927062988281e-01
9.137943983078002930e-01
8.893101215362548828e-01
9.024689793586730957e-01
9.430786371231079102e-01
8.616294264793395996e-01
8.456127047538757324e-01
8.959921002388000488e-01
7.727363705635070801e-01
5.237990617752075195e-01
9.131331443786621094e-01
9.406859874725341797e-01
7.686814069747924805e-01
9.090892076492309570e-01
6.717131733894348145e-01
7.879241108894348145e-01
9.900469183921813965e-01
9.910907745361328125e-01
9.857094287872314453e-01
9.936807155609130859e-01
9.766436219215393066e-01
9.869175553321838379e-01
9.910906553268432617e-01
9.941326975822448730e-01
9.847804307937622070e-01
9.763201475143432617e-01
9.829077124595642090e-01
9.890423417091369629e-01
5.613179206848144531e-01
9.943858385086059570e-01
9.876006841659545898e-01
9.955143332481384277e-01
9.871817827224731445e-01
9.865685701370239258e-01
9.764654040336608887e-01
9.164683222770690918e-01
9.912789463996887207e-01
9.921520352363586426e-01
9.947683811187744141e-01
9.771715998649597168e-01
9.845155477523803711e-01
9.957947731018066406e-01
9.790559411048889160e-01
9.780670404434204102e-01
9.706130623817443848e-01
9.892482161521911621e-01
9.886162877082824707e-01
9.932839870452880859e-01
9.947806000709533691e-01
9.893779158592224121e-01
9.853242039680480957e-01
9.820057153701782227e-01
9.884313344955444336e-01
9.894277453422546387e-01
1.759937554597854614e-01
9.511395692825317383e-01
9.933044314384460449e-01
9.956547021865844727e-01
9.514492154121398926e-01
9.846993088722229004e-01
9.920404553413391113e-01
9.880427122116088867e-01
9.906681180000305176e-01
9.448546767234802246e-01
9.354541897773742676e-01
9.954321384429931641e-01
9.961110949516296387e-01
9.967189431190490723e-01
9.912725090980529785e-01
9.893149137496948242e-01
9.842171669006347656e-01
9.835499525070190430e-01
9.945878982543945312e-01
9.948846697807312012e-01
9.684864282608032227e-01
8.392804265022277832e-01
9.913280606269836426e-01
9.903233051300048828e-01
9.602231383323669434e-01
9.942644238471984863e-01
9.957861304283142090e-01
9.791983366012573242e-01
9.843434095382690430e-01
9.765873551368713379e-01
9.907512664794921875e-01
9.952298402786254883e-01
9.956158399581909180e-01
9.575058221817016602e-01
9.945123195648193359e-01
9.976143836975097656e-01
9.004546999931335449e-01
9.031799435615539551e-01
9.885485172271728516e-01
9.104925990104675293e-01
9.915026426315307617e-01
8.583557605743408203e-01
9.700460433959960938e-01
9.783891439437866211e-01
8.331787586212158203e-01
9.770666956901550293e-01
9.919075965881347656e-01
8.500198721885681152e-01
8.054527044296264648e-01
8.486915230751037598e-01
9.766455888748168945e-01
9.543510079383850098e-01
9.891499876976013184e-01
9.522497653961181641e-01
8.742513656616210938e-01
7.195991873741149902e-01
9.466532468795776367e-01
9.494572877883911133e-01
9.636729359626770020e-01
9.323573112487792969e-01
9.442474246025085449e-01
9.370055794715881348e-01
9.484144449234008789e-01
8.157266378402709961e-01
9.278427958488464355e-01
9.885485172271728516e-01
9.675361514091491699e-01
8.945376276969909668e-01
9.168487787246704102e-01
9.676635861396789551e-01
9.605908989906311035e-01
9.208638072013854980e-01
9.643153548240661621e-01
9.678102731704711914e-01
9.099280834197998047e-01
9.840415716171264648e-01
8.799607753753662109e-01
8.460421562194824219e-01
9.778199791908264160e-01
8.966605067253112793e-01
9.290085434913635254e-01
8.289818167686462402e-01
9.534034729003906250e-01
9.249399900436401367e-01
9.397924542427062988e-01
9.676702022552490234e-01
4.996635317802429199e-01
9.050357341766357422e-01
9.365456104278564453e-01
9.949765205383300781e-01
9.865083694458007812e-01
9.302637577056884766e-01
9.452059268951416016e-01
9.370464086532592773e-01
9.774517416954040527e-01
9.189495444297790527e-01
9.575697779655456543e-01
9.769744277000427246e-01
8.442337512969970703e-01
9.851998090744018555e-01
4.685926437377929688e-01
9.253591895103454590e-01
8.471906185150146484e-01
9.407864212989807129e-01
9.724154472351074219e-01
7.284474968910217285e-01
9.035679101943969727e-01
9.676919579505920410e-01
9.680693149566650391e-01
9.503729939460754395e-01
7.509534358978271484e-01
9.785625338554382324e-01
9.752183556556701660e-01
9.905179142951965332e-01
9.433642625808715820e-01
9.181089401245117188e-01
7.855236530303955078e-01
9.261839985847473145e-01
8.604635000228881836e-01
9.206233620643615723e-01
9.768210649490356445e-01
9.702441692352294922e-01
9.784296751022338867e-01
9.370407462120056152e-01
9.626918435096740723e-01
9.626544117927551270e-01
9.502477049827575684e-01
9.253314733505249023e-01
9.869029521942138672e-01
8.593649864196777344e-01
5.686712265014648438e-01
8.831530213356018066e-01
6.815325617790222168e-01
9.126448631286621094e-01
9.028995633125305176e-01
8.666425943374633789e-01
9.764410257339477539e-01
9.617773890495300293e-01
8.731102347373962402e-01
9.048197865486145020e-01
8.645395040512084961e-01
8.910973072052001953e-01
8.850525021553039551e-01
9.377430677413940430e-01
9.830821156501770020e-01
7.918286323547363281e-01
7.274911999702453613e-01
8.034420013427734375e-01
7.517195343971252441e-01
9.024667739868164062e-01
9.596763849258422852e-01
8.289868831634521484e-01
9.544317126274108887e-01
8.512876629829406738e-01
9.811083674430847168e-01
9.780348539352416992e-01
8.502080440521240234e-01
9.351248741149902344e-01
9.571817517280578613e-01
7.746426463127136230e-01
9.341264963150024414e-01
9.500430822372436523e-01
9.618008732795715332e-01
9.219566583633422852e-01
8.841054439544677734e-01
8.337938189506530762e-01
9.729608893394470215e-01
8.511619567871093750e-01
9.551308751106262207e-01
9.722169637680053711e-01
7.704192996025085449e-01
9.748387336730957031e-01
7.637444734573364258e-01
9.323073625564575195e-01
9.908049106597900391e-01
9.285784959793090820e-01
9.667996168136596680e-01
9.567680358886718750e-01
9.353066086769104004e-01
9.800893068313598633e-01
7.869725227355957031e-01
9.403050541877746582e-01
8.818653821945190430e-01
4.701292216777801514e-01
7.387259006500244141e-01
9.811169505119323730e-01
9.117047190666198730e-01
8.280735015869140625e-01
9.683808684349060059e-01
9.772258400917053223e-01
9.332782030105590820e-01
9.435693621635437012e-01
9.601286053657531738e-01
6.629257798194885254e-01
8.672484159469604492e-01
9.721635580062866211e-01
8.116664290428161621e-01
9.017302393913269043e-01
9.571347236633300781e-01
8.151639699935913086e-01
9.603918790817260742e-01
9.459322094917297363e-01
7.969236969947814941e-01
6.701460480690002441e-01
9.633389115333557129e-01
9.800221323966979980e-01
7.244719862937927246e-01
9.394987821578979492e-01
9.574837684631347656e-01
8.713141083717346191e-01
8.778787255287170410e-01
8.440907001495361328e-01
8.823461532592773438e-01
4.982872605323791504e-01
8.604787588119506836e-01
9.741867184638977051e-01
9.761595129966735840e-01
5.677509307861328125e-01
1.226596068590879440e-04
1.304977107793092728e-03
3.648742858786135912e-04
4.014330357313156128e-02
5.121395224705338478e-04
1.075701601803302765e-02
5.563367158174514771e-04
4.635229110717773438e-01
7.062403950840234756e-03
4.427456588018685579e-05
4.075454125995747745e-05
1.944236084818840027e-02
2.399536970187909901e-05
8.682677522301673889e-03
7.481016268684470560e-07
5.564099410548806190e-04
2.181432355428114533e-04
1.320801402471261099e-06
1.867237687110900879e-02
8.915727026760578156e-03
2.113795517288963310e-06
5.333363544195890427e-03
5.841833353042602539e-02
2.736024325713515282e-04
4.378191079013049603e-04
9.913875721395015717e-03
7.482400536537170410e-01
2.712604873522650450e-05
7.277724146842956543e-01
3.929172754287719727e-01
1.924676261842250824e-02
4.007614043075591326e-04
1.536264608148485422e-05
6.648291833698749542e-03
7.826469540596008301e-01
2.669198904186487198e-03
2.850267337635159492e-04
1.514345873147249222e-03
1.032801941037178040e-01
2.023280394496396184e-04
3.077175840735435486e-02
6.095464807003736496e-03
1.600208343006670475e-04
7.083480954170227051e-01
3.243870800361037254e-03
8.363364264369010925e-03
2.226918470114469528e-03
6.221109032630920410e-01
4.649481736123561859e-03
4.562617279589176178e-03
4.206586709187831730e-06
2.759028866421431303e-04
2.914141304790973663e-02
3.291282046120613813e-04
2.955144345760345459e-01
1.632927160244435072e-04
3.576526069082319736e-05
7.939595580101013184e-01
5.930625484324991703e-04
3.821363206952810287e-04
3.635603236034512520e-03
6.741481483913958073e-04
3.128353040665388107e-03
2.781369257718324661e-03
5.004559716326184571e-05
1.501695223851129413e-04
5.321480421116575599e-05
2.639847807586193085e-04
3.807493718340992928e-03
9.728342294692993164e-03
1.679670647718012333e-03
5.606513150269165635e-05
3.535439260303974152e-03
1.241940917680040002e-04
7.814172568032518029e-05
1.743408478796482086e-02
7.021626457571983337e-03
4.629984032362699509e-04
2.836263738572597504e-04
2.394760376773774624e-04
6.969047244638204575e-03
4.253342747688293457e-03
3.142868867143988609e-03
8.414278738200664520e-03
7.092367392033338547e-03
4.599149542627856135e-05
4.575989078148268163e-05
2.478498208802193403e-04
9.264845866709947586e-04
5.979034904157742858e-05
5.477453581988811493e-03
6.175504677230492234e-05
1.448552211513742805e-05
3.709264565259218216e-03
9.058781870407983661e-05
1.483353669755160809e-03
1.720405300147831440e-03
1.095499028451740742e-03
1.546315383166074753e-02
3.238537348806858063e-03
8.780566044151782990e-03
1.598833943717181683e-03
1.997795916395261884e-04
3.785031381994485855e-03
2.136195507773663849e-05
3.060396527871489525e-03
9.566226071910932660e-05
1.651786267757415771e-02
7.466828916221857071e-03
4.319424740970134735e-03
2.992218360304832458e-04
2.291028155013918877e-03
9.663172997534275055e-03
2.564884955063462257e-03
1.362453796900808811e-03
7.808295049471780658e-05
9.443120099604129791e-03
1.510919246356934309e-04
1.670085825026035309e-02
1.537744246888905764e-04
1.622302643954753876e-02
3.197792684659361839e-04
5.266607273370027542e-03
9.670030704000964761e-05
2.829743316397070885e-04
3.057984940824098885e-05
4.843564056500326842e-06
1.819624449126422405e-03
4.098054887435864657e-06
6.878864951431751251e-05
4.015749709651572630e-06
1.615377414054819383e-06
2.386822132393717766e-03
9.624135418562218547e-05
2.310980344191193581e-04
5.200790241360664368e-03
8.542519807815551758e-02
2.549504162743687630e-03
7.919444033177569509e-05
6.501271400338737294e-06
4.048705450259149075e-04
2.376393531449139118e-04
6.658276543021202087e-04
3.920901566743850708e-02
7.747115159872919321e-05
3.788198955589905381e-05
2.271072444273158908e-04
8.755049748288001865e-06
1.051939489116193727e-05
4.752797249238938093e-04
4.695556344813667238e-05
1.024161949753761292e-01
1.749727525748312473e-04
7.673688232898712158e-04
7.107976707629859447e-04
4.105141758918762207e-02
1.837481249822303653e-04
2.538969041779637337e-03
2.643756852194201201e-05
2.737746399361640215e-04
1.768520014593377709e-04
3.908990038326010108e-06
1.334366061200853437e-05
1.639725633140187711e-05
9.557256125845015049e-04
2.672839909791946411e-04
6.760506075806915760e-04
4.401361220516264439e-04
5.001929821446537971e-06
2.245576977729797363e-01
2.003307687118649483e-03
1.007237099111080170e-02
1.773794367909431458e-02
2.049947716295719147e-02
3.712301804625894874e-06
5.316910799592733383e-03
1.679653942119330168e-04
1.630024344194680452e-04
4.703863232862204313e-04
4.063488449901342392e-03
5.635845591314136982e-04
8.067050657700747252e-06
2.184174023568630219e-03
8.547332981834188104e-06
2.186538185924291611e-04
1.835970878601074219e-01
1.508788438513875008e-03
8.079876191914081573e-03
5.441345274448394775e-05
4.599056846927851439e-04
2.036986552411690354e-05
2.005897462368011475e-03
1.676190528087317944e-03
3.272182584623806179e-05
1.999019514187239110e-05
7.034748047590255737e-02
3.948241355828940868e-04
6.089800808695144951e-05
3.694729134440422058e-02
4.157669991400325671e-06
2.008938281505834311e-05
9.412415674887597561e-04
2.558203646913170815e-03
1.297556154895573854e-04
1.620378461666405201e-03
2.390601439401507378e-04
4.738743416965007782e-03
1.529980945633724332e-04
4.350582603365182877e-04
3.741910040844231844e-04
9.661313961260020733e-04
2.506061457097530365e-03
1.829055836424231529e-04
2.432224282529205084e-04
4.969111760146915913e-04
1.431481097824871540e-03
1.632439962122589350e-04
3.270852903369814157e-04
4.678104887716472149e-04
7.807237852830439806e-05
3.397330408915877342e-03
7.317317067645490170e-04
3.723713452927768230e-04
2.735046437010169029e-04
1.335969718638807535e-04
1.157389779109507799e-04
2.097487216815352440e-03
3.782895859330892563e-03
8.222894393838942051e-05
4.226824603392742574e-05
1.053304760716855526e-03
3.938720910809934139e-04
4.350236558821052313e-04
3.063693409785628319e-03
3.921157913282513618e-04
5.301816781866364181e-05
2.308650291524827480e-04
6.440737633965909481e-04
1.225361629622057080e-04
1.223866856889799237e-04
5.870952270925045013e-03
1.698482665233314037e-04
2.604271867312490940e-04
7.319109136005863547e-05
2.095219824695959687e-04
2.462687552906572819e-04
1.371889375150203705e-04
3.381830174475908279e-05
8.553772931918501854e-05
4.659673140849918127e-04
3.265350358560681343e-03
1.308985520154237747e-05
1.377711014356464148e-04
1.607486192369833589e-04
2.704252023249864578e-03
3.571195702534168959e-04
7.743488095002248883e-05
1.503497594967484474e-03
3.169374831486493349e-04
1.653450453886762261e-04
1.123017573263496161e-04
1.531330926809459925e-04
9.310392488259822130e-05
1.892908039735630155e-04
2.076388802379369736e-03
3.203361411578953266e-04
2.146829356206580997e-04
8.293912105727940798e-05
9.068638319149613380e-04
1.512562903371872380e-05
1.714936952339485288e-04
1.398482918739318848e-02
2.026701840804889798e-04
5.761920474469661713e-04
3.033401117136236280e-05
1.302371965721249580e-03
6.104848580434918404e-05
2.248537261039018631e-03
3.151077835354954004e-04
2.603509463369846344e-02
1.469460494263330474e-05
3.790316259255632758e-05
1.495864416938275099e-04
2.683666534721851349e-04
1.296777278184890747e-03
9.564638603478670120e-04
5.178295759833417833e-05
1.893485750770196319e-04
5.958413821645081043e-04
4.986259737052023411e-04
2.378054661676287651e-03
4.732234869152307510e-03
2.224660602223593742e-05
1.384910574415698647e-04
1.378793967887759209e-04
3.840968711301684380e-03
1.171319745481014252e-03
3.666432166937738657e-05
1.527776621514931321e-04
1.045127399265766144e-03
1.278968178667128086e-03
2.954651426989585161e-04
1.431158045306801796e-03
8.347414404852315784e-05
8.957258978625759482e-05
1.171547919511795044e-03
2.802398230414837599e-04
2.885200316086411476e-03
2.549488272052258253e-04
1.422635978087782860e-03
1.099300105124711990e-03
6.682553066639229655e-05
2.243101829662919044e-03
1.969247125089168549e-03
4.376691140350885689e-05
4.937680569128133357e-05
2.428940497338771820e-04
1.745422137901186943e-03
8.536091772839426994e-04
1.880719355540350080e-04
5.447783405543304980e-05
1.776841352693736553e-03
9.077166032511740923e-05
1.721829292364418507e-03
4.169805615674704313e-04
2.586549380794167519e-04
4.690069908974692225e-05
3.672983730211853981e-03
8.691329509019851685e-03
3.255046205595135689e-03
2.393286908045411110e-03
3.393579390831291676e-04
4.877004772424697876e-03
8.744993247091770172e-04
3.463279455900192261e-02
4.283074522390961647e-04
4.650882328860461712e-04
2.921269740909337997e-03
3.267996013164520264e-03
1.312339585274457932e-02
2.821622788906097412e-02
1.778414298314601183e-04
5.670692771673202515e-03
3.301819961052387953e-04
1.586963655427098274e-03
1.500101177953183651e-03
1.432999037206172943e-03
4.709321365226060152e-04
7.397423963993787766e-03
2.165176265407353640e-04
3.801122365985065699e-04
9.054094552993774414e-04
6.167252431623637676e-04
1.293349545449018478e-03
4.094864998478442430e-04
2.405562438070774078e-03
4.716099239885807037e-03
9.061249438673257828e-04
2.236384199932217598e-03
1.067343764589168131e-04
6.391539238393306732e-03
5.299838259816169739e-03
9.948430670192465186e-05
7.554689655080437660e-04
2.162830351153388619e-04
9.137221612036228180e-03
5.156469414941966534e-04
4.603061242960393429e-04
1.394046470522880554e-03
3.110579913482069969e-03
1.017011585645377636e-03
2.861388958990573883e-02
1.133262878283858299e-03
2.441242337226867676e-02
7.733996608294546604e-04
4.909318685531616211e-02
9.057642455445602536e-05
8.754478767514228821e-03
9.897582232952117920e-03
1.459194580093026161e-03
1.570416032336652279e-03
5.437365034595131874e-04
9.494513506069779396e-04
2.549530705437064171e-03
8.391615701839327812e-04
5.230806302279233932e-03
1.647641998715698719e-03
5.656157620251178741e-03
1.122825662605464458e-03
6.014572922140359879e-03
2.914018929004669189e-03
1.327529400587081909e-01
4.757590591907501221e-03
4.821649286895990372e-03
8.891082368791103363e-03
1.751549425534904003e-03
3.455935046076774597e-03
1.146248425357043743e-03
7.088133716024458408e-04
9.398936526849865913e-05
1.261934987269341946e-03
2.075607422739267349e-03
1.302689909934997559e-01
2.253796905279159546e-03
7.120623253285884857e-03
1.268719788640737534e-02
2.013686858117580414e-02
5.178958177566528320e-03
8.639615029096603394e-03
2.311998046934604645e-02
7.351938635110855103e-02
1.048386766342446208e-04
9.925592690706253052e-03
8.496582508087158203e-02
7.136256317608058453e-04
2.260050503537058830e-03
1.655664294958114624e-03
1.526756561361253262e-03
6.272095721215009689e-03
1.494583993917331100e-04
1.848245738074183464e-03
4.477704688906669617e-02
6.744900252670049667e-03
1.789697632193565369e-02
6.655425298959016800e-03
5.469479132443666458e-03
1.745262125041335821e-05
9.021621081046760082e-04
1.642512215767055750e-04
2.889999814215116203e-05
1.627218211069703102e-03
1.359421666711568832e-02
1.017741509713232517e-03
9.857374243438243866e-03
6.666174158453941345e-03
2.075663022696971893e-02
2.703515347093343735e-04
3.572322800755500793e-02
1.823731508920900524e-05
1.844627549871802330e-04
2.124161459505558014e-03
4.123500548303127289e-03
1.214089686982333660e-03
2.521432191133499146e-02
5.504017230123281479e-03
2.300520092248916626e-01
2.554288812461891212e-06
1.507738530635833740e-01
1.319564785808324814e-02
7.766747381538152695e-03
2.620366401970386505e-03
1.509657409042119980e-02
4.266615491360425949e-03
1.803791565180290490e-05
9.959087707102298737e-03
1.115658059716224670e-01
7.080328214215114713e-05
7.357089780271053314e-03
1.484523181716213003e-05
8.251852355897426605e-03
7.299177348613739014e-02
7.633534260094165802e-04
4.599291132763028145e-04
3.913111519068479538e-03
1.043124590069055557e-03
1.320253591984510422e-02
1.807941496372222900e-02
4.673236981034278870e-02
1.999610103666782379e-02
1.384996430715546012e-04
4.840643610805273056e-03
2.202111296355724335e-03
1.603095326572656631e-03
2.840739616658538580e-04
9.231247305870056152e-01
4.817242920398712158e-02
2.111113280989229679e-05
2.121072961017489433e-03
5.326685681939125061e-02
7.895931601524353027e-03
7.655684836208820343e-03
4.301102831959724426e-03
2.208547084592282772e-04
2.506864443421363831e-02
8.660860657982993871e-06
9.186643362045288086e-01
2.123871631920337677e-02
1.570427208207547665e-03
1.484068855643272400e-02
3.488942049443721771e-03
4.475871101021766663e-04
6.110615730285644531e-01
6.314516998827457428e-03
1.544903218746185303e-02
4.030365962535142899e-03
2.951938100159168243e-02
1.568151521496474743e-03
7.722010612487792969e-01
2.430251240730285645e-02
3.207817208021879196e-04
1.249799272045493126e-03
5.566477179527282715e-01
4.364860069472342730e-04
1.449364586733281612e-03
8.465808816254138947e-03
8.089612424373626709e-02
6.805582344532012939e-02
1.401843270286917686e-03
2.389530418440699577e-03
5.913661718368530273e-01
6.349959969520568848e-01
4.011670947074890137e-01
1.162466651294380426e-04
1.924200478242710233e-04
6.366961752064526081e-04
2.625390879984479398e-05
1.094725914299488068e-03
9.142419912677723914e-06
2.968956832773983479e-04
1.647934690117835999e-02
3.172877086399239488e-06
5.884677375433966517e-05
9.458287358283996582e-01
8.943251371383666992e-01
2.701347507536411285e-02
2.641088794916868210e-04
4.981488473276840523e-06
1.999164372682571411e-01
1.795058511197566986e-02
6.058106664568185806e-04
4.556777421385049820e-03
