9.999125003814697266e-01
9.932679533958435059e-01
9.870620369911193848e-01
7.854930162429809570e-01
7.854930162429809570e-01
9.160276055335998535e-01
7.854930162429809570e-01
7.854930162429809570e-01
7.854930162429809570e-01
9.848500490188598633e-01
9.499625563621520996e-01
7.854930162429809570e-01
9.931418299674987793e-01
9.871751666069030762e-01
7.854930162429809570e-01
7.854930162429809570e-01
9.973183274269104004e-01
9.907096624374389648e-01
7.737841606140136719e-01
9.957292675971984863e-01
7.854930162429809570e-01
9.797899723052978516e-01
7.854930162429809570e-01
9.725693464279174805e-01
7.854930162429809570e-01
9.900839328765869141e-01
9.941093921661376953e-01
9.871072173118591309e-01
9.938288331031799316e-01
7.854930162429809570e-01
9.924511313438415527e-01
7.841719985008239746e-01
9.326952695846557617e-01
9.911572933197021484e-01
9.826672673225402832e-01
9.946229457855224609e-01
9.589601159095764160e-01
9.905816316604614258e-01
7.854930162429809570e-01
9.916021227836608887e-01
7.854930162429809570e-01
7.854930162429809570e-01
9.757013320922851562e-01
7.854732275009155273e-01
7.854930162429809570e-01
7.854930162429809570e-01
7.854930162429809570e-01
7.854930162429809570e-01
8.972706198692321777e-01
7.854930162429809570e-01
9.958859086036682129e-01
7.854930162429809570e-01
7.854930162429809570e-01
9.993801116943359375e-01
7.854930162429809570e-01
7.854930162429809570e-01
9.949736595153808594e-01
7.854930162429809570e-01
7.854930162429809570e-01
9.904767274856567383e-01
9.969557523727416992e-01
9.422235488891601562e-01
9.754102230072021484e-01
7.854930162429809570e-01
9.904844760894775391e-01
2.926784157752990723e-01
7.854930162429809570e-01
9.730908870697021484e-01
7.854930162429809570e-01
7.854930162429809570e-01
9.830348491668701172e-01
9.907712936401367188e-01
7.854930162429809570e-01
7.854930162429809570e-01
9.751412868499755859e-01
2.926784157752990723e-01
2.926784157752990723e-01
2.926784157752990723e-01
9.863551259040832520e-01
2.926784157752990723e-01
2.926784157752990723e-01
9.848870635032653809e-01
2.926784157752990723e-01
2.926784157752990723e-01
2.926784157752990723e-01
2.926784157752990723e-01
9.998016953468322754e-01
2.926784157752990723e-01
9.945113658905029297e-01
2.926784157752990723e-01
9.926573634147644043e-01
9.903856515884399414e-01
2.926784157752990723e-01
9.837839007377624512e-01
9.754320383071899414e-01
9.919346570968627930e-01
9.861139655113220215e-01
9.768521189689636230e-01
2.926784157752990723e-01
2.926784157752990723e-01
2.926784157752990723e-01
9.724943637847900391e-01
2.926784157752990723e-01
2.926784157752990723e-01
9.809877872467041016e-01
9.781121611595153809e-01
9.802350997924804688e-01
2.926784157752990723e-01
2.926784157752990723e-01
2.926784157752990723e-01
9.908143877983093262e-01
2.926784157752990723e-01
2.926784157752990723e-01
2.926784157752990723e-01
9.314470291137695312e-01
2.926784157752990723e-01
2.926784157752990723e-01
9.956056475639343262e-01
9.746156930923461914e-01
9.040340781211853027e-01
9.741752147674560547e-01
9.807722568511962891e-01
9.642044901847839355e-01
2.926784157752990723e-01
9.970280528068542480e-01
2.926784157752990723e-01
9.631210565567016602e-01
2.926784157752990723e-01
9.548951983451843262e-01
9.058253169059753418e-01
9.948270916938781738e-01
9.912018775939941406e-01
9.906712770462036133e-01
2.926784157752990723e-01
9.942582845687866211e-01
2.926784157752990723e-01
9.875500798225402832e-01
9.809695482254028320e-01
9.929165840148925781e-01
9.576388597488403320e-01
2.926784157752990723e-01
9.907827973365783691e-01
7.951110601425170898e-01
2.926784157752990723e-01
9.997608065605163574e-01
2.926784157752990723e-01
2.926784157752990723e-01
2.926784157752990723e-01
9.714022278785705566e-01
9.812275171279907227e-01
7.273851037025451660e-01
2.926784157752990723e-01
9.787580966949462891e-01
2.926784157752990723e-01
6.571468710899353027e-01
9.723746180534362793e-01
9.713716506958007812e-01
9.706035256385803223e-01
9.696113467216491699e-01
2.926784157752990723e-01
2.926784157752990723e-01
2.926784157752990723e-01
2.926784157752990723e-01
9.935012459754943848e-01
9.997696280479431152e-01
9.623615145683288574e-01
2.926784157752990723e-01
2.926784157752990723e-01
9.502093791961669922e-01
2.926784157752990723e-01
2.926784157752990723e-01
9.404904842376708984e-01
2.926784157752990723e-01
8.925683498382568359e-01
9.752222299575805664e-01
2.926784157752990723e-01
9.721726179122924805e-01
2.926784157752990723e-01
2.926784157752990723e-01
9.579582810401916504e-01
2.926784157752990723e-01
2.926784157752990723e-01
9.690435528755187988e-01
2.926784157752990723e-01
9.966733455657958984e-01
9.322878122329711914e-01
2.926784157752990723e-01
2.926784157752990723e-01
9.802072644233703613e-01
8.888791203498840332e-01
2.926784157752990723e-01
2.926784157752990723e-01
9.920185208320617676e-01
9.988766312599182129e-01
2.926784157752990723e-01
9.144212603569030762e-01
2.926784157752990723e-01
2.926784157752990723e-01
2.926784157752990723e-01
9.612541198730468750e-01
2.926784157752990723e-01
9.569740891456604004e-01
2.926784157752990723e-01
9.070113897323608398e-01
9.818987846374511719e-01
2.926784157752990723e-01
2.926784157752990723e-01
2.926784157752990723e-01
9.953494668006896973e-01
2.926784157752990723e-01
2.926784157752990723e-01
2.926784157752990723e-01
2.926784157752990723e-01
9.326536655426025391e-01
9.931015968322753906e-01
9.810059070587158203e-01
9.853041768074035645e-01
2.926784157752990723e-01
9.635624289512634277e-01
9.966593980789184570e-01
9.474602937698364258e-01
9.865044951438903809e-01
9.994651675224304199e-01
2.926784157752990723e-01
9.934686422348022461e-01
2.926784157752990723e-01
2.926784157752990723e-01
2.926784157752990723e-01
9.845543503761291504e-01
9.756405353546142578e-01
2.926784157752990723e-01
2.926784157752990723e-01
2.926784157752990723e-01
9.895444512367248535e-01
8.787105679512023926e-01
9.885208606719970703e-01
2.926784157752990723e-01
9.685254096984863281e-01
9.921811819076538086e-01
9.887695312500000000e-01
2.926784157752990723e-01
9.845793247222900391e-01
2.926784157752990723e-01
9.405311942100524902e-01
2.926784157752990723e-01
2.926784157752990723e-01
7.854930162429809570e-01
9.801852703094482422e-01
7.854930162429809570e-01
2.926784157752990723e-01
2.926784157752990723e-01
7.854930162429809570e-01
5.595226287841796875e-01
9.187110066413879395e-01
2.926784157752990723e-01
9.963253140449523926e-01
9.909749627113342285e-01
9.826123714447021484e-01
9.979339838027954102e-01
7.854930162429809570e-01
9.952213168144226074e-01
7.854930162429809570e-01
2.926784157752990723e-01
2.926784157752990723e-01
9.693293571472167969e-01
7.854930162429809570e-01
9.968712925910949707e-01
9.933406710624694824e-01
2.926784157752990723e-01
9.973527193069458008e-01
7.854930162429809570e-01
9.823912978172302246e-01
9.913772344589233398e-01
9.591025114059448242e-01
9.727861285209655762e-01
7.854930162429809570e-01
7.854930162429809570e-01
7.854930162429809570e-01
7.854930162429809570e-01
7.854930162429809570e-01
9.878293275833129883e-01
7.854930162429809570e-01
2.926784157752990723e-01
2.926784157752990723e-01
9.017387032508850098e-01
9.778124690055847168e-01
7.854930162429809570e-01
9.823912978172302246e-01
9.848464727401733398e-01
7.854930162429809570e-01
7.854930162429809570e-01
7.854930162429809570e-01
2.926784157752990723e-01
9.772101044654846191e-01
9.566188454627990723e-01
7.854930162429809570e-01
9.966891407966613770e-01
7.854930162429809570e-01
7.854930162429809570e-01
9.971314668655395508e-01
7.854930162429809570e-01
9.925935864448547363e-01
7.854930162429809570e-01
2.926784157752990723e-01
9.787718057632446289e-01
9.953722357749938965e-01
5.595226287841796875e-01
9.892843365669250488e-01
9.896215200424194336e-01
7.854930162429809570e-01
2.926784157752990723e-01
7.851836681365966797e-01
9.959645271301269531e-01
9.788514375686645508e-01
7.854930162429809570e-01
7.854930162429809570e-01
9.796202778816223145e-01
7.854930162429809570e-01
9.664953947067260742e-01
9.864820241928100586e-01
2.926784157752990723e-01
7.854930162429809570e-01
9.915370941162109375e-01
7.416444420814514160e-01
2.926784157752990723e-01
2.926784157752990723e-01
7.854930162429809570e-01
2.926784157752990723e-01
2.926784157752990723e-01
9.863123297691345215e-01
9.868975877761840820e-01
9.848856329917907715e-01
2.926784157752990723e-01
2.926784157752990723e-01
2.926784157752990723e-01
7.854930162429809570e-01
7.854930162429809570e-01
2.926784157752990723e-01
2.926784157752990723e-01
2.926784157752990723e-01
9.876630902290344238e-01
9.517482519149780273e-01
2.926784157752990723e-01
9.980851411819458008e-01
2.926784157752990723e-01
2.926784157752990723e-01
2.926784157752990723e-01
7.854930162429809570e-01
7.854930162429809570e-01
9.959025979042053223e-01
9.957197308540344238e-01
2.926784157752990723e-01
7.854930162429809570e-01
2.926784157752990723e-01
2.926784157752990723e-01
9.948705434799194336e-01
2.926784157752990723e-01
2.926784157752990723e-01
9.727608561515808105e-01
2.926784157752990723e-01
9.994547963142395020e-01
2.926784157752990723e-01
2.926784157752990723e-01
9.782368540763854980e-01
2.926784157752990723e-01
2.926784157752990723e-01
2.926784157752990723e-01
9.710028171539306641e-01
2.926784157752990723e-01
2.926784157752990723e-01
9.590737819671630859e-01
9.265969395637512207e-01
2.926784157752990723e-01
2.926784157752990723e-01
2.926784157752990723e-01
2.926784157752990723e-01
9.509224295616149902e-01
9.565755724906921387e-01
2.926784157752990723e-01
2.926784157752990723e-01
2.926784157752990723e-01
2.926784157752990723e-01
2.926784157752990723e-01
2.926784157752990723e-01
9.765757322311401367e-01
2.926784157752990723e-01
2.926784157752990723e-01
2.926784157752990723e-01
2.926784157752990723e-01
2.926784157752990723e-01
2.926784157752990723e-01
2.926784157752990723e-01
2.926784157752990723e-01
2.926784157752990723e-01
2.926784157752990723e-01
2.926784157752990723e-01
2.926784157752990723e-01
8.988221287727355957e-01
2.926784157752990723e-01
2.926784157752990723e-01
2.926784157752990723e-01
9.947064518928527832e-01
9.739915132522583008e-01
2.926784157752990723e-01
2.926784157752990723e-01
8.480507731437683105e-01
2.926784157752990723e-01
2.926784157752990723e-01
2.926784157752990723e-01
9.726951718330383301e-01
2.926784157752990723e-01
2.926784157752990723e-01
2.926784157752990723e-01
2.926784157752990723e-01
2.926784157752990723e-01
2.926784157752990723e-01
2.926784157752990723e-01
2.926784157752990723e-01
9.692747592926025391e-01
2.926784157752990723e-01
2.926784157752990723e-01
2.926784157752990723e-01
2.926784157752990723e-01
2.926784157752990723e-01
2.926784157752990723e-01
2.926784157752990723e-01
7.854930162429809570e-01
9.671362638473510742e-01
9.696669578552246094e-01
9.921872615814208984e-01
9.765340089797973633e-01
9.571947455406188965e-01
9.797523021697998047e-01
7.854930162429809570e-01
7.854930162429809570e-01
7.854930162429809570e-01
9.750426411628723145e-01
9.646058678627014160e-01
9.879385828971862793e-01
7.854930162429809570e-01
7.854930162429809570e-01
9.774756431579589844e-01
7.854930162429809570e-01
7.854930162429809570e-01
5.965053439140319824e-01
9.703275561332702637e-01
9.999155998229980469e-01
9.920376539230346680e-01
9.906118512153625488e-01
7.854930162429809570e-01
7.854930162429809570e-01
7.854930162429809570e-01
9.657599329948425293e-01
2.926784157752990723e-01
7.854930162429809570e-01
9.895945787429809570e-01
9.358353614807128906e-01
7.854930162429809570e-01
7.854930162429809570e-01
9.931004047393798828e-01
7.854930162429809570e-01
9.952415227890014648e-01
7.854930162429809570e-01
7.854739427566528320e-01
7.854930162429809570e-01
7.854930162429809570e-01
9.870378971099853516e-01
7.854930162429809570e-01
7.854930162429809570e-01
9.966481328010559082e-01
9.969860911369323730e-01
7.572290301322937012e-01
7.854930162429809570e-01
7.854930162429809570e-01
9.758886694908142090e-01
7.854930162429809570e-01
9.856877923011779785e-01
9.554055929183959961e-01
7.854930162429809570e-01
2.926784157752990723e-01
7.854930162429809570e-01
7.854930162429809570e-01
9.871587157249450684e-01
7.854930162429809570e-01
7.854930162429809570e-01
7.854930162429809570e-01
9.853777885437011719e-01
7.854930162429809570e-01
9.833307862281799316e-01
9.678629040718078613e-01
9.803932309150695801e-01
7.854930162429809570e-01
9.863789081573486328e-01
9.957308173179626465e-01
9.090543389320373535e-01
7.854930162429809570e-01
9.858512282371520996e-01
7.854930162429809570e-01
7.854930162429809570e-01
7.837396264076232910e-01
2.926784157752990723e-01
2.926784157752990723e-01
2.926784157752990723e-01
7.810796499252319336e-01
2.926784157752990723e-01
2.926784157752990723e-01
7.477186918258666992e-01
2.926784157752990723e-01
2.926784157752990723e-01
7.843729853630065918e-01
2.926784157752990723e-01
2.926784157752990723e-01
7.854435443878173828e-01
2.926784157752990723e-01
2.926784157752990723e-01
2.926784157752990723e-01
2.926784157752990723e-01
5.944229364395141602e-01
7.828058600425720215e-01
2.926784157752990723e-01
2.926784157752990723e-01
2.926784157752990723e-01
2.926784157752990723e-01
2.926784157752990723e-01
2.926784157752990723e-01
5.728595256805419922e-01
2.926784157752990723e-01
2.926784157752990723e-01
2.926784157752990723e-01
2.926784157752990723e-01
7.810429334640502930e-01
2.926784157752990723e-01
2.926784157752990723e-01
2.926784157752990723e-01
2.926784157752990723e-01
4.213903844356536865e-01
7.842406630516052246e-01
7.854751944541931152e-01
7.848848700523376465e-01
2.926784157752990723e-01
7.854930162429809570e-01
2.926784157752990723e-01
2.926784157752990723e-01
7.854032516479492188e-01
5.630674362182617188e-01
2.926784157752990723e-01
2.926784157752990723e-01
2.926784157752990723e-01
2.926784157752990723e-01
2.926784157752990723e-01
2.926784157752990723e-01
5.932818055152893066e-01
7.841188907623291016e-01
2.926784157752990723e-01
2.926784157752990723e-01
2.926784157752990723e-01
7.773538231849670410e-01
2.926784157752990723e-01
2.926784157752990723e-01
6.400481462478637695e-01
7.507409453392028809e-01
2.926784157752990723e-01
2.926784157752990723e-01
2.926784157752990723e-01
7.734342813491821289e-01
2.926784157752990723e-01
2.926784157752990723e-01
7.852921485900878906e-01
2.926784157752990723e-01
2.926784157752990723e-01
7.846665382385253906e-01
2.926784157752990723e-01
2.926784157752990723e-01
2.926784157752990723e-01
6.517403721809387207e-01
2.926784157752990723e-01
2.926784157752990723e-01
2.926784157752990723e-01
2.926784157752990723e-01
2.926784157752990723e-01
2.926784157752990723e-01
2.926784157752990723e-01
2.926784157752990723e-01
2.926784157752990723e-01
2.926784157752990723e-01
2.926784157752990723e-01
2.926784157752990723e-01
2.926784157752990723e-01
2.926784157752990723e-01
2.926784157752990723e-01
2.926784157752990723e-01
2.926784157752990723e-01
2.926784157752990723e-01
2.926784157752990723e-01
2.926784157752990723e-01
2.926784157752990723e-01
2.926784157752990723e-01
2.926784157752990723e-01
2.926784157752990723e-01
2.926784157752990723e-01
2.926784157752990723e-01
2.926784157752990723e-01
2.926784157752990723e-01
2.926784157752990723e-01
2.926784157752990723e-01
2.926784157752990723e-01
2.926784157752990723e-01
2.926784157752990723e-01
2.926784157752990723e-01
2.926784157752990723e-01
2.926784157752990723e-01
2.926784157752990723e-01
2.926784157752990723e-01
2.926784157752990723e-01
2.926784157752990723e-01
2.926784157752990723e-01
2.926784157752990723e-01
2.926784157752990723e-01
2.926784157752990723e-01
2.926784157752990723e-01
2.926784157752990723e-01
2.926784157752990723e-01
2.926784157752990723e-01
2.926784157752990723e-01
2.926784157752990723e-01
2.926784157752990723e-01
2.926784157752990723e-01
2.926784157752990723e-01
2.926784157752990723e-01
2.926784157752990723e-01
2.926784157752990723e-01
2.926784157752990723e-01
2.926784157752990723e-01
2.926784157752990723e-01
2.926784157752990723e-01
2.926784157752990723e-01
2.926784157752990723e-01
2.926784157752990723e-01
2.926784157752990723e-01
2.926784157752990723e-01
2.926784157752990723e-01
2.926784157752990723e-01
2.926784157752990723e-01
2.926784157752990723e-01
2.926784157752990723e-01
2.926784157752990723e-01
2.926784157752990723e-01
2.926784157752990723e-01
2.926784157752990723e-01
2.926784157752990723e-01
2.926784157752990723e-01
2.926784157752990723e-01
2.926784157752990723e-01
2.926784157752990723e-01
2.926784157752990723e-01
2.926784157752990723e-01
2.926784157752990723e-01
2.926784157752990723e-01
2.926784157752990723e-01
2.926784157752990723e-01
2.926784157752990723e-01
2.926784157752990723e-01
2.926784157752990723e-01
2.926784157752990723e-01
2.926784157752990723e-01
2.926784157752990723e-01
2.926784157752990723e-01
2.926784157752990723e-01
2.926784157752990723e-01
2.926784157752990723e-01
2.926784157752990723e-01
2.926784157752990723e-01
2.926784157752990723e-01
2.926784157752990723e-01
2.926784157752990723e-01
2.926784157752990723e-01
2.926784157752990723e-01
2.926784157752990723e-01
2.926784157752990723e-01
2.926784157752990723e-01
2.926784157752990723e-01
2.926784157752990723e-01
2.926784157752990723e-01
2.926784157752990723e-01
2.926784157752990723e-01
2.926784157752990723e-01
2.926784157752990723e-01
2.926784157752990723e-01
2.926784157752990723e-01
2.926784157752990723e-01
2.926784157752990723e-01
2.926784157752990723e-01
2.926784157752990723e-01
2.926784157752990723e-01
2.926784157752990723e-01
2.926784157752990723e-01
2.926784157752990723e-01
2.926784157752990723e-01
2.926784157752990723e-01
2.926784157752990723e-01
2.926784157752990723e-01
2.926784157752990723e-01
2.926784157752990723e-01
2.926784157752990723e-01
2.926784157752990723e-01
2.926784157752990723e-01
2.926784157752990723e-01
2.926784157752990723e-01
2.926784157752990723e-01
2.926784157752990723e-01
2.926784157752990723e-01
2.926784157752990723e-01
2.926784157752990723e-01
2.926784157752990723e-01
2.926784157752990723e-01
2.926784157752990723e-01
2.926784157752990723e-01
2.926784157752990723e-01
2.926784157752990723e-01
2.926784157752990723e-01
2.926784157752990723e-01
2.926784157752990723e-01
2.926784157752990723e-01
2.926784157752990723e-01
2.926784157752990723e-01
2.926784157752990723e-01
2.926784157752990723e-01
2.926784157752990723e-01
2.926784157752990723e-01
2.926784157752990723e-01
2.926784157752990723e-01
2.926784157752990723e-01
2.926784157752990723e-01
2.926784157752990723e-01
2.926784157752990723e-01
2.926784157752990723e-01
2.926784157752990723e-01
2.926784157752990723e-01
2.926784157752990723e-01
2.926784157752990723e-01
9.327202290296554565e-02
2.926784157752990723e-01
2.926784157752990723e-01
2.926784157752990723e-01
2.926784157752990723e-01
2.926784157752990723e-01
2.926784157752990723e-01
2.926784157752990723e-01
2.926784157752990723e-01
2.926784157752990723e-01
2.926784157752990723e-01
2.926784157752990723e-01
2.926784157752990723e-01
2.926784157752990723e-01
2.926784157752990723e-01
2.926784157752990723e-01
5.595226287841796875e-01
2.926784157752990723e-01
2.926784157752990723e-01
2.764921784400939941e-01
7.721821069717407227e-01
2.926784157752990723e-01
2.926784157752990723e-01
2.926784157752990723e-01
2.926784157752990723e-01
2.926784157752990723e-01
2.926784157752990723e-01
2.926784157752990723e-01
2.926784157752990723e-01
2.926784157752990723e-01
2.926784157752990723e-01
2.926784157752990723e-01
2.926784157752990723e-01
2.926784157752990723e-01
5.595226287841796875e-01
2.926784157752990723e-01
2.926784157752990723e-01
2.926784157752990723e-01
2.926784157752990723e-01
2.926784157752990723e-01
2.926784157752990723e-01
2.926784157752990723e-01
2.926784157752990723e-01
2.926784157752990723e-01
2.926784157752990723e-01
2.926784157752990723e-01
2.926784157752990723e-01
2.926784157752990723e-01
2.926784157752990723e-01
2.926784157752990723e-01
2.926784157752990723e-01
2.926784157752990723e-01
2.926784157752990723e-01
2.926784157752990723e-01
2.926784157752990723e-01
2.926784157752990723e-01
2.926784157752990723e-01
2.926784157752990723e-01
2.926784157752990723e-01
2.926784157752990723e-01
2.210723459720611572e-01
2.926784157752990723e-01
2.926784157752990723e-01
2.926784157752990723e-01
2.926784157752990723e-01
2.926784157752990723e-01
2.926784157752990723e-01
2.926784157752990723e-01
2.926784157752990723e-01
2.926784157752990723e-01
2.926784157752990723e-01
2.926784157752990723e-01
2.926784157752990723e-01
2.926784157752990723e-01
2.926784157752990723e-01
2.926784157752990723e-01
2.926784157752990723e-01
2.926784157752990723e-01
2.926784157752990723e-01
2.926784157752990723e-01
2.926784157752990723e-01
2.926784157752990723e-01
2.926784157752990723e-01
2.926784157752990723e-01
2.926784157752990723e-01
2.926784157752990723e-01
2.926784157752990723e-01
2.926784157752990723e-01
2.926784157752990723e-01
2.926784157752990723e-01
2.926784157752990723e-01
2.926784157752990723e-01
2.926784157752990723e-01
2.926784157752990723e-01
2.926784157752990723e-01
2.926784157752990723e-01
2.926784157752990723e-01
2.926784157752990723e-01
2.926784157752990723e-01
2.926784157752990723e-01
2.926784157752990723e-01
2.926784157752990723e-01
7.416444420814514160e-01
2.926784157752990723e-01
2.926784157752990723e-01
2.926784157752990723e-01
2.926784157752990723e-01
2.926784157752990723e-01
2.926784157752990723e-01
2.926784157752990723e-01
2.926784157752990723e-01
2.926784157752990723e-01
2.926784157752990723e-01
2.926784157752990723e-01
2.926784157752990723e-01
2.926784157752990723e-01
2.926784157752990723e-01
2.926784157752990723e-01
2.926784157752990723e-01
2.926784157752990723e-01
2.926784157752990723e-01
2.926784157752990723e-01
2.926784157752990723e-01
2.926784157752990723e-01
2.926784157752990723e-01
2.926784157752990723e-01
2.977287471294403076e-01
2.926784157752990723e-01
2.926784157752990723e-01
2.926784157752990723e-01
2.926784157752990723e-01
2.926784157752990723e-01
2.926784157752990723e-01
2.926784157752990723e-01
2.926784157752990723e-01
2.926784157752990723e-01
2.926784157752990723e-01
2.926784157752990723e-01
2.926784157752990723e-01
2.926784157752990723e-01
2.926784157752990723e-01
2.926784157752990723e-01
2.926784157752990723e-01
2.926784157752990723e-01
2.926784157752990723e-01
2.926784157752990723e-01
2.926784157752990723e-01
2.926784157752990723e-01
2.926784157752990723e-01
2.926784157752990723e-01
2.926784157752990723e-01
2.926784157752990723e-01
2.926784157752990723e-01
2.926784157752990723e-01
2.926784157752990723e-01
2.926784157752990723e-01
2.926784157752990723e-01
2.926784157752990723e-01
2.926784157752990723e-01
2.926784157752990723e-01
2.926784157752990723e-01
2.926784157752990723e-01
2.926784157752990723e-01
2.926784157752990723e-01
2.926784157752990723e-01
2.926784157752990723e-01
2.926784157752990723e-01
2.926784157752990723e-01
2.926784157752990723e-01
2.926784157752990723e-01
2.926784157752990723e-01
2.926784157752990723e-01
2.926784157752990723e-01
2.926784157752990723e-01
2.926784157752990723e-01
2.926784157752990723e-01
2.926784157752990723e-01
2.926784157752990723e-01
2.926784157752990723e-01
2.926784157752990723e-01
2.926784157752990723e-01
2.926784157752990723e-01
2.926784157752990723e-01
2.926784157752990723e-01
2.926784157752990723e-01
2.926784157752990723e-01
2.214145958423614502e-01
2.926784157752990723e-01
3.306518197059631348e-01
2.926784157752990723e-01
2.926784157752990723e-01
2.926784157752990723e-01
2.926784157752990723e-01
2.926784157752990723e-01
2.926784157752990723e-01
2.926784157752990723e-01
2.926784157752990723e-01
2.926784157752990723e-01
5.512188076972961426e-01
2.926784157752990723e-01
2.926784157752990723e-01
7.837879657745361328e-01
2.926784157752990723e-01
2.926784157752990723e-01
7.506390213966369629e-01
7.424707412719726562e-01
7.854930162429809570e-01
2.926784157752990723e-01
2.926784157752990723e-01
2.926784157752990723e-01
2.926784157752990723e-01
1.786387264728546143e-01
6.068392992019653320e-01
2.926784157752990723e-01
2.926784157752990723e-01
2.926784157752990723e-01
3.261660933494567871e-01
2.926784157752990723e-01
2.926784157752990723e-01
2.926784157752990723e-01
2.926784157752990723e-01
2.926784157752990723e-01
2.926784157752990723e-01
2.926784157752990723e-01
7.759070992469787598e-01
5.702647566795349121e-01
2.926784157752990723e-01
7.424707412719726562e-01
5.965053439140319824e-01
2.926784157752990723e-01
2.926784157752990723e-01
2.926784157752990723e-01
2.926784157752990723e-01
2.926784157752990723e-01
2.926784157752990723e-01
2.926784157752990723e-01
2.926784157752990723e-01
2.926784157752990723e-01
2.926784157752990723e-01
5.702647566795349121e-01
2.926784157752990723e-01
2.926784157752990723e-01
2.926784157752990723e-01
5.702647566795349121e-01
2.926784157752990723e-01
2.926784157752990723e-01
7.499695420265197754e-01
2.926784157752990723e-01
2.926784157752990723e-01
2.926784157752990723e-01
2.926784157752990723e-01
2.926784157752990723e-01
5.549151301383972168e-01
2.926784157752990723e-01
2.926784157752990723e-01
2.926784157752990723e-01
2.926784157752990723e-01
2.926784157752990723e-01
2.926784157752990723e-01
