4.893075227737426758e-01
5.273852944374084473e-01
5.374727845191955566e-01
4.731376767158508301e-01
4.715669453144073486e-01
4.749061763286590576e-01
4.897277951240539551e-01
4.809492528438568115e-01
4.836378693580627441e-01
5.269991755485534668e-01
5.487247705459594727e-01
4.802232086658477783e-01
4.849662184715270996e-01
5.124611854553222656e-01
4.698477387428283691e-01
4.941285550594329834e-01
4.708459377288818359e-01
4.819050431251525879e-01
4.814271330833435059e-01
4.872707724571228027e-01
4.853937625885009766e-01
5.351263880729675293e-01
5.050685405731201172e-01
4.690585732460021973e-01
4.990774691104888916e-01
4.804594218730926514e-01
4.826956689357757568e-01
5.331106185913085938e-01
4.726016819477081299e-01
4.855416417121887207e-01
5.077999234199523926e-01
4.739541709423065186e-01
4.862168133258819580e-01
4.812863171100616455e-01
5.251336693763732910e-01
4.941639006137847900e-01
4.806258380413055420e-01
4.814656078815460205e-01
4.878456294536590576e-01
4.835333824157714844e-01
5.374668836593627930e-01
4.976841807365417480e-01
4.996406733989715576e-01
4.950055778026580811e-01
5.015453100204467773e-01
4.841030836105346680e-01
4.810995757579803467e-01
4.806060791015625000e-01
5.308817625045776367e-01
4.812514781951904297e-01
4.928222298622131348e-01
4.809224903583526611e-01
5.320712327957153320e-01
5.479068756103515625e-01
4.902488589286804199e-01
5.287293791770935059e-01
4.729927480220794678e-01
4.999011456966400146e-01
5.048363208770751953e-01
5.307181477546691895e-01
4.863734841346740723e-01
4.784852266311645508e-01
5.128076672554016113e-01
4.816679656505584717e-01
4.786156117916107178e-01
5.170024633407592773e-01
4.771316051483154297e-01
4.791126549243927002e-01
4.762745201587677002e-01
4.947634935379028320e-01
5.154808759689331055e-01
5.048903822898864746e-01
4.786849915981292725e-01
4.973122775554656982e-01
4.690851271152496338e-01
4.789534807205200195e-01
5.561448931694030762e-01
5.635354518890380859e-01
4.800855517387390137e-01
5.549458265304565430e-01
5.549997687339782715e-01
5.485993027687072754e-01
5.522649288177490234e-01
5.280904173851013184e-01
5.535218119621276855e-01
5.505148768424987793e-01
4.809920489788055420e-01
5.538570880889892578e-01
4.808681309223175049e-01
4.783788323402404785e-01
4.801526069641113281e-01
4.793663918972015381e-01
5.549587011337280273e-01
4.745824933052062988e-01
5.462186932563781738e-01
5.629040598869323730e-01
4.806727766990661621e-01
5.428495407104492188e-01
5.552189946174621582e-01
5.412117838859558105e-01
5.580955743789672852e-01
5.637481212615966797e-01
5.519643425941467285e-01
5.565260052680969238e-01
5.512608885765075684e-01
5.200808644294738770e-01
5.274633169174194336e-01
4.837918281555175781e-01
5.498191714286804199e-01
5.563968420028686523e-01
5.478870272636413574e-01
5.370956063270568848e-01
5.606488585472106934e-01
5.429916381835937500e-01
5.445104241371154785e-01
5.551776885986328125e-01
5.459821820259094238e-01
4.776922166347503662e-01
4.803474843502044678e-01
5.302808284759521484e-01
5.530562996864318848e-01
4.763830304145812988e-01
5.503873825073242188e-01
5.486562252044677734e-01
4.800539612770080566e-01
5.551195740699768066e-01
5.109852552413940430e-01
4.809051156044006348e-01
5.484172105789184570e-01
5.512406826019287109e-01
5.563907623291015625e-01
5.472282171249389648e-01
4.800992906093597412e-01
5.594882965087890625e-01
4.769870936870574951e-01
4.804899990558624268e-01
5.610278844833374023e-01
5.594823360443115234e-01
4.787730872631072998e-01
5.545476675033569336e-01
5.553571581840515137e-01
4.794733226299285889e-01
5.362342000007629395e-01
5.519852638244628906e-01
4.770385324954986572e-01
4.836901426315307617e-01
5.581043958663940430e-01
5.315528512001037598e-01
5.572608709335327148e-01
5.551909804344177246e-01
5.055511593818664551e-01
5.127881765365600586e-01
5.074643492698669434e-01
5.238924026489257812e-01
5.297776460647583008e-01
5.470152497291564941e-01
5.238683819770812988e-01
5.019279718399047852e-01
5.099014639854431152e-01
5.161904692649841309e-01
5.020564198493957520e-01
5.367164611816406250e-01
4.938179552555084229e-01
5.186344981193542480e-01
5.273606777191162109e-01
5.089172124862670898e-01
5.101931095123291016e-01
5.168755650520324707e-01
5.092027783393859863e-01
5.151091217994689941e-01
5.173725485801696777e-01
5.200017094612121582e-01
4.885727763175964355e-01
5.014134049415588379e-01
4.943916499614715576e-01
4.951131343841552734e-01
4.907867610454559326e-01
4.986824095249176025e-01
4.997122883796691895e-01
5.082448720932006836e-01
4.995624125003814697e-01
5.004452466964721680e-01
5.037205219268798828e-01
5.098252892494201660e-01
5.061631202697753906e-01
5.003908276557922363e-01
4.999569654464721680e-01
5.003016591072082520e-01
5.328046083450317383e-01
4.987800121307373047e-01
5.115292072296142578e-01
5.002443790435791016e-01
5.044654011726379395e-01
4.911895692348480225e-01
5.008863806724548340e-01
5.044913887977600098e-01
5.029214620590209961e-01
4.893905520439147949e-01
5.009346604347229004e-01
4.996445178985595703e-01
4.832841157913208008e-01
5.044614076614379883e-01
4.976751804351806641e-01
5.046674609184265137e-01
4.946024417877197266e-01
4.906532764434814453e-01
5.049193501472473145e-01
5.005199313163757324e-01
5.186786651611328125e-01
4.970920979976654053e-01
5.117680430412292480e-01
4.974543750286102295e-01
5.052295327186584473e-01
5.220569968223571777e-01
5.070333480834960938e-01
5.238314270973205566e-01
5.009604096412658691e-01
5.029138326644897461e-01
5.111076235771179199e-01
5.008609890937805176e-01
5.231512784957885742e-01
5.182430744171142578e-01
5.030289292335510254e-01
4.968092441558837891e-01
5.091054439544677734e-01
5.065708160400390625e-01
4.967924058437347412e-01
4.999561309814453125e-01
5.168539285659790039e-01
4.963860213756561279e-01
4.998938739299774170e-01
5.007876753807067871e-01
5.019090771675109863e-01
5.154846906661987305e-01
4.989056885242462158e-01
5.202389359474182129e-01
5.013145804405212402e-01
5.132300257682800293e-01
4.932831823825836182e-01
5.136631131172180176e-01
5.023151636123657227e-01
5.005291700363159180e-01
4.949979782104492188e-01
5.129612684249877930e-01
5.111296772956848145e-01
4.940337538719177246e-01
4.891573786735534668e-01
4.842305183410644531e-01
4.931095540523529053e-01
5.110939145088195801e-01
5.154348015785217285e-01
4.914278090000152588e-01
4.906115531921386719e-01
4.969238936901092529e-01
4.880728721618652344e-01
4.885489940643310547e-01
4.862708449363708496e-01
4.881450235843658447e-01
4.906050264835357666e-01
4.860827028751373291e-01
4.943162500858306885e-01
4.915643632411956787e-01
4.957881271839141846e-01
4.931068718433380127e-01
4.863209128379821777e-01
4.730335175991058350e-01
4.916834831237792969e-01
5.081902742385864258e-01
4.935881793498992920e-01
4.856425225734710693e-01
4.867977499961853027e-01
5.210840702056884766e-01
5.052629709243774414e-01
5.039762854576110840e-01
5.055610537528991699e-01
4.886338412761688232e-01
4.945177733898162842e-01
4.864563643932342529e-01
4.947705566883087158e-01
4.882738888263702393e-01
4.897858798503875732e-01
4.885464310646057129e-01
5.105354189872741699e-01
4.810526072978973389e-01
4.914824068546295166e-01
4.944993555545806885e-01
4.913148880004882812e-01
5.148591399192810059e-01
4.925973713397979736e-01
4.898883998394012451e-01
4.869032502174377441e-01
5.053656697273254395e-01
5.058942437171936035e-01
4.897401928901672363e-01
5.025959014892578125e-01
4.865905046463012695e-01
4.939695000648498535e-01
4.913220107555389404e-01
4.918065071105957031e-01
4.886049330234527588e-01
4.921013712882995605e-01
4.971861243247985840e-01
4.849288761615753174e-01
4.845819175243377686e-01
4.840828180313110352e-01
5.015427470207214355e-01
4.919411540031433105e-01
4.970926940441131592e-01
4.921454787254333496e-01
5.047203898429870605e-01
5.148119330406188965e-01
4.864292740821838379e-01
4.838394522666931152e-01
5.003994703292846680e-01
4.870185554027557373e-01
4.902145266532897949e-01
4.995640218257904053e-01
5.067878365516662598e-01
4.990039765834808350e-01
5.104829668998718262e-01
5.047397613525390625e-01
4.958476722240447998e-01
4.921111166477203369e-01
5.205605626106262207e-01
4.899252057075500488e-01
5.180957317352294922e-01
4.888313412666320801e-01
5.038709044456481934e-01
5.107054710388183594e-01
4.946513473987579346e-01
5.512018203735351562e-01
5.277464985847473145e-01
4.997658133506774902e-01
5.197382569313049316e-01
4.990679621696472168e-01
5.020973682403564453e-01
4.797991216182708740e-01
4.936994910240173340e-01
4.994229674339294434e-01
5.128611922264099121e-01
4.988748133182525635e-01
5.121433138847351074e-01
4.965151250362396240e-01
4.858522415161132812e-01
5.047114491462707520e-01
5.144689679145812988e-01
5.226526260375976562e-01
4.933760166168212891e-01
4.958476722240447998e-01
5.098333954811096191e-01
4.856255352497100830e-01
5.161664485931396484e-01
5.168655514717102051e-01
5.246914029121398926e-01
5.017080903053283691e-01
4.856659173965454102e-01
5.121564865112304688e-01
5.240296125411987305e-01
4.930453300476074219e-01
5.000298619270324707e-01
4.876130819320678711e-01
5.015495419502258301e-01
4.932869970798492432e-01
4.989359378814697266e-01
5.288352370262145996e-01
5.271365642547607422e-01
5.265536904335021973e-01
5.014334917068481445e-01
5.062148571014404297e-01
4.997705817222595215e-01
5.312958359718322754e-01
5.477165579795837402e-01
4.951446652412414551e-01
4.989558160305023193e-01
5.356487035751342773e-01
5.052069425582885742e-01
5.265100002288818359e-01
5.353816747665405273e-01
5.054842233657836914e-01
4.972237944602966309e-01
4.994504451751708984e-01
4.860019683837890625e-01
5.178129673004150391e-01
5.290427803993225098e-01
4.923736453056335449e-01
5.052769184112548828e-01
4.970952272415161133e-01
5.268927812576293945e-01
5.430257320404052734e-01
5.613334774971008301e-01
5.277130603790283203e-01
5.089515447616577148e-01
4.918806254863739014e-01
4.880323112010955811e-01
5.011759400367736816e-01
5.133030414581298828e-01
5.162127017974853516e-01
5.062298774719238281e-01
5.327221155166625977e-01
5.084735751152038574e-01
5.138490200042724609e-01
4.835162162780761719e-01
5.167992711067199707e-01
5.280256867408752441e-01
5.091711878776550293e-01
5.024663209915161133e-01
5.293939113616943359e-01
5.177934169769287109e-01
5.022715330123901367e-01
4.998681247234344482e-01
5.333120822906494141e-01
5.002011656761169434e-01
5.042765736579895020e-01
5.256494879722595215e-01
5.289939045906066895e-01
5.314276218414306641e-01
5.297650098800659180e-01
5.007297396659851074e-01
5.412605404853820801e-01
5.690948367118835449e-01
5.033789873123168945e-01
5.557813048362731934e-01
4.919095337390899658e-01
5.483295917510986328e-01
4.960046410560607910e-01
4.920136928558349609e-01
4.802956879138946533e-01
4.967391490936279297e-01
5.538768172264099121e-01
5.084913969039916992e-01
5.112940669059753418e-01
4.824729263782501221e-01
5.119644403457641602e-01
4.943829476833343506e-01
4.901294708251953125e-01
5.054306983947753906e-01
5.400737524032592773e-01
5.207164287567138672e-01
5.119153261184692383e-01
4.823144674301147461e-01
4.715771079063415527e-01
4.810915291309356689e-01
5.443127751350402832e-01
4.797312915325164795e-01
5.654418468475341797e-01
4.849709272384643555e-01
4.750133156776428223e-01
4.909628033638000488e-01
4.859274327754974365e-01
5.047100186347961426e-01
5.089068412780761719e-01
4.838166236877441406e-01
5.247371792793273926e-01
4.773433208465576172e-01
4.882728755474090576e-01
5.520058274269104004e-01
4.780234694480895996e-01
4.982203543186187744e-01
4.819839000701904297e-01
5.080060958862304688e-01
4.912678003311157227e-01
4.863993227481842041e-01
5.044160485267639160e-01
4.846427142620086670e-01
5.251995325088500977e-01
4.735363721847534180e-01
4.762256443500518799e-01
4.889464676380157471e-01
4.878134429454803467e-01
5.043122172355651855e-01
4.966051280498504639e-01
5.605370402336120605e-01
4.884792864322662354e-01
4.776850044727325439e-01
5.340510606765747070e-01
5.385718941688537598e-01
5.201051831245422363e-01
4.992829859256744385e-01
5.155139565467834473e-01
5.945860743522644043e-01
4.873772263526916504e-01
5.368570089340209961e-01
5.371958017349243164e-01
5.314326286315917969e-01
4.778190255165100098e-01
4.950383007526397705e-01
5.338516235351562500e-01
5.301592946052551270e-01
5.252368450164794922e-01
5.329869985580444336e-01
5.271185040473937988e-01
4.864087998867034912e-01
4.755034744739532471e-01
4.922135174274444580e-01
5.432476997375488281e-01
4.889124929904937744e-01
5.499703884124755859e-01
4.786876142024993896e-01
5.043312907218933105e-01
4.796032309532165527e-01
5.185151696205139160e-01
4.653129577636718750e-01
4.982073307037353516e-01
4.778066277503967285e-01
4.703751206398010254e-01
4.808147847652435303e-01
5.009885430335998535e-01
4.760381877422332764e-01
4.873615801334381104e-01
4.806714653968811035e-01
4.669569134712219238e-01
4.809801876544952393e-01
4.822846353054046631e-01
4.742056727409362793e-01
4.613993167877197266e-01
4.847985506057739258e-01
5.174116492271423340e-01
4.785822033882141113e-01
4.831842482089996338e-01
4.918317794799804688e-01
5.147505998611450195e-01
5.109411478042602539e-01
4.945539832115173340e-01
5.145891904830932617e-01
5.133770108222961426e-01
4.897504448890686035e-01
5.223394036293029785e-01
4.895583689212799072e-01
5.111404657363891602e-01
4.866336286067962646e-01
4.714529216289520264e-01
4.842627644538879395e-01
5.010513067245483398e-01
4.896125495433807373e-01
5.125545263290405273e-01
4.839223325252532959e-01
4.795605838298797607e-01
4.703731834888458252e-01
4.868585467338562012e-01
5.214366316795349121e-01
4.834565818309783936e-01
5.050289034843444824e-01
5.031445026397705078e-01
4.802847802639007568e-01
4.766258299350738525e-01
4.835531115531921387e-01
4.841342568397521973e-01
4.798199534416198730e-01
4.836964905261993408e-01
4.872746169567108154e-01
5.184788107872009277e-01
4.919902086257934570e-01
4.842554628849029541e-01
4.999674558639526367e-01
4.959191977977752686e-01
5.253140330314636230e-01
4.777148067951202393e-01
4.849595427513122559e-01
4.917350113391876221e-01
5.156505703926086426e-01
4.789739549160003662e-01
4.747687280178070068e-01
4.916403889656066895e-01
4.767230153083801270e-01
4.759904444217681885e-01
4.749410748481750488e-01
4.997777640819549561e-01
4.757207334041595459e-01
4.790792167186737061e-01
4.784843623638153076e-01
4.919271171092987061e-01
5.183979272842407227e-01
4.856646656990051270e-01
4.873403012752532959e-01
4.667589664459228516e-01
5.299870371818542480e-01
4.667905867099761963e-01
4.585442245006561279e-01
5.192205309867858887e-01
4.618065953254699707e-01
4.627221226692199707e-01
4.694292545318603516e-01
4.571244120597839355e-01
4.752441048622131348e-01
5.316581726074218750e-01
4.577295482158660889e-01
4.796138703823089600e-01
4.600121080875396729e-01
5.347908735275268555e-01
5.206114649772644043e-01
5.351278781890869141e-01
5.299950242042541504e-01
4.645700752735137939e-01
4.758498072624206543e-01
4.605925381183624268e-01
4.618538916110992432e-01
5.306459665298461914e-01
5.207025408744812012e-01
4.596557021141052246e-01
4.687680602073669434e-01
4.508758187294006348e-01
4.561141431331634521e-01
4.624104201793670654e-01
4.601575732231140137e-01
4.631623327732086182e-01
4.715296030044555664e-01
5.375927686691284180e-01
5.364270806312561035e-01
4.606774747371673584e-01
4.632551670074462891e-01
4.603647291660308838e-01
4.697974920272827148e-01
4.625619947910308838e-01
4.674772024154663086e-01
5.229715108871459961e-01
4.628012776374816895e-01
4.743367135524749756e-01
5.186573863029479980e-01
5.246261358261108398e-01
4.708993136882781982e-01
4.660849571228027344e-01
5.149292349815368652e-01
4.649279713630676270e-01
4.632455408573150635e-01
5.228091478347778320e-01
4.600802958011627197e-01
5.211773514747619629e-01
4.792343378067016602e-01
4.573054313659667969e-01
4.615717530250549316e-01
4.554730653762817383e-01
5.249825119972229004e-01
5.136777758598327637e-01
4.613403081893920898e-01
4.755822122097015381e-01
5.298505425453186035e-01
4.627933502197265625e-01
4.557723104953765869e-01
5.228115320205688477e-01
4.576154947280883789e-01
4.634557366371154785e-01
5.284264087677001953e-01
4.661346673965454102e-01
4.593278467655181885e-01
5.188858509063720703e-01
5.329793095588684082e-01
4.601424336433410645e-01
5.478913187980651855e-01
4.633477926254272461e-01
4.662066996097564697e-01
5.069588422775268555e-01
5.450056195259094238e-01
5.117131471633911133e-01
5.187727212905883789e-01
5.279294848442077637e-01
5.358299016952514648e-01
5.025849938392639160e-01
4.914871454238891602e-01
4.901097118854522705e-01
5.134620666503906250e-01
5.049260258674621582e-01
5.100222229957580566e-01
4.891403317451477051e-01
5.053979158401489258e-01
4.986742138862609863e-01
5.033023357391357422e-01
5.164951682090759277e-01
4.993409216403961182e-01
5.112507343292236328e-01
5.070214867591857910e-01
5.121533870697021484e-01
5.097490549087524414e-01
4.776916801929473877e-01
5.101569890975952148e-01
5.016342401504516602e-01
4.997159540653228760e-01
4.994613826274871826e-01
5.008559226989746094e-01
5.007205009460449219e-01
5.005474090576171875e-01
4.950205385684967041e-01
5.021218061447143555e-01
4.901196062564849854e-01
4.997101426124572754e-01
4.965195357799530029e-01
4.969513416290283203e-01
4.981556832790374756e-01
5.031114816665649414e-01
5.115632414817810059e-01
4.927210807800292969e-01
4.971606731414794922e-01
5.002830028533935547e-01
4.954033792018890381e-01
5.284389257431030273e-01
5.001247525215148926e-01
5.009895563125610352e-01
4.995268881320953369e-01
5.103774070739746094e-01
4.947661757469177246e-01
4.885748922824859619e-01
5.064594149589538574e-01
4.971687495708465576e-01
5.050145983695983887e-01
5.050091743469238281e-01
4.951467514038085938e-01
5.082100033760070801e-01
4.882995188236236572e-01
5.078865289688110352e-01
5.151256918907165527e-01
5.127540230751037598e-01
4.963881373405456543e-01
4.983177483081817627e-01
5.073841810226440430e-01
5.065721869468688965e-01
5.100666284561157227e-01
5.015037655830383301e-01
5.116716623306274414e-01
5.244125723838806152e-01
4.999458789825439453e-01
5.103154778480529785e-01
5.123591423034667969e-01
5.192597508430480957e-01
5.011107921600341797e-01
4.985154271125793457e-01
5.025538206100463867e-01
5.003260374069213867e-01
5.060606002807617188e-01
5.040357708930969238e-01
4.886036813259124756e-01
5.036631822586059570e-01
5.013033747673034668e-01
4.971334636211395264e-01
5.015252232551574707e-01
4.970101118087768555e-01
5.067289471626281738e-01
4.979012310504913330e-01
5.051696896553039551e-01
5.014222264289855957e-01
5.101141333580017090e-01
4.955896437168121338e-01
4.972574710845947266e-01
5.040959119796752930e-01
5.086555480957031250e-01
4.859023094177246094e-01
4.886709153652191162e-01
5.010744333267211914e-01
4.884531199932098389e-01
4.951590299606323242e-01
4.894157946109771729e-01
4.883947670459747314e-01
4.927942454814910889e-01
4.989637136459350586e-01
5.017393231391906738e-01
4.924306869506835938e-01
4.869757890701293945e-01
4.962559342384338379e-01
4.932422339916229248e-01
4.846163988113403320e-01
4.878779649734497070e-01
5.034699440002441406e-01
4.915704131126403809e-01
4.921891987323760986e-01
4.854011833667755127e-01
4.811270534992218018e-01
4.893878996372222900e-01
5.038524270057678223e-01
4.929238557815551758e-01
4.859344661235809326e-01
5.046443343162536621e-01
4.933327734470367432e-01
4.912406504154205322e-01
4.877329766750335693e-01
5.080589652061462402e-01
4.932283759117126465e-01
4.927939772605895996e-01
4.900633394718170166e-01
4.928731322288513184e-01
4.895127713680267334e-01
4.983358979225158691e-01
4.987541437149047852e-01
4.899084866046905518e-01
4.891682267189025879e-01
4.799517393112182617e-01
4.863258302211761475e-01
4.937079846858978271e-01
4.945765733718872070e-01
4.784010946750640869e-01
4.894675910472869873e-01
4.862614572048187256e-01
4.889048635959625244e-01
4.908870756626129150e-01
5.103479027748107910e-01
5.073253512382507324e-01
4.835222959518432617e-01
5.043358802795410156e-01
4.944851398468017578e-01
4.893749952316284180e-01
4.901467561721801758e-01
4.866805076599121094e-01
5.079222917556762695e-01
4.990065097808837891e-01
4.957416951656341553e-01
5.092279314994812012e-01
4.984300732612609863e-01
4.962935745716094971e-01
4.905157983303070068e-01
4.880664050579071045e-01
4.873178303241729736e-01
5.023423433303833008e-01
5.069504380226135254e-01
4.955196082592010498e-01
4.966401755809783936e-01
4.898506999015808105e-01
4.867480397224426270e-01
4.972117245197296143e-01
4.877406060695648193e-01
5.120547413825988770e-01
4.877244532108306885e-01
5.081060528755187988e-01
4.986836016178131104e-01
4.876392185688018799e-01
4.828223288059234619e-01
5.203902125358581543e-01
4.970571100711822510e-01
4.988678693771362305e-01
4.899325668811798096e-01
4.801583290100097656e-01
4.985473752021789551e-01
4.898597896099090576e-01
4.910352230072021484e-01
5.168682932853698730e-01
5.145734548568725586e-01
5.149079561233520508e-01
4.920035898685455322e-01
4.902265667915344238e-01
4.926944673061370850e-01
4.962320923805236816e-01
4.901658296585083008e-01
4.618760645389556885e-01
5.036754012107849121e-01
4.933609366416931152e-01
5.009810328483581543e-01
5.053466558456420898e-01
4.966632127761840820e-01
4.914453327655792236e-01
4.965879619121551514e-01
4.914511442184448242e-01
5.050718784332275391e-01
5.037535429000854492e-01
4.835854470729827881e-01
4.900329709053039551e-01
5.192599296569824219e-01
4.987882673740386963e-01
5.173633098602294922e-01
4.766062796115875244e-01
4.968782067298889160e-01
5.252029299736022949e-01
4.903324842453002930e-01
5.020771026611328125e-01
5.159215927124023438e-01
4.855811297893524170e-01
4.848152995109558105e-01
4.954836666584014893e-01
4.984932839870452881e-01
4.990127682685852051e-01
5.359073281288146973e-01
4.644616842269897461e-01
5.108661651611328125e-01
4.902543723583221436e-01
5.209567546844482422e-01
4.896194040775299072e-01
4.775052070617675781e-01
5.296689271926879883e-01
4.875575900077819824e-01
4.918617606163024902e-01
5.487903952598571777e-01
4.992150366306304932e-01
5.265726447105407715e-01
4.875224828720092773e-01
4.918625652790069580e-01
4.906407296657562256e-01
5.017637014389038086e-01
4.969524443149566650e-01
5.045101642608642578e-01
4.997290670871734619e-01
4.897193312644958496e-01
4.938555657863616943e-01
5.406643748283386230e-01
5.071728825569152832e-01
4.531330764293670654e-01
5.595483183860778809e-01
5.266786813735961914e-01
5.259963274002075195e-01
4.734194278717041016e-01
4.962217509746551514e-01
5.116137862205505371e-01
4.922801852226257324e-01
4.888886809349060059e-01
5.102666020393371582e-01
4.878421723842620850e-01
4.996025264263153076e-01
5.114009380340576172e-01
4.627536833286285400e-01
4.867152869701385498e-01
5.301435589790344238e-01
5.279399156570434570e-01
4.790276288986206055e-01
4.570186138153076172e-01
5.059469342231750488e-01
5.260173082351684570e-01
5.306553840637207031e-01
5.264676809310913086e-01
4.975045919418334961e-01
4.987391531467437744e-01
5.114695429801940918e-01
5.366930961608886719e-01
4.775545597076416016e-01
5.040097236633300781e-01
4.849734902381896973e-01
4.990658462047576904e-01
5.390844941139221191e-01
5.015358328819274902e-01
4.600532948970794678e-01
4.996800124645233154e-01
4.994448721408843994e-01
4.939199388027191162e-01
4.815266430377960205e-01
4.690058231353759766e-01
4.845825135707855225e-01
4.975094199180603027e-01
4.740590751171112061e-01
4.926943480968475342e-01
4.830732643604278564e-01
5.288359522819519043e-01
4.749159812927246094e-01
4.560541510581970215e-01
5.018219351768493652e-01
5.155227780342102051e-01
5.019866228103637695e-01
5.016393661499023438e-01
4.798112809658050537e-01
4.798852801322937012e-01
4.895695149898529053e-01
4.696811139583587646e-01
4.821881949901580811e-01
4.954324066638946533e-01
4.864596724510192871e-01
4.872443974018096924e-01
4.838163256645202637e-01
4.749279022216796875e-01
4.885105788707733154e-01
4.886009991168975830e-01
5.224685072898864746e-01
5.317510366439819336e-01
4.981531500816345215e-01
4.982840418815612793e-01
4.785953760147094727e-01
5.243737101554870605e-01
5.032345652580261230e-01
5.037968754768371582e-01
4.832384586334228516e-01
4.840219020843505859e-01
4.712582528591156006e-01
5.356244444847106934e-01
4.826911389827728271e-01
4.697014689445495605e-01
4.921550750732421875e-01
4.788181185722351074e-01
4.771504700183868408e-01
5.123729109764099121e-01
5.247525572776794434e-01
5.124874711036682129e-01
5.047621130943298340e-01
4.792840182781219482e-01
5.331136584281921387e-01
5.302426218986511230e-01
4.989080429077148438e-01
4.933528602123260498e-01
4.832580685615539551e-01
4.859188795089721680e-01
5.035464763641357422e-01
4.628869593143463135e-01
5.208288431167602539e-01
4.820927083492279053e-01
4.910658597946166992e-01
4.830107986927032471e-01
5.026704668998718262e-01
5.182068943977355957e-01
5.303304195404052734e-01
4.791207015514373779e-01
5.250348448753356934e-01
4.953389763832092285e-01
4.705131649971008301e-01
5.334613323211669922e-01
4.888427555561065674e-01
5.667668581008911133e-01
4.911468923091888428e-01
4.689138531684875488e-01
4.818086326122283936e-01
