5.110189318656921387e-01
6.071887016296386719e-01
5.070322751998901367e-01
9.137010574340820312e-01
8.935000896453857422e-01
8.612264394760131836e-01
5.062879920005798340e-01
5.892307162284851074e-01
6.957345604896545410e-01
3.758748769760131836e-01
5.719704031944274902e-01
9.875401258468627930e-01
3.669248819351196289e-01
6.002904772758483887e-01
8.088806271553039551e-01
5.299110412597656250e-01
5.277301073074340820e-01
4.576217234134674072e-01
3.279965817928314209e-01
7.755153179168701172e-01
7.744317650794982910e-01
8.045170307159423828e-01
4.653678834438323975e-01
9.148966670036315918e-01
6.714696884155273438e-01
4.908560514450073242e-01
8.632612228393554688e-01
9.876960515975952148e-01
7.149502038955688477e-01
5.983887910842895508e-01
5.668194890022277832e-01
3.704023957252502441e-01
4.877685308456420898e-01
5.677911639213562012e-01
6.728929877281188965e-01
4.039025604724884033e-01
3.640038371086120605e-01
9.129353761672973633e-01
5.058975815773010254e-01
9.192281961441040039e-01
6.299226284027099609e-01
8.978405594825744629e-01
4.948714673519134521e-01
3.520541489124298096e-01
7.030770182609558105e-01
9.922643899917602539e-01
6.108934283256530762e-01
9.048661589622497559e-01
4.603670239448547363e-01
9.718925952911376953e-01
5.859816074371337891e-01
4.890801012516021729e-01
3.591184318065643311e-01
7.965431809425354004e-01
9.636462330818176270e-01
3.823112845420837402e-01
5.566234588623046875e-01
9.392860531806945801e-01
9.232234954833984375e-01
9.600735306739807129e-01
5.665571689605712891e-01
7.142237424850463867e-01
8.686506748199462891e-01
9.957493543624877930e-01
5.368555784225463867e-01
5.445352196693420410e-01
5.929695367813110352e-01
8.073091506958007812e-01
8.732481598854064941e-01
5.454701781272888184e-01
7.635440230369567871e-01
9.940835833549499512e-01
4.686739146709442139e-01
5.910851955413818359e-01
2.635214328765869141e-01
9.047011733055114746e-01
5.072342157363891602e-01
1.815098375082015991e-01
7.334910035133361816e-01
6.218678355216979980e-01
7.033249139785766602e-01
5.929448008537292480e-01
9.167255163192749023e-01
4.855439662933349609e-01
8.708137273788452148e-01
8.046335577964782715e-01
6.615469455718994141e-01
7.286990284919738770e-01
6.673107743263244629e-01
9.874989390373229980e-01
9.260888099670410156e-01
5.984326004981994629e-01
6.611354351043701172e-01
9.162505269050598145e-01
2.570184469223022461e-01
7.950371503829956055e-01
6.937543749809265137e-01
6.134163737297058105e-01
7.908920645713806152e-01
6.451429128646850586e-01
9.145625233650207520e-01
6.330533623695373535e-01
7.022529840469360352e-01
5.781688960269093513e-04
2.765592038631439209e-01
3.950166106224060059e-01
3.207148909568786621e-01
2.564462833106517792e-03
4.116463288664817810e-02
3.920186460018157959e-01
6.107297260314226151e-03
3.055177442729473114e-02
2.053164178505539894e-03
1.558511853218078613e-01
1.338430643081665039e-01
8.348969370126724243e-02
8.818395435810089111e-03
1.578515977598726749e-03
4.758345335721969604e-02
8.785920217633247375e-03
8.890285342931747437e-02
6.133323162794113159e-02
1.124445698224008083e-03
3.286130027845501900e-03
9.684661030769348145e-02
4.359945189207792282e-03
6.809707731008529663e-03
1.602394855581223965e-03
2.050353139638900757e-01
2.014010585844516754e-02
2.217919975519180298e-01
1.649399846792221069e-02
2.255548834800720215e-01
1.929590478539466858e-02
1.707703620195388794e-01
8.302323520183563232e-02
2.450814284384250641e-02
6.715793162584304810e-02
6.917630136013031006e-02
5.754943937063217163e-02
3.095959499478340149e-02
3.426618278026580811e-01
1.852131076157093048e-02
4.715107847005128860e-03
1.055455058813095093e-01
2.938309609889984131e-01
3.018196206539869308e-03
6.974491989240050316e-04
5.729375779628753662e-02
5.344685539603233337e-02
5.107559845782816410e-04
6.269149598665535450e-04
1.115794666111469269e-02
1.428359597921371460e-01
1.770745068788528442e-01
2.480358779430389404e-01
2.122207581996917725e-01
1.869102194905281067e-02
7.513727527111768723e-03
4.007518291473388672e-04
2.878706753253936768e-01
1.798857934772968292e-03
1.269389293156564236e-03
1.988522149622440338e-02
9.822473861277103424e-03
5.803244933485984802e-02
3.324379920959472656e-01
8.067287504673004150e-02
1.585053354501724243e-01
2.516735810786485672e-03
2.793923616409301758e-01
4.682527482509613037e-02
5.182661116123199463e-02
1.363199651241302490e-01
2.499750852584838867e-01
1.187678053975105286e-01
8.705519139766693115e-02
3.613735139369964600e-01
6.754858419299125671e-03
1.039511635899543762e-01
3.980191797018051147e-02
1.839193403720855713e-01
2.349188923835754395e-01
4.729545209556818008e-03
8.523222059011459351e-02
5.362242460250854492e-01
3.814325435087084770e-03
5.741801857948303223e-02
2.083556950092315674e-01
2.246685028076171875e-01
4.297395423054695129e-02
3.666119277477264404e-01
1.266323029994964600e-01
5.176403746008872986e-02
3.739328682422637939e-02
2.922064391896128654e-03
2.545768627896904945e-03
4.724435806274414062e-01
1.122977286577224731e-01
4.952952638268470764e-02
8.160039782524108887e-02
8.049553632736206055e-02
5.531284585595130920e-02
5.685539245605468750e-01
2.458817511796951294e-01
2.529646502807736397e-03
