8.816307187080383301e-01
9.374254345893859863e-01
8.208108544349670410e-01
6.311814785003662109e-01
8.076366186141967773e-01
7.646792531013488770e-01
7.261840105056762695e-01
6.771435141563415527e-01
8.202399611473083496e-01
8.912811279296875000e-01
8.420958518981933594e-01
1.729043722152709961e-01
7.043803930282592773e-01
9.201563596725463867e-01
9.254553914070129395e-01
6.659123301506042480e-01
8.265960812568664551e-01
4.557842910289764404e-01
4.058374464511871338e-01
6.709150671958923340e-01
7.483294010162353516e-01
9.561393260955810547e-01
7.927615046501159668e-01
8.539911508560180664e-01
6.865743398666381836e-01
3.662921786308288574e-01
3.514145910739898682e-01
9.344456195831298828e-01
7.774164676666259766e-01
7.334421277046203613e-01
8.236522078514099121e-01
6.357491612434387207e-01
5.044921636581420898e-01
2.530481815338134766e-01
9.188542366027832031e-01
4.671753048896789551e-01
4.983945488929748535e-01
3.917524516582489014e-01
6.516596674919128418e-01
4.457216560840606689e-01
7.830231189727783203e-01
6.589846611022949219e-01
6.359747648239135742e-01
5.189434289932250977e-01
7.711589336395263672e-01
4.269403517246246338e-01
7.777691483497619629e-01
7.108877897262573242e-01
5.878537297248840332e-01
3.823429048061370850e-01
7.995547652244567871e-01
4.200345873832702637e-01
8.936387300491333008e-01
6.252611279487609863e-01
6.213637590408325195e-01
8.481868505477905273e-01
7.551726698875427246e-01
8.162269592285156250e-01
9.327139258384704590e-01
9.613336324691772461e-01
6.992562413215637207e-01
8.605366945266723633e-01
8.767023682594299316e-01
7.173300385475158691e-01
6.507617831230163574e-01
3.604262769222259521e-01
7.250736951828002930e-01
4.983858764171600342e-01
8.939774632453918457e-01
7.898969650268554688e-01
5.549860596656799316e-01
8.810184001922607422e-01
6.768894195556640625e-01
9.339612126350402832e-01
7.780560255050659180e-01
7.315196394920349121e-01
8.414902091026306152e-01
8.477374315261840820e-01
7.414844036102294922e-01
8.585568070411682129e-01
8.200006484985351562e-01
7.992250919342041016e-01
8.611510992050170898e-01
7.679347395896911621e-01
8.376697897911071777e-01
8.429531455039978027e-01
7.233127355575561523e-01
8.472340106964111328e-01
7.112576365470886230e-01
6.899932622909545898e-01
6.579304337501525879e-01
6.900189518928527832e-01
8.481875658035278320e-01
7.210209965705871582e-01
8.590112924575805664e-01
8.857695460319519043e-01
7.608630657196044922e-01
8.002320528030395508e-01
8.148358464241027832e-01
7.850266098976135254e-01
8.594212532043457031e-01
8.754415512084960938e-01
7.403566241264343262e-01
8.940371870994567871e-01
8.292344808578491211e-01
7.281213998794555664e-01
6.321050524711608887e-01
7.628078460693359375e-01
8.493977785110473633e-01
7.903699278831481934e-01
7.236881256103515625e-01
6.335579156875610352e-01
8.629001379013061523e-01
7.483032345771789551e-01
7.598513364791870117e-01
8.721540570259094238e-01
7.303977012634277344e-01
5.865142941474914551e-01
6.982674598693847656e-01
6.855465173721313477e-01
8.677786588668823242e-01
5.097572803497314453e-01
8.508170843124389648e-01
8.741494417190551758e-01
7.014896273612976074e-01
8.805305957794189453e-01
6.255472898483276367e-01
7.995616197586059570e-01
8.489074707031250000e-01
8.419700264930725098e-01
8.877303600311279297e-01
8.058896660804748535e-01
7.420545816421508789e-01
8.515894412994384766e-01
7.340102195739746094e-01
7.554866671562194824e-01
8.518481850624084473e-01
8.825334906578063965e-01
6.182017326354980469e-01
8.332595229148864746e-01
8.421483635902404785e-01
7.457100749015808105e-01
7.926369905471801758e-01
8.900796175003051758e-01
6.763724088668823242e-01
7.464967966079711914e-01
8.426221609115600586e-01
6.336434483528137207e-01
8.431524634361267090e-01
8.693612813949584961e-01
5.555631518363952637e-01
6.648233532905578613e-01
6.297779679298400879e-01
6.038804054260253906e-01
5.707892179489135742e-01
6.363361477851867676e-01
6.449806690216064453e-01
5.496110320091247559e-01
5.882865190505981445e-01
6.287524700164794922e-01
5.204339027404785156e-01
7.576643228530883789e-01
5.794472694396972656e-01
6.089714765548706055e-01
6.582964062690734863e-01
6.033714413642883301e-01
5.846555829048156738e-01
6.268715262413024902e-01
6.030912399291992188e-01
6.152362823486328125e-01
6.972661018371582031e-01
6.399340629577636719e-01
7.366326451301574707e-01
7.051982283592224121e-01
6.764009594917297363e-01
6.724192500114440918e-01
6.502910852432250977e-01
5.245997309684753418e-01
7.353206276893615723e-01
6.877661347389221191e-01
6.550458073616027832e-01
6.997128129005432129e-01
7.029891014099121094e-01
7.038902640342712402e-01
6.588787436485290527e-01
5.962440967559814453e-01
7.600282430648803711e-01
6.724035739898681641e-01
6.765912771224975586e-01
6.570730805397033691e-01
6.594398617744445801e-01
7.011600136756896973e-01
6.420590877532958984e-01
6.742566823959350586e-01
6.710036396980285645e-01
6.677086353302001953e-01
6.280622482299804688e-01
6.114175915718078613e-01
6.589874029159545898e-01
6.539232134819030762e-01
5.001972317695617676e-01
6.809588670730590820e-01
6.943247318267822266e-01
6.452282667160034180e-01
5.870447754859924316e-01
6.752744317054748535e-01
6.911135911941528320e-01
6.746823787689208984e-01
6.400960683822631836e-01
6.863867640495300293e-01
6.653583645820617676e-01
7.463968396186828613e-01
6.921969056129455566e-01
6.289862394332885742e-01
7.336891889572143555e-01
7.118878960609436035e-01
6.367347836494445801e-01
7.282935380935668945e-01
6.448473930358886719e-01
7.159305810928344727e-01
6.504094600677490234e-01
6.950904130935668945e-01
6.570749878883361816e-01
7.356290817260742188e-01
6.601202487945556641e-01
7.004169225692749023e-01
7.040295600891113281e-01
6.828784942626953125e-01
6.307567358016967773e-01
7.674759030342102051e-01
6.521387100219726562e-01
6.966344118118286133e-01
6.401988267898559570e-01
6.570564508438110352e-01
6.444882154464721680e-01
6.634125709533691406e-01
7.834323644638061523e-01
6.659300923347473145e-01
3.477918803691864014e-01
6.719068884849548340e-01
6.823377013206481934e-01
6.684652566909790039e-01
7.493546009063720703e-01
5.945781469345092773e-01
4.522195756435394287e-01
1.436917036771774292e-01
9.268841147422790527e-01
9.071812629699707031e-01
9.338526725769042969e-01
4.023443758487701416e-01
3.495683968067169189e-01
9.206327795982360840e-01
6.598846316337585449e-01
9.168232083320617676e-01
2.358564436435699463e-01
9.114733338356018066e-01
9.171570539474487305e-01
6.804967522621154785e-01
9.164192676544189453e-01
9.206354022026062012e-01
9.051972031593322754e-01
8.796761035919189453e-01
4.779319465160369873e-01
2.982866168022155762e-01
4.049680233001708984e-01
9.335209727287292480e-01
9.032846689224243164e-01
9.313309788703918457e-01
2.132383286952972412e-01
9.164573550224304199e-01
9.105352163314819336e-01
9.537736177444458008e-01
4.185927212238311768e-01
8.560854196548461914e-01
9.410721659660339355e-01
8.863055109977722168e-01
8.792502284049987793e-01
9.102736711502075195e-01
9.287997484207153320e-01
8.696468472480773926e-01
9.073866605758666992e-01
9.223611354827880859e-01
5.115938186645507812e-01
6.196505427360534668e-01
4.287847280502319336e-01
9.367097020149230957e-01
9.223675131797790527e-01
9.542448520660400391e-01
9.222004413604736328e-01
9.181745648384094238e-01
9.148827791213989258e-01
9.449099302291870117e-01
5.306776165962219238e-01
2.924834489822387695e-01
9.186694025993347168e-01
9.117320775985717773e-01
9.133885502815246582e-01
9.201619029045104980e-01
9.158864617347717285e-01
9.074509143829345703e-01
9.193714261054992676e-01
8.969507217407226562e-01
8.942129611968994141e-01
4.086068272590637207e-01
3.342328369617462158e-01
9.384024143218994141e-01
5.042995810508728027e-01
4.123756885528564453e-01
9.304658174514770508e-01
8.974631428718566895e-01
5.311944484710693359e-01
9.200336933135986328e-01
2.762810885906219482e-01
9.449413418769836426e-01
9.093430638313293457e-01
9.024228453636169434e-01
2.713633775711059570e-01
9.485099911689758301e-01
9.378382563591003418e-01
6.421380043029785156e-01
5.163956284523010254e-01
9.676691889762878418e-01
6.274651885032653809e-01
9.795240759849548340e-01
4.483188092708587646e-01
7.699112892150878906e-01
9.489739537239074707e-01
6.147884726524353027e-01
9.172421693801879883e-01
9.562336802482604980e-01
7.647842764854431152e-01
8.327947258949279785e-01
4.062645435333251953e-01
6.572183966636657715e-01
5.658066868782043457e-01
9.665840864181518555e-01
9.567908048629760742e-01
5.937693119049072266e-01
9.279016852378845215e-01
8.604609370231628418e-01
9.625813961029052734e-01
7.203754782676696777e-01
5.595259070396423340e-01
9.519378542900085449e-01
6.068137884140014648e-01
7.383983731269836426e-01
8.103000521659851074e-01
9.761263132095336914e-01
9.676691889762878418e-01
7.805548906326293945e-01
9.581512212753295898e-01
7.099220752716064453e-01
9.872477054595947266e-01
7.855346798896789551e-01
6.246775388717651367e-01
2.815566956996917725e-01
5.595505833625793457e-01
6.492909789085388184e-01
9.611166715621948242e-01
6.236211657524108887e-01
3.532169461250305176e-01
4.744094908237457275e-01
4.598378241062164307e-01
5.167179703712463379e-01
8.228975534439086914e-01
8.533234596252441406e-01
6.591881513595581055e-01
6.260759830474853516e-01
5.549682974815368652e-01
6.544890999794006348e-01
6.634370684623718262e-01
5.902773737907409668e-01
7.168583869934082031e-01
7.529376745223999023e-01
5.902774930000305176e-01
6.025173664093017578e-01
7.261425852775573730e-01
5.181279778480529785e-01
5.362482070922851562e-01
6.356715559959411621e-01
8.456047773361206055e-01
6.383301615715026855e-01
5.357902050018310547e-01
5.553597211837768555e-01
5.216057300567626953e-01
6.182163953781127930e-01
6.179818511009216309e-01
6.391075253486633301e-01
7.632464766502380371e-01
6.012114882469177246e-01
5.647153258323669434e-01
5.800662040710449219e-01
5.493900179862976074e-01
5.718890428543090820e-01
6.602496504783630371e-01
6.058518290519714355e-01
5.651431679725646973e-01
6.056892871856689453e-01
4.103340804576873779e-01
8.217168450355529785e-01
5.459693670272827148e-01
6.004085540771484375e-01
5.025585293769836426e-01
8.065022230148315430e-01
6.333834528923034668e-01
7.040364146232604980e-01
5.392854809761047363e-01
6.288093328475952148e-01
5.618357062339782715e-01
5.647506713867187500e-01
6.875523924827575684e-01
6.056876778602600098e-01
4.476983845233917236e-01
5.507814288139343262e-01
6.547662615776062012e-01
5.944727063179016113e-01
6.184178590774536133e-01
5.721433758735656738e-01
5.614476799964904785e-01
6.721841096878051758e-01
5.495560169219970703e-01
7.078408002853393555e-01
5.948694944381713867e-01
5.529638528823852539e-01
7.098907828330993652e-01
1.210589557886123657e-01
6.838505864143371582e-01
8.027703166007995605e-01
9.361547231674194336e-01
3.321312665939331055e-01
7.002428770065307617e-01
8.121114969253540039e-01
9.254426956176757812e-01
7.930643558502197266e-01
5.614416599273681641e-01
8.214564323425292969e-01
7.187138199806213379e-01
6.542314291000366211e-01
7.444139122962951660e-01
8.561289906501770020e-01
7.409316301345825195e-01
3.982562422752380371e-01
8.152076601982116699e-01
7.483969926834106445e-01
7.955240011215209961e-01
7.881972193717956543e-01
5.429297089576721191e-01
6.635574102401733398e-01
7.861601114273071289e-01
7.932633161544799805e-01
8.982650637626647949e-01
2.778435945510864258e-01
6.461943387985229492e-01
6.073747947812080383e-02
8.280838131904602051e-01
9.578421115875244141e-01
7.004966139793395996e-01
8.318967223167419434e-01
8.263373970985412598e-01
5.515446066856384277e-01
6.940082311630249023e-01
7.830742001533508301e-01
7.242860794067382812e-01
7.029363512992858887e-01
6.637122035026550293e-01
6.125850677490234375e-01
2.812610864639282227e-01
8.383561372756958008e-01
5.204140543937683105e-01
9.364323616027832031e-01
1.903182119131088257e-01
9.441715478897094727e-01
8.399305939674377441e-01
7.917156219482421875e-01
5.283290147781372070e-01
9.440186023712158203e-01
9.352481365203857422e-01
9.354758262634277344e-01
7.327998280525207520e-01
5.697101354598999023e-01
6.894490718841552734e-01
7.430092692375183105e-01
8.260515332221984863e-01
7.862856984138488770e-01
8.365848064422607422e-01
9.044976830482482910e-01
8.655102252960205078e-01
5.344541072845458984e-01
8.014240264892578125e-01
8.228293061256408691e-01
5.724935531616210938e-01
8.189944624900817871e-01
4.398441314697265625e-01
7.136735916137695312e-01
5.748431086540222168e-01
7.806311249732971191e-01
4.267553687095642090e-01
8.928914666175842285e-01
8.312048316001892090e-01
4.646714627742767334e-01
3.637101873755455017e-02
1.224067509174346924e-01
8.153628557920455933e-02
9.637666493654251099e-02
3.426558896899223328e-02
4.360702335834503174e-01
3.858326971530914307e-01
1.312052011489868164e-01
1.723727285861968994e-01
7.838021218776702881e-02
2.490534931421279907e-01
2.653164267539978027e-01
2.128998339176177979e-01
2.068871706724166870e-01
5.924254655838012695e-02
2.120893299579620361e-01
5.561683773994445801e-01
2.931421399116516113e-01
1.629731655120849609e-01
4.521646723151206970e-02
4.772023484110832214e-02
6.227838993072509766e-02
2.929595410823822021e-01
1.994656212627887726e-02
3.381111659109592438e-03
3.581040203571319580e-01
6.509874016046524048e-03
1.424029320478439331e-01
7.690183073282241821e-02
9.818139486014842987e-03
1.954167336225509644e-02
7.211445271968841553e-02
6.107248738408088684e-02
5.396863445639610291e-02
1.176000759005546570e-02
3.415830805897712708e-02
1.124453693628311157e-01
5.032575726509094238e-01
1.435954775661230087e-02
2.895106971263885498e-01
2.275957353413105011e-02
3.789721429347991943e-01
1.997560448944568634e-02
2.757642790675163269e-02
1.110683754086494446e-01
5.880143642425537109e-01
4.738542437553405762e-02
7.890514284372329712e-02
5.197964981198310852e-02
4.049816131591796875e-01
7.249756902456283569e-02
1.912589184939861298e-02
4.731586202979087830e-02
2.046343497931957245e-02
2.318521030247211456e-03
1.900252327322959900e-02
8.489835262298583984e-02
1.096937581896781921e-01
6.439150869846343994e-02
1.409113127738237381e-02
4.005579948425292969e-01
6.712386757135391235e-02
5.751898139715194702e-02
3.554574772715568542e-02
3.335953354835510254e-01
2.548472210764884949e-02
2.431682683527469635e-02
3.168091177940368652e-01
1.963463611900806427e-02
1.351743489503860474e-01
1.158830896019935608e-01
2.571195177733898163e-02
7.476184517145156860e-02
2.883234918117523193e-01
1.149921864271163940e-01
2.846940159797668457e-01
3.403868526220321655e-02
4.720032587647438049e-02
4.250961542129516602e-01
8.856502175331115723e-02
2.166428416967391968e-02
8.856502175331115723e-02
5.151109769940376282e-02
5.956611037254333496e-01
8.284530043601989746e-02
2.566767111420631409e-02
5.859073400497436523e-01
6.054912135004997253e-02
2.917508184909820557e-01
3.620334863662719727e-01
5.239043235778808594e-01
2.913878560066223145e-01
5.151109769940376282e-02
2.509646117687225342e-01
6.343537569046020508e-01
3.339397907257080078e-02
1.625673323869705200e-01
4.730694293975830078e-01
5.151109769940376282e-02
3.339397907257080078e-02
2.662272378802299500e-02
3.140950947999954224e-02
8.275574445724487305e-02
4.769372940063476562e-02
9.224954992532730103e-02
6.200686693191528320e-01
2.554639279842376709e-01
4.404425024986267090e-01
4.720032587647438049e-02
2.793874144554138184e-01
2.325661182403564453e-01
2.278081029653549194e-01
2.278081029653549194e-01
1.551118213683366776e-02
5.683563649654388428e-02
3.403868526220321655e-02
1.551118213683366776e-02
5.239043235778808594e-01
4.670671522617340088e-01
3.339397907257080078e-02
2.566767111420631409e-02
7.155198454856872559e-01
5.991168692708015442e-02
2.796596288681030273e-01
3.468652665615081787e-01
2.662272378802299500e-02
6.797000765800476074e-01
1.377925276756286621e-01
8.856502175331115723e-02
2.793874144554138184e-01
2.793874144554138184e-01
5.633420124650001526e-02
4.617896378040313721e-01
2.566767111420631409e-02
6.560457348823547363e-01
2.447628378868103027e-01
3.842781856656074524e-02
9.572381526231765747e-02
4.060942232608795166e-01
1.262687444686889648e-01
3.140950947999954224e-02
6.415842175483703613e-01
5.870246142148971558e-02
2.166428416967391968e-02
5.347856879234313965e-01
4.520230591297149658e-01
2.104613035917282104e-01
5.592428445816040039e-01
3.073820471763610840e-01
4.600843414664268494e-02
6.480688452720642090e-01
6.202406883239746094e-01
6.743668317794799805e-01
5.948269367218017578e-01
4.475950002670288086e-01
5.665681958198547363e-01
5.649422407150268555e-01
5.054806470870971680e-01
5.285156369209289551e-01
6.092127561569213867e-01
5.253198146820068359e-01
5.244637131690979004e-01
5.619083642959594727e-01
5.313211083412170410e-01
5.581920742988586426e-01
6.138926148414611816e-01
7.571579813957214355e-01
5.251486301422119141e-01
5.486466288566589355e-01
5.759007334709167480e-01
6.067132353782653809e-01
5.117024779319763184e-01
6.505570411682128906e-01
5.590209960937500000e-01
6.776193976402282715e-01
5.741634964942932129e-01
6.932751536369323730e-01
6.823946833610534668e-01
6.385354995727539062e-01
6.314006447792053223e-01
6.873118877410888672e-01
6.716110706329345703e-01
6.830760836601257324e-01
6.469601392745971680e-01
6.878295540809631348e-01
6.526709198951721191e-01
6.510826945304870605e-01
6.663060188293457031e-01
7.170199155807495117e-01
6.540008783340454102e-01
5.909453630447387695e-01
6.784350275993347168e-01
6.187389492988586426e-01
6.239098906517028809e-01
3.833319842815399170e-01
6.600648164749145508e-01
6.699851751327514648e-01
6.370963454246520996e-01
5.814540386199951172e-01
5.320473909378051758e-01
7.031109333038330078e-01
6.543203592300415039e-01
5.751960277557373047e-01
5.476834774017333984e-01
6.193907856941223145e-01
6.496058106422424316e-01
6.472696065902709961e-01
6.557478904724121094e-01
6.457726955413818359e-01
6.654152274131774902e-01
4.332770705223083496e-01
6.030883789062500000e-01
6.548110842704772949e-01
6.203007102012634277e-01
5.857282876968383789e-01
5.638989210128784180e-01
6.291031837463378906e-01
6.676685810089111328e-01
7.092287540435791016e-01
6.493364572525024414e-01
6.242291331291198730e-01
7.125896811485290527e-01
6.304843425750732422e-01
6.471203565597534180e-01
6.423819661140441895e-01
6.941385865211486816e-01
6.851866841316223145e-01
6.796431541442871094e-01
6.700465679168701172e-01
7.415312528610229492e-01
6.820452213287353516e-01
6.661713123321533203e-01
6.173806190490722656e-01
6.849858760833740234e-01
6.501887440681457520e-01
5.830888152122497559e-01
6.323241591453552246e-01
7.256317734718322754e-01
6.723227500915527344e-01
6.027686595916748047e-01
7.107583880424499512e-01
6.440016627311706543e-01
3.145365118980407715e-01
1.088682487607002258e-01
4.505198299884796143e-01
2.205534428358078003e-01
3.169650733470916748e-01
3.219429850578308105e-01
1.749837249517440796e-01
2.164812535047531128e-01
2.030683308839797974e-01
2.171565890312194824e-01
2.503849864006042480e-01
2.469952255487442017e-01
1.567321568727493286e-01
2.286084741353988647e-01
2.262343317270278931e-01
3.922595977783203125e-01
2.076943963766098022e-01
2.017820179462432861e-01
5.013086199760437012e-01
2.195114493370056152e-01
3.896541893482208252e-01
2.814424633979797363e-01
2.007341682910919189e-01
1.504044979810714722e-01
1.671397387981414795e-01
2.173613458871841431e-01
2.452841550111770630e-01
3.300063014030456543e-01
2.377976477146148682e-01
2.097219377756118774e-01
2.996337413787841797e-01
1.711785793304443359e-01
1.322540938854217529e-01
1.620160490274429321e-01
4.674701988697052002e-01
6.987395882606506348e-02
1.965191215276718140e-01
1.945245414972305298e-01
5.438757538795471191e-01
1.544979065656661987e-01
9.762899577617645264e-02
2.974303066730499268e-01
2.347286343574523926e-01
3.560266792774200439e-01
5.799518823623657227e-01
2.198004126548767090e-01
2.180429995059967041e-01
3.613279163837432861e-01
3.892145454883575439e-01
2.574604451656341553e-01
2.408573031425476074e-01
6.737829744815826416e-02
2.592959403991699219e-01
3.118346929550170898e-01
1.444315016269683838e-01
1.338040232658386230e-01
2.150020599365234375e-01
1.818597167730331421e-01
2.750612199306488037e-01
1.904689818620681763e-01
2.884093523025512695e-01
2.442867010831832886e-01
2.152119427919387817e-01
1.858198344707489014e-01
2.242802232503890991e-01
5.129662752151489258e-01
4.543680250644683838e-01
3.114115893840789795e-01
2.949234545230865479e-01
2.324294596910476685e-01
2.232836633920669556e-01
8.878244161605834961e-01
2.254543453454971313e-01
3.817485570907592773e-01
2.743301093578338623e-01
1.675392687320709229e-01
1.552043557167053223e-01
4.703425467014312744e-01
2.914631068706512451e-01
2.246268093585968018e-01
2.802563458681106567e-02
5.979258418083190918e-01
2.144982367753982544e-01
4.735321104526519775e-01
4.227537810802459717e-01
1.986451745033264160e-01
5.147626996040344238e-01
4.687578380107879639e-01
5.101019144058227539e-01
1.752943545579910278e-01
5.567780733108520508e-01
2.509396374225616455e-01
5.498018860816955566e-01
7.050957530736923218e-02
9.428319334983825684e-02
1.734393537044525146e-01
8.629111945629119873e-02
5.055799707770347595e-02
3.980161845684051514e-01
2.705374360084533691e-01
5.264201760292053223e-01
5.675559043884277344e-01
3.472380638122558594e-01
3.832260966300964355e-01
2.368614077568054199e-01
4.145061373710632324e-01
2.577874660491943359e-01
2.798135578632354736e-01
1.064788922667503357e-02
5.011799335479736328e-01
4.237022995948791504e-01
4.933317303657531738e-01
1.259384900331497192e-01
1.796209216117858887e-01
3.286850750446319580e-01
6.811347007751464844e-01
1.825091093778610229e-01
1.744436621665954590e-01
3.482137918472290039e-01
5.924769639968872070e-01
5.639957189559936523e-01
4.963404238224029541e-01
5.833281874656677246e-01
5.312231779098510742e-01
5.860306620597839355e-01
5.846047997474670410e-01
5.254721641540527344e-01
5.507249832153320312e-01
3.618100583553314209e-01
6.071155071258544922e-01
5.335090756416320801e-01
5.146981477737426758e-01
4.682278931140899658e-01
5.249660611152648926e-01
4.294591248035430908e-01
3.343385756015777588e-01
5.295457243919372559e-01
5.524334907531738281e-01
4.816589057445526123e-01
4.899732172489166260e-01
5.851193666458129883e-01
5.791057348251342773e-01
5.948601365089416504e-01
6.013328433036804199e-01
6.024081110954284668e-01
5.392740964889526367e-01
5.153145790100097656e-01
4.010291099548339844e-01
6.125900149345397949e-01
4.977869987487792969e-01
5.670986771583557129e-01
5.616927146911621094e-01
3.109407126903533936e-01
5.015082359313964844e-01
5.846167802810668945e-01
6.418980360031127930e-01
6.255351901054382324e-01
4.743177890777587891e-01
5.382309556007385254e-01
6.136943101882934570e-01
5.770655274391174316e-01
6.350650787353515625e-01
6.290438771247863770e-01
5.162064433097839355e-01
5.360600352287292480e-01
5.444865226745605469e-01
4.969570934772491455e-01
5.048167109489440918e-01
5.035812854766845703e-01
5.229924917221069336e-01
3.438142836093902588e-01
5.656060576438903809e-01
6.016030311584472656e-01
6.183415055274963379e-01
6.700223684310913086e-01
6.955600976943969727e-01
5.351071357727050781e-01
5.625873804092407227e-01
4.904119372367858887e-01
5.630948543548583984e-01
5.170040130615234375e-01
4.740539193153381348e-01
6.168411374092102051e-01
1.000389903783798218e-01
4.109036549925804138e-02
5.502712726593017578e-02
6.030081957578659058e-02
3.079875744879245758e-02
2.137597464025020599e-02
8.619150519371032715e-02
1.204993873834609985e-01
3.952129930257797241e-02
5.034048557281494141e-01
5.251539871096611023e-02
5.855578184127807617e-01
8.301478624343872070e-02
6.929861754179000854e-02
3.114978037774562836e-02
2.520979940891265869e-02
2.220462262630462646e-01
8.640193939208984375e-02
8.031021058559417725e-02
5.711616203188896179e-02
4.512794688344001770e-02
1.382615417242050171e-02
2.985508143901824951e-01
7.566846162080764771e-02
3.549187257885932922e-02
7.997494935989379883e-02
4.494243301451206207e-03
2.455430775880813599e-01
3.740744292736053467e-02
2.257853299379348755e-01
5.801204591989517212e-02
5.335145443677902222e-02
7.396110147237777710e-02
9.705292433500289917e-02
5.409489199519157410e-02
4.671783372759819031e-02
5.175409093499183655e-02
3.973848521709442139e-01
1.747918128967285156e-02
2.265642024576663971e-02
2.881914004683494568e-02
1.938552223145961761e-02
1.276580989360809326e-01
2.834463305771350861e-02
1.697988957166671753e-01
6.114573031663894653e-02
7.543694227933883667e-02
5.573201924562454224e-02
1.826359145343303680e-02
7.963521033525466919e-02
8.081410080194473267e-02
7.972384989261627197e-02
1.596730798482894897e-01
1.782947406172752380e-02
1.834876686334609985e-01
5.749510228633880615e-02
1.929502561688423157e-02
1.153433471918106079e-01
3.247438967227935791e-01
6.347558647394180298e-02
5.671283602714538574e-02
3.150890395045280457e-02
9.345418214797973633e-02
1.662514172494411469e-02
1.701023988425731659e-02
1.519193779677152634e-02
1.091350764036178589e-01
8.158874511718750000e-02
5.375998616218566895e-01
1.936743408441543579e-02
1.605896651744842529e-01
9.873352199792861938e-02
1.014301851391792297e-01
1.226597744971513748e-02
1.746196895837783813e-01
