9.913994073867797852e-01
9.972277283668518066e-01
9.653621315956115723e-01
9.143055677413940430e-01
9.143055677413940430e-01
8.669261336326599121e-01
9.143055677413940430e-01
9.143055677413940430e-01
9.143055677413940430e-01
9.944709539413452148e-01
9.827607870101928711e-01
9.143055677413940430e-01
9.847005605697631836e-01
9.892231225967407227e-01
9.143055677413940430e-01
9.143055677413940430e-01
9.794831275939941406e-01
9.260603189468383789e-01
9.028298258781433105e-01
8.746112585067749023e-01
9.143055677413940430e-01
9.857012033462524414e-01
9.143055677413940430e-01
9.868795275688171387e-01
9.143055677413940430e-01
9.879907965660095215e-01
9.877752065658569336e-01
9.806858301162719727e-01
9.361526370048522949e-01
9.143055677413940430e-01
9.978322386741638184e-01
9.130507111549377441e-01
8.613477349281311035e-01
9.848169684410095215e-01
9.954400062561035156e-01
9.897027611732482910e-01
9.563514590263366699e-01
9.590781927108764648e-01
9.143055677413940430e-01
9.135497212409973145e-01
9.143055677413940430e-01
9.143055677413940430e-01
9.941079616546630859e-01
9.142867326736450195e-01
9.143055677413940430e-01
9.143055677413940430e-01
9.143055677413940430e-01
9.143055677413940430e-01
9.807435870170593262e-01
9.143055677413940430e-01
9.950187206268310547e-01
9.143055677413940430e-01
9.143055677413940430e-01
9.987031221389770508e-01
9.143055677413940430e-01
9.143055677413940430e-01
9.357370734214782715e-01
9.143055677413940430e-01
9.143055677413940430e-01
9.584618806838989258e-01
9.984219074249267578e-01
9.868198037147521973e-01
9.872346520423889160e-01
9.143055677413940430e-01
9.489416480064392090e-01
3.490299880504608154e-01
9.143055677413940430e-01
9.469857215881347656e-01
9.143055677413940430e-01
9.143055677413940430e-01
9.937981963157653809e-01
9.977278113365173340e-01
9.143055677413940430e-01
9.143055677413940430e-01
9.178698658943176270e-01
3.490299880504608154e-01
3.490299880504608154e-01
3.490299880504608154e-01
9.928781390190124512e-01
3.490299880504608154e-01
3.490299880504608154e-01
9.993178844451904297e-01
3.490299880504608154e-01
3.490299880504608154e-01
3.490299880504608154e-01
3.490299880504608154e-01
9.999281167984008789e-01
3.490299880504608154e-01
9.930258989334106445e-01
3.490299880504608154e-01
9.931150078773498535e-01
9.854874610900878906e-01
3.490299880504608154e-01
9.850922226905822754e-01
9.949225783348083496e-01
9.999593496322631836e-01
9.935215115547180176e-01
9.989055395126342773e-01
3.490299880504608154e-01
3.490299880504608154e-01
3.490299880504608154e-01
9.929589033126831055e-01
3.490299880504608154e-01
3.490299880504608154e-01
9.983953833580017090e-01
9.965909719467163086e-01
9.995649456977844238e-01
3.490299880504608154e-01
3.490299880504608154e-01
3.490299880504608154e-01
9.954903721809387207e-01
3.490299880504608154e-01
3.490299880504608154e-01
3.490299880504608154e-01
9.998489618301391602e-01
3.490299880504608154e-01
3.490299880504608154e-01
9.996687173843383789e-01
9.920799136161804199e-01
9.991581439971923828e-01
9.886680245399475098e-01
9.994841814041137695e-01
9.981387853622436523e-01
3.490299880504608154e-01
9.976673722267150879e-01
3.490299880504608154e-01
9.966924190521240234e-01
3.490299880504608154e-01
9.990353584289550781e-01
9.999636411666870117e-01
9.992997646331787109e-01
9.919637441635131836e-01
9.844509363174438477e-01
3.490299880504608154e-01
9.976059198379516602e-01
3.490299880504608154e-01
9.929915666580200195e-01
9.998089671134948730e-01
9.966809153556823730e-01
9.974803328514099121e-01
3.490299880504608154e-01
9.992164373397827148e-01
9.968698620796203613e-01
3.490299880504608154e-01
9.963532686233520508e-01
3.490299880504608154e-01
3.490299880504608154e-01
3.490299880504608154e-01
9.925449490547180176e-01
9.997102618217468262e-01
9.964878559112548828e-01
3.490299880504608154e-01
9.873698353767395020e-01
3.490299880504608154e-01
9.999423027038574219e-01
9.888656735420227051e-01
9.877709150314331055e-01
9.976369142532348633e-01
9.982613921165466309e-01
3.490299880504608154e-01
3.490299880504608154e-01
3.490299880504608154e-01
3.490299880504608154e-01
9.956275224685668945e-01
9.832139015197753906e-01
9.797120690345764160e-01
3.490299880504608154e-01
3.490299880504608154e-01
9.992498755455017090e-01
3.490299880504608154e-01
3.490299880504608154e-01
9.998111128807067871e-01
3.490299880504608154e-01
9.781352281570434570e-01
9.822363853454589844e-01
3.490299880504608154e-01
9.752414822578430176e-01
3.490299880504608154e-01
3.490299880504608154e-01
9.937849044799804688e-01
3.490299880504608154e-01
3.490299880504608154e-01
9.778304696083068848e-01
3.490299880504608154e-01
9.862850904464721680e-01
9.998567104339599609e-01
3.490299880504608154e-01
3.490299880504608154e-01
9.838587641716003418e-01
9.996116757392883301e-01
3.490299880504608154e-01
3.490299880504608154e-01
9.987859129905700684e-01
9.981132745742797852e-01
3.490299880504608154e-01
9.983731508255004883e-01
3.490299880504608154e-01
3.490299880504608154e-01
3.490299880504608154e-01
9.975578784942626953e-01
3.490299880504608154e-01
9.988846182823181152e-01
3.490299880504608154e-01
9.989768266677856445e-01
9.750604629516601562e-01
3.490299880504608154e-01
3.490299880504608154e-01
3.490299880504608154e-01
9.982497096061706543e-01
3.490299880504608154e-01
3.490299880504608154e-01
3.490299880504608154e-01
3.490299880504608154e-01
9.983200430870056152e-01
9.997907280921936035e-01
9.979362487792968750e-01
9.990050196647644043e-01
3.490299880504608154e-01
9.990500807762145996e-01
9.991025924682617188e-01
9.909602999687194824e-01
9.970713853836059570e-01
9.810597300529479980e-01
3.490299880504608154e-01
9.997094273567199707e-01
3.490299880504608154e-01
3.490299880504608154e-01
3.490299880504608154e-01
9.995556473731994629e-01
9.941845536231994629e-01
3.490299880504608154e-01
3.490299880504608154e-01
3.490299880504608154e-01
9.934715032577514648e-01
9.661197066307067871e-01
9.947367310523986816e-01
3.490299880504608154e-01
9.971070885658264160e-01
9.998892545700073242e-01
9.997931122779846191e-01
3.490299880504608154e-01
9.803651571273803711e-01
3.490299880504608154e-01
9.894437789916992188e-01
3.490299880504608154e-01
3.490299880504608154e-01
9.143055677413940430e-01
9.965592026710510254e-01
9.143055677413940430e-01
3.490299880504608154e-01
3.490299880504608154e-01
9.143055677413940430e-01
5.856918096542358398e-01
9.988911747932434082e-01
3.490299880504608154e-01
9.711782932281494141e-01
9.701083302497863770e-01
9.071034789085388184e-01
9.958600401878356934e-01
9.143055677413940430e-01
8.528654575347900391e-01
9.143055677413940430e-01
3.490299880504608154e-01
3.490299880504608154e-01
9.832419157028198242e-01
9.143055677413940430e-01
9.973575472831726074e-01
9.767714738845825195e-01
3.490299880504608154e-01
9.825263023376464844e-01
9.143055677413940430e-01
9.856634140014648438e-01
9.868076443672180176e-01
9.984993934631347656e-01
9.592112898826599121e-01
9.143055677413940430e-01
9.143055677413940430e-01
9.143055677413940430e-01
9.143055677413940430e-01
9.143055677413940430e-01
9.755514860153198242e-01
9.143055677413940430e-01
3.490299880504608154e-01
3.490299880504608154e-01
9.900687336921691895e-01
9.840013980865478516e-01
9.143055677413940430e-01
9.856634140014648438e-01
9.949678778648376465e-01
9.143055677413940430e-01
9.143055677413940430e-01
9.143055677413940430e-01
3.490299880504608154e-01
8.649528622627258301e-01
9.669547677040100098e-01
9.143055677413940430e-01
9.954165220260620117e-01
9.143055677413940430e-01
9.143055677413940430e-01
9.707595705986022949e-01
9.143055677413940430e-01
9.907258749008178711e-01
9.143055677413940430e-01
3.490299880504608154e-01
9.710915088653564453e-01
9.979526996612548828e-01
5.856918096542358398e-01
9.346321821212768555e-01
9.434193968772888184e-01
9.143055677413940430e-01
3.490299880504608154e-01
9.140121340751647949e-01
9.817761778831481934e-01
9.430837035179138184e-01
9.143055677413940430e-01
9.143055677413940430e-01
9.754955172538757324e-01
9.143055677413940430e-01
9.842450022697448730e-01
9.830994606018066406e-01
3.490299880504608154e-01
9.143055677413940430e-01
9.658399820327758789e-01
8.674600124359130859e-01
3.490299880504608154e-01
3.490299880504608154e-01
9.143055677413940430e-01
3.490299880504608154e-01
3.490299880504608154e-01
9.930015802383422852e-01
9.748154878616333008e-01
9.698109626770019531e-01
3.490299880504608154e-01
3.490299880504608154e-01
3.490299880504608154e-01
9.143055677413940430e-01
9.143055677413940430e-01
3.490299880504608154e-01
3.490299880504608154e-01
3.490299880504608154e-01
9.796501398086547852e-01
9.878481626510620117e-01
3.490299880504608154e-01
9.505088925361633301e-01
3.490299880504608154e-01
3.490299880504608154e-01
3.490299880504608154e-01
9.143055677413940430e-01
9.143055677413940430e-01
9.632518887519836426e-01
9.915848970413208008e-01
3.490299880504608154e-01
9.143055677413940430e-01
3.490299880504608154e-01
3.490299880504608154e-01
9.251852035522460938e-01
3.490299880504608154e-01
3.490299880504608154e-01
9.943395256996154785e-01
3.490299880504608154e-01
9.980230331420898438e-01
3.490299880504608154e-01
3.490299880504608154e-01
9.993973970413208008e-01
3.490299880504608154e-01
3.490299880504608154e-01
3.490299880504608154e-01
9.839419722557067871e-01
3.490299880504608154e-01
3.490299880504608154e-01
9.913212656974792480e-01
9.976047277450561523e-01
3.490299880504608154e-01
3.490299880504608154e-01
3.490299880504608154e-01
3.490299880504608154e-01
9.764823317527770996e-01
9.802977442741394043e-01
3.490299880504608154e-01
3.490299880504608154e-01
3.490299880504608154e-01
3.490299880504608154e-01
3.490299880504608154e-01
3.490299880504608154e-01
9.933493733406066895e-01
3.490299880504608154e-01
3.490299880504608154e-01
3.490299880504608154e-01
3.490299880504608154e-01
3.490299880504608154e-01
3.490299880504608154e-01
3.490299880504608154e-01
3.490299880504608154e-01
3.490299880504608154e-01
3.490299880504608154e-01
3.490299880504608154e-01
3.490299880504608154e-01
9.770383238792419434e-01
3.490299880504608154e-01
3.490299880504608154e-01
3.490299880504608154e-01
9.834818840026855469e-01
9.911006093025207520e-01
3.490299880504608154e-01
3.490299880504608154e-01
9.914285540580749512e-01
3.490299880504608154e-01
3.490299880504608154e-01
3.490299880504608154e-01
9.935931563377380371e-01
3.490299880504608154e-01
3.490299880504608154e-01
3.490299880504608154e-01
3.490299880504608154e-01
3.490299880504608154e-01
3.490299880504608154e-01
3.490299880504608154e-01
3.490299880504608154e-01
9.935827851295471191e-01
3.490299880504608154e-01
3.490299880504608154e-01
3.490299880504608154e-01
3.490299880504608154e-01
3.490299880504608154e-01
3.490299880504608154e-01
3.490299880504608154e-01
9.143055677413940430e-01
9.888901710510253906e-01
9.355398416519165039e-01
9.874982237815856934e-01
9.641329050064086914e-01
9.826199412345886230e-01
9.270822405815124512e-01
9.143055677413940430e-01
9.143055677413940430e-01
9.143055677413940430e-01
9.905445575714111328e-01
9.858571290969848633e-01
9.664865136146545410e-01
9.143055677413940430e-01
9.143055677413940430e-01
9.498527050018310547e-01
9.143055677413940430e-01
9.143055677413940430e-01
6.515792608261108398e-01
9.354673624038696289e-01
8.964100480079650879e-01
8.910820484161376953e-01
8.810297250747680664e-01
9.143055677413940430e-01
9.143055677413940430e-01
9.143055677413940430e-01
9.239626526832580566e-01
3.490299880504608154e-01
9.143055677413940430e-01
9.405712485313415527e-01
9.055565595626831055e-01
9.143055677413940430e-01
9.143055677413940430e-01
9.614411592483520508e-01
9.143055677413940430e-01
9.893125891685485840e-01
9.143055677413940430e-01
9.142876267433166504e-01
9.143055677413940430e-01
9.143055677413940430e-01
9.860529899597167969e-01
9.143055677413940430e-01
9.143055677413940430e-01
9.914340972900390625e-01
9.681137800216674805e-01
8.852483630180358887e-01
9.143055677413940430e-01
9.143055677413940430e-01
8.815678954124450684e-01
9.143055677413940430e-01
9.720406532287597656e-01
9.769808650016784668e-01
9.143055677413940430e-01
3.490299880504608154e-01
9.143055677413940430e-01
9.143055677413940430e-01
9.385293126106262207e-01
9.143055677413940430e-01
9.143055677413940430e-01
9.143055677413940430e-01
9.546651244163513184e-01
9.143055677413940430e-01
8.608618378639221191e-01
9.840437769889831543e-01
9.379480481147766113e-01
9.143055677413940430e-01
9.622034430503845215e-01
9.831888079643249512e-01
9.131873846054077148e-01
9.143055677413940430e-01
2.811770141124725342e-01
9.143055677413940430e-01
9.143055677413940430e-01
9.126396179199218750e-01
8.711552023887634277e-01
3.490299880504608154e-01
3.490299880504608154e-01
3.490299880504608154e-01
3.490299880504608154e-01
3.490299880504608154e-01
3.490299880504608154e-01
3.490299880504608154e-01
3.490299880504608154e-01
6.927995681762695312e-01
3.490299880504608154e-01
3.490299880504608154e-01
5.331007391214370728e-02
3.490299880504608154e-01
3.490299880504608154e-01
3.490299880504608154e-01
3.490299880504608154e-01
3.490299880504608154e-01
3.490299880504608154e-01
3.490299880504608154e-01
3.490299880504608154e-01
3.490299880504608154e-01
3.490299880504608154e-01
3.490299880504608154e-01
3.490299880504608154e-01
3.490299880504608154e-01
3.490299880504608154e-01
3.490299880504608154e-01
3.490299880504608154e-01
3.490299880504608154e-01
3.490299880504608154e-01
6.098200753331184387e-02
3.490299880504608154e-01
5.867441892623901367e-01
3.490299880504608154e-01
3.490299880504608154e-01
3.490299880504608154e-01
2.811770141124725342e-01
3.490299880504608154e-01
3.490299880504608154e-01
3.490299880504608154e-01
3.490299880504608154e-01
3.490299880504608154e-01
3.490299880504608154e-01
3.490299880504608154e-01
5.483583807945251465e-01
1.721924729645252228e-02
3.490299880504608154e-01
3.490299880504608154e-01
3.490299880504608154e-01
3.490299880504608154e-01
3.490299880504608154e-01
3.490299880504608154e-01
3.490299880504608154e-01
3.490299880504608154e-01
3.490299880504608154e-01
3.490299880504608154e-01
3.490299880504608154e-01
3.490299880504608154e-01
3.490299880504608154e-01
3.490299880504608154e-01
3.490299880504608154e-01
3.490299880504608154e-01
3.490299880504608154e-01
3.490299880504608154e-01
3.490299880504608154e-01
3.490299880504608154e-01
3.490299880504608154e-01
3.490299880504608154e-01
3.490299880504608154e-01
3.490299880504608154e-01
3.490299880504608154e-01
3.490299880504608154e-01
3.490299880504608154e-01
3.490299880504608154e-01
3.490299880504608154e-01
6.354450434446334839e-02
3.490299880504608154e-01
3.490299880504608154e-01
3.490299880504608154e-01
3.490299880504608154e-01
3.490299880504608154e-01
3.490299880504608154e-01
3.490299880504608154e-01
3.490299880504608154e-01
3.490299880504608154e-01
3.490299880504608154e-01
3.490299880504608154e-01
3.490299880504608154e-01
3.490299880504608154e-01
3.490299880504608154e-01
6.629921793937683105e-01
3.490299880504608154e-01
2.347339987754821777e-01
3.490299880504608154e-01
3.490299880504608154e-01
3.490299880504608154e-01
3.490299880504608154e-01
3.490299880504608154e-01
3.490299880504608154e-01
3.490299880504608154e-01
3.490299880504608154e-01
1.395504176616668701e-01
3.490299880504608154e-01
3.490299880504608154e-01
3.490299880504608154e-01
3.490299880504608154e-01
3.490299880504608154e-01
3.490299880504608154e-01
3.490299880504608154e-01
3.490299880504608154e-01
3.490299880504608154e-01
3.490299880504608154e-01
3.490299880504608154e-01
3.490299880504608154e-01
3.490299880504608154e-01
3.490299880504608154e-01
3.490299880504608154e-01
3.490299880504608154e-01
3.490299880504608154e-01
3.490299880504608154e-01
3.490299880504608154e-01
3.490299880504608154e-01
3.490299880504608154e-01
3.490299880504608154e-01
6.071121096611022949e-01
3.490299880504608154e-01
3.490299880504608154e-01
3.490299880504608154e-01
3.490299880504608154e-01
3.490299880504608154e-01
3.490299880504608154e-01
3.490299880504608154e-01
3.490299880504608154e-01
3.490299880504608154e-01
3.490299880504608154e-01
3.490299880504608154e-01
3.490299880504608154e-01
3.490299880504608154e-01
3.490299880504608154e-01
3.490299880504608154e-01
3.490299880504608154e-01
3.490299880504608154e-01
3.490299880504608154e-01
3.490299880504608154e-01
3.490299880504608154e-01
3.490299880504608154e-01
3.490299880504608154e-01
3.490299880504608154e-01
3.490299880504608154e-01
3.490299880504608154e-01
3.490299880504608154e-01
3.490299880504608154e-01
3.490299880504608154e-01
3.490299880504608154e-01
1.661248356103897095e-01
3.490299880504608154e-01
3.490299880504608154e-01
3.490299880504608154e-01
3.490299880504608154e-01
3.490299880504608154e-01
3.490299880504608154e-01
3.490299880504608154e-01
3.490299880504608154e-01
3.490299880504608154e-01
3.490299880504608154e-01
3.490299880504608154e-01
3.490299880504608154e-01
3.490299880504608154e-01
3.490299880504608154e-01
3.490299880504608154e-01
1.695338287390768528e-03
3.490299880504608154e-01
3.490299880504608154e-01
3.490299880504608154e-01
3.490299880504608154e-01
3.490299880504608154e-01
3.490299880504608154e-01
3.490299880504608154e-01
3.490299880504608154e-01
3.490299880504608154e-01
3.490299880504608154e-01
3.490299880504608154e-01
3.490299880504608154e-01
3.490299880504608154e-01
3.490299880504608154e-01
3.490299880504608154e-01
3.490299880504608154e-01
3.490299880504608154e-01
8.779347538948059082e-01
3.490299880504608154e-01
3.490299880504608154e-01
3.490299880504608154e-01
3.490299880504608154e-01
3.490299880504608154e-01
3.490299880504608154e-01
3.490299880504608154e-01
3.490299880504608154e-01
3.490299880504608154e-01
3.490299880504608154e-01
3.490299880504608154e-01
3.490299880504608154e-01
3.490299880504608154e-01
3.490299880504608154e-01
3.490299880504608154e-01
3.490299880504608154e-01
3.490299880504608154e-01
3.490299880504608154e-01
3.490299880504608154e-01
3.490299880504608154e-01
3.490299880504608154e-01
6.081758812069892883e-02
3.490299880504608154e-01
3.490299880504608154e-01
3.490299880504608154e-01
3.490299880504608154e-01
3.490299880504608154e-01
3.490299880504608154e-01
3.490299880504608154e-01
3.490299880504608154e-01
3.490299880504608154e-01
3.490299880504608154e-01
3.490299880504608154e-01
3.490299880504608154e-01
3.490299880504608154e-01
3.490299880504608154e-01
3.490299880504608154e-01
3.490299880504608154e-01
3.490299880504608154e-01
3.490299880504608154e-01
3.490299880504608154e-01
3.490299880504608154e-01
3.490299880504608154e-01
3.490299880504608154e-01
3.490299880504608154e-01
3.490299880504608154e-01
3.490299880504608154e-01
3.490299880504608154e-01
8.096881508827209473e-01
3.490299880504608154e-01
3.490299880504608154e-01
3.490299880504608154e-01
3.490299880504608154e-01
3.490299880504608154e-01
3.490299880504608154e-01
3.490299880504608154e-01
3.490299880504608154e-01
3.490299880504608154e-01
3.490299880504608154e-01
3.490299880504608154e-01
3.490299880504608154e-01
3.490299880504608154e-01
3.490299880504608154e-01
3.490299880504608154e-01
3.490299880504608154e-01
3.490299880504608154e-01
3.490299880504608154e-01
3.490299880504608154e-01
3.490299880504608154e-01
3.490299880504608154e-01
3.490299880504608154e-01
3.490299880504608154e-01
3.490299880504608154e-01
3.490299880504608154e-01
3.490299880504608154e-01
3.490299880504608154e-01
3.490299880504608154e-01
3.490299880504608154e-01
3.490299880504608154e-01
3.490299880504608154e-01
3.490299880504608154e-01
3.490299880504608154e-01
3.490299880504608154e-01
3.490299880504608154e-01
3.490299880504608154e-01
3.490299880504608154e-01
3.490299880504608154e-01
3.490299880504608154e-01
3.490299880504608154e-01
3.490299880504608154e-01
3.490299880504608154e-01
3.490299880504608154e-01
3.490299880504608154e-01
3.490299880504608154e-01
3.490299880504608154e-01
3.490299880504608154e-01
3.490299880504608154e-01
3.490299880504608154e-01
3.490299880504608154e-01
3.490299880504608154e-01
3.490299880504608154e-01
3.490299880504608154e-01
3.490299880504608154e-01
3.490299880504608154e-01
1.096516028046607971e-01
3.490299880504608154e-01
3.490299880504608154e-01
3.490299880504608154e-01
3.490299880504608154e-01
6.071397066116333008e-01
3.490299880504608154e-01
3.490299880504608154e-01
3.490299880504608154e-01
3.490299880504608154e-01
3.490299880504608154e-01
3.490299880504608154e-01
3.490299880504608154e-01
3.490299880504608154e-01
3.490299880504608154e-01
3.490299880504608154e-01
3.490299880504608154e-01
3.490299880504608154e-01
3.490299880504608154e-01
3.490299880504608154e-01
3.490299880504608154e-01
3.490299880504608154e-01
3.490299880504608154e-01
3.490299880504608154e-01
3.490299880504608154e-01
3.490299880504608154e-01
3.490299880504608154e-01
3.490299880504608154e-01
3.490299880504608154e-01
8.460062742233276367e-02
3.490299880504608154e-01
3.490299880504608154e-01
3.490299880504608154e-01
3.490299880504608154e-01
3.490299880504608154e-01
5.120417475700378418e-01
3.490299880504608154e-01
3.490299880504608154e-01
3.490299880504608154e-01
8.906665444374084473e-02
3.490299880504608154e-01
3.490299880504608154e-01
3.490299880504608154e-01
3.490299880504608154e-01
3.490299880504608154e-01
3.490299880504608154e-01
3.490299880504608154e-01
3.490299880504608154e-01
3.490299880504608154e-01
9.130992740392684937e-02
3.490299880504608154e-01
3.490299880504608154e-01
3.490299880504608154e-01
3.490299880504608154e-01
3.490299880504608154e-01
3.490299880504608154e-01
3.490299880504608154e-01
3.490299880504608154e-01
3.490299880504608154e-01
3.490299880504608154e-01
3.490299880504608154e-01
3.490299880504608154e-01
3.490299880504608154e-01
3.490299880504608154e-01
3.490299880504608154e-01
3.490299880504608154e-01
3.490299880504608154e-01
3.490299880504608154e-01
3.490299880504608154e-01
3.490299880504608154e-01
3.490299880504608154e-01
3.490299880504608154e-01
3.490299880504608154e-01
3.490299880504608154e-01
3.490299880504608154e-01
3.490299880504608154e-01
3.490299880504608154e-01
5.330390930175781250e-01
3.490299880504608154e-01
3.490299880504608154e-01
3.490299880504608154e-01
2.442112118005752563e-01
3.490299880504608154e-01
3.490299880504608154e-01
3.490299880504608154e-01
3.490299880504608154e-01
3.490299880504608154e-01
3.490299880504608154e-01
3.490299880504608154e-01
3.490299880504608154e-01
3.490299880504608154e-01
3.490299880504608154e-01
3.490299880504608154e-01
3.490299880504608154e-01
3.490299880504608154e-01
1.695052981376647949e-01
3.490299880504608154e-01
3.490299880504608154e-01
3.490299880504608154e-01
3.490299880504608154e-01
3.490299880504608154e-01
3.490299880504608154e-01
3.490299880504608154e-01
3.490299880504608154e-01
3.490299880504608154e-01
3.490299880504608154e-01
3.490299880504608154e-01
3.490299880504608154e-01
3.490299880504608154e-01
3.490299880504608154e-01
1.487124804407358170e-02
4.770474135875701904e-02
3.490299880504608154e-01
3.490299880504608154e-01
6.049409508705139160e-01
3.490299880504608154e-01
3.947488218545913696e-02
3.490299880504608154e-01
3.490299880504608154e-01
3.490299880504608154e-01
3.490299880504608154e-01
3.490299880504608154e-01
3.490299880504608154e-01
3.490299880504608154e-01
3.490299880504608154e-01
3.490299880504608154e-01
3.490299880504608154e-01
3.490299880504608154e-01
3.490299880504608154e-01
3.490299880504608154e-01
3.490299880504608154e-01
8.646000027656555176e-01
3.490299880504608154e-01
3.490299880504608154e-01
3.490299880504608154e-01
3.490299880504608154e-01
3.490299880504608154e-01
3.490299880504608154e-01
3.490299880504608154e-01
3.490299880504608154e-01
3.490299880504608154e-01
3.490299880504608154e-01
3.490299880504608154e-01
3.490299880504608154e-01
3.490299880504608154e-01
3.490299880504608154e-01
3.490299880504608154e-01
3.490299880504608154e-01
3.490299880504608154e-01
3.490299880504608154e-01
3.490299880504608154e-01
3.490299880504608154e-01
3.490299880504608154e-01
3.490299880504608154e-01
3.490299880504608154e-01
3.490299880504608154e-01
3.490299880504608154e-01
3.490299880504608154e-01
3.490299880504608154e-01
3.490299880504608154e-01
3.490299880504608154e-01
3.490299880504608154e-01
3.490299880504608154e-01
3.490299880504608154e-01
3.490299880504608154e-01
3.490299880504608154e-01
3.490299880504608154e-01
3.490299880504608154e-01
3.490299880504608154e-01
3.490299880504608154e-01
3.490299880504608154e-01
2.255027592182159424e-01
3.490299880504608154e-01
3.490299880504608154e-01
3.490299880504608154e-01
3.490299880504608154e-01
3.490299880504608154e-01
3.490299880504608154e-01
3.490299880504608154e-01
3.490299880504608154e-01
3.490299880504608154e-01
3.490299880504608154e-01
3.490299880504608154e-01
3.490299880504608154e-01
3.490299880504608154e-01
3.490299880504608154e-01
3.490299880504608154e-01
3.490299880504608154e-01
6.459030508995056152e-01
3.490299880504608154e-01
3.490299880504608154e-01
3.490299880504608154e-01
3.490299880504608154e-01
2.447190694510936737e-02
3.490299880504608154e-01
3.490299880504608154e-01
3.490299880504608154e-01
3.490299880504608154e-01
3.490299880504608154e-01
3.490299880504608154e-01
3.490299880504608154e-01
3.490299880504608154e-01
3.490299880504608154e-01
3.490299880504608154e-01
3.490299880504608154e-01
3.490299880504608154e-01
3.490299880504608154e-01
3.490299880504608154e-01
3.490299880504608154e-01
3.490299880504608154e-01
3.490299880504608154e-01
6.289631873369216919e-02
3.490299880504608154e-01
3.490299880504608154e-01
9.032855182886123657e-02
3.490299880504608154e-01
3.490299880504608154e-01
6.049409508705139160e-01
6.471540033817291260e-02
3.490299880504608154e-01
3.490299880504608154e-01
3.490299880504608154e-01
3.490299880504608154e-01
3.490299880504608154e-01
3.490299880504608154e-01
3.490299880504608154e-01
6.455502938479185104e-03
3.490299880504608154e-01
3.490299880504608154e-01
3.490299880504608154e-01
2.198285795748233795e-02
3.490299880504608154e-01
3.490299880504608154e-01
3.490299880504608154e-01
3.490299880504608154e-01
3.490299880504608154e-01
3.490299880504608154e-01
3.490299880504608154e-01
3.490299880504608154e-01
3.490299880504608154e-01
3.490299880504608154e-01
3.490299880504608154e-01
3.490299880504608154e-01
1.956181600689888000e-02
3.490299880504608154e-01
3.490299880504608154e-01
2.566052973270416260e-01
3.490299880504608154e-01
3.490299880504608154e-01
3.490299880504608154e-01
3.490299880504608154e-01
3.490299880504608154e-01
3.490299880504608154e-01
3.490299880504608154e-01
3.490299880504608154e-01
3.490299880504608154e-01
3.490299880504608154e-01
3.490299880504608154e-01
3.490299880504608154e-01
3.490299880504608154e-01
3.490299880504608154e-01
3.490299880504608154e-01
8.521628379821777344e-02
3.490299880504608154e-01
1.506351530551910400e-01
3.490299880504608154e-01
3.490299880504608154e-01
