9.521215558052062988e-01
9.950268864631652832e-01
9.900127649307250977e-01
9.756554961204528809e-01
9.415060281753540039e-01
9.789497852325439453e-01
9.567325711250305176e-01
9.346150159835815430e-01
9.805388450622558594e-01
9.877053499221801758e-01
9.887589216232299805e-01
9.447229504585266113e-01
9.329748153686523438e-01
9.668478369712829590e-01
9.740486145019531250e-01
9.690479040145874023e-01
9.569725394248962402e-01
9.603053331375122070e-01
9.521936774253845215e-01
9.715518355369567871e-01
9.833801984786987305e-01
9.907833337783813477e-01
9.871100187301635742e-01
9.555426836013793945e-01
9.749036431312561035e-01
9.066843986511230469e-01
9.469987750053405762e-01
9.579197764396667480e-01
9.437069296836853027e-01
9.851926565170288086e-01
9.795048832893371582e-01
9.778133630752563477e-01
9.646192789077758789e-01
8.081899285316467285e-01
9.739400744438171387e-01
9.499149918556213379e-01
9.195415377616882324e-01
9.023245573043823242e-01
9.707139134407043457e-01
9.597017168998718262e-01
9.555263519287109375e-01
9.797975420951843262e-01
9.846006035804748535e-01
9.510483741760253906e-01
9.841375946998596191e-01
9.468008279800415039e-01
9.541018009185791016e-01
9.224187731742858887e-01
9.522349238395690918e-01
9.056344032287597656e-01
9.881772398948669434e-01
8.987786769866943359e-01
9.586213827133178711e-01
9.479286074638366699e-01
9.818955063819885254e-01
9.852585792541503906e-01
9.470457434654235840e-01
9.883731007575988770e-01
9.733741879463195801e-01
9.937220215797424316e-01
9.786570668220520020e-01
9.730920195579528809e-01
9.856678247451782227e-01
9.642707705497741699e-01
9.866873025894165039e-01
9.332193732261657715e-01
9.783753752708435059e-01
9.312971830368041992e-01
9.657873511314392090e-01
9.615327715873718262e-01
9.786605238914489746e-01
9.626461267471313477e-01
9.748876690864562988e-01
9.785196185111999512e-01
9.508432149887084961e-01
8.657842874526977539e-01
9.576783180236816406e-01
9.698719978332519531e-01
8.601908683776855469e-01
9.737759828567504883e-01
9.687087535858154297e-01
9.526002407073974609e-01
9.740527868270874023e-01
8.002064824104309082e-01
9.750085473060607910e-01
9.706953167915344238e-01
8.694368004798889160e-01
9.834457039833068848e-01
6.559895277023315430e-01
8.431273698806762695e-01
8.821555972099304199e-01
6.029682159423828125e-01
9.637083411216735840e-01
8.675675988197326660e-01
9.804621934890747070e-01
9.651181101799011230e-01
8.994423747062683105e-01
9.791665673255920410e-01
9.278610348701477051e-01
9.643517136573791504e-01
9.876403212547302246e-01
9.696375727653503418e-01
9.335770606994628906e-01
9.838823080062866211e-01
9.560087919235229492e-01
8.305070400238037109e-01
6.966696977615356445e-01
8.366862535476684570e-01
9.783239960670471191e-01
9.657522439956665039e-01
9.267473816871643066e-01
8.639417290687561035e-01
9.379992485046386719e-01
9.418199062347412109e-01
9.445000290870666504e-01
9.675976037979125977e-01
9.415327906608581543e-01
7.856143116950988770e-01
8.427957296371459961e-01
9.152241945266723633e-01
9.847888946533203125e-01
7.287106513977050781e-01
9.825791120529174805e-01
9.738319516181945801e-01
8.137019276618957520e-01
9.849126935005187988e-01
8.376652002334594727e-01
8.420608043670654297e-01
9.809904098510742188e-01
9.711464643478393555e-01
9.857603907585144043e-01
9.581884145736694336e-01
8.734614849090576172e-01
9.726476073265075684e-01
8.643130064010620117e-01
8.663715720176696777e-01
9.504876732826232910e-01
9.897595643997192383e-01
7.721274495124816895e-01
9.792609810829162598e-01
9.732873439788818359e-01
8.791027665138244629e-01
9.698880314826965332e-01
9.841402769088745117e-01
8.373218178749084473e-01
7.184347510337829590e-01
9.777300357818603516e-01
7.238795161247253418e-01
9.675226211547851562e-01
9.522123336791992188e-01
7.268980145454406738e-01
7.496387958526611328e-01
7.220612168312072754e-01
6.138852238655090332e-01
7.554228305816650391e-01
9.466436505317687988e-01
4.664097428321838379e-01
6.047923564910888672e-01
7.157003283500671387e-01
6.278281807899475098e-01
5.724606513977050781e-01
8.454753160476684570e-01
4.855076968669891357e-01
7.888533473014831543e-01
6.181605458259582520e-01
6.466897130012512207e-01
6.271178722381591797e-01
6.163076162338256836e-01
5.899474024772644043e-01
6.931637525558471680e-01
6.201859116554260254e-01
7.072893977165222168e-01
8.078764677047729492e-01
7.112928032875061035e-01
4.749353229999542236e-01
6.320191621780395508e-01
5.010970234870910645e-01
3.851363956928253174e-01
5.875300168991088867e-01
6.344053149223327637e-01
5.616567134857177734e-01
5.760760307312011719e-01
6.227860450744628906e-01
6.450456976890563965e-01
6.453233957290649414e-01
5.774194002151489258e-01
7.300500869750976562e-01
6.706578731536865234e-01
5.691141486167907715e-01
7.370586395263671875e-01
7.229842543601989746e-01
6.219257712364196777e-01
5.736809372901916504e-01
5.537620782852172852e-01
5.857706665992736816e-01
7.054179906845092773e-01
5.844554305076599121e-01
5.599047541618347168e-01
6.263533234596252441e-01
5.827753543853759766e-01
2.513311505317687988e-01
5.689283013343811035e-01
5.697996020317077637e-01
6.735888123512268066e-01
4.848399758338928223e-01
6.065229773521423340e-01
8.315032720565795898e-01
5.437275767326354980e-01
6.060395836830139160e-01
5.410580039024353027e-01
5.716444849967956543e-01
6.538645625114440918e-01
6.686297059059143066e-01
8.233026862144470215e-01
6.215127110481262207e-01
7.976716160774230957e-01
5.611276626586914062e-01
7.504996657371520996e-01
7.446439862251281738e-01
7.744345664978027344e-01
8.142280578613281250e-01
6.217639446258544922e-01
4.657520949840545654e-01
5.991625189781188965e-01
5.416284203529357910e-01
6.829504370689392090e-01
5.261224508285522461e-01
5.206534862518310547e-01
6.446809768676757812e-01
6.874936819076538086e-01
4.800577461719512939e-01
7.313424348831176758e-01
5.102683305740356445e-01
7.743476033210754395e-01
6.785138845443725586e-01
6.454535722732543945e-01
6.711628437042236328e-01
5.478259325027465820e-01
1.585748493671417236e-01
6.192612051963806152e-01
5.260781645774841309e-01
6.228854060173034668e-01
6.868713498115539551e-01
4.642730355262756348e-01
5.651356577873229980e-01
3.921482563018798828e-01
9.117848277091979980e-01
8.936753869056701660e-01
9.054618477821350098e-01
6.239559054374694824e-01
6.524652838706970215e-01
8.971574902534484863e-01
7.179778814315795898e-01
9.095376133918762207e-01
5.504804253578186035e-01
8.944421410560607910e-01
9.032992720603942871e-01
7.105115652084350586e-01
8.915749192237854004e-01
9.014773964881896973e-01
8.921531438827514648e-01
8.976349830627441406e-01
6.074910163879394531e-01
4.275552630424499512e-01
5.682977437973022461e-01
9.103792905807495117e-01
8.950772881507873535e-01
9.011656641960144043e-01
4.197620451450347900e-01
8.964384794235229492e-01
8.922531604766845703e-01
9.258442521095275879e-01
5.683849453926086426e-01
9.086976647377014160e-01
9.175624251365661621e-01
8.953940272331237793e-01
8.960646986961364746e-01
9.106684923171997070e-01
9.074300527572631836e-01
8.961031436920166016e-01
8.932032585144042969e-01
9.029322266578674316e-01
8.029000163078308105e-01
5.311982631683349609e-01
5.971905589103698730e-01
9.019078612327575684e-01
9.129234552383422852e-01
9.167235493659973145e-01
9.127976894378662109e-01
9.014425277709960938e-01
9.025753140449523926e-01
9.440659880638122559e-01
5.821092128753662109e-01
5.716673731803894043e-01
9.432303905487060547e-01
9.191360473632812500e-01
9.108370542526245117e-01
9.017845988273620605e-01
8.973149657249450684e-01
8.966803550720214844e-01
9.164404869079589844e-01
8.934571743011474609e-01
8.973640799522399902e-01
5.496346354484558105e-01
4.999903440475463867e-01
9.205393195152282715e-01
7.088220715522766113e-01
5.429165363311767578e-01
9.228951930999755859e-01
8.926312923431396484e-01
7.528606057167053223e-01
9.005151987075805664e-01
4.965825378894805908e-01
9.189079999923706055e-01
9.003714919090270996e-01
9.100014567375183105e-01
5.595416426658630371e-01
9.197001457214355469e-01
9.228559136390686035e-01
9.124885201454162598e-01
8.543853163719177246e-01
9.546135067939758301e-01
8.613060712814331055e-01
9.486546516418457031e-01
8.554714918136596680e-01
8.836216926574707031e-01
9.506537914276123047e-01
9.004005789756774902e-01
9.683051109313964844e-01
9.481964707374572754e-01
9.727213382720947266e-01
8.705568909645080566e-01
8.891845345497131348e-01
9.384475350379943848e-01
9.232991933822631836e-01
9.710475802421569824e-01
9.569595456123352051e-01
8.210135102272033691e-01
9.013685584068298340e-01
8.722712397575378418e-01
9.719181656837463379e-01
9.291429519653320312e-01
7.638740539550781250e-01
9.700175523757934570e-01
7.966498136520385742e-01
8.790748715400695801e-01
8.294197916984558105e-01
9.794025421142578125e-01
9.546135067939758301e-01
8.508636951446533203e-01
9.455465078353881836e-01
8.150026798248291016e-01
9.550737142562866211e-01
9.040218591690063477e-01
7.577486634254455566e-01
8.414298295974731445e-01
8.668291568756103516e-01
6.288372874259948730e-01
9.419020414352416992e-01
7.796213030815124512e-01
9.003414511680603027e-01
8.075774312019348145e-01
7.568256855010986328e-01
7.636330127716064453e-01
8.979863524436950684e-01
8.816058039665222168e-01
6.909598112106323242e-01
5.540701150894165039e-01
8.759095072746276855e-01
9.174230098724365234e-01
6.998682022094726562e-01
6.172845959663391113e-01
8.515051603317260742e-01
9.005843400955200195e-01
6.427439451217651367e-01
6.672497391700744629e-01
7.332514524459838867e-01
8.634723424911499023e-01
5.846536755561828613e-01
6.071461439132690430e-01
9.535747766494750977e-01
6.631444692611694336e-01
6.462787389755249023e-01
7.790085673332214355e-01
5.963101387023925781e-01
4.564290046691894531e-01
5.955933928489685059e-01
8.650284409523010254e-01
9.826431274414062500e-01
6.129566431045532227e-01
7.125103473663330078e-01
6.815460920333862305e-01
6.074340939521789551e-01
6.032686233520507812e-01
7.531407475471496582e-01
7.463854551315307617e-01
7.883524894714355469e-01
5.609511733055114746e-01
8.611859083175659180e-01
8.057052493095397949e-01
5.377075076103210449e-01
4.609595835208892822e-01
4.365727901458740234e-01
7.889952063560485840e-01
8.475527167320251465e-01
8.073058724403381348e-01
6.630530357360839844e-01
8.804212808609008789e-01
5.691846609115600586e-01
4.760179817676544189e-01
5.331389904022216797e-01
8.834787011146545410e-01
5.252202153205871582e-01
8.123391270637512207e-01
6.339668035507202148e-01
8.133653998374938965e-01
6.524567604064941406e-01
5.444878339767456055e-01
5.090713500976562500e-01
6.931380033493041992e-01
7.097509503364562988e-01
8.694015741348266602e-01
6.129770278930664062e-01
5.632643699645996094e-01
8.088680505752563477e-01
9.520047307014465332e-01
9.865308403968811035e-01
9.927385449409484863e-01
9.967939257621765137e-01
8.717634081840515137e-01
9.842972159385681152e-01
9.633426666259765625e-01
9.811863899230957031e-01
9.846304059028625488e-01
9.432250857353210449e-01
9.940213561058044434e-01
9.939250349998474121e-01
9.912604689598083496e-01
9.845244288444519043e-01
9.191753864288330078e-01
9.886899590492248535e-01
9.759613275527954102e-01
9.732636213302612305e-01
9.877354502677917480e-01
9.932212829589843750e-01
9.897171258926391602e-01
9.738146662712097168e-01
9.593160748481750488e-01
9.860964417457580566e-01
9.949432015419006348e-01
9.814783334732055664e-01
9.550658464431762695e-01
9.945712685585021973e-01
8.510403633117675781e-01
9.866411089897155762e-01
9.953727126121520996e-01
9.849808216094970703e-01
9.866685867309570312e-01
9.934687614440917969e-01
9.886025786399841309e-01
9.867478609085083008e-01
9.808231592178344727e-01
9.913275837898254395e-01
9.862543344497680664e-01
9.935386776924133301e-01
9.886913299560546875e-01
9.009032845497131348e-01
9.691471457481384277e-01
9.751918315887451172e-01
9.762399196624755859e-01
9.671311378479003906e-01
9.792590141296386719e-01
9.893341660499572754e-01
9.763398170471191406e-01
9.957637786865234375e-01
9.958533048629760742e-01
9.831598401069641113e-01
9.836434721946716309e-01
9.803208112716674805e-01
9.903443455696105957e-01
9.928705096244812012e-01
9.906636476516723633e-01
9.692829847335815430e-01
9.932615160942077637e-01
9.892892837524414062e-01
9.809867739677429199e-01
9.949841499328613281e-01
9.878046512603759766e-01
9.979112744331359863e-01
9.909329414367675781e-01
9.707356095314025879e-01
9.841414093971252441e-01
9.778357148170471191e-01
9.704368114471435547e-01
9.811798334121704102e-01
9.696966409683227539e-01
9.673370122909545898e-01
9.653815627098083496e-01
9.956562519073486328e-01
9.684223532676696777e-01
1.857818514108657837e-01
9.992606192827224731e-02
2.722874581813812256e-01
1.809047907590866089e-01
9.531495571136474609e-01
9.390310049057006836e-01
8.874765634536743164e-01
5.006225779652595520e-02
4.040596634149551392e-02
9.165380597114562988e-01
4.877017065882682800e-02
3.175989985466003418e-01
7.250053286552429199e-01
9.187099933624267578e-01
9.685160592198371887e-03
7.071720808744430542e-02
9.797521829605102539e-01
1.481286901980638504e-02
4.020585715770721436e-01
4.970496892929077148e-02
1.762502342462539673e-01
2.606385052204132080e-01
3.430782258510589600e-01
6.102623343467712402e-01
1.478872168809175491e-02
3.345975875854492188e-01
3.575363457202911377e-01
4.983420670032501221e-02
9.213324785232543945e-01
1.728911995887756348e-01
9.556813836097717285e-01
1.549159176647663116e-02
8.932771682739257812e-01
8.240069448947906494e-02
1.402638703584671021e-01
4.888344556093215942e-02
3.212106972932815552e-02
4.393144696950912476e-02
9.538788348436355591e-03
3.855551481246948242e-01
3.269432187080383301e-01
4.109582602977752686e-01
4.618022218346595764e-02
4.503445625305175781e-01
8.815742284059524536e-02
8.121039867401123047e-01
6.876150611788034439e-03
3.946844339370727539e-01
9.102222323417663574e-01
9.691381454467773438e-01
7.828516960144042969e-01
3.855551481246948242e-01
4.033072590827941895e-01
7.937530875205993652e-01
1.485972851514816284e-01
3.386077582836151123e-01
2.348641492426395416e-02
6.838682293891906738e-01
2.728096544742584229e-01
5.648695230484008789e-01
3.262952864170074463e-01
1.774501800537109375e-01
1.645684987306594849e-01
7.470600605010986328e-01
1.128018721938133240e-01
9.578205943107604980e-01
7.549881339073181152e-01
1.714069545269012451e-01
3.187750577926635742e-01
2.210789732635021210e-02
8.973709344863891602e-01
4.190271198749542236e-01
5.730409622192382812e-01
3.423870354890823364e-02
4.301751554012298584e-01
3.732433542609214783e-02
2.865369617938995361e-01
6.784577965736389160e-01
1.227155774831771851e-01
6.821162104606628418e-01
4.397159069776535034e-02
9.910885244607925415e-02
2.585909664630889893e-01
6.092302873730659485e-02
1.062226593494415283e-01
2.571851573884487152e-02
3.052972853183746338e-01
2.416772097349166870e-01
1.167555004358291626e-01
9.448535740375518799e-02
1.170077025890350342e-01
5.806392431259155273e-01
9.910885244607925415e-02
2.565915584564208984e-01
1.720814257860183716e-01
3.026040494441986084e-01
9.507412463426589966e-02
1.720814257860183716e-01
8.113636970520019531e-01
8.316947221755981445e-01
3.365580737590789795e-01
2.585909664630889893e-01
1.293167918920516968e-01
2.579779922962188721e-01
8.283201605081558228e-02
1.368037164211273193e-01
2.866862714290618896e-01
2.327806651592254639e-01
9.331453591585159302e-02
2.416772097349166870e-01
2.570683360099792480e-01
2.249640412628650665e-02
2.570683360099792480e-01
7.239509820938110352e-01
9.001125395298004150e-02
3.272000849246978760e-01
6.092302873730659485e-02
2.719145417213439941e-01
1.561194956302642822e-01
2.557812929153442383e-01
5.280710384249687195e-02
1.720814257860183716e-01
9.001125395298004150e-02
4.681819304823875427e-02
1.102188900113105774e-01
7.328595966100692749e-02
5.467592552304267883e-02
1.102188900113105774e-01
8.283201605081558228e-02
3.272000849246978760e-01
2.249640412628650665e-02
3.771710023283958435e-02
4.850850999355316162e-02
6.745246052742004395e-01
4.492847025394439697e-01
1.967243999242782593e-01
1.773145347833633423e-01
1.561194956302642822e-01
7.456445693969726562e-02
2.585909664630889893e-01
4.192699119448661804e-02
1.281505227088928223e-01
1.393902599811553955e-01
9.331453591585159302e-02
1.187529042363166809e-01
5.060719251632690430e-01
5.372431278228759766e-01
7.294756174087524414e-02
3.652651607990264893e-02
1.062226593494415283e-01
5.611060857772827148e-01
5.230851173400878906e-01
5.042042136192321777e-01
4.733706116676330566e-01
4.513683617115020752e-01
4.367788136005401611e-01
4.733706116676330566e-01
5.727136135101318359e-01
5.820558071136474609e-01
4.768223464488983154e-01
5.087393522262573242e-01
6.104362607002258301e-01
7.281203866004943848e-01
5.556707382202148438e-01
5.448892116546630859e-01
5.797100067138671875e-01
5.578123331069946289e-01
6.107721328735351562e-01
4.873979389667510986e-01
3.428001403808593750e-01
3.736548423767089844e-01
4.448143541812896729e-01
5.640717148780822754e-01
4.944173991680145264e-01
4.040273427963256836e-01
4.780315160751342773e-01
5.128169655799865723e-01
5.961137413978576660e-01
5.430293083190917969e-01
5.398119688034057617e-01
2.967088222503662109e-01
4.072237014770507812e-01
5.148673653602600098e-01
4.607993960380554199e-01
5.452178716659545898e-01
4.000444710254669189e-01
6.989346146583557129e-01
6.747317314147949219e-01
4.047914445400238037e-01
4.565359950065612793e-01
4.534331858158111572e-01
1.908196657896041870e-01
5.003829002380371094e-01
1.460562348365783691e-01
6.479716300964355469e-01
4.531427323818206787e-01
5.467547774314880371e-01
3.750241100788116455e-01
5.342914462089538574e-01
6.505615115165710449e-01
3.965208530426025391e-01
4.782420694828033447e-01
4.839743375778198242e-01
5.334081053733825684e-01
4.702080786228179932e-01
5.162009596824645996e-01
3.855346441268920898e-01
5.968872308731079102e-01
4.959395825862884521e-01
5.779930353164672852e-01
5.249521732330322266e-01
4.141086041927337646e-01
4.610704481601715088e-01
5.637748837471008301e-01
4.148550331592559814e-01
5.283802151679992676e-01
2.283259034156799316e-01
5.516287088394165039e-01
6.021046042442321777e-01
5.296608209609985352e-01
4.713079333305358887e-01
3.893643021583557129e-01
2.637079358100891113e-01
3.832574188709259033e-01
4.988472759723663330e-01
3.426963090896606445e-01
3.929848372936248779e-01
4.225683808326721191e-01
5.586670637130737305e-01
4.148769080638885498e-01
5.095938444137573242e-01
4.255304336547851562e-01
4.742986857891082764e-01
4.848226010799407959e-01
4.132185280323028564e-01
6.773468255996704102e-01
6.009058952331542969e-01
3.306043148040771484e-01
5.829647183418273926e-01
4.417934119701385498e-01
3.684517145156860352e-01
2.619883418083190918e-01
2.612280249595642090e-01
3.045995533466339111e-01
4.312251806259155273e-01
2.922764718532562256e-01
1.538948863744735718e-01
3.841437399387359619e-01
4.179940819740295410e-01
4.863152801990509033e-01
3.010107874870300293e-01
1.794663518667221069e-01
3.439009785652160645e-01
4.220202863216400146e-01
3.745783865451812744e-01
4.528988897800445557e-01
4.609153270721435547e-01
3.845486938953399658e-01
4.370878636837005615e-01
2.571901381015777588e-01
6.049493551254272461e-01
3.485229313373565674e-01
2.994467914104461670e-01
4.982370436191558838e-01
5.232179760932922363e-01
3.713409900665283203e-01
8.824334144592285156e-01
5.795072317123413086e-01
3.432264029979705811e-01
3.172002136707305908e-01
2.056253105401992798e-01
4.942919611930847168e-01
1.561679393053054810e-01
3.384853005409240723e-01
2.522274553775787354e-01
3.971736133098602295e-01
3.797666728496551514e-01
3.342132568359375000e-01
2.986281812191009521e-01
3.450747430324554443e-01
3.290029466152191162e-01
2.819821536540985107e-01
1.598151624202728271e-01
4.268538057804107666e-01
1.462053656578063965e-01
4.900222122669219971e-01
3.840028345584869385e-01
4.380161166191101074e-01
7.021006345748901367e-01
4.007477760314941406e-01
4.536093175411224365e-01
4.661939442157745361e-01
3.874420225620269775e-01
2.480353415012359619e-01
5.174181461334228516e-01
4.127773046493530273e-01
4.220819473266601562e-01
3.139835894107818604e-01
2.697623372077941895e-01
2.193412035703659058e-01
5.902618169784545898e-01
8.540157079696655273e-01
2.391124516725540161e-01
5.179542899131774902e-01
3.246018290519714355e-01
3.547065854072570801e-01
6.785503029823303223e-01
3.491122722625732422e-01
5.992723703384399414e-01
4.577689170837402344e-01
4.065717160701751709e-01
5.352231487631797791e-02
4.235548973083496094e-01
4.081402122974395752e-01
5.702723264694213867e-01
6.278837919235229492e-01
1.932131648063659668e-01
8.109275251626968384e-02
4.704607129096984863e-01
3.838583528995513916e-01
7.382671535015106201e-02
5.363889336585998535e-01
5.343167781829833984e-01
4.879048764705657959e-01
3.480872809886932373e-01
9.301801323890686035e-01
1.073143035173416138e-01
1.593877524137496948e-01
3.200291991233825684e-01
4.085468351840972900e-01
5.263197422027587891e-01
1.993835568428039551e-01
5.775071382522583008e-01
5.917378142476081848e-02
7.746645212173461914e-01
7.828418910503387451e-02
5.747880339622497559e-01
2.503736913204193115e-01
4.602233171463012695e-01
8.168499469757080078e-01
2.529053986072540283e-01
2.277874648571014404e-01
3.872850537300109863e-01
4.057315886020660400e-01
1.249652877449989319e-01
6.544623374938964844e-01
2.730586230754852295e-01
6.032283902168273926e-01
4.835402965545654297e-01
5.326640009880065918e-01
5.434029102325439453e-01
8.392395824193954468e-02
6.204637885093688965e-01
1.713698506355285645e-01
3.587059378623962402e-01
2.887057960033416748e-01
3.068302869796752930e-01
1.812240332365036011e-01
5.225087404251098633e-01
5.337395071983337402e-01
5.439431667327880859e-01
7.822280526161193848e-01
4.080138504505157471e-01
3.907886147499084473e-01
2.179726809263229370e-01
1.847216933965682983e-01
5.367916226387023926e-01
5.067640542984008789e-01
4.831487238407135010e-01
1.798604726791381836e-01
3.703770935535430908e-01
4.951975047588348389e-01
4.860596656799316406e-01
6.168606281280517578e-01
3.948655426502227783e-01
6.751944422721862793e-01
5.114266276359558105e-01
4.448390305042266846e-01
2.065247297286987305e-01
4.175983965396881104e-01
5.718280076980590820e-01
6.157406568527221680e-01
3.742208480834960938e-01
6.371496915817260742e-01
9.590155631303787231e-02
6.006875038146972656e-01
4.958266913890838623e-01
5.233554840087890625e-01
4.134480655193328857e-01
5.432443022727966309e-01
4.881993234157562256e-01
5.033857822418212891e-01
2.414493709802627563e-01
3.150240480899810791e-01
4.549376368522644043e-01
6.255524754524230957e-01
6.235177516937255859e-01
5.412461161613464355e-01
5.651258230209350586e-01
5.859398841857910156e-01
4.450303614139556885e-01
6.115844845771789551e-01
5.615445971488952637e-01
6.640393137931823730e-01
5.264943838119506836e-01
5.807152986526489258e-01
6.070936098694801331e-02
4.981419146060943604e-01
4.319407939910888672e-01
2.946425676345825195e-01
5.167937874794006348e-01
6.382789015769958496e-01
4.706825613975524902e-01
7.453539967536926270e-01
1.961715221405029297e-01
7.748109102249145508e-01
1.634595245122909546e-01
2.198416143655776978e-01
4.897828698158264160e-01
5.063645839691162109e-01
8.705773949623107910e-01
6.268686056137084961e-01
4.688510596752166748e-01
3.351032137870788574e-01
8.217198401689529419e-02
2.199199199676513672e-01
8.084545135498046875e-01
2.965777516365051270e-01
2.753204405307769775e-01
1.536186635494232178e-01
4.358431696891784668e-02
6.352701783180236816e-01
6.501541137695312500e-01
1.297179609537124634e-01
6.519299745559692383e-01
9.661825746297836304e-02
2.365617901086807251e-01
4.904991090297698975e-01
9.477568268775939941e-01
1.662613078951835632e-02
9.072836637496948242e-01
9.828815460205078125e-01
6.095182895660400391e-01
4.061852693557739258e-01
4.687160849571228027e-01
8.514195680618286133e-01
3.209169507026672363e-01
1.745517849922180176e-01
8.616512417793273926e-01
8.006340265274047852e-01
2.623036801815032959e-01
4.656477570533752441e-01
9.703999757766723633e-01
1.846485435962677002e-01
4.785658717155456543e-01
4.649048745632171631e-01
6.908714175224304199e-01
8.253415226936340332e-01
9.161084890365600586e-02
7.810960412025451660e-01
2.223835289478302002e-01
8.834002614021301270e-01
4.678570628166198730e-01
5.718683004379272461e-01
8.586887717247009277e-01
4.748820364475250244e-01
6.304973959922790527e-01
8.525983095169067383e-01
8.817122578620910645e-01
1.426676362752914429e-01
3.896383643150329590e-01
8.575394749641418457e-01
8.137266039848327637e-01
4.086006879806518555e-01
6.456662416458129883e-01
1.869885250926017761e-02
5.044382214546203613e-01
7.566329091787338257e-02
6.735433340072631836e-01
8.277275562286376953e-01
7.085766792297363281e-01
7.966778278350830078e-01
8.193966746330261230e-01
7.294275760650634766e-01
9.206372499465942383e-01
1.280618272721767426e-02
8.825947046279907227e-01
7.872353196144104004e-01
7.137933373451232910e-01
1.429382413625717163e-01
