9.991173148155212402e-01
9.999958276748657227e-01
9.761388301849365234e-01
9.133214354515075684e-01
8.439642786979675293e-01
9.999591112136840820e-01
8.476926684379577637e-01
8.836857676506042480e-01
9.470751285552978516e-01
9.963357448577880859e-01
9.245923161506652832e-01
5.430867075920104980e-01
9.999802112579345703e-01
9.970386028289794922e-01
9.407950043678283691e-01
9.022218585014343262e-01
9.988779425621032715e-01
9.960802197456359863e-01
6.363260746002197266e-01
9.978345036506652832e-01
9.422359466552734375e-01
9.577339887619018555e-01
9.285606741905212402e-01
9.999498128890991211e-01
8.540061712265014648e-01
9.854354262351989746e-01
1.000000000000000000e+00
9.995006322860717773e-01
9.999669790267944336e-01
9.388916492462158203e-01
9.989909529685974121e-01
9.101778864860534668e-01
9.999945163726806641e-01
9.824709296226501465e-01
8.100011348724365234e-01
9.987471103668212891e-01
9.998385906219482422e-01
9.999465942382812500e-01
8.372379541397094727e-01
9.987801909446716309e-01
7.713373899459838867e-01
7.084420919418334961e-01
9.974139928817749023e-01
6.848966479301452637e-01
9.217023849487304688e-01
8.088588714599609375e-01
7.193861007690429688e-01
8.019518256187438965e-01
1.124748438596725464e-01
5.796644687652587891e-01
9.876362681388854980e-01
7.037707567214965820e-01
8.881026506423950195e-01
1.000000000000000000e+00
8.346049785614013672e-01
8.306603431701660156e-01
9.998909235000610352e-01
9.220359921455383301e-01
9.142627716064453125e-01
9.504183530807495117e-01
9.999110698699951172e-01
9.998031258583068848e-01
9.448007345199584961e-01
8.962831497192382812e-01
9.949642419815063477e-01
7.501646876335144043e-02
9.057849049568176270e-01
9.950745701789855957e-01
8.899530172348022461e-01
8.830778598785400391e-01
9.996713399887084961e-01
9.891974329948425293e-01
9.158821105957031250e-01
9.038254022598266602e-01
1.000000000000000000e+00
1.342353373765945435e-01
5.674384832382202148e-01
7.027661800384521484e-01
9.684680700302124023e-01
6.378364562988281250e-01
4.499312043190002441e-01
8.608775734901428223e-01
7.182948589324951172e-01
2.081260532140731812e-01
5.508159399032592773e-01
6.222249865531921387e-01
9.860099554061889648e-01
6.365013122558593750e-01
9.908025264739990234e-01
1.440282016992568970e-01
9.865577816963195801e-01
9.938089251518249512e-01
5.588536858558654785e-01
9.969833493232727051e-01
9.877904653549194336e-01
9.991552829742431641e-01
8.651491999626159668e-01
9.946368336677551270e-01
5.730328559875488281e-01
5.744517445564270020e-01
6.990522742271423340e-01
9.972562193870544434e-01
4.224526286125183105e-01
7.256704568862915039e-01
8.211205005645751953e-01
9.807854294776916504e-01
9.999996423721313477e-01
2.534436881542205811e-01
6.211143732070922852e-01
4.849466979503631592e-01
9.330837130546569824e-01
1.786363124847412109e-01
6.402991414070129395e-01
3.937796950340270996e-01
9.902550578117370605e-01
5.628585815429687500e-01
2.659221589565277100e-01
9.884931445121765137e-01
6.524623632431030273e-01
9.999760389328002930e-01
9.220076203346252441e-01
9.926713705062866211e-01
9.862692952156066895e-01
6.715502142906188965e-01
9.767631292343139648e-01
6.539416313171386719e-01
9.924537539482116699e-01
2.154340445995330811e-01
7.920983433723449707e-01
9.999481439590454102e-01
9.997114539146423340e-01
9.074244499206542969e-01
9.705517888069152832e-01
6.555706262588500977e-01
9.717359542846679688e-01
1.506536304950714111e-01
9.951971173286437988e-01
9.965618252754211426e-01
9.937335848808288574e-01
9.737343788146972656e-01
5.697174668312072754e-01
9.914293885231018066e-01
9.999994039535522461e-01
7.788182497024536133e-01
9.984202384948730469e-01
1.333391666412353516e-01
5.503168702125549316e-01
3.259709179401397705e-01
9.177561402320861816e-01
9.943953752517700195e-01
9.973875880241394043e-01
4.086498618125915527e-01
9.384392499923706055e-01
3.395390808582305908e-01
9.701663255691528320e-01
9.309944510459899902e-01
9.236683249473571777e-01
9.999898672103881836e-01
8.535411953926086426e-01
3.241285085678100586e-01
2.240502685308456421e-01
5.440892577171325684e-01
3.510679304599761963e-01
9.982373714447021484e-01
9.353402853012084961e-01
7.248017787933349609e-01
3.080195188522338867e-01
3.633621037006378174e-01
9.886081218719482422e-01
3.490679860115051270e-01
4.126914739608764648e-01
1.000000000000000000e+00
6.331921219825744629e-01
9.893624186515808105e-01
9.454612731933593750e-01
5.899702906608581543e-01
9.908466935157775879e-01
3.093979656696319580e-01
6.725288629531860352e-01
9.937564134597778320e-01
5.506197214126586914e-01
5.587858557701110840e-01
9.903407692909240723e-01
6.111596226692199707e-01
9.992105960845947266e-01
9.999691247940063477e-01
7.503254413604736328e-01
5.640562176704406738e-01
9.626185894012451172e-01
9.968668818473815918e-01
4.974383413791656494e-01
5.968847870826721191e-01
9.994168281555175781e-01
9.999631643295288086e-01
5.441700816154479980e-01
9.999582767486572266e-01
3.776757121086120605e-01
4.663530886173248291e-01
3.772019147872924805e-01
9.996657371520996094e-01
3.602975904941558838e-01
9.999666213989257812e-01
6.559544801712036133e-01
9.996104836463928223e-01
9.981791973114013672e-01
5.246530771255493164e-01
5.541017055511474609e-01
5.420213937759399414e-01
9.983062744140625000e-01
5.526081919670104980e-01
4.245601892471313477e-01
5.883536338806152344e-01
5.132936835289001465e-01
9.640093445777893066e-01
9.997218251228332520e-01
9.764751791954040527e-01
9.999938011169433594e-01
5.974014401435852051e-01
9.999984502792358398e-01
9.820028543472290039e-01
9.895390868186950684e-01
9.977554678916931152e-01
9.981326460838317871e-01
6.675742864608764648e-01
9.946377873420715332e-01
5.841449499130249023e-01
6.639683246612548828e-01
5.512981414794921875e-01
9.997150301933288574e-01
9.979853630065917969e-01
4.880368709564208984e-01
5.305945277214050293e-01
4.603250324726104736e-01
9.951382279396057129e-01
9.991747736930847168e-01
9.995490908622741699e-01
7.378262877464294434e-01
9.994275569915771484e-01
9.999591112136840820e-01
9.987424015998840332e-01
5.592097640037536621e-01
9.999997615814208984e-01
7.223746180534362793e-01
9.942649006843566895e-01
1.773769706487655640e-01
4.042906314134597778e-02
9.117917418479919434e-01
9.999750852584838867e-01
9.095219373703002930e-01
1.872776150703430176e-01
9.869299083948135376e-02
8.763365149497985840e-01
7.850360870361328125e-01
9.954364895820617676e-01
7.448990643024444580e-02
9.986542463302612305e-01
9.970990419387817383e-01
8.776329755783081055e-01
9.995259046554565430e-01
8.751930594444274902e-01
8.762084841728210449e-01
8.197469115257263184e-01
2.901026308536529541e-01
9.184157848358154297e-02
9.085209369659423828e-01
8.979301452636718750e-01
9.999485015869140625e-01
9.992856383323669434e-01
8.420772105455398560e-02
9.892013072967529297e-01
8.661187887191772461e-01
9.723894000053405762e-01
9.954842329025268555e-01
9.896211624145507812e-01
9.993595480918884277e-01
8.676415085792541504e-01
7.890089750289916992e-01
8.709081411361694336e-01
9.091526865959167480e-01
8.580247759819030762e-01
9.999598264694213867e-01
8.960350751876831055e-01
3.797833919525146484e-01
3.701993227005004883e-01
9.947965741157531738e-01
9.920276999473571777e-01
9.089260697364807129e-01
9.727616310119628906e-01
9.999759197235107422e-01
8.842316269874572754e-01
8.953229188919067383e-01
9.130066037178039551e-01
3.056368231773376465e-01
1.000000000000000000e+00
9.735561013221740723e-01
8.927229046821594238e-01
9.867085218429565430e-01
8.713854551315307617e-01
8.757663965225219727e-01
9.176294803619384766e-01
8.820278644561767578e-01
9.910655617713928223e-01
8.897811174392700195e-01
1.567904353141784668e-01
9.944468736648559570e-01
9.993351101875305176e-01
5.409700274467468262e-01
9.985254406929016113e-01
9.931653141975402832e-01
8.322199583053588867e-01
2.603963017463684082e-01
8.815571665763854980e-01
9.992258548736572266e-01
9.989111423492431641e-01
8.913519978523254395e-01
8.766232132911682129e-01
9.983986020088195801e-01
9.165591597557067871e-01
9.989207983016967773e-01
9.976499676704406738e-01
3.495994806289672852e-01
9.540312886238098145e-01
9.967400431632995605e-01
9.424030184745788574e-01
2.501749396324157715e-01
6.337318420410156250e-01
9.200742840766906738e-01
4.135698676109313965e-01
9.018489122390747070e-01
9.997412562370300293e-01
9.191349148750305176e-01
9.682029485702514648e-01
2.232394218444824219e-01
6.703069806098937988e-01
3.666929006576538086e-01
9.573683738708496094e-01
9.297839999198913574e-01
3.863552212715148926e-01
7.696933150291442871e-01
6.837469339370727539e-01
9.999973773956298828e-01
9.961953163146972656e-01
3.719548583030700684e-01
9.916605353355407715e-01
4.541112482547760010e-01
3.487320840358734131e-01
6.036885380744934082e-01
9.594120979309082031e-01
9.540312886238098145e-01
9.433165192604064941e-01
9.998483657836914062e-01
3.746696710586547852e-01
9.582853913307189941e-01
4.983344972133636475e-01
4.248983860015869141e-01
9.998883008956909180e-01
4.592364728450775146e-01
3.569724857807159424e-01
9.999837875366210938e-01
4.381217658519744873e-01
9.920583367347717285e-01
3.250279724597930908e-01
2.821632623672485352e-01
1.000000000000000000e+00
5.778207182884216309e-01
6.306483745574951172e-01
3.779618144035339355e-01
9.846700429916381836e-01
2.919662892818450928e-01
4.645593762397766113e-01
9.985893368721008301e-01
9.770067334175109863e-01
5.088301897048950195e-01
5.252189040184020996e-01
2.698303461074829102e-01
3.653795421123504639e-01
9.003298282623291016e-01
9.383392930030822754e-01
3.296414017677307129e-01
4.524702727794647217e-01
6.793972253799438477e-01
3.934372961521148682e-01
2.824511826038360596e-01
2.497245073318481445e-01
9.153986573219299316e-01
3.329286277294158936e-01
3.690968155860900879e-01
2.745649218559265137e-01
4.808932840824127197e-01
3.000051677227020264e-01
2.882778346538543701e-01
3.163683712482452393e-01
3.216640949249267578e-01
3.246432244777679443e-01
4.335824549198150635e-01
2.910473942756652832e-01
3.471453487873077393e-01
9.440922737121582031e-01
1.339930146932601929e-01
6.338710784912109375e-01
2.804453670978546143e-01
9.939893484115600586e-01
8.913723230361938477e-01
5.629383325576782227e-01
3.171055316925048828e-01
9.900367259979248047e-01
2.568936944007873535e-01
2.880219519138336182e-01
3.157358467578887939e-01
8.954347968101501465e-01
4.570616483688354492e-01
4.072579443454742432e-01
2.349840998649597168e-01
3.166256248950958252e-01
3.337884247303009033e-01
2.995925545692443848e-01
3.090899288654327393e-01
2.979036867618560791e-01
9.445863962173461914e-01
4.182493090629577637e-01
2.903299629688262939e-01
4.076638221740722656e-01
3.602811694145202637e-01
2.569213807582855225e-01
4.741755723953247070e-01
1.362916380167007446e-01
9.300392270088195801e-01
9.943125247955322266e-01
9.994315505027770996e-01
9.981282353401184082e-01
9.797282814979553223e-01
9.974857568740844727e-01
9.964050054550170898e-01
9.205471873283386230e-01
9.502909779548645020e-01
9.339462518692016602e-01
9.998745918273925781e-01
9.947726130485534668e-01
9.976479411125183105e-01
8.531659245491027832e-01
9.410706758499145508e-01
9.962769150733947754e-01
8.071382641792297363e-01
9.298734664916992188e-01
9.216279387474060059e-01
9.952861666679382324e-01
9.999970197677612305e-01
9.933888912200927734e-01
9.930719733238220215e-01
9.165722131729125977e-01
8.710651397705078125e-01
7.412589192390441895e-01
9.969532489776611328e-01
1.259089261293411255e-01
9.277234673500061035e-01
9.727679491043090820e-01
9.996211528778076172e-01
9.288023114204406738e-01
9.345940947532653809e-01
9.998256564140319824e-01
8.828681707382202148e-01
9.993612170219421387e-01
7.271199226379394531e-01
8.547886610031127930e-01
8.744853138923645020e-01
8.647469878196716309e-01
9.986169338226318359e-01
8.058699965476989746e-01
8.904134035110473633e-01
9.999459981918334961e-01
9.999998807907104492e-01
9.189337491989135742e-01
9.357230067253112793e-01
9.270895719528198242e-01
9.995543360710144043e-01
9.744383096694946289e-01
9.821717143058776855e-01
9.998848438262939453e-01
8.641256690025329590e-01
4.470759332180023193e-01
9.188979864120483398e-01
8.116145133972167969e-01
9.999696016311645508e-01
8.485356569290161133e-01
9.398877620697021484e-01
9.355164766311645508e-01
9.713350534439086914e-01
7.448061108589172363e-01
9.370969533920288086e-01
9.944673776626586914e-01
9.999355077743530273e-01
9.373596906661987305e-01
9.994348883628845215e-01
9.995574355125427246e-01
9.999852180480957031e-01
8.761883378028869629e-01
9.997090697288513184e-01
9.028582572937011719e-01
9.276558160781860352e-01
8.578782677650451660e-01
5.271190032362937927e-02
5.785493645817041397e-03
3.149845823645591736e-02
2.589341439306735992e-02
1.150253601372241974e-02
4.153320938348770142e-02
5.021135807037353516e-01
3.361869603395462036e-02
5.038533732295036316e-02
3.934708982706069946e-02
2.560947239398956299e-01
7.963200807571411133e-01
3.011407554149627686e-01
8.879054337739944458e-02
4.709647223353385925e-02
3.359980136156082153e-02
7.741245627403259277e-01
4.672066867351531982e-01
5.176344513893127441e-01
8.066931739449501038e-03
2.411510609090328217e-02
2.354160137474536896e-02
8.218284696340560913e-02
1.098662707954645157e-02
2.894225530326366425e-03
4.043091237545013428e-01
1.043548434972763062e-02
1.600086241960525513e-01
2.627130597829818726e-02
3.191988915205001831e-02
9.508351795375347137e-03
4.347528144717216492e-02
1.206805836409330368e-02
8.455343544483184814e-03
2.209722995758056641e-02
1.012226194143295288e-02
2.947099804878234863e-01
5.899291038513183594e-01
3.266594558954238892e-02
6.191495060920715332e-01
5.137555766850709915e-03
6.277911663055419922e-01
1.732083857059478760e-01
2.755863368511199951e-01
1.037689223885536194e-01
8.059930801391601562e-02
4.792060852050781250e-01
3.816008567810058594e-02
1.325115375220775604e-02
5.708854794502258301e-01
5.603543668985366821e-02
9.626071900129318237e-03
2.200751751661300659e-02
1.142425648868083954e-02
4.401629790663719177e-03
3.022367693483829498e-02
2.216090448200702667e-02
6.663174927234649658e-02
7.358352839946746826e-02
3.159387037158012390e-03
5.703405141830444336e-01
3.005794994533061981e-02
5.202552303671836853e-02
6.051580607891082764e-02
6.744272708892822266e-01
3.824467584490776062e-02
9.900685399770736694e-03
7.911980152130126953e-01
5.880778655409812927e-02
1.859870553016662598e-02
1.848061084747314453e-01
1.207030285149812698e-02
3.320126980543136597e-02
4.749326407909393311e-01
5.617085099220275879e-01
6.303956359624862671e-02
2.489370480179786682e-02
1.792858354747295380e-02
8.591230213642120361e-02
8.278379589319229126e-02
1.638929732143878937e-02
8.278379589319229126e-02
2.316856011748313904e-02
9.453435987234115601e-02
2.617448195815086365e-02
1.788011938333511353e-02
1.566242873668670654e-01
2.601849660277366638e-02
8.076636493206024170e-02
5.575940385460853577e-02
8.195402473211288452e-02
6.179079040884971619e-02
2.316856011748313904e-02
5.849440768361091614e-02
1.181154474616050720e-01
1.693283393979072571e-02
4.767211154103279114e-02
1.339750736951828003e-01
2.316856011748313904e-02
1.693283393979072571e-02
2.160391956567764282e-02
1.999211497604846954e-02
3.175406903028488159e-02
2.246688306331634521e-02
2.197615988552570343e-02
1.447491049766540527e-01
6.331098079681396484e-02
1.178147867321968079e-01
1.792858354747295380e-02
8.400325477123260498e-02
8.209004253149032593e-02
6.391654908657073975e-02
6.391654908657073975e-02
1.303851790726184845e-02
2.781798690557479858e-02
2.489370480179786682e-02
1.303851790726184845e-02
8.195402473211288452e-02
6.426615267992019653e-02
1.693283393979072571e-02
1.788011938333511353e-02
1.256311088800430298e-01
2.475375123322010040e-02
1.148803606629371643e-01
5.658157169818878174e-02
2.160391956567764282e-02
4.883876070380210876e-02
4.481292888522148132e-02
8.278379589319229126e-02
8.400325477123260498e-02
8.400325477123260498e-02
2.712998911738395691e-02
8.461160212755203247e-02
1.788011938333511353e-02
1.020821109414100647e-01
6.954294443130493164e-02
2.300881408154964447e-02
2.915513515472412109e-02
6.013505905866622925e-02
4.313834384083747864e-02
1.999211497604846954e-02
1.080448031425476074e-01
3.053064644336700439e-02
1.638929732143878937e-02
8.057074248790740967e-02
7.023186236619949341e-02
5.494415014982223511e-02
9.669286757707595825e-02
5.853415280580520630e-02
1.953678205609321594e-02
3.293299078941345215e-01
3.523673117160797119e-01
3.481869995594024658e-01
2.387176752090454102e-01
6.605666130781173706e-02
2.629382610321044922e-01
3.182694911956787109e-01
2.500449419021606445e-01
2.511954009532928467e-01
2.870073914527893066e-01
2.032765895128250122e-01
2.453207075595855713e-01
3.052303194999694824e-01
2.551986873149871826e-01
3.094483613967895508e-01
3.149178028106689453e-01
5.951212048530578613e-01
2.844265103340148926e-01
2.849076092243194580e-01
3.341158032417297363e-01
4.135144948959350586e-01
1.633840650320053101e-01
5.193609595298767090e-01
3.516062498092651367e-01
5.837521553039550781e-01
8.963679075241088867e-01
4.894435405731201172e-01
5.513761639595031738e-01
4.299637675285339355e-01
5.132622122764587402e-01
5.478562712669372559e-01
4.962690770626068115e-01
5.239531397819519043e-01
4.908053874969482422e-01
6.174586415290832520e-01
5.006592869758605957e-01
4.829707443714141846e-01
4.023623168468475342e-01
5.322154164314270020e-01
5.347365736961364746e-01
4.257491528987884521e-01
5.073927640914916992e-01
3.113113343715667725e-01
4.729637503623962402e-01
1.187787577509880066e-01
4.140072464942932129e-01
4.954169690608978271e-01
3.841613531112670898e-01
2.255081683397293091e-01
3.404809236526489258e-01
5.249736905097961426e-01
5.431605577468872070e-01
2.270068526268005371e-01
2.738114893436431885e-01
3.728253245353698730e-01
4.648672640323638916e-01
5.116392970085144043e-01
3.745336234569549561e-01
4.854320883750915527e-01
5.134410262107849121e-01
2.344057708978652954e-01
2.071806341409683228e-01
5.134537816047668457e-01
4.181834161281585693e-01
3.087733089923858643e-01
4.470289945602416992e-01
3.490079939365386963e-01
4.603963792324066162e-01
5.217601060867309570e-01
5.377451181411743164e-01
4.342510402202606201e-01
6.918886899948120117e-01
3.776066899299621582e-01
3.602795898914337158e-01
4.890448153018951416e-01
5.642053484916687012e-01
4.172867834568023682e-01
5.878612995147705078e-01
4.880461692810058594e-01
6.811563372611999512e-01
5.545942783355712891e-01
5.295513868331909180e-01
3.448047935962677002e-01
5.646583437919616699e-01
5.571724772453308105e-01
4.038248658180236816e-01
3.597308695316314697e-01
5.864210724830627441e-01
5.605159401893615723e-01
2.235139757394790649e-01
6.319361329078674316e-01
3.400418162345886230e-01
1.043805480003356934e-01
3.287565708160400391e-02
1.846407651901245117e-01
5.790444090962409973e-02
8.784835040569305420e-02
1.897948831319808960e-01
6.349349021911621094e-02
3.547304868698120117e-02
5.829522386193275452e-02
2.694313973188400269e-02
4.243919998407363892e-02
4.695679619908332825e-02
2.912173606455326080e-02
1.469503529369831085e-02
4.802955314517021179e-02
1.472873836755752563e-01
5.573096498847007751e-02
3.343462944030761719e-02
3.013599812984466553e-01
6.472151726484298706e-02
1.313164681196212769e-01
5.824521183967590332e-02
3.973161801695823669e-02
2.464390546083450317e-02
5.601945146918296814e-02
4.452149569988250732e-02
5.992368981242179871e-02
4.552008211612701416e-02
7.279325276613235474e-02
2.314807847142219543e-02
3.883430734276771545e-02
5.684574693441390991e-02
2.255996130406856537e-02
3.475279361009597778e-02
2.223415821790695190e-01
2.993626892566680908e-02
1.133862603455781937e-02
4.320923984050750732e-02
3.858847320079803467e-01
2.737611904740333557e-02
4.046735540032386780e-02
2.428487502038478851e-02
5.457103997468948364e-02
7.835248857736587524e-02
6.839427351951599121e-01
6.369481235742568970e-02
5.214844644069671631e-02
1.194651275873184204e-01
9.565179049968719482e-02
6.004138663411140442e-02
1.338146775960922241e-01
4.799690470099449158e-02
5.961084738373756409e-02
6.079364195466041565e-02
3.339343518018722534e-02
3.185805305838584900e-02
5.754888430237770081e-02
4.152119532227516174e-02
4.284929111599922180e-02
1.223377650603652000e-03
6.926936656236648560e-02
3.901465982198715210e-02
3.124909102916717529e-02
5.601700395345687866e-02
5.862622335553169250e-02
5.523459315299987793e-01
2.099891453981399536e-01
7.913217693567276001e-02
6.168263778090476990e-02
4.305798560380935669e-02
5.767744779586791992e-02
8.700937032699584961e-01
2.817934006452560425e-02
7.512903213500976562e-02
6.776881963014602661e-02
6.423503160476684570e-02
1.028171330690383911e-01
2.844120264053344727e-01
2.287006676197052002e-01
1.576169133186340332e-01
1.986258104443550110e-02
2.845182418823242188e-01
1.528912633657455444e-01
2.389826923608779907e-01
1.987382322549819946e-01
7.302489876747131348e-02
1.096735969185829163e-01
2.306811362504959106e-01
3.427799344062805176e-01
1.096164584159851074e-01
4.760541915893554688e-01
1.798069924116134644e-01
3.880095779895782471e-01
5.951884016394615173e-02
6.247396394610404968e-02
9.658601880073547363e-02
2.954340353608131409e-02
1.925622671842575073e-02
1.457130014896392822e-01
9.697677195072174072e-02
2.167521864175796509e-01
4.388842880725860596e-01
5.336555242538452148e-01
2.984761893749237061e-01
9.259083867073059082e-02
2.230496853590011597e-01
2.201078981161117554e-01
1.648142635822296143e-01
1.047707628458738327e-02
3.208980262279510498e-01
2.589877247810363770e-01
2.135023027658462524e-01
3.957689553499221802e-02
1.466451734304428101e-01
2.526088356971740723e-01
4.627453982830047607e-01
2.172758281230926514e-01
1.378539204597473145e-01
1.490151733160018921e-01
3.525944650173187256e-01
4.215066432952880859e-01
3.259331881999969482e-01
3.798714280128479004e-01
2.338000684976577759e-01
3.154090642929077148e-01
3.331982493400573730e-01
2.619857490062713623e-01
3.038550019264221191e-01
1.403814554214477539e-01
2.875716388225555420e-01
2.599035799503326416e-01
3.107669353485107422e-01
2.411787509918212891e-01
1.742011904716491699e-01
3.451966121792793274e-02
7.381026446819305420e-02
2.743988335132598877e-01
3.443976640701293945e-01
2.746402919292449951e-01
3.129740655422210693e-01
3.219158649444580078e-01
2.871926426887512207e-01
3.167166113853454590e-01
2.990034520626068115e-01
4.056366384029388428e-01
1.881761401891708374e-01
1.745714992284774780e-01
1.207559406757354736e-01
3.067404925823211670e-01
3.142237961292266846e-01
3.258701562881469727e-01
2.786257266998291016e-01
1.745580136775970459e-01
2.667018473148345947e-01
3.348307907581329346e-01
3.045933842658996582e-01
3.239457607269287109e-01
3.249192535877227783e-01
3.193357884883880615e-01
3.343762457370758057e-01
2.637050449848175049e-01
3.038632571697235107e-01
3.440203666687011719e-01
2.732571065425872803e-01
2.090554982423782349e-01
2.409137189388275146e-01
2.806018590927124023e-01
2.870097458362579346e-01
3.008930683135986328e-01
2.817697823047637939e-01
1.318732947111129761e-01
2.969367802143096924e-01
4.177175760269165039e-01
3.708234131336212158e-01
3.900717198848724365e-01
4.611266255378723145e-01
1.963026970624923706e-01
3.567904233932495117e-01
3.021623194217681885e-01
2.564409077167510986e-01
2.363725453615188599e-01
1.742378920316696167e-01
3.105173408985137939e-01
1.239522770047187805e-01
9.286459535360336304e-02
6.768313795328140259e-02
9.144736453890800476e-03
9.161231666803359985e-02
9.643579833209514618e-03
8.732654899358749390e-02
1.184884756803512573e-01
4.478027299046516418e-02
7.158511877059936523e-01
2.159182913601398468e-02
2.982747554779052734e-01
1.429225802421569824e-01
4.928148165345191956e-02
5.061019957065582275e-02
1.227082964032888412e-02
6.272803544998168945e-01
2.299657016992568970e-01
2.790238521993160248e-02
2.829419821500778198e-02
1.183850690722465515e-01
1.859216205775737762e-02
7.435461282730102539e-01
1.015344113111495972e-01
2.918295189738273621e-02
5.367932468652725220e-02
1.660596020519733429e-02
2.009285986423492432e-01
1.575992628931999207e-02
7.499583363533020020e-01
4.597187507897615433e-03
7.423579692840576172e-02
4.748372733592987061e-02
2.054338343441486359e-02
1.450056862086057663e-02
2.335078641772270203e-02
8.484197407960891724e-02
4.275800883769989014e-01
2.953356876969337463e-02
2.995284833014011383e-02
4.772215336561203003e-02
3.661710768938064575e-02
2.937827706336975098e-01
3.685564175248146057e-02
1.481414288282394409e-01
1.939385011792182922e-02
4.634616151452064514e-02
1.072317212820053101e-01
1.069701183587312698e-02
1.256154328584671021e-01
8.461595326662063599e-02
5.475190654397010803e-02
3.297365307807922363e-01
7.199903484433889389e-03
1.576493680477142334e-01
8.957259356975555420e-02
8.103942498564720154e-03
4.163644611835479736e-01
2.503334730863571167e-02
1.157010048627853394e-01
1.091412380337715149e-01
4.793679341673851013e-03
1.916183531284332275e-01
7.471399381756782532e-03
1.074567530304193497e-02
1.215156540274620056e-02
1.044711172580718994e-01
9.130920283496379852e-03
7.078791260719299316e-01
6.294991821050643921e-03
4.794644415378570557e-01
2.374936491250991821e-01
1.133251637220382690e-01
2.219552174210548401e-02
6.182608008384704590e-01
