8.511798977851867676e-01
8.545885682106018066e-01
8.420223593711853027e-01
8.355321884155273438e-01
8.355321884155273438e-01
8.354559540748596191e-01
8.355321884155273438e-01
8.355321884155273438e-01
8.355321884155273438e-01
8.434467315673828125e-01
8.089690208435058594e-01
8.355321884155273438e-01
8.475015163421630859e-01
8.513337969779968262e-01
8.355321884155273438e-01
8.355321884155273438e-01
8.465426564216613770e-01
8.384744524955749512e-01
8.266857862472534180e-01
8.385242223739624023e-01
8.355321884155273438e-01
8.423364758491516113e-01
8.355321884155273438e-01
8.519737124443054199e-01
8.355321884155273438e-01
8.421891331672668457e-01
8.492038249969482422e-01
8.455680012702941895e-01
8.343375325202941895e-01
8.355321884155273438e-01
8.598621487617492676e-01
8.345303535461425781e-01
8.385890722274780273e-01
6.812255382537841797e-01
8.561599254608154297e-01
8.521050810813903809e-01
8.362802267074584961e-01
8.493611812591552734e-01
8.355321884155273438e-01
8.374214172363281250e-01
8.355321884155273438e-01
8.355321884155273438e-01
8.566722273826599121e-01
8.355171680450439453e-01
8.355321884155273438e-01
8.355321884155273438e-01
8.355321884155273438e-01
8.355321884155273438e-01
3.298618495464324951e-01
8.355321884155273438e-01
8.507521152496337891e-01
8.355321884155273438e-01
8.355321884155273438e-01
3.675756156444549561e-01
8.355321884155273438e-01
8.355321884155273438e-01
8.405917286872863770e-01
8.355321884155273438e-01
8.355321884155273438e-01
8.425257802009582520e-01
8.447307348251342773e-01
8.556422591209411621e-01
8.475813865661621094e-01
8.355321884155273438e-01
8.430781960487365723e-01
3.126391470432281494e-01
8.355321884155273438e-01
8.421249389648437500e-01
8.355321884155273438e-01
8.355321884155273438e-01
8.506379723548889160e-01
8.682903647422790527e-01
8.355321884155273438e-01
8.355321884155273438e-01
8.502792119979858398e-01
3.126391470432281494e-01
3.126391470432281494e-01
3.126391470432281494e-01
3.638392686843872070e-01
3.126391470432281494e-01
3.126391470432281494e-01
3.980828821659088135e-01
3.126391470432281494e-01
3.126391470432281494e-01
3.126391470432281494e-01
3.126391470432281494e-01
3.843261599540710449e-01
3.126391470432281494e-01
3.829194605350494385e-01
3.126391470432281494e-01
3.754345774650573730e-01
3.556962907314300537e-01
3.126391470432281494e-01
3.628781735897064209e-01
3.816834390163421631e-01
4.212073981761932373e-01
3.684064745903015137e-01
3.967846930027008057e-01
3.126391470432281494e-01
3.126391470432281494e-01
3.126391470432281494e-01
3.950638771057128906e-01
3.126391470432281494e-01
3.126391470432281494e-01
3.854712545871734619e-01
3.659523725509643555e-01
3.924444317817687988e-01
3.126391470432281494e-01
3.126391470432281494e-01
3.126391470432281494e-01
3.706667721271514893e-01
3.126391470432281494e-01
3.126391470432281494e-01
3.126391470432281494e-01
3.834044635295867920e-01
3.126391470432281494e-01
3.126391470432281494e-01
3.866852819919586182e-01
3.614039421081542969e-01
3.887837529182434082e-01
3.880749940872192383e-01
3.895993530750274658e-01
3.861974179744720459e-01
3.126391470432281494e-01
3.800204098224639893e-01
3.126391470432281494e-01
3.678762316703796387e-01
3.126391470432281494e-01
3.812181651592254639e-01
4.062382578849792480e-01
4.008555412292480469e-01
3.790929615497589111e-01
3.800052404403686523e-01
3.126391470432281494e-01
3.836804628372192383e-01
3.126391470432281494e-01
3.944694995880126953e-01
3.902051150798797607e-01
3.828836083412170410e-01
3.988898098468780518e-01
3.126391470432281494e-01
3.711060881614685059e-01
3.597123026847839355e-01
3.126391470432281494e-01
3.696726262569427490e-01
3.126391470432281494e-01
3.126391470432281494e-01
3.126391470432281494e-01
3.794310092926025391e-01
3.920441567897796631e-01
3.883599042892456055e-01
3.126391470432281494e-01
3.764953315258026123e-01
3.126391470432281494e-01
4.063725173473358154e-01
3.467401564121246338e-01
3.397890031337738037e-01
3.682554066181182861e-01
3.516442179679870605e-01
3.126391470432281494e-01
3.126391470432281494e-01
3.126391470432281494e-01
3.126391470432281494e-01
3.829843103885650635e-01
3.741298317909240723e-01
3.406937420368194580e-01
3.126391470432281494e-01
3.126391470432281494e-01
3.698481917381286621e-01
3.126391470432281494e-01
3.126391470432281494e-01
4.054745435714721680e-01
3.126391470432281494e-01
3.769973814487457275e-01
3.628647029399871826e-01
3.126391470432281494e-01
3.603245615959167480e-01
3.126391470432281494e-01
3.126391470432281494e-01
3.584769964218139648e-01
3.126391470432281494e-01
3.126391470432281494e-01
3.638766705989837646e-01
3.126391470432281494e-01
3.686940073966979980e-01
4.077343344688415527e-01
3.126391470432281494e-01
3.126391470432281494e-01
3.666397631168365479e-01
3.667378425598144531e-01
3.126391470432281494e-01
3.126391470432281494e-01
3.854317665100097656e-01
3.783893883228302002e-01
3.126391470432281494e-01
3.710849583148956299e-01
3.126391470432281494e-01
3.126391470432281494e-01
3.126391470432281494e-01
3.841807544231414795e-01
3.126391470432281494e-01
3.843268454074859619e-01
3.126391470432281494e-01
3.782178759574890137e-01
3.516914546489715576e-01
3.126391470432281494e-01
3.126391470432281494e-01
3.126391470432281494e-01
3.682743608951568604e-01
3.126391470432281494e-01
3.126391470432281494e-01
3.126391470432281494e-01
3.126391470432281494e-01
3.673275113105773926e-01
4.001710116863250732e-01
3.615498840808868408e-01
3.516848683357238770e-01
3.126391470432281494e-01
3.855744302272796631e-01
3.796025812625885010e-01
3.619500100612640381e-01
3.546738922595977783e-01
3.545893430709838867e-01
3.126391470432281494e-01
4.040713608264923096e-01
3.126391470432281494e-01
3.126391470432281494e-01
3.126391470432281494e-01
3.820325434207916260e-01
3.755184113979339600e-01
3.126391470432281494e-01
3.126391470432281494e-01
3.126391470432281494e-01
3.768253922462463379e-01
3.683457970619201660e-01
3.669611215591430664e-01
3.126391470432281494e-01
3.814655244350433350e-01
3.836548328399658203e-01
3.953827321529388428e-01
3.126391470432281494e-01
3.857801854610443115e-01
3.126391470432281494e-01
3.592165708541870117e-01
3.126391470432281494e-01
3.126391470432281494e-01
8.355321884155273438e-01
8.525094985961914062e-01
8.355321884155273438e-01
3.126391470432281494e-01
3.126391470432281494e-01
8.355321884155273438e-01
6.781578660011291504e-01
8.461812138557434082e-01
3.126391470432281494e-01
8.417683243751525879e-01
8.416645526885986328e-01
6.866290569305419922e-01
8.531583547592163086e-01
8.355321884155273438e-01
8.404868841171264648e-01
8.355321884155273438e-01
3.126391470432281494e-01
3.126391470432281494e-01
3.511613309383392334e-01
8.355321884155273438e-01
8.547470569610595703e-01
8.440578579902648926e-01
3.126391470432281494e-01
8.509542942047119141e-01
8.355321884155273438e-01
8.408191800117492676e-01
3.490487933158874512e-01
8.000686764717102051e-01
8.422343134880065918e-01
8.355321884155273438e-01
8.355321884155273438e-01
8.355321884155273438e-01
8.355321884155273438e-01
8.355321884155273438e-01
8.478954434394836426e-01
8.355321884155273438e-01
3.126391470432281494e-01
3.126391470432281494e-01
3.599559068679809570e-01
8.477452397346496582e-01
8.355321884155273438e-01
8.408191800117492676e-01
8.501539826393127441e-01
8.355321884155273438e-01
8.355321884155273438e-01
8.355321884155273438e-01
3.126391470432281494e-01
3.450028002262115479e-01
8.396208286285400391e-01
8.355321884155273438e-01
8.448265194892883301e-01
8.355321884155273438e-01
8.355321884155273438e-01
8.403085470199584961e-01
8.355321884155273438e-01
8.498408198356628418e-01
8.355321884155273438e-01
3.126391470432281494e-01
3.437943160533905029e-01
8.534043431282043457e-01
6.781578660011291504e-01
3.501825630664825439e-01
8.437622189521789551e-01
8.355321884155273438e-01
3.126391470432281494e-01
8.352971673011779785e-01
3.383102416992187500e-01
8.469839692115783691e-01
8.355321884155273438e-01
8.355321884155273438e-01
3.424854278564453125e-01
8.355321884155273438e-01
8.476547002792358398e-01
3.517279028892517090e-01
3.126391470432281494e-01
8.355321884155273438e-01
3.677485883235931396e-01
8.028219342231750488e-01
3.126391470432281494e-01
3.126391470432281494e-01
8.355321884155273438e-01
3.126391470432281494e-01
3.126391470432281494e-01
8.485898971557617188e-01
3.489162325859069824e-01
3.438536524772644043e-01
3.126391470432281494e-01
3.126391470432281494e-01
3.126391470432281494e-01
8.355321884155273438e-01
8.355321884155273438e-01
3.126391470432281494e-01
3.126391470432281494e-01
3.126391470432281494e-01
8.528226017951965332e-01
3.569028675556182861e-01
3.126391470432281494e-01
8.393307328224182129e-01
3.126391470432281494e-01
3.126391470432281494e-01
3.126391470432281494e-01
8.355321884155273438e-01
8.355321884155273438e-01
3.611235022544860840e-01
8.539109230041503906e-01
3.126391470432281494e-01
8.355321884155273438e-01
3.126391470432281494e-01
3.126391470432281494e-01
3.614317178726196289e-01
3.126391470432281494e-01
3.126391470432281494e-01
8.530033230781555176e-01
3.126391470432281494e-01
3.995140790939331055e-01
3.126391470432281494e-01
3.126391470432281494e-01
3.871802091598510742e-01
3.126391470432281494e-01
3.126391470432281494e-01
3.126391470432281494e-01
3.760982751846313477e-01
3.126391470432281494e-01
3.126391470432281494e-01
3.863372802734375000e-01
3.548826575279235840e-01
3.126391470432281494e-01
3.126391470432281494e-01
3.126391470432281494e-01
3.126391470432281494e-01
3.467848002910614014e-01
3.546122312545776367e-01
3.126391470432281494e-01
3.126391470432281494e-01
3.126391470432281494e-01
3.126391470432281494e-01
3.126391470432281494e-01
3.126391470432281494e-01
3.685517311096191406e-01
3.126391470432281494e-01
3.126391470432281494e-01
3.126391470432281494e-01
3.126391470432281494e-01
3.126391470432281494e-01
3.126391470432281494e-01
3.126391470432281494e-01
3.126391470432281494e-01
3.126391470432281494e-01
3.126391470432281494e-01
3.126391470432281494e-01
3.126391470432281494e-01
3.787374794483184814e-01
3.126391470432281494e-01
3.126391470432281494e-01
3.126391470432281494e-01
3.539726138114929199e-01
3.572159409523010254e-01
3.126391470432281494e-01
3.126391470432281494e-01
3.843336403369903564e-01
3.126391470432281494e-01
3.126391470432281494e-01
3.126391470432281494e-01
3.427061736583709717e-01
3.126391470432281494e-01
3.126391470432281494e-01
3.126391470432281494e-01
3.126391470432281494e-01
3.126391470432281494e-01
3.126391470432281494e-01
3.126391470432281494e-01
3.126391470432281494e-01
3.346157968044281006e-01
3.126391470432281494e-01
3.126391470432281494e-01
3.126391470432281494e-01
3.126391470432281494e-01
3.126391470432281494e-01
3.126391470432281494e-01
3.126391470432281494e-01
8.355321884155273438e-01
8.533349037170410156e-01
8.405060768127441406e-01
3.592594265937805176e-01
8.438102602958679199e-01
8.531916737556457520e-01
8.372481465339660645e-01
8.355321884155273438e-01
8.355321884155273438e-01
8.355321884155273438e-01
8.514342904090881348e-01
8.353627324104309082e-01
8.469066619873046875e-01
8.355321884155273438e-01
8.355321884155273438e-01
8.372749090194702148e-01
8.355321884155273438e-01
8.355321884155273438e-01
7.037796974182128906e-01
8.352746963500976562e-01
8.407119512557983398e-01
8.392035961151123047e-01
8.342970013618469238e-01
8.355321884155273438e-01
8.355321884155273438e-01
8.355321884155273438e-01
8.380667567253112793e-01
3.126391470432281494e-01
8.355321884155273438e-01
8.379136323928833008e-01
8.374288678169250488e-01
8.355321884155273438e-01
8.355321884155273438e-01
8.424318432807922363e-01
8.355321884155273438e-01
8.541352748870849609e-01
8.355321884155273438e-01
8.355177044868469238e-01
8.355321884155273438e-01
8.355321884155273438e-01
7.299445867538452148e-01
8.355321884155273438e-01
8.355321884155273438e-01
8.500750064849853516e-01
3.542724847793579102e-01
8.142787814140319824e-01
8.355321884155273438e-01
8.355321884155273438e-01
8.395308256149291992e-01
8.355321884155273438e-01
8.430663347244262695e-01
8.657963275909423828e-01
8.355321884155273438e-01
3.126391470432281494e-01
8.355321884155273438e-01
8.355321884155273438e-01
8.427754640579223633e-01
8.355321884155273438e-01
8.355321884155273438e-01
8.355321884155273438e-01
8.445683121681213379e-01
8.355321884155273438e-01
8.360004425048828125e-01
8.230350613594055176e-01
8.121204376220703125e-01
8.355321884155273438e-01
8.401233553886413574e-01
8.460103273391723633e-01
3.469629883766174316e-01
8.355321884155273438e-01
3.205034732818603516e-01
8.355321884155273438e-01
8.355321884155273438e-01
8.342040181159973145e-01
8.051272630691528320e-01
3.126391470432281494e-01
3.126391470432281494e-01
3.126391470432281494e-01
3.126391470432281494e-01
3.126391470432281494e-01
3.126391470432281494e-01
3.126391470432281494e-01
3.126391470432281494e-01
7.200524210929870605e-01
3.126391470432281494e-01
3.126391470432281494e-01
3.062966465950012207e-01
3.126391470432281494e-01
3.126391470432281494e-01
3.126391470432281494e-01
3.126391470432281494e-01
3.126391470432281494e-01
3.126391470432281494e-01
3.126391470432281494e-01
3.126391470432281494e-01
3.126391470432281494e-01
3.126391470432281494e-01
3.126391470432281494e-01
3.126391470432281494e-01
3.126391470432281494e-01
3.126391470432281494e-01
3.126391470432281494e-01
3.126391470432281494e-01
3.126391470432281494e-01
3.126391470432281494e-01
8.104513287544250488e-01
3.126391470432281494e-01
6.785650253295898438e-01
3.126391470432281494e-01
3.126391470432281494e-01
3.126391470432281494e-01
3.205034732818603516e-01
3.126391470432281494e-01
3.126391470432281494e-01
3.126391470432281494e-01
3.126391470432281494e-01
3.126391470432281494e-01
3.126391470432281494e-01
3.126391470432281494e-01
6.633020043373107910e-01
7.984431982040405273e-01
3.126391470432281494e-01
3.126391470432281494e-01
3.126391470432281494e-01
3.126391470432281494e-01
3.126391470432281494e-01
3.126391470432281494e-01
3.126391470432281494e-01
3.126391470432281494e-01
3.126391470432281494e-01
3.126391470432281494e-01
3.126391470432281494e-01
3.126391470432281494e-01
3.126391470432281494e-01
3.126391470432281494e-01
3.126391470432281494e-01
3.126391470432281494e-01
3.126391470432281494e-01
3.126391470432281494e-01
3.126391470432281494e-01
3.126391470432281494e-01
3.126391470432281494e-01
3.126391470432281494e-01
3.126391470432281494e-01
3.126391470432281494e-01
3.126391470432281494e-01
3.126391470432281494e-01
3.126391470432281494e-01
3.126391470432281494e-01
3.126391470432281494e-01
2.984230816364288330e-01
3.126391470432281494e-01
3.126391470432281494e-01
3.126391470432281494e-01
3.126391470432281494e-01
3.126391470432281494e-01
3.126391470432281494e-01
3.126391470432281494e-01
3.126391470432281494e-01
3.126391470432281494e-01
3.126391470432281494e-01
3.126391470432281494e-01
3.126391470432281494e-01
3.126391470432281494e-01
3.126391470432281494e-01
7.082504630088806152e-01
3.126391470432281494e-01
3.318333327770233154e-01
3.126391470432281494e-01
3.126391470432281494e-01
3.126391470432281494e-01
3.126391470432281494e-01
3.126391470432281494e-01
3.126391470432281494e-01
3.126391470432281494e-01
3.126391470432281494e-01
3.160495460033416748e-01
3.126391470432281494e-01
3.126391470432281494e-01
3.126391470432281494e-01
3.126391470432281494e-01
3.126391470432281494e-01
3.126391470432281494e-01
3.126391470432281494e-01
3.126391470432281494e-01
3.126391470432281494e-01
3.126391470432281494e-01
3.126391470432281494e-01
3.126391470432281494e-01
3.126391470432281494e-01
3.126391470432281494e-01
3.126391470432281494e-01
3.126391470432281494e-01
3.126391470432281494e-01
3.126391470432281494e-01
3.126391470432281494e-01
3.126391470432281494e-01
3.126391470432281494e-01
3.126391470432281494e-01
6.865065693855285645e-01
3.126391470432281494e-01
3.126391470432281494e-01
3.126391470432281494e-01
3.126391470432281494e-01
3.126391470432281494e-01
3.126391470432281494e-01
3.126391470432281494e-01
3.126391470432281494e-01
3.126391470432281494e-01
3.126391470432281494e-01
3.126391470432281494e-01
3.126391470432281494e-01
3.126391470432281494e-01
3.126391470432281494e-01
3.126391470432281494e-01
3.126391470432281494e-01
3.126391470432281494e-01
3.126391470432281494e-01
3.126391470432281494e-01
3.126391470432281494e-01
3.126391470432281494e-01
3.126391470432281494e-01
3.126391470432281494e-01
3.126391470432281494e-01
3.126391470432281494e-01
3.126391470432281494e-01
3.126391470432281494e-01
3.126391470432281494e-01
3.126391470432281494e-01
3.183611333370208740e-01
3.126391470432281494e-01
3.126391470432281494e-01
3.126391470432281494e-01
3.126391470432281494e-01
3.126391470432281494e-01
3.126391470432281494e-01
3.126391470432281494e-01
3.126391470432281494e-01
3.126391470432281494e-01
3.126391470432281494e-01
3.126391470432281494e-01
3.126391470432281494e-01
3.126391470432281494e-01
3.126391470432281494e-01
3.126391470432281494e-01
2.936748266220092773e-01
3.126391470432281494e-01
3.126391470432281494e-01
3.126391470432281494e-01
3.126391470432281494e-01
3.126391470432281494e-01
3.126391470432281494e-01
3.126391470432281494e-01
3.126391470432281494e-01
3.126391470432281494e-01
3.126391470432281494e-01
3.126391470432281494e-01
3.126391470432281494e-01
3.126391470432281494e-01
3.126391470432281494e-01
3.126391470432281494e-01
3.126391470432281494e-01
3.126391470432281494e-01
8.094549179077148438e-01
3.126391470432281494e-01
3.126391470432281494e-01
3.126391470432281494e-01
3.126391470432281494e-01
3.126391470432281494e-01
3.126391470432281494e-01
3.126391470432281494e-01
3.126391470432281494e-01
3.126391470432281494e-01
3.126391470432281494e-01
3.126391470432281494e-01
3.126391470432281494e-01
3.126391470432281494e-01
3.126391470432281494e-01
3.126391470432281494e-01
3.126391470432281494e-01
3.126391470432281494e-01
3.126391470432281494e-01
3.126391470432281494e-01
3.126391470432281494e-01
3.126391470432281494e-01
3.067840337753295898e-01
3.126391470432281494e-01
3.126391470432281494e-01
3.126391470432281494e-01
3.126391470432281494e-01
3.126391470432281494e-01
3.126391470432281494e-01
3.126391470432281494e-01
3.126391470432281494e-01
3.126391470432281494e-01
3.126391470432281494e-01
3.126391470432281494e-01
3.126391470432281494e-01
3.126391470432281494e-01
3.126391470432281494e-01
3.126391470432281494e-01
3.126391470432281494e-01
3.126391470432281494e-01
3.126391470432281494e-01
3.126391470432281494e-01
3.126391470432281494e-01
3.126391470432281494e-01
3.126391470432281494e-01
3.126391470432281494e-01
3.126391470432281494e-01
3.126391470432281494e-01
3.126391470432281494e-01
7.711767554283142090e-01
3.126391470432281494e-01
3.126391470432281494e-01
3.126391470432281494e-01
3.126391470432281494e-01
3.126391470432281494e-01
3.126391470432281494e-01
3.126391470432281494e-01
3.126391470432281494e-01
3.126391470432281494e-01
3.126391470432281494e-01
3.126391470432281494e-01
3.126391470432281494e-01
3.126391470432281494e-01
3.126391470432281494e-01
3.126391470432281494e-01
3.126391470432281494e-01
3.126391470432281494e-01
3.126391470432281494e-01
3.126391470432281494e-01
3.126391470432281494e-01
3.126391470432281494e-01
3.126391470432281494e-01
3.126391470432281494e-01
3.126391470432281494e-01
3.126391470432281494e-01
3.126391470432281494e-01
3.126391470432281494e-01
3.126391470432281494e-01
3.126391470432281494e-01
3.126391470432281494e-01
3.126391470432281494e-01
3.126391470432281494e-01
3.126391470432281494e-01
3.126391470432281494e-01
3.126391470432281494e-01
3.126391470432281494e-01
3.126391470432281494e-01
3.126391470432281494e-01
3.126391470432281494e-01
3.126391470432281494e-01
3.126391470432281494e-01
3.126391470432281494e-01
3.126391470432281494e-01
3.126391470432281494e-01
3.126391470432281494e-01
3.126391470432281494e-01
3.126391470432281494e-01
3.126391470432281494e-01
3.126391470432281494e-01
3.126391470432281494e-01
3.126391470432281494e-01
3.126391470432281494e-01
3.126391470432281494e-01
3.126391470432281494e-01
3.126391470432281494e-01
3.195370137691497803e-01
3.126391470432281494e-01
3.126391470432281494e-01
3.126391470432281494e-01
3.126391470432281494e-01
6.865173578262329102e-01
3.126391470432281494e-01
3.126391470432281494e-01
3.126391470432281494e-01
3.126391470432281494e-01
3.126391470432281494e-01
3.126391470432281494e-01
3.126391470432281494e-01
3.126391470432281494e-01
3.126391470432281494e-01
3.126391470432281494e-01
3.126391470432281494e-01
3.126391470432281494e-01
3.126391470432281494e-01
3.126391470432281494e-01
3.126391470432281494e-01
3.126391470432281494e-01
3.126391470432281494e-01
3.126391470432281494e-01
3.126391470432281494e-01
3.126391470432281494e-01
3.126391470432281494e-01
3.126391470432281494e-01
3.126391470432281494e-01
3.051214516162872314e-01
3.126391470432281494e-01
3.126391470432281494e-01
3.126391470432281494e-01
3.126391470432281494e-01
3.126391470432281494e-01
3.443550169467926025e-01
3.126391470432281494e-01
3.126391470432281494e-01
3.126391470432281494e-01
3.148077130317687988e-01
3.126391470432281494e-01
3.126391470432281494e-01
3.126391470432281494e-01
3.126391470432281494e-01
3.126391470432281494e-01
3.126391470432281494e-01
3.126391470432281494e-01
3.126391470432281494e-01
3.126391470432281494e-01
3.059699833393096924e-01
3.126391470432281494e-01
3.126391470432281494e-01
3.126391470432281494e-01
3.126391470432281494e-01
3.126391470432281494e-01
3.126391470432281494e-01
3.126391470432281494e-01
3.126391470432281494e-01
3.126391470432281494e-01
3.126391470432281494e-01
3.126391470432281494e-01
3.126391470432281494e-01
3.126391470432281494e-01
3.126391470432281494e-01
3.126391470432281494e-01
3.126391470432281494e-01
3.126391470432281494e-01
3.126391470432281494e-01
3.126391470432281494e-01
3.126391470432281494e-01
3.126391470432281494e-01
3.126391470432281494e-01
3.126391470432281494e-01
3.126391470432281494e-01
3.126391470432281494e-01
3.126391470432281494e-01
3.126391470432281494e-01
6.570370793342590332e-01
3.126391470432281494e-01
3.126391470432281494e-01
3.126391470432281494e-01
3.198209404945373535e-01
3.126391470432281494e-01
3.126391470432281494e-01
3.126391470432281494e-01
3.126391470432281494e-01
3.126391470432281494e-01
3.126391470432281494e-01
3.126391470432281494e-01
3.126391470432281494e-01
3.126391470432281494e-01
3.126391470432281494e-01
3.126391470432281494e-01
3.126391470432281494e-01
3.126391470432281494e-01
3.121594190597534180e-01
3.126391470432281494e-01
3.126391470432281494e-01
3.126391470432281494e-01
3.126391470432281494e-01
3.126391470432281494e-01
3.126391470432281494e-01
3.126391470432281494e-01
3.126391470432281494e-01
3.126391470432281494e-01
3.126391470432281494e-01
3.126391470432281494e-01
3.126391470432281494e-01
3.126391470432281494e-01
3.126391470432281494e-01
8.220521211624145508e-01
2.989313006401062012e-01
3.126391470432281494e-01
3.126391470432281494e-01
6.856610774993896484e-01
3.126391470432281494e-01
3.091304600238800049e-01
3.126391470432281494e-01
3.126391470432281494e-01
3.126391470432281494e-01
3.126391470432281494e-01
3.126391470432281494e-01
3.126391470432281494e-01
3.126391470432281494e-01
3.126391470432281494e-01
3.126391470432281494e-01
3.126391470432281494e-01
3.126391470432281494e-01
3.126391470432281494e-01
3.126391470432281494e-01
3.126391470432281494e-01
8.010669350624084473e-01
3.126391470432281494e-01
3.126391470432281494e-01
3.126391470432281494e-01
3.126391470432281494e-01
3.126391470432281494e-01
3.126391470432281494e-01
3.126391470432281494e-01
3.126391470432281494e-01
3.126391470432281494e-01
3.126391470432281494e-01
3.126391470432281494e-01
3.126391470432281494e-01
3.126391470432281494e-01
3.126391470432281494e-01
3.126391470432281494e-01
3.126391470432281494e-01
3.126391470432281494e-01
3.126391470432281494e-01
3.126391470432281494e-01
3.126391470432281494e-01
3.126391470432281494e-01
3.126391470432281494e-01
3.126391470432281494e-01
3.126391470432281494e-01
3.126391470432281494e-01
3.126391470432281494e-01
3.126391470432281494e-01
3.126391470432281494e-01
3.126391470432281494e-01
3.126391470432281494e-01
3.126391470432281494e-01
3.126391470432281494e-01
3.126391470432281494e-01
3.126391470432281494e-01
3.126391470432281494e-01
3.126391470432281494e-01
3.126391470432281494e-01
3.126391470432281494e-01
3.126391470432281494e-01
3.128333687782287598e-01
3.126391470432281494e-01
3.126391470432281494e-01
3.126391470432281494e-01
3.126391470432281494e-01
3.126391470432281494e-01
3.126391470432281494e-01
3.126391470432281494e-01
3.126391470432281494e-01
3.126391470432281494e-01
3.126391470432281494e-01
3.126391470432281494e-01
3.126391470432281494e-01
3.126391470432281494e-01
3.126391470432281494e-01
3.126391470432281494e-01
3.126391470432281494e-01
7.015679478645324707e-01
3.126391470432281494e-01
3.126391470432281494e-01
3.126391470432281494e-01
3.126391470432281494e-01
3.123990595340728760e-01
3.126391470432281494e-01
3.126391470432281494e-01
3.126391470432281494e-01
3.126391470432281494e-01
3.126391470432281494e-01
3.126391470432281494e-01
3.126391470432281494e-01
3.126391470432281494e-01
3.126391470432281494e-01
3.126391470432281494e-01
3.126391470432281494e-01
3.126391470432281494e-01
3.126391470432281494e-01
3.126391470432281494e-01
3.126391470432281494e-01
3.126391470432281494e-01
3.126391470432281494e-01
3.088380396366119385e-01
3.126391470432281494e-01
3.126391470432281494e-01
7.917736768722534180e-01
3.126391470432281494e-01
3.126391470432281494e-01
6.856610774993896484e-01
3.088515102863311768e-01
3.126391470432281494e-01
3.126391470432281494e-01
3.126391470432281494e-01
3.126391470432281494e-01
3.126391470432281494e-01
3.126391470432281494e-01
3.126391470432281494e-01
3.040339350700378418e-01
3.126391470432281494e-01
3.126391470432281494e-01
3.126391470432281494e-01
3.018977344036102295e-01
3.126391470432281494e-01
3.126391470432281494e-01
3.126391470432281494e-01
3.126391470432281494e-01
3.126391470432281494e-01
3.126391470432281494e-01
3.126391470432281494e-01
3.126391470432281494e-01
3.126391470432281494e-01
3.126391470432281494e-01
3.126391470432281494e-01
3.126391470432281494e-01
2.989418506622314453e-01
3.126391470432281494e-01
3.126391470432281494e-01
3.166176974773406982e-01
3.126391470432281494e-01
3.126391470432281494e-01
3.126391470432281494e-01
3.126391470432281494e-01
3.126391470432281494e-01
3.126391470432281494e-01
3.126391470432281494e-01
3.126391470432281494e-01
3.126391470432281494e-01
3.126391470432281494e-01
3.126391470432281494e-01
3.126391470432281494e-01
3.126391470432281494e-01
3.126391470432281494e-01
3.126391470432281494e-01
3.165831565856933594e-01
3.126391470432281494e-01
3.201649188995361328e-01
3.126391470432281494e-01
3.126391470432281494e-01
