9.547079205513000488e-01
9.982076883316040039e-01
9.886355400085449219e-01
5.676613450050354004e-01
4.898612201213836670e-01
9.968826770782470703e-01
4.358282685279846191e-01
4.961496293544769287e-01
3.465798199176788330e-01
9.659245014190673828e-01
9.820415973663330078e-01
5.317121744155883789e-01
9.932362437248229980e-01
9.915820956230163574e-01
3.592229485511779785e-01
8.269001841545104980e-01
9.788915514945983887e-01
9.646570086479187012e-01
4.240667223930358887e-01
9.997301697731018066e-01
6.637555956840515137e-01
9.868027567863464355e-01
6.962699294090270996e-01
9.873123764991760254e-01
7.152092456817626953e-01
9.521610140800476074e-01
9.895793795585632324e-01
9.822664856910705566e-01
9.900457262992858887e-01
7.027957439422607422e-01
9.947825074195861816e-01
7.034266591072082520e-01
9.964471459388732910e-01
8.473577499389648438e-01
9.785670042037963867e-01
9.981076717376708984e-01
9.946011304855346680e-01
9.831908345222473145e-01
2.907471060752868652e-01
9.903461337089538574e-01
6.460140943527221680e-01
7.548935413360595703e-01
9.961639642715454102e-01
6.872423291206359863e-01
4.836391508579254150e-01
2.904613316059112549e-01
4.218573570251464844e-01
2.455461025238037109e-01
9.862354397773742676e-01
5.548765659332275391e-01
9.982029199600219727e-01
1.545567363500595093e-01
8.349753022193908691e-01
9.998344182968139648e-01
7.377285957336425781e-01
3.601774573326110840e-01
9.989271759986877441e-01
6.586501002311706543e-01
6.356779932975769043e-01
9.979217648506164551e-01
9.939562678337097168e-01
9.696714282035827637e-01
9.707863926887512207e-01
2.314386069774627686e-01
9.175912141799926758e-01
3.468250334262847900e-01
5.816374421119689941e-01
8.899217247962951660e-01
2.248948365449905396e-01
7.892356514930725098e-01
9.844151139259338379e-01
9.934883117675781250e-01
4.074224531650543213e-01
6.940044164657592773e-01
9.227197170257568359e-01
4.478562772274017334e-01
7.899377346038818359e-01
8.746706843376159668e-01
9.109779000282287598e-01
9.351384639739990234e-01
8.278108239173889160e-01
9.958932399749755859e-01
9.567423462867736816e-01
7.238000631332397461e-01
9.233046770095825195e-01
8.738660216331481934e-01
9.808001518249511719e-01
9.674834609031677246e-01
9.838731884956359863e-01
6.203671097755432129e-01
9.650299549102783203e-01
9.657022953033447266e-01
8.987277746200561523e-01
9.514317512512207031e-01
9.891196489334106445e-01
9.962474703788757324e-01
9.726191759109497070e-01
9.871592521667480469e-01
9.001142978668212891e-01
6.923940777778625488e-01
9.806544184684753418e-01
9.789732098579406738e-01
6.176578402519226074e-01
9.621950387954711914e-01
9.809499382972717285e-01
9.800301194190979004e-01
9.985525012016296387e-01
5.700312852859497070e-01
9.198889136314392090e-01
8.911845684051513672e-01
9.873713254928588867e-01
4.266724288463592529e-01
5.730760693550109863e-01
8.141669631004333496e-01
9.620257616043090820e-01
8.425358533859252930e-01
8.285408020019531250e-01
9.965329170227050781e-01
9.899665117263793945e-01
9.852616190910339355e-01
9.835321903228759766e-01
9.927899837493896484e-01
9.888014793395996094e-01
8.721112608909606934e-01
9.713317155838012695e-01
9.738938212394714355e-01
9.963179826736450195e-01
4.624268412590026855e-01
9.919475913047790527e-01
9.981234669685363770e-01
9.987846016883850098e-01
9.960048794746398926e-01
9.727401137351989746e-01
7.920710444450378418e-01
9.902543425559997559e-01
4.502031207084655762e-01
9.917284846305847168e-01
9.966721534729003906e-01
9.729794859886169434e-01
9.868801832199096680e-01
9.195387363433837891e-01
9.265831112861633301e-01
9.505418539047241211e-01
9.597340226173400879e-01
9.955565333366394043e-01
1.678567081689834595e-01
9.422102570533752441e-01
7.577822208404541016e-01
9.708040356636047363e-01
9.728773832321166992e-01
9.957721829414367676e-01
6.524488329887390137e-01
9.949628114700317383e-01
7.482344508171081543e-01
9.968357682228088379e-01
9.921033978462219238e-01
9.910829067230224609e-01
9.765056371688842773e-01
9.892390966415405273e-01
2.992955148220062256e-01
6.212428212165832520e-01
9.329496026039123535e-01
8.156036734580993652e-01
9.931714534759521484e-01
9.693813920021057129e-01
9.971008896827697754e-01
8.186938166618347168e-01
7.162396907806396484e-01
9.987205266952514648e-01
7.730557918548583984e-01
3.083641827106475830e-01
9.862995743751525879e-01
8.574931025505065918e-01
9.672746062278747559e-01
9.810556769371032715e-01
8.220819234848022461e-01
9.949725866317749023e-01
3.362570106983184814e-01
7.351492047309875488e-01
9.788712859153747559e-01
8.018956780433654785e-01
5.093234777450561523e-01
9.705197811126708984e-01
8.743289113044738770e-01
9.975295662879943848e-01
9.919579029083251953e-01
8.408202528953552246e-01
6.273337602615356445e-01
9.504847526550292969e-01
9.874065518379211426e-01
8.098295331001281738e-01
7.505663037300109863e-01
9.620301127433776855e-01
3.299472630023956299e-01
5.091577172279357910e-01
9.964705705642700195e-01
2.281033396720886230e-01
7.293959259986877441e-01
5.625804662704467773e-01
9.354600310325622559e-01
3.327029645442962646e-01
9.980632662773132324e-01
8.540900945663452148e-01
9.908287525177001953e-01
9.304972887039184570e-01
5.967864990234375000e-01
8.227431774139404297e-01
5.827634334564208984e-01
9.912136197090148926e-01
5.640721321105957031e-01
1.976058036088943481e-01
5.876617431640625000e-01
7.382097244262695312e-01
9.363324642181396484e-01
9.838776588439941406e-01
9.653648138046264648e-01
9.895888566970825195e-01
5.718973278999328613e-01
9.871019124984741211e-01
9.804453253746032715e-01
8.721626996994018555e-01
9.442864060401916504e-01
9.433712363243103027e-01
7.817336320877075195e-01
9.926425814628601074e-01
3.891128897666931152e-01
6.718958020210266113e-01
7.257494926452636719e-01
9.111721515655517578e-01
9.662289023399353027e-01
4.028375148773193359e-01
7.367095351219177246e-01
6.926292777061462402e-01
9.836080670356750488e-01
9.885988235473632812e-01
9.759808182716369629e-01
7.203150987625122070e-01
9.748390316963195801e-01
9.909152388572692871e-01
9.460421800613403320e-01
6.879574656486511230e-01
9.973018169403076172e-01
8.298158049583435059e-01
9.161681532859802246e-01
3.127704262733459473e-01
8.575046807527542114e-02
5.671232938766479492e-01
9.926118254661560059e-01
5.205817818641662598e-01
4.740673303604125977e-01
6.724934577941894531e-01
1.764101982116699219e-01
4.498476684093475342e-01
9.499668478965759277e-01
7.056363821029663086e-01
9.768239855766296387e-01
9.814127683639526367e-01
9.963034391403198242e-01
9.452056884765625000e-01
1.899487227201461792e-01
9.899185299873352051e-01
2.591710686683654785e-01
4.632780849933624268e-01
3.219938278198242188e-01
9.542217254638671875e-01
1.418500840663909912e-01
8.813657164573669434e-01
9.009134769439697266e-01
3.163892924785614014e-01
9.621015787124633789e-01
2.140501290559768677e-01
9.689264893531799316e-01
9.961973428726196289e-01
8.790417909622192383e-01
9.952831864356994629e-01
1.919167041778564453e-01
1.780729442834854126e-01
5.973361730575561523e-01
2.532253563404083252e-01
3.417407572269439697e-01
9.764328598976135254e-01
5.665625333786010742e-01
8.604335784912109375e-01
2.751725018024444580e-01
9.968245029449462891e-01
9.746757149696350098e-01
5.784718394279479980e-01
9.759364128112792969e-01
9.820949435234069824e-01
2.033048719167709351e-01
2.855256497859954834e-01
7.518366575241088867e-01
5.275868177413940430e-01
9.923022985458374023e-01
9.796348214149475098e-01
6.339935064315795898e-01
9.718592762947082520e-01
3.695214390754699707e-01
2.054183781147003174e-01
9.572156071662902832e-01
7.454204559326171875e-01
7.500884532928466797e-01
3.327820301055908203e-01
1.959635168313980103e-01
9.915971159934997559e-01
8.499798774719238281e-01
2.750719487667083740e-01
9.842112660408020020e-01
9.914826154708862305e-01
1.423665881156921387e-01
5.153900980949401855e-01
2.088871449232101440e-01
8.711055517196655273e-01
9.372181892395019531e-01
4.328226745128631592e-01
2.371321618556976318e-01
9.755810499191284180e-01
5.456650257110595703e-01
9.810569882392883301e-01
9.988184571266174316e-01
9.065495729446411133e-01
8.452515602111816406e-01
9.760959744453430176e-01
7.714951038360595703e-01
8.157587051391601562e-01
8.379261493682861328e-01
3.135649263858795166e-01
9.711645841598510742e-01
9.322481751441955566e-01
9.999971389770507812e-01
9.982573390007019043e-01
9.955382943153381348e-01
8.597293496131896973e-01
9.493985176086425781e-01
8.649025559425354004e-01
6.179989576339721680e-01
8.873186111450195312e-01
8.225752115249633789e-01
9.439528584480285645e-01
8.291213512420654297e-01
9.993756413459777832e-01
9.948144555091857910e-01
6.322158575057983398e-01
9.980055689811706543e-01
7.090813517570495605e-01
8.922647833824157715e-01
7.386772036552429199e-01
5.556193590164184570e-01
8.452515602111816406e-01
9.986166954040527344e-01
9.999986886978149414e-01
8.255544900894165039e-01
6.100948452949523926e-01
9.060081243515014648e-01
6.269510984420776367e-01
9.791442751884460449e-01
8.115777373313903809e-01
5.212159156799316406e-01
9.936116337776184082e-01
6.128568649291992188e-01
9.969826340675354004e-01
6.396124362945556641e-01
7.675811648368835449e-01
9.801300764083862305e-01
9.008229970932006836e-01
8.232690691947937012e-01
8.152303695678710938e-01
9.811858534812927246e-01
9.476491212844848633e-01
9.115604758262634277e-01
9.563152194023132324e-01
9.809777140617370605e-01
8.690497875213623047e-01
9.408161044120788574e-01
7.571831345558166504e-01
8.821416497230529785e-01
9.929573535919189453e-01
9.941403269767761230e-01
8.773442506790161133e-01
8.943253159523010254e-01
9.754183888435363770e-01
7.601804733276367188e-01
8.888830542564392090e-01
7.546212077140808105e-01
9.838691353797912598e-01
4.018912315368652344e-01
7.579580545425415039e-01
9.329704642295837402e-01
9.888306260108947754e-01
8.547425270080566406e-01
8.442112207412719727e-01
6.138039231300354004e-01
6.443049311637878418e-01
7.339552640914916992e-01
7.338509559631347656e-01
8.697037100791931152e-01
8.885095715522766113e-01
9.938116073608398438e-01
9.055572748184204102e-01
9.274486303329467773e-01
8.128394484519958496e-01
8.901417851448059082e-01
9.926893115043640137e-01
9.172674417495727539e-01
9.581586122512817383e-01
9.828899502754211426e-01
9.134240746498107910e-01
9.499884247779846191e-01
8.052620291709899902e-01
9.857381582260131836e-01
6.613259911537170410e-01
9.383767843246459961e-01
8.016627430915832520e-01
8.374322056770324707e-01
7.819667458534240723e-01
8.938657045364379883e-01
7.711178064346313477e-01
6.351445317268371582e-01
9.727460741996765137e-01
8.609312772750854492e-01
9.054610729217529297e-01
9.671275615692138672e-01
7.182855606079101562e-01
5.368096828460693359e-01
8.648010492324829102e-01
8.308653235435485840e-01
7.002159357070922852e-01
9.781634211540222168e-01
9.914315938949584961e-01
9.896839857101440430e-01
9.459064006805419922e-01
9.858130812644958496e-01
9.909920692443847656e-01
5.414120554924011230e-01
4.730900228023529053e-01
9.091702103614807129e-01
9.821230769157409668e-01
9.454678893089294434e-01
9.223573803901672363e-01
4.507914185523986816e-01
5.818079113960266113e-01
9.863634705543518066e-01
6.148390173912048340e-01
4.438770711421966553e-01
8.419279456138610840e-01
9.801608920097351074e-01
9.790828824043273926e-01
9.857010841369628906e-01
9.621164798736572266e-01
9.257517457008361816e-01
7.185980677604675293e-01
3.058122396469116211e-01
9.995429515838623047e-01
2.795085310935974121e-01
8.084962964057922363e-01
9.930158853530883789e-01
9.872519969940185547e-01
6.805559992790222168e-01
6.755346059799194336e-01
9.987307190895080566e-01
4.875608980655670166e-01
9.782842993736267090e-01
4.244196712970733643e-01
7.059026956558227539e-01
8.339615464210510254e-01
7.228376865386962891e-01
9.418724775314331055e-01
3.134718239307403564e-01
5.825895667076110840e-01
9.902197718620300293e-01
9.977219700813293457e-01
7.446744441986083984e-01
6.686695814132690430e-01
3.015773594379425049e-01
9.993645548820495605e-01
9.044537544250488281e-01
9.769335389137268066e-01
9.896979928016662598e-01
3.721502721309661865e-01
8.907222747802734375e-01
3.633250892162322998e-01
7.892969846725463867e-01
9.941295385360717773e-01
9.016534686088562012e-01
4.311126768589019775e-01
5.444627404212951660e-01
9.159905910491943359e-01
5.249969959259033203e-01
9.736732840538024902e-01
9.905080795288085938e-01
9.873833060264587402e-01
7.961556315422058105e-01
9.886757135391235352e-01
9.940161705017089844e-01
9.951459765434265137e-01
3.588562011718750000e-01
9.399247169494628906e-01
5.801487565040588379e-01
9.375004768371582031e-01
4.126233160495758057e-01
4.299732297658920288e-02
3.086040355265140533e-02
1.065410971641540527e-01
1.056484971195459366e-02
1.127536371350288391e-01
4.618897438049316406e-01
3.050365746021270752e-01
2.409934997558593750e-02
1.417843624949455261e-02
2.941945493221282959e-01
8.903481997549533844e-03
4.869508091360330582e-03
1.896106600761413574e-01
1.685666441917419434e-01
6.281859241425991058e-04
4.670768231153488159e-02
7.618604898452758789e-01
3.012542380020022392e-03
7.992538809776306152e-02
7.799749728292226791e-04
9.661429561674594879e-03
2.537428215146064758e-02
4.825962241739034653e-03
1.042064949870109558e-01
3.751229261979460716e-03
6.939637660980224609e-02
1.160921752452850342e-01
4.439113289117813110e-02
5.904660793021321297e-05
2.937091886997222900e-02
1.319549679756164551e-01
5.988603923469781876e-03
6.406506150960922241e-02
2.951946109533309937e-02
2.365633379667997360e-03
3.796402737498283386e-02
6.027194671332836151e-03
5.381386727094650269e-03
8.659944869577884674e-03
2.552753388881683350e-01
5.888396874070167542e-03
1.804583938792347908e-03
3.064658027142286301e-03
1.210018917918205261e-01
1.324632437899708748e-03
1.491275802254676819e-02
8.807016536593437195e-03
1.583308912813663483e-03
3.387079238891601562e-01
4.288908839225769043e-01
6.707407236099243164e-01
2.552753388881683350e-01
5.543374270200729370e-02
3.940495848655700684e-02
6.486352533102035522e-02
9.462518990039825439e-02
8.369100978597998619e-04
1.890483126044273376e-02
4.295782744884490967e-02
6.309128366410732269e-03
5.113590136170387268e-02
5.242231488227844238e-02
8.860577829182147980e-03
2.113012224435806274e-02
1.277737040072679520e-02
1.991159170866012573e-01
5.164640024304389954e-02
3.470659255981445312e-02
3.079374432563781738e-01
7.692345418035984039e-03
1.034841760993003845e-01
1.359920501708984375e-01
4.573542177677154541e-01
1.116357627324759960e-03
1.666136831045150757e-01
1.012825500220060349e-02
2.684225142002105713e-02
1.079690083861351013e-01
2.400579117238521576e-02
1.058567687869071960e-01
1.236426830291748047e-02
2.152928709983825684e-02
3.137556836009025574e-02
1.010638382285833359e-02
4.593313112854957581e-02
5.212680436670780182e-03
4.039842262864112854e-02
2.668512053787708282e-02
1.273681502789258957e-02
1.385143585503101349e-02
1.148866489529609680e-02
5.294950678944587708e-02
2.152928709983825684e-02
2.719002775847911835e-02
3.009418398141860962e-02
4.933554679155349731e-02
3.232811810448765755e-03
3.009418398141860962e-02
2.043867558240890503e-01
1.474393159151077271e-01
3.532723989337682724e-03
3.137556836009025574e-02
1.261618454009294510e-02
1.228902023285627365e-02
2.249229326844215393e-02
7.683861535042524338e-03
2.848559617996215820e-02
2.522714063525199890e-02
3.793312609195709229e-02
2.668512053787708282e-02
1.589575968682765961e-02
1.435782294720411301e-03
1.589575968682765961e-02
1.657596975564956665e-01
2.233746647834777832e-02
3.493412211537361145e-02
1.010638382285833359e-02
6.381935626268386841e-02
1.782653480768203735e-02
4.463839158415794373e-02
4.094480723142623901e-02
3.009418398141860962e-02
2.233746647834777832e-02
1.647959463298320770e-02
1.717352867126464844e-02
1.113281585276126862e-02
6.462822668254375458e-03
1.717352867126464844e-02
2.249229326844215393e-02
3.493412211537361145e-02
1.435782294720411301e-03
1.757787913084030151e-02
5.213441792875528336e-03
1.008615344762802124e-01
2.966713160276412964e-02
1.650296524167060852e-02
1.294245198369026184e-02
1.782653480768203735e-02
9.944738820195198059e-03
3.137556836009025574e-02
8.452069945633411407e-03
2.399146184325218201e-02
2.847314067184925079e-02
3.793312609195709229e-02
2.218801341950893402e-02
8.711911737918853760e-02
8.105345070362091064e-02
5.853453185409307480e-03
2.629070542752742767e-03
4.593313112854957581e-02
5.635576695203781128e-02
7.592763751745223999e-02
4.286456480622291565e-02
4.128938540816307068e-02
3.404609486460685730e-02
1.015167608857154846e-01
4.128938540816307068e-02
2.063959389925003052e-01
4.474833905696868896e-01
5.703378841280937195e-02
1.299579292535781860e-01
2.634436488151550293e-01
3.603945299983024597e-02
1.103276684880256653e-01
2.063849866390228271e-01
6.462354958057403564e-02
1.263637989759445190e-01
2.811802625656127930e-01
6.428594142198562622e-02
4.815833270549774170e-02
2.592357434332370758e-02
1.854894123971462250e-02
1.288682967424392700e-01
2.931760251522064209e-01
2.534950077533721924e-01
2.150572836399078369e-02
1.062743663787841797e-01
8.375851809978485107e-02
1.054197698831558228e-01
6.481380462646484375e-01
1.150853782892227173e-01
1.399641949683427811e-02
1.907573640346527100e-02
1.068325191736221313e-01
4.121653139591217041e-01
1.174868494272232056e-01
7.824230939149856567e-02
7.599213719367980957e-02
8.259801566600799561e-02
5.569275841116905212e-02
5.286050587892532349e-02
8.609283715486526489e-02
1.894295811653137207e-01
3.279155492782592773e-02
2.696926593780517578e-01
4.541073366999626160e-02
2.496179491281509399e-01
2.393611893057823181e-02
1.801466941833496094e-01
2.346243262290954590e-01
1.288502942770719528e-02
2.703342027962207794e-02
1.196566075086593628e-01
1.861947178840637207e-01
9.132605791091918945e-02
2.992953360080718994e-01
3.715332970023155212e-02
5.435583591461181641e-01
4.145137593150138855e-02
1.243343353271484375e-01
3.743304312229156494e-02
1.945118978619575500e-02
4.619631543755531311e-02
4.535700008273124695e-02
5.880523473024368286e-02
4.075842350721359253e-02
9.060293436050415039e-03
1.098692566156387329e-01
2.396913059055805206e-02
1.540062874555587769e-01
8.735829591751098633e-02
4.071596637368202209e-02
1.701742559671401978e-01
3.621948361396789551e-01
6.874500960111618042e-02
3.161178156733512878e-02
3.173921108245849609e-01
4.238189756870269775e-02
2.128943502902984619e-01
1.901466101408004761e-01
3.087204992771148682e-01
1.833971887826919556e-01
4.217149019241333008e-01
1.862053722143173218e-01
3.810366988182067871e-01
7.538153529167175293e-01
3.208981826901435852e-02
2.156100720167160034e-01
6.440581679344177246e-01
1.084307059645652771e-01
8.564332872629165649e-02
7.751554250717163086e-02
2.879347093403339386e-02
1.490333862602710724e-02
3.895246610045433044e-02
1.940633542835712433e-02
4.066391382366418839e-03
5.792740359902381897e-02
2.231338620185852051e-01
5.434780567884445190e-02
1.016910895705223083e-01
1.182727329432964325e-02
2.870997786521911621e-02
7.103540748357772827e-02
1.618824452161788940e-01
1.532452106475830078e-01
1.329798251390457153e-01
8.095680177211761475e-02
2.266615033149719238e-01
2.165058441460132599e-02
3.005296587944030762e-01
2.225240133702754974e-02
4.121406376361846924e-02
7.414103299379348755e-02
2.205570340156555176e-01
4.773681610822677612e-02
1.277519464492797852e-01
1.673757284879684448e-01
4.687411338090896606e-02
1.793425157666206360e-02
6.011104211211204529e-03
5.559686571359634399e-02
1.207283465191721916e-03
1.500051748007535934e-02
6.103532854467630386e-03
6.222533062100410461e-02
5.563691258430480957e-02
4.263235628604888916e-02
2.193470671772956848e-02
1.357810106128454208e-02
4.200247675180435181e-02
2.112254127860069275e-02
7.227561436593532562e-04
1.545640528202056885e-01
4.987129359506070614e-04
1.648758798837661743e-01
1.006122529506683350e-01
1.276654899120330811e-01
6.742950528860092163e-02
1.238352507352828979e-01
4.439194798469543457e-01
6.591340899467468262e-01
5.595599114894866943e-02
1.063025649636983871e-02
4.477817937731742859e-02
1.294142007827758789e-01
4.704431295394897461e-01
1.076813042163848877e-01
1.223929785192012787e-02
1.841780915856361389e-02
1.003235056996345520e-01
9.080660343170166016e-02
2.758557163178920746e-02
2.724784314632415771e-01
1.584391854703426361e-02
2.838817983865737915e-02
2.741930782794952393e-01
1.850049197673797607e-02
4.780483990907669067e-02
2.932491898536682129e-01
2.420700713992118835e-02
2.274077705806121230e-04
2.402325347065925598e-02
9.513428062200546265e-02
7.984848320484161377e-02
4.699533805251121521e-02
3.585592657327651978e-02
1.730768382549285889e-02
9.969532489776611328e-02
2.304181084036827087e-02
2.415194874629378319e-03
7.468982785940170288e-02
1.918697804212570190e-01
5.323345586657524109e-02
5.067405477166175842e-02
1.423527598381042480e-01
1.351067610085010529e-02
1.565138995647430420e-02
1.662322669290006161e-03
1.380646880716085434e-02
6.447105109691619873e-02
8.893785066902637482e-03
3.090965747833251953e-02
1.566874422132968903e-02
2.225864827632904053e-01
7.813370786607265472e-03
5.844484269618988037e-02
1.920836605131626129e-02
1.275205165147781372e-01
1.066815033555030823e-01
3.109007701277732849e-02
2.180215530097484589e-02
1.161197796463966370e-01
6.394525617361068726e-02
5.194306373596191406e-03
1.419979184865951538e-01
2.190751880407333374e-01
5.493199080228805542e-02
4.465578123927116394e-02
6.540080904960632324e-02
8.338066190481185913e-02
1.672198530286550522e-03
4.062819778919219971e-01
4.183265194296836853e-02
4.067393392324447632e-02
1.394930109381675720e-02
8.333405479788780212e-03
5.955234542489051819e-02
1.212202087044715881e-01
1.406874358654022217e-01
1.232750937342643738e-01
5.798810720443725586e-01
8.073122054338455200e-02
1.008368507027626038e-01
3.616788983345031738e-02
4.985537379980087280e-02
3.612819314002990723e-01
1.937593072652816772e-01
1.136747375130653381e-01
5.356290936470031738e-02
1.282007433474063873e-02
5.485001206398010254e-02
1.045910045504570007e-01
1.408194303512573242e-01
1.006328836083412170e-01
1.853805929422378540e-01
1.923675686120986938e-01
1.045427471399307251e-01
4.398754984140396118e-02
7.230173051357269287e-02
4.368100762367248535e-01
4.642956554889678955e-01
8.600848168134689331e-02
5.675171613693237305e-01
4.245532210916280746e-03
3.356564640998840332e-01
1.284218132495880127e-01
8.804064244031906128e-02
2.154249548912048340e-01
7.086482644081115723e-01
1.317843496799468994e-01
2.939010262489318848e-01
2.158304676413536072e-02
7.207810878753662109e-02
1.032474339008331299e-01
1.788192987442016602e-01
2.081668525934219360e-01
1.978991180658340454e-01
7.380692958831787109e-01
1.016162186861038208e-01
5.579552426934242249e-02
1.532504111528396606e-01
2.419558912515640259e-01
4.208588898181915283e-01
4.926398396492004395e-01
4.534692466259002686e-01
1.138166990131139755e-03
3.951734006404876709e-01
7.612296938896179199e-02
3.908735141158103943e-02
3.527351915836334229e-01
2.926858365535736084e-01
1.255171447992324829e-01
6.353056430816650391e-01
1.557946484535932541e-02
1.095823850482702255e-02
4.890858661383390427e-03
3.393960371613502502e-02
2.027251757681369781e-02
7.890474051237106323e-02
4.961535707116127014e-02
5.427986383438110352e-02
4.169241711497306824e-02
1.205334253609180450e-02
2.341003157198429108e-03
3.425596980378031731e-03
2.069847881793975830e-01
9.545549005270004272e-02
3.467337519396096468e-04
3.515513613820075989e-03
5.734543316066265106e-03
9.866756387054920197e-03
5.964689422398805618e-03
1.041476428508758545e-02
7.137139886617660522e-02
2.383930841460824013e-03
5.653983447700738907e-03
2.317168563604354858e-01
1.429753303527832031e-01
6.167058600112795830e-04
1.537317130714654922e-02
3.304021060466766357e-01
6.249649450182914734e-03
2.907340228557586670e-02
9.104253351688385010e-02
1.632663756608963013e-01
4.529550299048423767e-02
5.103881936520338058e-03
2.922888398170471191e-01
2.247449243441224098e-03
6.808226555585861206e-02
5.409575626254081726e-02
1.323423683643341064e-01
6.966124288737773895e-03
4.531946778297424316e-02
8.202009834349155426e-03
2.762860059738159180e-02
8.399980515241622925e-02
9.351211483590304852e-04
1.548002958297729492e-01
4.075228050351142883e-02
5.775561183691024780e-02
2.202302915975451469e-03
2.268246747553348541e-02
3.245224431157112122e-02
1.618633978068828583e-02
5.844072625041007996e-02
1.388778686523437500e-01
1.672172397375106812e-01
5.673527717590332031e-03
2.941447310149669647e-03
2.559228539466857910e-01
2.804757058620452881e-01
1.395611763000488281e-01
1.209830492734909058e-02
2.080459613353013992e-03
1.828361116349697113e-02
1.181309856474399567e-02
8.911282569169998169e-02
6.401079893112182617e-02
2.411292865872383118e-02
4.911001771688461304e-03
1.657897680997848511e-01
1.917043924331665039e-01
3.342929854989051819e-02
2.944053849205374718e-03
7.071524858474731445e-02
4.025842621922492981e-02
1.932893544435501099e-01
6.662542000412940979e-04
