3.573497831821441650e-01
3.704288601875305176e-01
3.587989211082458496e-01
3.524209856986999512e-01
3.524209856986999512e-01
3.566558957099914551e-01
3.524209856986999512e-01
3.524209856986999512e-01
3.524209856986999512e-01
3.627188503742218018e-01
3.620858490467071533e-01
3.524209856986999512e-01
3.650307655334472656e-01
3.542851209640502930e-01
3.524209856986999512e-01
3.524209856986999512e-01
3.631729483604431152e-01
3.631852269172668457e-01
3.528846204280853271e-01
3.658060729503631592e-01
3.524209856986999512e-01
3.655008971691131592e-01
3.524209856986999512e-01
3.572493493556976318e-01
3.524209856986999512e-01
3.715598285198211670e-01
3.468293547630310059e-01
3.574562072753906250e-01
3.632624745368957520e-01
3.524209856986999512e-01
3.688558340072631836e-01
3.524675667285919189e-01
3.454546630382537842e-01
3.783751726150512695e-01
3.685883581638336182e-01
3.643926084041595459e-01
3.655809164047241211e-01
3.606165051460266113e-01
3.524209856986999512e-01
3.504495322704315186e-01
3.524209856986999512e-01
3.524209856986999512e-01
3.669043779373168945e-01
3.524216413497924805e-01
3.524209856986999512e-01
3.524209856986999512e-01
3.524209856986999512e-01
3.524209856986999512e-01
4.027227759361267090e-01
3.524209856986999512e-01
3.590250909328460693e-01
3.524209856986999512e-01
3.524209856986999512e-01
4.011785686016082764e-01
3.524209856986999512e-01
3.524209856986999512e-01
3.516241312026977539e-01
3.524209856986999512e-01
3.524209856986999512e-01
3.580955266952514648e-01
3.784582316875457764e-01
3.708693385124206543e-01
3.657068312168121338e-01
3.524209856986999512e-01
3.615758717060089111e-01
3.909537196159362793e-01
3.524209856986999512e-01
3.666918277740478516e-01
3.524209856986999512e-01
3.524209856986999512e-01
3.629950582981109619e-01
3.865229785442352295e-01
3.524209856986999512e-01
3.524209856986999512e-01
3.602300286293029785e-01
3.909537196159362793e-01
3.909537196159362793e-01
3.909537196159362793e-01
4.248519241809844971e-01
3.909537196159362793e-01
3.909537196159362793e-01
4.106663167476654053e-01
3.909537196159362793e-01
3.909537196159362793e-01
3.909537196159362793e-01
3.909537196159362793e-01
4.292249381542205811e-01
3.909537196159362793e-01
4.156233370304107666e-01
3.909537196159362793e-01
4.218680262565612793e-01
4.137399494647979736e-01
3.909537196159362793e-01
4.135423004627227783e-01
4.216345846652984619e-01
4.237613379955291748e-01
4.198888242244720459e-01
4.377756416797637939e-01
3.909537196159362793e-01
3.909537196159362793e-01
3.909537196159362793e-01
4.179658591747283936e-01
3.909537196159362793e-01
3.909537196159362793e-01
4.233960211277008057e-01
4.091868698596954346e-01
4.241838157176971436e-01
3.909537196159362793e-01
3.909537196159362793e-01
3.909537196159362793e-01
4.181742966175079346e-01
3.909537196159362793e-01
3.909537196159362793e-01
3.909537196159362793e-01
4.233353435993194580e-01
3.909537196159362793e-01
3.909537196159362793e-01
4.349843859672546387e-01
4.222014248371124268e-01
4.359483420848846436e-01
4.048708677291870117e-01
4.321578741073608398e-01
4.236216247081756592e-01
3.909537196159362793e-01
4.290796220302581787e-01
3.909537196159362793e-01
4.342274069786071777e-01
3.909537196159362793e-01
4.154331982135772705e-01
4.384155571460723877e-01
4.273717403411865234e-01
4.112198650836944580e-01
4.217934608459472656e-01
3.909537196159362793e-01
4.119575619697570801e-01
3.909537196159362793e-01
4.035170972347259521e-01
4.212973415851593018e-01
4.387843906879425049e-01
4.184531867504119873e-01
3.909537196159362793e-01
4.291402995586395264e-01
4.098355770111083984e-01
3.909537196159362793e-01
4.277985692024230957e-01
3.909537196159362793e-01
3.909537196159362793e-01
3.909537196159362793e-01
4.116590917110443115e-01
4.135393202304840088e-01
4.173570871353149414e-01
3.909537196159362793e-01
4.252543449401855469e-01
3.909537196159362793e-01
4.110403954982757568e-01
4.168371856212615967e-01
4.180803894996643066e-01
4.169695377349853516e-01
4.100334048271179199e-01
3.909537196159362793e-01
3.909537196159362793e-01
3.909537196159362793e-01
3.909537196159362793e-01
4.081977307796478271e-01
4.198379814624786377e-01
4.134789407253265381e-01
3.909537196159362793e-01
3.909537196159362793e-01
4.225286841392517090e-01
3.909537196159362793e-01
3.909537196159362793e-01
4.222406744956970215e-01
3.909537196159362793e-01
4.085090458393096924e-01
4.058428108692169189e-01
3.909537196159362793e-01
4.201343655586242676e-01
3.909537196159362793e-01
3.909537196159362793e-01
4.171644449234008789e-01
3.909537196159362793e-01
3.909537196159362793e-01
4.121141433715820312e-01
3.909537196159362793e-01
4.323253631591796875e-01
4.393111765384674072e-01
3.909537196159362793e-01
3.909537196159362793e-01
4.184146225452423096e-01
4.100865721702575684e-01
3.909537196159362793e-01
3.909537196159362793e-01
4.302256703376770020e-01
4.268775880336761475e-01
3.909537196159362793e-01
4.299305975437164307e-01
3.909537196159362793e-01
3.909537196159362793e-01
3.909537196159362793e-01
3.996451795101165771e-01
3.909537196159362793e-01
4.326973259449005127e-01
3.909537196159362793e-01
4.190489947795867920e-01
4.284241795539855957e-01
3.909537196159362793e-01
3.909537196159362793e-01
3.909537196159362793e-01
4.097960591316223145e-01
3.909537196159362793e-01
3.909537196159362793e-01
3.909537196159362793e-01
3.909537196159362793e-01
4.168277978897094727e-01
4.429917037487030029e-01
4.165894389152526855e-01
4.163429737091064453e-01
3.909537196159362793e-01
4.086454212665557861e-01
4.304070770740509033e-01
4.240050017833709717e-01
4.228329360485076904e-01
4.183456301689147949e-01
3.909537196159362793e-01
4.313054978847503662e-01
3.909537196159362793e-01
3.909537196159362793e-01
3.909537196159362793e-01
4.336929023265838623e-01
4.229716360569000244e-01
3.909537196159362793e-01
3.909537196159362793e-01
3.909537196159362793e-01
4.211436510086059570e-01
3.957898020744323730e-01
4.251185357570648193e-01
3.909537196159362793e-01
4.219602942466735840e-01
4.293845593929290771e-01
4.242044687271118164e-01
3.909537196159362793e-01
4.213357567787170410e-01
3.909537196159362793e-01
4.143036305904388428e-01
3.909537196159362793e-01
3.909537196159362793e-01
3.524209856986999512e-01
3.647713661193847656e-01
3.524209856986999512e-01
3.909537196159362793e-01
3.909537196159362793e-01
3.524209856986999512e-01
3.586340546607971191e-01
3.570812642574310303e-01
3.909537196159362793e-01
3.599020242691040039e-01
3.564261794090270996e-01
3.694994449615478516e-01
3.619724214076995850e-01
3.524209856986999512e-01
3.690775334835052490e-01
3.524209856986999512e-01
3.909537196159362793e-01
3.909537196159362793e-01
4.093117117881774902e-01
3.524209856986999512e-01
3.593527972698211670e-01
3.560618460178375244e-01
3.909537196159362793e-01
3.586373627185821533e-01
3.524209856986999512e-01
3.626736998558044434e-01
4.182584285736083984e-01
3.683161139488220215e-01
3.528474569320678711e-01
3.524209856986999512e-01
3.524209856986999512e-01
3.524209856986999512e-01
3.524209856986999512e-01
3.524209856986999512e-01
3.596426844596862793e-01
3.524209856986999512e-01
3.909537196159362793e-01
3.909537196159362793e-01
4.203014671802520752e-01
3.588809072971343994e-01
3.524209856986999512e-01
3.626736998558044434e-01
3.735362887382507324e-01
3.524209856986999512e-01
3.524209856986999512e-01
3.524209856986999512e-01
3.909537196159362793e-01
4.257052838802337646e-01
3.606864809989929199e-01
3.524209856986999512e-01
3.523972928524017334e-01
3.524209856986999512e-01
3.524209856986999512e-01
3.466371595859527588e-01
3.524209856986999512e-01
3.584665060043334961e-01
3.524209856986999512e-01
3.909537196159362793e-01
4.238395094871520996e-01
3.631099164485931396e-01
3.586340546607971191e-01
4.198395013809204102e-01
3.666603267192840576e-01
3.524209856986999512e-01
3.909537196159362793e-01
3.524315059185028076e-01
4.042296707630157471e-01
3.608194589614868164e-01
3.524209856986999512e-01
3.524209856986999512e-01
4.180118739604949951e-01
3.524209856986999512e-01
3.467148542404174805e-01
4.023447036743164062e-01
3.909537196159362793e-01
3.524209856986999512e-01
4.221775233745574951e-01
3.541426360607147217e-01
3.909537196159362793e-01
3.909537196159362793e-01
3.524209856986999512e-01
3.909537196159362793e-01
3.909537196159362793e-01
3.692584931850433350e-01
3.977678716182708740e-01
4.153093695640563965e-01
3.909537196159362793e-01
3.909537196159362793e-01
3.909537196159362793e-01
3.524209856986999512e-01
3.524209856986999512e-01
3.909537196159362793e-01
3.909537196159362793e-01
3.909537196159362793e-01
3.711419999599456787e-01
4.127056598663330078e-01
3.909537196159362793e-01
3.593705296516418457e-01
3.909537196159362793e-01
3.909537196159362793e-01
3.909537196159362793e-01
3.524209856986999512e-01
3.524209856986999512e-01
4.128388762474060059e-01
3.770851790904998779e-01
3.909537196159362793e-01
3.524209856986999512e-01
3.909537196159362793e-01
3.909537196159362793e-01
4.099429547786712646e-01
3.909537196159362793e-01
3.909537196159362793e-01
3.629461228847503662e-01
3.909537196159362793e-01
4.227353036403656006e-01
3.909537196159362793e-01
3.909537196159362793e-01
4.074849784374237061e-01
3.909537196159362793e-01
3.909537196159362793e-01
3.909537196159362793e-01
4.168529510498046875e-01
3.909537196159362793e-01
3.909537196159362793e-01
4.180094599723815918e-01
4.196247756481170654e-01
3.909537196159362793e-01
3.909537196159362793e-01
3.909537196159362793e-01
3.909537196159362793e-01
4.132249057292938232e-01
4.047644734382629395e-01
3.909537196159362793e-01
3.909537196159362793e-01
3.909537196159362793e-01
3.909537196159362793e-01
3.909537196159362793e-01
3.909537196159362793e-01
4.248077869415283203e-01
3.909537196159362793e-01
3.909537196159362793e-01
3.909537196159362793e-01
3.909537196159362793e-01
3.909537196159362793e-01
3.909537196159362793e-01
3.909537196159362793e-01
3.909537196159362793e-01
3.909537196159362793e-01
3.909537196159362793e-01
3.909537196159362793e-01
3.909537196159362793e-01
4.226031303405761719e-01
3.909537196159362793e-01
3.909537196159362793e-01
3.909537196159362793e-01
4.257998466491699219e-01
4.094713926315307617e-01
3.909537196159362793e-01
3.909537196159362793e-01
4.183624088764190674e-01
3.909537196159362793e-01
3.909537196159362793e-01
3.909537196159362793e-01
4.085896909236907959e-01
3.909537196159362793e-01
3.909537196159362793e-01
3.909537196159362793e-01
3.909537196159362793e-01
3.909537196159362793e-01
3.909537196159362793e-01
3.909537196159362793e-01
3.909537196159362793e-01
4.211345613002777100e-01
3.909537196159362793e-01
3.909537196159362793e-01
3.909537196159362793e-01
3.909537196159362793e-01
3.909537196159362793e-01
3.909537196159362793e-01
3.909537196159362793e-01
3.524209856986999512e-01
3.595871329307556152e-01
3.607553541660308838e-01
4.037834405899047852e-01
3.529615998268127441e-01
3.659584224224090576e-01
3.663519918918609619e-01
3.524209856986999512e-01
3.524209856986999512e-01
3.524209856986999512e-01
3.515831530094146729e-01
3.609884083271026611e-01
3.622056841850280762e-01
3.524209856986999512e-01
3.524209856986999512e-01
3.586916923522949219e-01
3.524209856986999512e-01
3.524209856986999512e-01
3.572414815425872803e-01
3.576899170875549316e-01
3.711317479610443115e-01
3.655834794044494629e-01
3.580595552921295166e-01
3.524209856986999512e-01
3.524209856986999512e-01
3.524209856986999512e-01
3.649086654186248779e-01
3.909537196159362793e-01
3.524209856986999512e-01
3.565635979175567627e-01
3.647032678127288818e-01
3.524209856986999512e-01
3.524209856986999512e-01
3.626700341701507568e-01
3.524209856986999512e-01
3.585690557956695557e-01
3.524209856986999512e-01
3.524216413497924805e-01
3.524209856986999512e-01
3.524209856986999512e-01
3.722640275955200195e-01
3.524209856986999512e-01
3.524209856986999512e-01
3.722381591796875000e-01
4.074454307556152344e-01
3.535429537296295166e-01
3.524209856986999512e-01
3.524209856986999512e-01
3.611956238746643066e-01
3.524209856986999512e-01
3.600099682807922363e-01
3.716566264629364014e-01
3.524209856986999512e-01
3.909537196159362793e-01
3.524209856986999512e-01
3.524209856986999512e-01
3.692104518413543701e-01
3.524209856986999512e-01
3.524209856986999512e-01
3.524209856986999512e-01
3.657023310661315918e-01
3.524209856986999512e-01
3.481610715389251709e-01
3.491917848587036133e-01
3.684286773204803467e-01
3.524209856986999512e-01
3.686498999595642090e-01
3.713450729846954346e-01
4.114485085010528564e-01
3.524209856986999512e-01
4.055343866348266602e-01
3.524209856986999512e-01
3.524209856986999512e-01
3.524838984012603760e-01
3.909537196159362793e-01
3.564424812793731689e-01
3.909537196159362793e-01
3.909537196159362793e-01
3.909537196159362793e-01
3.909537196159362793e-01
3.909537196159362793e-01
3.909537196159362793e-01
3.909537196159362793e-01
3.909537196159362793e-01
3.971300721168518066e-01
3.909537196159362793e-01
3.909537196159362793e-01
3.909537196159362793e-01
4.096321165561676025e-01
3.909537196159362793e-01
3.909537196159362793e-01
3.909537196159362793e-01
3.581738471984863281e-01
3.909537196159362793e-01
3.909537196159362793e-01
3.909537196159362793e-01
3.909537196159362793e-01
3.909537196159362793e-01
3.909537196159362793e-01
3.909537196159362793e-01
3.909537196159362793e-01
3.909537196159362793e-01
3.909537196159362793e-01
3.909537196159362793e-01
3.909537196159362793e-01
3.909537196159362793e-01
3.909537196159362793e-01
3.909537196159362793e-01
3.909537196159362793e-01
3.909537196159362793e-01
3.909537196159362793e-01
3.909537196159362793e-01
3.909537196159362793e-01
3.909537196159362793e-01
3.909537196159362793e-01
3.909537196159362793e-01
3.909537196159362793e-01
3.909537196159362793e-01
3.909537196159362793e-01
3.909537196159362793e-01
3.909537196159362793e-01
3.909537196159362793e-01
3.909537196159362793e-01
3.909537196159362793e-01
3.909537196159362793e-01
3.909537196159362793e-01
3.909537196159362793e-01
3.909537196159362793e-01
3.942783474922180176e-01
3.909537196159362793e-01
3.909537196159362793e-01
3.909537196159362793e-01
3.909537196159362793e-01
3.909537196159362793e-01
4.056230783462524414e-01
3.887895941734313965e-01
3.909537196159362793e-01
3.909537196159362793e-01
3.909537196159362793e-01
3.909537196159362793e-01
3.909537196159362793e-01
3.909537196159362793e-01
3.909537196159362793e-01
3.909537196159362793e-01
3.909537196159362793e-01
3.909537196159362793e-01
3.909537196159362793e-01
3.909537196159362793e-01
3.909537196159362793e-01
3.909537196159362793e-01
3.909537196159362793e-01
3.909537196159362793e-01
3.909537196159362793e-01
3.909537196159362793e-01
3.909537196159362793e-01
3.909537196159362793e-01
3.909537196159362793e-01
3.909537196159362793e-01
3.909537196159362793e-01
3.573706448078155518e-01
3.909537196159362793e-01
3.909537196159362793e-01
3.909537196159362793e-01
3.880715072154998779e-01
3.909537196159362793e-01
3.909537196159362793e-01
3.909537196159362793e-01
3.909537196159362793e-01
3.909537196159362793e-01
3.909537196159362793e-01
3.909537196159362793e-01
3.909537196159362793e-01
3.863016963005065918e-01
3.909537196159362793e-01
3.909537196159362793e-01
3.524226546287536621e-01
3.909537196159362793e-01
3.909537196159362793e-01
3.909537196159362793e-01
3.909537196159362793e-01
3.909537196159362793e-01
3.524209856986999512e-01
3.909537196159362793e-01
3.909537196159362793e-01
3.909537196159362793e-01
3.909537196159362793e-01
3.909537196159362793e-01
3.909537196159362793e-01
3.909537196159362793e-01
3.909537196159362793e-01
3.909537196159362793e-01
3.909537196159362793e-01
3.909537196159362793e-01
3.909537196159362793e-01
3.909537196159362793e-01
3.909537196159362793e-01
3.909537196159362793e-01
3.909537196159362793e-01
3.909537196159362793e-01
3.909537196159362793e-01
3.909537196159362793e-01
3.909537196159362793e-01
3.909537196159362793e-01
3.909537196159362793e-01
3.909537196159362793e-01
3.909537196159362793e-01
3.909537196159362793e-01
3.909537196159362793e-01
3.909537196159362793e-01
3.909537196159362793e-01
3.909537196159362793e-01
3.909537196159362793e-01
3.909537196159362793e-01
3.909537196159362793e-01
3.909537196159362793e-01
3.909537196159362793e-01
3.909537196159362793e-01
3.909537196159362793e-01
3.909537196159362793e-01
3.909537196159362793e-01
3.909537196159362793e-01
3.909537196159362793e-01
3.909537196159362793e-01
3.945240080356597900e-01
3.909537196159362793e-01
3.909537196159362793e-01
3.909537196159362793e-01
3.909537196159362793e-01
3.909537196159362793e-01
3.909537196159362793e-01
3.909537196159362793e-01
3.909537196159362793e-01
3.909537196159362793e-01
3.909537196159362793e-01
3.909537196159362793e-01
3.909537196159362793e-01
3.909537196159362793e-01
3.909537196159362793e-01
3.909537196159362793e-01
3.909537196159362793e-01
3.909537196159362793e-01
3.909537196159362793e-01
3.909537196159362793e-01
3.909537196159362793e-01
3.909537196159362793e-01
3.909537196159362793e-01
3.909537196159362793e-01
3.577013015747070312e-01
3.909537196159362793e-01
3.909537196159362793e-01
3.909537196159362793e-01
3.909537196159362793e-01
3.909537196159362793e-01
3.909537196159362793e-01
3.909537196159362793e-01
3.909537196159362793e-01
3.909537196159362793e-01
3.475010097026824951e-01
3.524209856986999512e-01
3.542851209640502930e-01
3.524209856986999512e-01
3.524209856986999512e-01
3.468293547630310059e-01
3.454546630382537842e-01
3.524209856986999512e-01
3.504495322704315186e-01
3.524209856986999512e-01
4.011785686016082764e-01
3.516241312026977539e-01
3.524209856986999512e-01
3.524209856986999512e-01
4.106663167476654053e-01
4.156233370304107666e-01
4.137399494647979736e-01
3.909537196159362793e-01
3.909537196159362793e-01
4.091868698596954346e-01
4.048708677291870117e-01
3.909537196159362793e-01
3.909537196159362793e-01
4.119575619697570801e-01
4.035170972347259521e-01
3.909537196159362793e-01
4.116590917110443115e-01
4.100334048271179199e-01
4.081977307796478271e-01
3.909537196159362793e-01
4.085090458393096924e-01
3.909537196159362793e-01
4.100865721702575684e-01
3.996451795101165771e-01
3.909537196159362793e-01
3.909537196159362793e-01
4.097960591316223145e-01
3.909537196159362793e-01
4.086454212665557861e-01
3.909537196159362793e-01
3.909537196159362793e-01
3.957898020744323730e-01
3.586340546607971191e-01
3.570812642574310303e-01
3.694994449615478516e-01
3.560618460178375244e-01
3.528474569320678711e-01
3.524209856986999512e-01
3.524209856986999512e-01
3.524209856986999512e-01
3.523972928524017334e-01
3.466371595859527588e-01
3.524209856986999512e-01
4.042296707630157471e-01
3.467148542404174805e-01
4.023447036743164062e-01
3.909537196159362793e-01
3.977678716182708740e-01
3.909537196159362793e-01
3.524209856986999512e-01
3.909537196159362793e-01
3.909537196159362793e-01
4.168529510498046875e-01
4.047644734382629395e-01
3.909537196159362793e-01
3.909537196159362793e-01
3.909537196159362793e-01
3.909537196159362793e-01
3.909537196159362793e-01
3.909537196159362793e-01
4.037834405899047852e-01
3.529615998268127441e-01
3.515831530094146729e-01
3.524209856986999512e-01
3.909537196159362793e-01
3.585690557956695557e-01
3.524209856986999512e-01
3.524209856986999512e-01
3.524209856986999512e-01
3.481610715389251709e-01
3.491917848587036133e-01
3.524209856986999512e-01
3.524209856986999512e-01
3.525854349136352539e-01
3.524226546287536621e-01
3.909537196159362793e-01
3.909537196159362793e-01
3.909537196159362793e-01
3.909537196159362793e-01
3.909537196159362793e-01
3.485395908355712891e-01
3.524240851402282715e-01
3.909537196159362793e-01
3.527342081069946289e-01
3.537899255752563477e-01
3.909537196159362793e-01
3.909537196159362793e-01
3.909537196159362793e-01
3.909537196159362793e-01
3.909537196159362793e-01
3.909537196159362793e-01
3.909537196159362793e-01
3.909537196159362793e-01
3.909537196159362793e-01
3.909537196159362793e-01
3.909537196159362793e-01
3.909537196159362793e-01
3.909537196159362793e-01
3.909537196159362793e-01
3.909537196159362793e-01
3.909537196159362793e-01
3.909537196159362793e-01
3.909537196159362793e-01
3.909537196159362793e-01
3.909537196159362793e-01
3.909537196159362793e-01
3.909537196159362793e-01
3.909537196159362793e-01
3.909537196159362793e-01
3.909537196159362793e-01
3.909537196159362793e-01
3.909537196159362793e-01
3.909537196159362793e-01
3.909537196159362793e-01
3.909537196159362793e-01
3.909537196159362793e-01
3.909537196159362793e-01
3.909537196159362793e-01
3.909537196159362793e-01
3.529503643512725830e-01
3.909537196159362793e-01
3.909537196159362793e-01
3.586340546607971191e-01
3.909537196159362793e-01
3.909537196159362793e-01
3.909537196159362793e-01
3.909537196159362793e-01
3.909537196159362793e-01
3.909537196159362793e-01
3.909537196159362793e-01
3.909537196159362793e-01
3.909537196159362793e-01
3.909537196159362793e-01
3.909537196159362793e-01
3.909537196159362793e-01
3.909537196159362793e-01
3.909537196159362793e-01
3.909537196159362793e-01
3.909537196159362793e-01
3.909537196159362793e-01
3.909537196159362793e-01
3.909537196159362793e-01
3.909537196159362793e-01
3.909537196159362793e-01
3.909537196159362793e-01
3.909537196159362793e-01
3.909537196159362793e-01
3.909537196159362793e-01
3.909537196159362793e-01
3.909537196159362793e-01
3.909537196159362793e-01
3.909537196159362793e-01
3.909537196159362793e-01
3.909537196159362793e-01
3.909537196159362793e-01
3.568685054779052734e-01
3.909537196159362793e-01
3.909537196159362793e-01
3.909537196159362793e-01
3.909537196159362793e-01
3.909537196159362793e-01
3.909537196159362793e-01
3.909537196159362793e-01
3.909537196159362793e-01
3.525054156780242920e-01
3.909537196159362793e-01
3.909537196159362793e-01
3.909537196159362793e-01
3.909537196159362793e-01
3.909537196159362793e-01
3.909537196159362793e-01
3.909537196159362793e-01
3.581228554248809814e-01
3.526663482189178467e-01
3.909537196159362793e-01
3.909537196159362793e-01
3.909537196159362793e-01
3.909537196159362793e-01
3.909537196159362793e-01
3.909537196159362793e-01
3.909537196159362793e-01
3.909537196159362793e-01
3.909537196159362793e-01
3.909537196159362793e-01
3.909537196159362793e-01
3.909537196159362793e-01
3.909537196159362793e-01
3.909537196159362793e-01
3.909537196159362793e-01
3.909537196159362793e-01
3.909537196159362793e-01
3.909537196159362793e-01
3.909537196159362793e-01
3.909537196159362793e-01
3.909537196159362793e-01
3.909537196159362793e-01
3.909537196159362793e-01
3.909537196159362793e-01
3.831634521484375000e-01
3.909537196159362793e-01
3.909537196159362793e-01
3.909537196159362793e-01
3.905680477619171143e-01
3.909537196159362793e-01
3.909537196159362793e-01
3.909537196159362793e-01
3.909537196159362793e-01
3.909537196159362793e-01
3.529503643512725830e-01
3.909537196159362793e-01
3.909537196159362793e-01
3.909537196159362793e-01
3.909537196159362793e-01
3.909537196159362793e-01
3.953948318958282471e-01
3.909537196159362793e-01
3.909537196159362793e-01
3.909537196159362793e-01
3.909537196159362793e-01
3.909537196159362793e-01
3.909537196159362793e-01
3.909537196159362793e-01
3.909537196159362793e-01
3.909537196159362793e-01
3.909537196159362793e-01
3.909537196159362793e-01
3.909537196159362793e-01
3.909537196159362793e-01
3.909537196159362793e-01
3.909537196159362793e-01
3.909537196159362793e-01
3.909537196159362793e-01
3.909537196159362793e-01
3.909537196159362793e-01
3.909537196159362793e-01
3.582187891006469727e-01
3.909537196159362793e-01
3.909537196159362793e-01
3.909537196159362793e-01
3.909537196159362793e-01
3.909537196159362793e-01
3.589583337306976318e-01
3.541136384010314941e-01
3.909537196159362793e-01
3.909537196159362793e-01
3.909537196159362793e-01
3.909537196159362793e-01
3.909537196159362793e-01
3.909537196159362793e-01
3.909537196159362793e-01
3.524274528026580811e-01
3.909537196159362793e-01
3.909537196159362793e-01
3.909537196159362793e-01
3.909537196159362793e-01
3.909537196159362793e-01
3.909537196159362793e-01
3.909537196159362793e-01
3.909537196159362793e-01
3.909537196159362793e-01
3.909537196159362793e-01
3.909537196159362793e-01
3.909537196159362793e-01
3.909537196159362793e-01
3.909537196159362793e-01
3.909537196159362793e-01
3.909537196159362793e-01
3.909537196159362793e-01
3.909537196159362793e-01
3.909537196159362793e-01
3.909537196159362793e-01
3.524214625358581543e-01
3.909537196159362793e-01
3.909537196159362793e-01
3.909537196159362793e-01
3.909537196159362793e-01
3.909537196159362793e-01
3.909537196159362793e-01
3.909537196159362793e-01
3.909537196159362793e-01
3.909537196159362793e-01
3.909537196159362793e-01
3.909537196159362793e-01
3.909537196159362793e-01
3.909537196159362793e-01
3.909537196159362793e-01
3.909537196159362793e-01
3.909537196159362793e-01
3.909537196159362793e-01
3.909537196159362793e-01
3.909537196159362793e-01
3.909537196159362793e-01
3.909537196159362793e-01
3.909537196159362793e-01
3.909537196159362793e-01
3.909537196159362793e-01
3.909537196159362793e-01
3.909537196159362793e-01
3.909537196159362793e-01
3.909537196159362793e-01
3.909537196159362793e-01
3.909537196159362793e-01
3.909537196159362793e-01
3.909537196159362793e-01
3.909537196159362793e-01
3.909537196159362793e-01
3.909537196159362793e-01
3.909537196159362793e-01
3.909537196159362793e-01
3.909537196159362793e-01
3.909537196159362793e-01
3.909537196159362793e-01
3.909537196159362793e-01
3.909537196159362793e-01
3.909537196159362793e-01
3.909537196159362793e-01
3.909537196159362793e-01
3.909537196159362793e-01
3.909537196159362793e-01
3.909537196159362793e-01
3.909537196159362793e-01
3.909537196159362793e-01
3.909537196159362793e-01
3.909537196159362793e-01
3.909537196159362793e-01
3.524227738380432129e-01
3.524231314659118652e-01
3.909537196159362793e-01
3.909537196159362793e-01
3.525266945362091064e-01
3.909537196159362793e-01
3.909537196159362793e-01
