9.619436264038085938e-01
6.186443567276000977e-01
8.822661638259887695e-01
9.256618618965148926e-01
9.256618618965148926e-01
8.608924150466918945e-01
9.256618618965148926e-01
9.256618618965148926e-01
9.256618618965148926e-01
9.203655123710632324e-01
6.704926490783691406e-01
9.256618618965148926e-01
9.949665665626525879e-01
9.929311275482177734e-01
9.256618618965148926e-01
9.256618618965148926e-01
9.946610331535339355e-01
9.864446520805358887e-01
9.202841520309448242e-01
9.568457007408142090e-01
9.256618618965148926e-01
9.514161944389343262e-01
9.256618618965148926e-01
8.472090363502502441e-01
9.256618618965148926e-01
9.617637395858764648e-01
9.720945358276367188e-01
9.183457493782043457e-01
9.866978526115417480e-01
9.256618618965148926e-01
9.093760251998901367e-01
9.250590205192565918e-01
9.933806657791137695e-01
9.796711802482604980e-01
9.830443263053894043e-01
8.421370387077331543e-01
5.917770266532897949e-01
9.927369952201843262e-01
9.256618618965148926e-01
5.660714507102966309e-01
9.256618618965148926e-01
9.256618618965148926e-01
9.606239199638366699e-01
9.256528019905090332e-01
9.256618618965148926e-01
9.256618618965148926e-01
9.256618618965148926e-01
9.256618618965148926e-01
9.464182257652282715e-01
9.256618618965148926e-01
8.678749203681945801e-01
9.256618618965148926e-01
9.256618618965148926e-01
9.773452281951904297e-01
9.256618618965148926e-01
9.256618618965148926e-01
9.722131490707397461e-01
9.256618618965148926e-01
9.256618618965148926e-01
9.065209031105041504e-01
9.635731577873229980e-01
5.628564953804016113e-01
9.329605102539062500e-01
9.256618618965148926e-01
9.683544635772705078e-01
3.190425336360931396e-01
9.256618618965148926e-01
9.886223673820495605e-01
9.256618618965148926e-01
9.256618618965148926e-01
9.944091439247131348e-01
9.943367838859558105e-01
9.256618618965148926e-01
9.256618618965148926e-01
9.147586822509765625e-01
3.190425336360931396e-01
3.190425336360931396e-01
3.190425336360931396e-01
8.258258104324340820e-01
3.190425336360931396e-01
3.190425336360931396e-01
9.767339229583740234e-01
3.190425336360931396e-01
3.190425336360931396e-01
3.190425336360931396e-01
3.190425336360931396e-01
9.979181885719299316e-01
3.190425336360931396e-01
9.911630153656005859e-01
3.190425336360931396e-01
9.723272919654846191e-01
5.653499960899353027e-01
3.190425336360931396e-01
9.358640313148498535e-01
9.488474726676940918e-01
9.588443636894226074e-01
9.712259769439697266e-01
9.955704808235168457e-01
3.190425336360931396e-01
3.190425336360931396e-01
3.190425336360931396e-01
9.210104346275329590e-01
3.190425336360931396e-01
3.190425336360931396e-01
9.620425701141357422e-01
9.614596962928771973e-01
9.650557637214660645e-01
3.190425336360931396e-01
3.190425336360931396e-01
3.190425336360931396e-01
9.929788708686828613e-01
3.190425336360931396e-01
3.190425336360931396e-01
3.190425336360931396e-01
9.726896882057189941e-01
3.190425336360931396e-01
3.190425336360931396e-01
9.883235692977905273e-01
9.888263940811157227e-01
9.083616137504577637e-01
9.759278297424316406e-01
9.530709981918334961e-01
9.907977581024169922e-01
3.190425336360931396e-01
9.789279699325561523e-01
3.190425336360931396e-01
7.430956959724426270e-01
3.190425336360931396e-01
9.780058860778808594e-01
3.719449937343597412e-01
9.950312376022338867e-01
9.798699617385864258e-01
9.609639644622802734e-01
3.190425336360931396e-01
9.766814112663269043e-01
3.190425336360931396e-01
9.980858564376831055e-01
2.805224061012268066e-01
9.318470954895019531e-01
9.592784643173217773e-01
3.190425336360931396e-01
9.626076817512512207e-01
5.176137089729309082e-01
3.190425336360931396e-01
9.823493361473083496e-01
3.190425336360931396e-01
3.190425336360931396e-01
3.190425336360931396e-01
9.880808591842651367e-01
9.718058705329895020e-01
9.817232489585876465e-01
3.190425336360931396e-01
9.739557504653930664e-01
3.190425336360931396e-01
9.779123067855834961e-01
8.814168572425842285e-01
9.309473037719726562e-01
8.909823894500732422e-01
9.920806288719177246e-01
3.190425336360931396e-01
3.190425336360931396e-01
3.190425336360931396e-01
3.190425336360931396e-01
9.784005880355834961e-01
9.847615957260131836e-01
9.790232777595520020e-01
3.190425336360931396e-01
3.190425336360931396e-01
9.829199910163879395e-01
3.190425336360931396e-01
3.190425336360931396e-01
9.419755935668945312e-01
3.190425336360931396e-01
9.726389050483703613e-01
9.892292618751525879e-01
3.190425336360931396e-01
9.606318473815917969e-01
3.190425336360931396e-01
3.190425336360931396e-01
9.510633349418640137e-01
3.190425336360931396e-01
3.190425336360931396e-01
9.311873912811279297e-01
3.190425336360931396e-01
9.686706066131591797e-01
9.870250225067138672e-01
3.190425336360931396e-01
3.190425336360931396e-01
4.852327108383178711e-01
8.058190941810607910e-01
3.190425336360931396e-01
3.190425336360931396e-01
9.807794690132141113e-01
8.999971747398376465e-01
3.190425336360931396e-01
8.634451627731323242e-01
3.190425336360931396e-01
3.190425336360931396e-01
3.190425336360931396e-01
5.494867563247680664e-01
3.190425336360931396e-01
9.284498095512390137e-01
3.190425336360931396e-01
9.863903522491455078e-01
8.222151398658752441e-01
3.190425336360931396e-01
3.190425336360931396e-01
3.190425336360931396e-01
9.488787055015563965e-01
3.190425336360931396e-01
3.190425336360931396e-01
3.190425336360931396e-01
3.190425336360931396e-01
9.864553213119506836e-01
9.449937939643859863e-01
9.720243215560913086e-01
8.530857563018798828e-01
3.190425336360931396e-01
9.897326827049255371e-01
9.487998485565185547e-01
9.526591897010803223e-01
9.034675955772399902e-01
2.211766690015792847e-01
3.190425336360931396e-01
9.933313727378845215e-01
3.190425336360931396e-01
3.190425336360931396e-01
3.190425336360931396e-01
9.895383119583129883e-01
9.756571054458618164e-01
3.190425336360931396e-01
3.190425336360931396e-01
3.190425336360931396e-01
9.567118287086486816e-01
9.204066395759582520e-01
6.961547136306762695e-01
3.190425336360931396e-01
9.750372171401977539e-01
4.720892012119293213e-01
9.804219603538513184e-01
3.190425336360931396e-01
9.728621244430541992e-01
3.190425336360931396e-01
9.454210996627807617e-01
3.190425336360931396e-01
3.190425336360931396e-01
9.256618618965148926e-01
9.334296584129333496e-01
9.256618618965148926e-01
3.190425336360931396e-01
3.190425336360931396e-01
9.256618618965148926e-01
8.119301199913024902e-01
9.572618603706359863e-01
3.190425336360931396e-01
9.821594357490539551e-01
9.639401435852050781e-01
7.217089533805847168e-01
9.997447133064270020e-01
9.256618618965148926e-01
9.974544644355773926e-01
9.256618618965148926e-01
3.190425336360931396e-01
3.190425336360931396e-01
8.896048665046691895e-01
9.256618618965148926e-01
9.597474336624145508e-01
9.005941152572631836e-01
3.190425336360931396e-01
9.826562404632568359e-01
9.256618618965148926e-01
9.219576716423034668e-01
9.708244800567626953e-01
9.127035140991210938e-01
9.921076893806457520e-01
9.256618618965148926e-01
9.256618618965148926e-01
9.256618618965148926e-01
9.256618618965148926e-01
9.256618618965148926e-01
9.301811456680297852e-01
9.256618618965148926e-01
3.190425336360931396e-01
3.190425336360931396e-01
9.867694377899169922e-01
9.776929020881652832e-01
9.256618618965148926e-01
9.219576716423034668e-01
9.961058497428894043e-01
9.256618618965148926e-01
9.256618618965148926e-01
9.256618618965148926e-01
3.190425336360931396e-01
9.921751618385314941e-01
9.635068774223327637e-01
9.256618618965148926e-01
8.904638290405273438e-01
9.256618618965148926e-01
9.256618618965148926e-01
9.804031848907470703e-01
9.256618618965148926e-01
9.984700083732604980e-01
9.256618618965148926e-01
3.190425336360931396e-01
9.551103115081787109e-01
9.492939710617065430e-01
8.119301199913024902e-01
9.064162969589233398e-01
9.816525578498840332e-01
9.256618618965148926e-01
3.190425336360931396e-01
9.255205988883972168e-01
8.781475424766540527e-01
9.844187498092651367e-01
9.256618618965148926e-01
9.256618618965148926e-01
9.781231284141540527e-01
9.256618618965148926e-01
9.833879470825195312e-01
8.785728812217712402e-01
3.190425336360931396e-01
9.256618618965148926e-01
9.922726154327392578e-01
9.051690697669982910e-01
3.190425336360931396e-01
3.190425336360931396e-01
9.256618618965148926e-01
3.190425336360931396e-01
3.190425336360931396e-01
9.103390574455261230e-01
5.521672964096069336e-01
4.754832088947296143e-01
3.190425336360931396e-01
3.190425336360931396e-01
3.190425336360931396e-01
9.256618618965148926e-01
9.256618618965148926e-01
3.190425336360931396e-01
3.190425336360931396e-01
3.190425336360931396e-01
9.976857900619506836e-01
9.519572257995605469e-01
3.190425336360931396e-01
9.504289031028747559e-01
3.190425336360931396e-01
3.190425336360931396e-01
3.190425336360931396e-01
9.256618618965148926e-01
9.256618618965148926e-01
5.289124846458435059e-01
9.777536392211914062e-01
3.190425336360931396e-01
9.256618618965148926e-01
3.190425336360931396e-01
3.190425336360931396e-01
9.708840250968933105e-01
3.190425336360931396e-01
3.190425336360931396e-01
9.820807576179504395e-01
3.190425336360931396e-01
9.857645630836486816e-01
3.190425336360931396e-01
3.190425336360931396e-01
9.908511042594909668e-01
3.190425336360931396e-01
3.190425336360931396e-01
3.190425336360931396e-01
9.590098857879638672e-01
3.190425336360931396e-01
3.190425336360931396e-01
9.766994714736938477e-01
9.776210188865661621e-01
3.190425336360931396e-01
3.190425336360931396e-01
3.190425336360931396e-01
3.190425336360931396e-01
9.607334733009338379e-01
9.064915180206298828e-01
3.190425336360931396e-01
3.190425336360931396e-01
3.190425336360931396e-01
3.190425336360931396e-01
3.190425336360931396e-01
3.190425336360931396e-01
9.632507562637329102e-01
3.190425336360931396e-01
3.190425336360931396e-01
3.190425336360931396e-01
3.190425336360931396e-01
3.190425336360931396e-01
3.190425336360931396e-01
3.190425336360931396e-01
3.190425336360931396e-01
3.190425336360931396e-01
3.190425336360931396e-01
3.190425336360931396e-01
3.190425336360931396e-01
9.790011048316955566e-01
3.190425336360931396e-01
3.190425336360931396e-01
3.190425336360931396e-01
9.646348953247070312e-01
9.477623105049133301e-01
3.190425336360931396e-01
3.190425336360931396e-01
9.815186262130737305e-01
3.190425336360931396e-01
3.190425336360931396e-01
3.190425336360931396e-01
9.519672393798828125e-01
3.190425336360931396e-01
3.190425336360931396e-01
3.190425336360931396e-01
3.190425336360931396e-01
3.190425336360931396e-01
3.190425336360931396e-01
3.190425336360931396e-01
3.190425336360931396e-01
9.759991168975830078e-01
3.190425336360931396e-01
3.190425336360931396e-01
3.190425336360931396e-01
3.190425336360931396e-01
3.190425336360931396e-01
3.190425336360931396e-01
3.190425336360931396e-01
9.256618618965148926e-01
9.777652621269226074e-01
9.134474396705627441e-01
9.519771933555603027e-01
9.844781160354614258e-01
9.839699864387512207e-01
7.712827920913696289e-01
9.256618618965148926e-01
9.256618618965148926e-01
9.256618618965148926e-01
9.425647854804992676e-01
8.567231297492980957e-01
9.730308651924133301e-01
9.256618618965148926e-01
9.256618618965148926e-01
8.830010294914245605e-01
9.256618618965148926e-01
9.256618618965148926e-01
8.328577876091003418e-01
9.572548270225524902e-01
9.442042708396911621e-01
7.171705365180969238e-01
9.323222041130065918e-01
9.256618618965148926e-01
9.256618618965148926e-01
9.256618618965148926e-01
9.671691060066223145e-01
3.190425336360931396e-01
9.256618618965148926e-01
9.089683294296264648e-01
8.775829076766967773e-01
9.256618618965148926e-01
9.256618618965148926e-01
9.843021631240844727e-01
9.256618618965148926e-01
9.878658652305603027e-01
9.256618618965148926e-01
9.256532192230224609e-01
9.256618618965148926e-01
9.256618618965148926e-01
9.160908460617065430e-01
9.256618618965148926e-01
9.256618618965148926e-01
9.944385290145874023e-01
9.739502072334289551e-01
9.125363230705261230e-01
9.256618618965148926e-01
9.256618618965148926e-01
7.867968678474426270e-01
9.256618618965148926e-01
9.498440027236938477e-01
9.920908212661743164e-01
9.256618618965148926e-01
3.190425336360931396e-01
9.256618618965148926e-01
9.256618618965148926e-01
9.817351698875427246e-01
9.256618618965148926e-01
9.256618618965148926e-01
9.256618618965148926e-01
9.325578808784484863e-01
9.256618618965148926e-01
9.333578944206237793e-01
9.427877664566040039e-01
9.870877265930175781e-01
9.256618618965148926e-01
4.640726447105407715e-01
9.625900983810424805e-01
9.398403763771057129e-01
9.256618618965148926e-01
3.529537618160247803e-01
9.256618618965148926e-01
9.256618618965148926e-01
9.248622655868530273e-01
6.186438798904418945e-01
7.391322404146194458e-02
3.190425336360931396e-01
3.190425336360931396e-01
6.182241812348365784e-02
3.190425336360931396e-01
3.190425336360931396e-01
9.979982674121856689e-02
3.906238675117492676e-01
1.057445779442787170e-01
3.190425336360931396e-01
3.190425336360931396e-01
3.190425336360931396e-01
3.190425336360931396e-01
3.190425336360931396e-01
3.190425336360931396e-01
1.637875586748123169e-01
3.190425336360931396e-01
3.190425336360931396e-01
3.190425336360931396e-01
3.190425336360931396e-01
1.265976876020431519e-01
3.190425336360931396e-01
3.190425336360931396e-01
1.157513782382011414e-01
3.190425336360931396e-01
1.842920780181884766e-01
2.167701125144958496e-01
3.190425336360931396e-01
9.255751371383666992e-01
5.660714507102966309e-01
3.190425336360931396e-01
3.190425336360931396e-01
1.359248161315917969e-01
3.190425336360931396e-01
9.209733009338378906e-01
1.088580116629600525e-01
3.190425336360931396e-01
3.190425336360931396e-01
2.125793248414993286e-01
3.190425336360931396e-01
3.190425336360931396e-01
3.190425336360931396e-01
3.190425336360931396e-01
3.979494571685791016e-01
3.190425336360931396e-01
3.190425336360931396e-01
1.866387426853179932e-01
5.139854550361633301e-01
3.190425336360931396e-01
3.190425336360931396e-01
3.190425336360931396e-01
1.743288785219192505e-01
1.956119984388351440e-01
3.190425336360931396e-01
9.209733009338378906e-01
3.190425336360931396e-01
1.066322773694992065e-01
9.209733009338378906e-01
3.190425336360931396e-01
5.931839346885681152e-02
3.190425336360931396e-01
3.190425336360931396e-01
3.190425336360931396e-01
8.258258104324340820e-01
3.190425336360931396e-01
3.190425336360931396e-01
3.190425336360931396e-01
3.190425336360931396e-01
3.190425336360931396e-01
3.190425336360931396e-01
3.190425336360931396e-01
3.190425336360931396e-01
5.653499960899353027e-01
3.190425336360931396e-01
3.190425336360931396e-01
3.190425336360931396e-01
3.190425336360931396e-01
3.190425336360931396e-01
3.190425336360931396e-01
3.190425336360931396e-01
3.190425336360931396e-01
3.190425336360931396e-01
3.190425336360931396e-01
3.190425336360931396e-01
3.190425336360931396e-01
3.190425336360931396e-01
3.190425336360931396e-01
3.190425336360931396e-01
3.190425336360931396e-01
3.190425336360931396e-01
3.190425336360931396e-01
3.190425336360931396e-01
3.190425336360931396e-01
2.728108465671539307e-01
3.190425336360931396e-01
3.190425336360931396e-01
3.190425336360931396e-01
3.190425336360931396e-01
7.430956959724426270e-01
3.190425336360931396e-01
3.190425336360931396e-01
3.719449937343597412e-01
3.190425336360931396e-01
2.172374427318572998e-01
3.190425336360931396e-01
4.813991189002990723e-01
3.190425336360931396e-01
3.190425336360931396e-01
2.805224061012268066e-01
9.318470954895019531e-01
1.567621827125549316e-01
3.190425336360931396e-01
5.176137089729309082e-01
3.190425336360931396e-01
3.190425336360931396e-01
3.190425336360931396e-01
3.190425336360931396e-01
3.190425336360931396e-01
3.190425336360931396e-01
3.190425336360931396e-01
3.190425336360931396e-01
3.190425336360931396e-01
3.190425336360931396e-01
3.190425336360931396e-01
3.190425336360931396e-01
3.190425336360931396e-01
3.190425336360931396e-01
3.190425336360931396e-01
3.190425336360931396e-01
3.190425336360931396e-01
3.190425336360931396e-01
3.190425336360931396e-01
3.190425336360931396e-01
3.190425336360931396e-01
3.190425336360931396e-01
3.190425336360931396e-01
2.107202559709548950e-01
3.190425336360931396e-01
3.190425336360931396e-01
4.391602799296379089e-02
3.190425336360931396e-01
4.842925444245338440e-02
3.190425336360931396e-01
3.121920824050903320e-01
3.190425336360931396e-01
2.827843092381954193e-02
5.574451759457588196e-02
4.834526032209396362e-02
4.624619707465171814e-02
6.949406117200851440e-02
3.979067131876945496e-02
1.691978722810745239e-01
3.190425336360931396e-01
1.287733614444732666e-01
3.190425336360931396e-01
7.449857145547866821e-02
3.190425336360931396e-01
3.190425336360931396e-01
2.003538049757480621e-02
3.190425336360931396e-01
3.190425336360931396e-01
3.190425336360931396e-01
3.190425336360931396e-01
3.190425336360931396e-01
3.190425336360931396e-01
3.873122483491897583e-02
3.190425336360931396e-01
3.190425336360931396e-01
3.190425336360931396e-01
9.256556630134582520e-01
7.661148160696029663e-02
1.284283772110939026e-02
1.290406733751296997e-01
7.174710929393768311e-02
3.190425336360931396e-01
6.890118867158889771e-02
3.190425336360931396e-01
1.172528713941574097e-01
3.190425336360931396e-01
3.190425336360931396e-01
3.190425336360931396e-01
3.190425336360931396e-01
1.026934161782264709e-01
6.279246509075164795e-02
3.190425336360931396e-01
9.256258010864257812e-01
3.256464749574661255e-02
3.190425336360931396e-01
3.190425336360931396e-01
3.190425336360931396e-01
2.936448343098163605e-02
3.885930404067039490e-02
3.190425336360931396e-01
3.023824840784072876e-02
4.203617200255393982e-02
9.256618618965148926e-01
2.451392263174057007e-02
3.190425336360931396e-01
1.548271924257278442e-01
3.190425336360931396e-01
3.190425336360931396e-01
1.121872439980506897e-01
9.796461462974548340e-02
3.190425336360931396e-01
3.190425336360931396e-01
3.190425336360931396e-01
3.190425336360931396e-01
3.190425336360931396e-01
3.190425336360931396e-01
3.190425336360931396e-01
3.190425336360931396e-01
3.190425336360931396e-01
3.190425336360931396e-01
3.190425336360931396e-01
3.190425336360931396e-01
3.190425336360931396e-01
3.190425336360931396e-01
3.190425336360931396e-01
3.190425336360931396e-01
3.190425336360931396e-01
3.190425336360931396e-01
3.190425336360931396e-01
3.190425336360931396e-01
3.190425336360931396e-01
3.190425336360931396e-01
3.190425336360931396e-01
3.190425336360931396e-01
3.190425336360931396e-01
3.190425336360931396e-01
3.190425336360931396e-01
3.190425336360931396e-01
3.190425336360931396e-01
3.190425336360931396e-01
3.190425336360931396e-01
3.190425336360931396e-01
3.190425336360931396e-01
3.190425336360931396e-01
3.190425336360931396e-01
1.410477012395858765e-01
3.190425336360931396e-01
7.971959188580513000e-03
3.190425336360931396e-01
3.061339817941188812e-02
5.044718831777572632e-02
3.190425336360931396e-01
3.190425336360931396e-01
3.190425336360931396e-01
3.190425336360931396e-01
3.190425336360931396e-01
3.190425336360931396e-01
3.190425336360931396e-01
3.190425336360931396e-01
3.190425336360931396e-01
3.190425336360931396e-01
3.190425336360931396e-01
3.190425336360931396e-01
3.190425336360931396e-01
3.190425336360931396e-01
3.190425336360931396e-01
3.190425336360931396e-01
3.190425336360931396e-01
3.190425336360931396e-01
3.190425336360931396e-01
3.190425336360931396e-01
3.190425336360931396e-01
3.190425336360931396e-01
1.748990118503570557e-01
3.190425336360931396e-01
3.190425336360931396e-01
3.190425336360931396e-01
3.190425336360931396e-01
3.190425336360931396e-01
3.190425336360931396e-01
3.190425336360931396e-01
3.190425336360931396e-01
3.190425336360931396e-01
3.190425336360931396e-01
4.852327108383178711e-01
3.190425336360931396e-01
3.190425336360931396e-01
3.190425336360931396e-01
3.190425336360931396e-01
1.751367896795272827e-01
3.190425336360931396e-01
3.190425336360931396e-01
3.190425336360931396e-01
3.190425336360931396e-01
1.524208635091781616e-01
3.190425336360931396e-01
3.190425336360931396e-01
3.190425336360931396e-01
2.148749083280563354e-01
3.190425336360931396e-01
3.190425336360931396e-01
3.190425336360931396e-01
3.190425336360931396e-01
3.190425336360931396e-01
3.190425336360931396e-01
3.190425336360931396e-01
3.190425336360931396e-01
3.190425336360931396e-01
3.190425336360931396e-01
3.190425336360931396e-01
3.190425336360931396e-01
1.355277150869369507e-01
2.559183239936828613e-01
3.190425336360931396e-01
2.211766690015792847e-01
3.190425336360931396e-01
3.190425336360931396e-01
3.190425336360931396e-01
3.190425336360931396e-01
3.190425336360931396e-01
3.190425336360931396e-01
3.190425336360931396e-01
3.190425336360931396e-01
3.190425336360931396e-01
3.190425336360931396e-01
3.190425336360931396e-01
6.961547136306762695e-01
3.190425336360931396e-01
3.190425336360931396e-01
4.720892012119293213e-01
3.190425336360931396e-01
3.190425336360931396e-01
1.267198175191879272e-01
3.190425336360931396e-01
3.190425336360931396e-01
3.190425336360931396e-01
3.357145488262176514e-01
3.190425336360931396e-01
3.190425336360931396e-01
3.190425336360931396e-01
3.190425336360931396e-01
3.190425336360931396e-01
3.190425336360931396e-01
2.293619364500045776e-01
3.190425336360931396e-01
3.190425336360931396e-01
3.190425336360931396e-01
3.190425336360931396e-01
3.190425336360931396e-01
3.190425336360931396e-01
3.190425336360931396e-01
3.190425336360931396e-01
2.639406323432922363e-01
3.190425336360931396e-01
3.190425336360931396e-01
3.190425336360931396e-01
3.190425336360931396e-01
1.687787622213363647e-01
3.190425336360931396e-01
3.190425336360931396e-01
3.190425336360931396e-01
3.190425336360931396e-01
3.190425336360931396e-01
3.190425336360931396e-01
3.298284411430358887e-01
3.190425336360931396e-01
3.190425336360931396e-01
3.190425336360931396e-01
3.190425336360931396e-01
1.392950266599655151e-01
3.190425336360931396e-01
3.190425336360931396e-01
3.190425336360931396e-01
3.190425336360931396e-01
8.363198488950729370e-02
3.190425336360931396e-01
3.190425336360931396e-01
3.190425336360931396e-01
3.190425336360931396e-01
3.190425336360931396e-01
3.190425336360931396e-01
3.190425336360931396e-01
3.190425336360931396e-01
3.190425336360931396e-01
3.190425336360931396e-01
3.190425336360931396e-01
3.190425336360931396e-01
3.190425336360931396e-01
3.190425336360931396e-01
3.190425336360931396e-01
3.190425336360931396e-01
3.190425336360931396e-01
3.190425336360931396e-01
3.190425336360931396e-01
3.190425336360931396e-01
3.190425336360931396e-01
3.190425336360931396e-01
3.190425336360931396e-01
3.190425336360931396e-01
5.521672964096069336e-01
4.754832088947296143e-01
3.190425336360931396e-01
3.190425336360931396e-01
3.190425336360931396e-01
3.190425336360931396e-01
3.190425336360931396e-01
3.190425336360931396e-01
3.190425336360931396e-01
3.190425336360931396e-01
3.190425336360931396e-01
3.190425336360931396e-01
3.190425336360931396e-01
5.289124846458435059e-01
3.190425336360931396e-01
3.190425336360931396e-01
3.190425336360931396e-01
3.190425336360931396e-01
3.711006939411163330e-01
3.190425336360931396e-01
3.190425336360931396e-01
2.136291265487670898e-01
2.413657605648040771e-01
1.243165135383605957e-01
3.190425336360931396e-01
3.190425336360931396e-01
3.190425336360931396e-01
3.190425336360931396e-01
3.190425336360931396e-01
3.190425336360931396e-01
3.190425336360931396e-01
3.190425336360931396e-01
3.190425336360931396e-01
3.190425336360931396e-01
3.190425336360931396e-01
3.190425336360931396e-01
3.190425336360931396e-01
3.190425336360931396e-01
3.190425336360931396e-01
1.952366828918457031e-01
3.190425336360931396e-01
3.190425336360931396e-01
3.190425336360931396e-01
3.190425336360931396e-01
3.190425336360931396e-01
3.190425336360931396e-01
3.190425336360931396e-01
3.190425336360931396e-01
3.190425336360931396e-01
3.190425336360931396e-01
3.190425336360931396e-01
3.190425336360931396e-01
3.190425336360931396e-01
3.190425336360931396e-01
3.190425336360931396e-01
3.190425336360931396e-01
5.535091832280158997e-02
3.190425336360931396e-01
3.190425336360931396e-01
3.190425336360931396e-01
3.190425336360931396e-01
3.190425336360931396e-01
3.190425336360931396e-01
3.190425336360931396e-01
3.190425336360931396e-01
3.190425336360931396e-01
3.190425336360931396e-01
3.190425336360931396e-01
3.190425336360931396e-01
3.190425336360931396e-01
3.190425336360931396e-01
3.190425336360931396e-01
3.190425336360931396e-01
3.190425336360931396e-01
3.190425336360931396e-01
3.190425336360931396e-01
3.190425336360931396e-01
3.190425336360931396e-01
1.202859580516815186e-01
2.009266316890716553e-01
3.190425336360931396e-01
1.475432068109512329e-01
7.608317732810974121e-01
3.190425336360931396e-01
3.190425336360931396e-01
3.190425336360931396e-01
1.995155811309814453e-01
3.190425336360931396e-01
3.190425336360931396e-01
2.343574166297912598e-01
7.881072163581848145e-02
3.190425336360931396e-01
3.190425336360931396e-01
7.171705365180969238e-01
3.190425336360931396e-01
3.190425336360931396e-01
3.190425336360931396e-01
1.138135939836502075e-01
3.190425336360931396e-01
9.256379604339599609e-01
5.032961815595626831e-02
3.190425336360931396e-01
3.190425336360931396e-01
8.467818051576614380e-02
3.190425336360931396e-01
9.256330728530883789e-01
3.190425336360931396e-01
3.190425336360931396e-01
3.190425336360931396e-01
3.190425336360931396e-01
3.190425336360931396e-01
3.190425336360931396e-01
3.190425336360931396e-01
3.190425336360931396e-01
3.190425336360931396e-01
3.190425336360931396e-01
1.380388140678405762e-01
8.398378491401672363e-01
9.243574142456054688e-01
3.190425336360931396e-01
3.190425336360931396e-01
3.190425336360931396e-01
3.190425336360931396e-01
3.190425336360931396e-01
3.190425336360931396e-01
3.190425336360931396e-01
3.190425336360931396e-01
3.190425336360931396e-01
3.190425336360931396e-01
3.190425336360931396e-01
9.216119647026062012e-01
4.639976024627685547e-01
3.190425336360931396e-01
2.069457322359085083e-01
3.190425336360931396e-01
3.529537618160247803e-01
3.190425336360931396e-01
3.190425336360931396e-01
3.190425336360931396e-01
