5.500280857086181641e-01
4.755445718765258789e-01
4.939688742160797119e-01
4.578877389430999756e-01
5.164935588836669922e-01
5.190750360488891602e-01
5.224137306213378906e-01
5.023808479309082031e-01
5.052788257598876953e-01
5.028719902038574219e-01
5.147800445556640625e-01
4.885422885417938232e-01
5.208698511123657227e-01
5.073615312576293945e-01
4.877076148986816406e-01
4.342785477638244629e-01
5.397538542747497559e-01
5.112856626510620117e-01
5.128998756408691406e-01
4.916044771671295166e-01
4.753351211547851562e-01
4.552172124385833740e-01
4.728082120418548584e-01
5.436335802078247070e-01
4.908298552036285400e-01
5.379402637481689453e-01
5.192371606826782227e-01
4.963134825229644775e-01
5.245667695999145508e-01
4.630873501300811768e-01
5.018993616104125977e-01
4.711755514144897461e-01
5.128638148307800293e-01
5.480552911758422852e-01
4.977984726428985596e-01
5.052870512008666992e-01
5.308918356895446777e-01
5.500002503395080566e-01
5.187140107154846191e-01
5.122011303901672363e-01
4.889241158962249756e-01
5.200425386428833008e-01
4.970472157001495361e-01
5.163936614990234375e-01
4.904211163520812988e-01
5.017469525337219238e-01
5.447024106979370117e-01
4.901787340641021729e-01
4.809836149215698242e-01
5.522733330726623535e-01
4.789172410964965820e-01
5.096961855888366699e-01
4.827725887298583984e-01
5.291642546653747559e-01
5.170593857765197754e-01
4.643357396125793457e-01
5.188540816307067871e-01
4.624388813972473145e-01
5.109666585922241211e-01
5.055232048034667969e-01
4.751430153846740723e-01
5.431597232818603516e-01
5.030944943428039551e-01
4.977258145809173584e-01
5.331878662109375000e-01
4.804805517196655273e-01
4.969681799411773682e-01
5.335933566093444824e-01
4.970237612724304199e-01
4.094275236129760742e-01
4.799143970012664795e-01
5.046892762184143066e-01
4.652758836746215820e-01
5.194775462150573730e-01
5.292712450027465820e-01
6.428979039192199707e-01
7.682182192802429199e-01
7.846021056175231934e-01
6.780532002449035645e-01
7.379423975944519043e-01
7.626559138298034668e-01
7.094836831092834473e-01
7.440648674964904785e-01
5.656785368919372559e-01
7.244363427162170410e-01
7.050395607948303223e-01
6.165540218353271484e-01
7.609341144561767578e-01
6.451134085655212402e-01
6.362562775611877441e-01
7.125821113586425781e-01
6.479886174201965332e-01
7.473097443580627441e-01
6.872766017913818359e-01
7.323469519615173340e-01
7.876916527748107910e-01
6.754049658775329590e-01
7.737964987754821777e-01
7.190962433815002441e-01
7.689862251281738281e-01
7.641439437866210938e-01
8.025807738304138184e-01
7.533221840858459473e-01
7.792636752128601074e-01
7.490122914314270020e-01
6.412043571472167969e-01
6.233506798744201660e-01
7.129499912261962891e-01
7.394505739212036133e-01
7.890154719352722168e-01
7.035207152366638184e-01
7.092155218124389648e-01
7.633539438247680664e-01
7.253029942512512207e-01
6.792002320289611816e-01
7.620469927787780762e-01
7.316047549247741699e-01
6.640541553497314453e-01
6.620476245880126953e-01
7.377225160598754883e-01
7.739828228950500488e-01
5.811055898666381836e-01
7.446653842926025391e-01
7.646741867065429688e-01
6.687313318252563477e-01
7.553421854972839355e-01
5.475438833236694336e-01
6.661890149116516113e-01
7.672706842422485352e-01
7.414522171020507812e-01
7.511066794395446777e-01
7.116376161575317383e-01
6.671890020370483398e-01
7.992847561836242676e-01
7.181569933891296387e-01
6.476276516914367676e-01
8.137935400009155273e-01
7.759330868721008301e-01
6.081699728965759277e-01
7.562462091445922852e-01
7.551774978637695312e-01
6.403815746307373047e-01
7.472366094589233398e-01
7.911117672920227051e-01
5.964794754981994629e-01
6.626957058906555176e-01
7.313095927238464355e-01
6.419931650161743164e-01
7.547734975814819336e-01
8.017835021018981934e-01
6.637653708457946777e-01
7.491138577461242676e-01
6.711912155151367188e-01
5.995787382125854492e-01
6.100926995277404785e-01
6.896089315414428711e-01
6.642647981643676758e-01
6.372849345207214355e-01
6.289358139038085938e-01
6.584398746490478516e-01
5.810989141464233398e-01
6.610264778137207031e-01
4.982724487781524658e-01
7.185933589935302734e-01
7.199293375015258789e-01
6.771417856216430664e-01
6.385711431503295898e-01
6.687893271446228027e-01
6.556704044342041016e-01
6.146247386932373047e-01
7.689837217330932617e-01
7.880615592002868652e-01
6.755450963973999023e-01
7.834122180938720703e-01
7.430385351181030273e-01
6.903762221336364746e-01
7.213758826255798340e-01
6.885196566581726074e-01
7.901347875595092773e-01
7.643340229988098145e-01
6.782307624816894531e-01
7.573701739311218262e-01
7.664890289306640625e-01
7.273418307304382324e-01
7.589306831359863281e-01
7.411605715751647949e-01
7.819940447807312012e-01
7.753830552101135254e-01
6.411811709403991699e-01
6.480339765548706055e-01
5.495223402976989746e-01
7.513463497161865234e-01
7.302637696266174316e-01
7.494218945503234863e-01
7.578436732292175293e-01
7.440897822380065918e-01
7.303459644317626953e-01
6.819589138031005859e-01
7.246133089065551758e-01
7.509571313858032227e-01
7.246060967445373535e-01
7.562125921249389648e-01
7.595810294151306152e-01
7.657023072242736816e-01
7.349405288696289062e-01
7.513473033905029297e-01
7.612597942352294922e-01
7.354825735092163086e-01
7.633853554725646973e-01
7.278093099594116211e-01
7.405434250831604004e-01
7.881571650505065918e-01
7.499117255210876465e-01
7.967023253440856934e-01
7.534454464912414551e-01
7.837442755699157715e-01
7.318453788757324219e-01
8.049226999282836914e-01
7.200235724449157715e-01
7.787353992462158203e-01
7.164165973663330078e-01
7.498125433921813965e-01
7.507160902023315430e-01
7.918923497200012207e-01
7.682448029518127441e-01
7.261294126510620117e-01
7.606272697448730469e-01
7.336935997009277344e-01
6.671304106712341309e-01
7.784891724586486816e-01
7.639741897583007812e-01
7.758377790451049805e-01
6.664459109306335449e-01
6.147025227546691895e-01
7.638961672782897949e-01
7.651423811912536621e-01
8.119286894798278809e-01
7.185555100440979004e-01
6.056849360466003418e-01
8.099846839904785156e-01
7.352580428123474121e-01
7.387802004814147949e-01
7.809085845947265625e-01
7.125428915023803711e-01
8.117955923080444336e-01
8.399118781089782715e-01
8.159409165382385254e-01
8.005819916725158691e-01
8.196081519126892090e-01
8.094878792762756348e-01
8.292456865310668945e-01
8.163784146308898926e-01
8.396666049957275391e-01
8.363264203071594238e-01
8.336285948753356934e-01
8.148174881935119629e-01
7.858585715293884277e-01
7.739527821540832520e-01
8.097108602523803711e-01
8.062924742698669434e-01
8.156942129135131836e-01
8.191882967948913574e-01
7.867496609687805176e-01
8.344893455505371094e-01
7.697281837463378906e-01
7.959107756614685059e-01
8.144719004631042480e-01
8.530678153038024902e-01
8.166503310203552246e-01
8.157134652137756348e-01
8.127526640892028809e-01
8.315222859382629395e-01
7.884280681610107422e-01
8.443655371665954590e-01
8.319795727729797363e-01
8.202244043350219727e-01
8.272610902786254883e-01
8.287455439567565918e-01
7.994912266731262207e-01
7.814587354660034180e-01
8.035832047462463379e-01
7.903223037719726562e-01
7.720791101455688477e-01
5.422797799110412598e-01
8.076987266540527344e-01
8.497181534767150879e-01
8.224314451217651367e-01
8.077207207679748535e-01
8.021565079689025879e-01
8.142223358154296875e-01
8.223933577537536621e-01
7.964250445365905762e-01
7.936384081840515137e-01
8.027493357658386230e-01
8.270116448402404785e-01
8.422660827636718750e-01
8.223676681518554688e-01
8.123963475227355957e-01
8.131551742553710938e-01
8.237692713737487793e-01
8.253954648971557617e-01
8.251144886016845703e-01
8.156662583351135254e-01
8.128681182861328125e-01
7.816039323806762695e-01
8.290674686431884766e-01
8.181751966476440430e-01
8.073025345802307129e-01
8.576130270957946777e-01
8.387075066566467285e-01
7.626980543136596680e-01
8.073729872703552246e-01
8.007067441940307617e-01
8.376647233963012695e-01
8.083816766738891602e-01
8.351837992668151855e-01
8.104925751686096191e-01
8.551228642463684082e-01
8.000153899192810059e-01
6.523143053054809570e-01
6.441147923469543457e-01
5.613018870353698730e-01
5.343396067619323730e-01
6.304716467857360840e-01
5.367404222488403320e-01
4.573980867862701416e-01
5.243688821792602539e-01
6.625468730926513672e-01
6.517454981803894043e-01
5.604466795921325684e-01
5.108516812324523926e-01
6.022947430610656738e-01
6.206733584403991699e-01
4.421575963497161865e-01
5.439249873161315918e-01
5.334290862083435059e-01
5.017572045326232910e-01
6.161836385726928711e-01
6.018803119659423828e-01
5.565000176429748535e-01
6.424602866172790527e-01
6.766585707664489746e-01
5.604053735733032227e-01
3.840900361537933350e-01
5.570525527000427246e-01
5.649859309196472168e-01
5.683442950248718262e-01
5.790653228759765625e-01
5.613018870353698730e-01
5.894241333007812500e-01
3.668672144412994385e-01
5.482000112533569336e-01
6.043280959129333496e-01
6.129902601242065430e-01
5.517352223396301270e-01
5.381297469139099121e-01
5.050618052482604980e-01
5.132272243499755859e-01
5.631020069122314453e-01
5.352045297622680664e-01
4.895878434181213379e-01
5.686092972755432129e-01
5.958010554313659668e-01
6.068928837776184082e-01
4.207039177417755127e-01
4.804125130176544189e-01
6.933877468109130859e-01
6.651495695114135742e-01
4.679879844188690186e-01
7.670372724533081055e-01
6.785747408866882324e-01
6.327965855598449707e-01
5.824088454246520996e-01
6.164709925651550293e-01
6.354507803916931152e-01
6.539577245712280273e-01
7.145514488220214844e-01
6.805617809295654297e-01
6.365048289299011230e-01
5.362204313278198242e-01
4.720824658870697021e-01
7.353501915931701660e-01
5.889884233474731445e-01
6.827636957168579102e-01
6.396690607070922852e-01
6.252418756484985352e-01
6.915919780731201172e-01
6.191449761390686035e-01
6.820939779281616211e-01
6.917276978492736816e-01
5.971771478652954102e-01
6.289710402488708496e-01
6.622187495231628418e-01
5.628957748413085938e-01
6.148785948753356934e-01
5.613574385643005371e-01
6.334403753280639648e-01
5.892961025238037109e-01
6.174172759056091309e-01
5.682208538055419922e-01
5.922932624816894531e-01
6.299630403518676758e-01
5.624748468399047852e-01
5.750390291213989258e-01
4.988814592361450195e-01
6.951600909233093262e-01
6.024312376976013184e-01
6.351356506347656250e-01
5.823245644569396973e-01
6.376699209213256836e-01
5.405835509300231934e-01
5.208021402359008789e-01
6.116968989372253418e-01
6.553506255149841309e-01
6.839324831962585449e-01
7.061375379562377930e-01
6.989817023277282715e-01
6.444762349128723145e-01
6.174957156181335449e-01
6.098953485488891602e-01
6.228063702583312988e-01
6.444650292396545410e-01
6.472159624099731445e-01
6.003208756446838379e-01
7.280881404876708984e-01
4.623447358608245850e-01
4.345099329948425293e-01
4.931958317756652832e-01
5.115413665771484375e-01
4.973804652690887451e-01
4.795882105827331543e-01
4.943516552448272705e-01
5.365491509437561035e-01
4.258330166339874268e-01
6.105474233627319336e-01
4.327116310596466064e-01
4.746771156787872314e-01
4.510711431503295898e-01
4.617659449577331543e-01
4.929666817188262939e-01
4.731417298316955566e-01
5.013163089752197266e-01
4.822226762771606445e-01
4.823631048202514648e-01
5.121557712554931641e-01
4.879991710186004639e-01
5.109974145889282227e-01
5.313799977302551270e-01
4.858016967773437500e-01
3.977968990802764893e-01
5.027832388877868652e-01
4.924946427345275879e-01
4.796763062477111816e-01
4.929116964340209961e-01
4.648023545742034912e-01
5.122493505477905273e-01
5.299380421638488770e-01
4.716413319110870361e-01
5.225639343261718750e-01
4.383601844310760498e-01
4.776302278041839600e-01
4.707171022891998291e-01
4.559118747711181641e-01
5.228392481803894043e-01
4.185840189456939697e-01
4.888238310813903809e-01
5.113951563835144043e-01
5.025223493576049805e-01
4.792117774486541748e-01
5.081654191017150879e-01
5.048424005508422852e-01
5.153521299362182617e-01
4.799505174160003662e-01
5.217767357826232910e-01
4.863023161888122559e-01
4.391704201698303223e-01
4.500776231288909912e-01
5.035520195960998535e-01
4.382663369178771973e-01
4.867359101772308350e-01
5.100244283676147461e-01
4.488230943679809570e-01
4.762713909149169922e-01
4.227384626865386963e-01
5.011916160583496094e-01
4.982295930385589600e-01
4.738593399524688721e-01
4.235680103302001953e-01
4.542604088783264160e-01
4.848229289054870605e-01
4.701648652553558350e-01
4.738710820674896240e-01
4.849184453487396240e-01
5.047639012336730957e-01
5.290686488151550293e-01
5.085378885269165039e-01
5.085885524749755859e-01
5.094613432884216309e-01
4.247865676879882812e-01
4.878084659576416016e-01
5.096284151077270508e-01
5.211742520332336426e-01
7.442081719636917114e-02
8.812876790761947632e-02
4.338742420077323914e-02
1.628606170415878296e-01
4.859915748238563538e-02
9.872342646121978760e-02
2.100589871406555176e-01
4.884352684020996094e-01
4.828655719757080078e-02
5.926260724663734436e-02
3.712801933288574219e-01
4.501858949661254883e-01
2.235389202833175659e-01
1.152603402733802795e-01
3.259578049182891846e-01
4.777115881443023682e-01
5.304015874862670898e-01
4.039715528488159180e-01
1.736186295747756958e-01
4.521540105342864990e-01
6.246837973594665527e-02
4.393123462796211243e-02
4.591284990310668945e-01
3.600811064243316650e-01
1.080193668603897095e-01
4.601991772651672363e-01
1.332861930131912231e-01
4.726451337337493896e-01
2.904671132564544678e-01
5.075688958168029785e-01
6.893407553434371948e-02
4.781303703784942627e-01
5.107191205024719238e-01
2.243660837411880493e-01
5.935980007052421570e-02
1.693103164434432983e-01
6.722807884216308594e-02
6.375589221715927124e-02
8.559148013591766357e-02
3.293613195419311523e-01
1.508228182792663574e-01
1.795943230390548706e-01
5.256144329905509949e-02
4.393178820610046387e-01
4.951387047767639160e-01
4.490417242050170898e-01
7.345967739820480347e-02
8.295846730470657349e-02
5.512437224388122559e-02
4.920620024204254150e-01
1.522981226444244385e-01
8.773619681596755981e-02
4.020215943455696106e-02
5.121443867683410645e-01
1.890520006418228149e-01
7.976575195789337158e-02
4.409589469432830811e-01
3.413751125335693359e-01
9.788548201322555542e-02
1.547213345766067505e-01
4.522750526666641235e-02
1.710313409566879272e-01
1.366101950407028198e-01
5.783183574676513672e-01
5.452241897583007812e-01
8.685189485549926758e-02
4.756809175014495850e-01
5.037740990519523621e-02
8.433481305837631226e-02
3.172425329685211182e-01
4.375312328338623047e-01
5.256480574607849121e-01
5.029425024986267090e-01
5.841572284698486328e-01
1.003220900893211365e-01
5.968674272298812866e-02
5.616015195846557617e-01
1.954582631587982178e-01
2.973968982696533203e-01
4.299641847610473633e-01
1.665187627077102661e-01
4.549981057643890381e-01
1.711208075284957886e-01
4.756883382797241211e-01
4.628527462482452393e-01
5.419380664825439453e-01
2.989567220211029053e-01
2.647680640220642090e-01
3.622337579727172852e-01
4.023100137710571289e-01
4.367347955703735352e-01
7.630524784326553345e-02
3.423038423061370850e-01
5.844910144805908203e-01
1.604021340608596802e-01
3.046257495880126953e-01
3.131645619869232178e-01
1.291011720895767212e-01
1.225873455405235291e-01
1.874097138643264771e-01
3.069249987602233887e-01
2.927238047122955322e-01
5.238265991210937500e-01
5.280246585607528687e-02
4.980248510837554932e-01
3.633441627025604248e-01
6.027578115463256836e-01
5.262147188186645508e-01
5.393758416175842285e-02
4.701535701751708984e-01
4.499890282750129700e-02
5.057017207145690918e-01
2.993170544505119324e-02
6.404238939285278320e-01
2.605388462543487549e-01
3.203938305377960205e-01
1.842941492795944214e-01
5.717480778694152832e-01
6.752383112907409668e-01
6.829838752746582031e-01
3.292980194091796875e-01
5.353685617446899414e-01
1.365028470754623413e-01
5.046212673187255859e-01
5.207504630088806152e-01
5.130535364151000977e-01
1.354777812957763672e-01
4.134734869003295898e-01
1.379739195108413696e-01
1.766737699508666992e-01
5.177371501922607422e-01
6.100947856903076172e-01
1.091864034533500671e-01
4.875764250755310059e-01
1.194506883621215820e-01
3.950868844985961914e-01
4.650738239288330078e-01
2.919052243232727051e-01
3.080895841121673584e-01
3.996891975402832031e-01
3.278308212757110596e-01
4.504610002040863037e-01
6.104155629873275757e-02
3.980039358139038086e-01
3.437391817569732666e-01
4.091307818889617920e-01
4.249574840068817139e-01
3.482173085212707520e-01
4.595697820186614990e-01
6.812789440155029297e-01
2.856167256832122803e-01
1.011954396963119507e-01
4.671790897846221924e-01
1.684417426586151123e-01
5.643851161003112793e-01
6.723335385322570801e-01
1.327967345714569092e-01
1.798596531152725220e-01
1.858121454715728760e-01
4.678635671734809875e-02
2.948411107063293457e-01
3.883836269378662109e-01
4.370072782039642334e-01
6.054660081863403320e-01
4.388464689254760742e-01
1.317075192928314209e-01
4.824728146195411682e-02
1.677731573581695557e-01
4.505307227373123169e-02
5.288810282945632935e-02
6.752376258373260498e-02
2.862494289875030518e-01
5.052440762519836426e-01
4.735532030463218689e-02
6.919039487838745117e-01
1.334727108478546143e-01
4.977100491523742676e-01
4.331625998020172119e-01
1.209843829274177551e-01
4.292185604572296143e-01
2.812405228614807129e-01
1.036797687411308289e-01
9.032151848077774048e-02
4.842720031738281250e-01
2.014381438493728638e-01
3.690586239099502563e-02
4.619208350777626038e-02
5.328202247619628906e-01
3.297497704625129700e-02
1.146994680166244507e-01
3.208299353718757629e-02
3.859444558620452881e-01
5.011015534400939941e-01
9.764601290225982666e-02
3.361531496047973633e-01
3.016595244407653809e-01
4.806889593601226807e-01
3.945545256137847900e-01
4.070142805576324463e-01
2.986485362052917480e-01
4.000203609466552734e-01
3.384837806224822998e-01
3.906303271651268005e-02
6.863842606544494629e-01
6.183490753173828125e-01
2.909574508666992188e-01
2.739422619342803955e-01
1.460453718900680542e-01
7.005282044410705566e-01
2.119769155979156494e-01
9.267496317625045776e-02
2.263124883174896240e-01
2.361048310995101929e-01
3.937407433986663818e-01
1.093503907322883606e-01
3.156057000160217285e-02
4.077848792076110840e-01
1.477305144071578979e-01
3.978646993637084961e-01
4.406916499137878418e-01
4.097141921520233154e-01
1.202806010842323303e-01
2.468972951173782349e-01
5.089422464370727539e-01
2.593511343002319336e-01
9.316936135292053223e-02
9.377729892730712891e-02
4.189065098762512207e-01
3.640516102313995361e-01
2.336907945573329926e-02
2.376936376094818115e-01
1.395068168640136719e-01
1.006952598690986633e-01
5.504204630851745605e-01
4.536448419094085693e-01
2.879706621170043945e-01
4.616772234439849854e-01
8.313417434692382812e-02
1.915410757064819336e-01
1.557701975107192993e-01
4.576566219329833984e-01
3.783004358410835266e-02
6.599082350730895996e-01
5.020172595977783203e-01
3.536123335361480713e-01
9.666227549314498901e-02
3.027939200401306152e-01
2.678484618663787842e-01
3.596687912940979004e-01
3.064560592174530029e-01
2.316050231456756592e-01
4.841139316558837891e-01
5.491272807121276855e-01
4.337263703346252441e-01
5.768601298332214355e-01
1.355736404657363892e-01
2.415086030960083008e-01
5.530828610062599182e-02
3.582062721252441406e-01
3.130863606929779053e-01
2.883999347686767578e-01
5.081736445426940918e-01
4.559372961521148682e-01
1.773706525564193726e-01
4.861054420471191406e-01
2.046730518341064453e-01
3.537124693393707275e-01
5.036947727203369141e-01
1.346846520900726318e-01
1.771945655345916748e-01
4.237456917762756348e-01
2.592183351516723633e-01
5.618438124656677246e-01
6.044062376022338867e-01
5.431674122810363770e-01
1.535385102033615112e-01
1.185636520385742188e-01
4.129542708396911621e-01
4.545602947473526001e-02
4.785530865192413330e-01
3.278954923152923584e-01
4.487974643707275391e-01
2.529644370079040527e-01
4.340204000473022461e-01
1.131817772984504700e-01
5.949297547340393066e-01
4.214016199111938477e-01
2.596521973609924316e-01
4.238948523998260498e-01
3.287296295166015625e-01
3.008926808834075928e-01
1.386761367321014404e-01
3.583369553089141846e-01
1.616497039794921875e-01
5.104815363883972168e-01
4.703278839588165283e-01
5.682541131973266602e-01
4.933665096759796143e-01
5.659803152084350586e-01
4.186844825744628906e-01
4.234675168991088867e-01
3.434817790985107422e-01
3.479671478271484375e-01
3.451280593872070312e-01
9.575483947992324829e-02
7.708787322044372559e-01
1.030829325318336487e-01
1.455742269754409790e-01
7.125865668058395386e-02
1.383501142263412476e-01
4.537541270256042480e-01
4.519788324832916260e-01
1.499567478895187378e-01
3.940689265727996826e-01
6.568779796361923218e-02
1.279942989349365234e-01
3.955426812171936035e-01
4.926362335681915283e-01
1.605891436338424683e-01
3.865952491760253906e-01
6.757773756980895996e-01
1.542809903621673584e-01
6.789154410362243652e-01
9.048602730035781860e-02
1.045891493558883667e-01
4.597017467021942139e-01
6.014635562896728516e-01
4.929000139236450195e-01
5.975515395402908325e-02
4.458370208740234375e-01
5.930670723319053650e-02
1.668494939804077148e-01
4.396208822727203369e-01
5.397998094558715820e-01
5.979961752891540527e-01
3.101486153900623322e-02
2.998361885547637939e-01
5.193170905113220215e-01
9.333057701587677002e-02
3.287832140922546387e-01
5.491757392883300781e-01
2.485453337430953979e-01
4.287809133529663086e-01
1.848661601543426514e-01
4.462216794490814209e-01
4.636372923851013184e-01
4.140919744968414307e-01
3.996032476425170898e-01
3.081774115562438965e-01
3.185741901397705078e-01
3.815510496497154236e-02
3.052743673324584961e-01
5.771598219871520996e-01
4.547245800495147705e-01
3.626178205013275146e-01
1.482217013835906982e-01
6.265056729316711426e-01
7.976798415184020996e-01
5.322731137275695801e-01
3.312395513057708740e-02
3.611899018287658691e-01
1.047613471746444702e-01
1.775534152984619141e-01
5.433099865913391113e-01
3.016431927680969238e-01
7.512500286102294922e-01
5.237372517585754395e-01
3.612493574619293213e-01
3.334092199802398682e-01
4.209374785423278809e-01
3.496896848082542419e-02
2.906942367553710938e-01
1.941891163587570190e-01
5.867871046066284180e-01
2.556075453758239746e-01
5.502759814262390137e-01
1.574852466583251953e-01
2.733993902802467346e-02
6.008620858192443848e-01
3.548801243305206299e-01
5.717146396636962891e-01
3.470284938812255859e-01
4.445136785507202148e-01
1.389004588127136230e-01
1.238010823726654053e-01
4.500173628330230713e-01
1.572155207395553589e-01
4.383678138256072998e-01
6.380575895309448242e-02
1.045435294508934021e-01
9.346213936805725098e-02
3.089553415775299072e-01
3.534199893474578857e-01
5.586628913879394531e-01
4.960519447922706604e-02
2.395700663328170776e-01
4.516205936670303345e-02
1.994262784719467163e-01
1.419568359851837158e-01
4.639575779438018799e-01
6.126964092254638672e-02
2.127067893743515015e-01
5.142762064933776855e-01
8.259817957878112793e-02
7.702174037694931030e-02
3.722178936004638672e-01
5.017696022987365723e-01
3.482048809528350830e-01
1.133067011833190918e-01
2.047875374555587769e-01
5.562026500701904297e-01
4.104489088058471680e-02
3.678803443908691406e-01
9.561049938201904297e-02
4.695169627666473389e-01
4.161219000816345215e-01
5.176041722297668457e-01
4.250708222389221191e-01
5.835255980491638184e-02
1.888839602470397949e-01
3.308841884136199951e-01
4.412434399127960205e-01
2.897808253765106201e-01
4.632557928562164307e-01
2.801871895790100098e-01
3.207433521747589111e-01
2.831770181655883789e-01
3.405343890190124512e-01
1.842010170221328735e-01
2.701040208339691162e-01
1.027938723564147949e-01
9.157658368349075317e-02
1.198141425848007202e-01
6.432909518480300903e-02
4.720986783504486084e-01
1.771223247051239014e-01
2.139084488153457642e-01
1.436047255992889404e-01
1.752598136663436890e-01
8.587085455656051636e-02
3.664419353008270264e-01
6.263148784637451172e-02
3.963040113449096680e-01
5.478945747017860413e-02
4.459681808948516846e-01
3.410102128982543945e-01
5.293548703193664551e-01
4.653873145580291748e-01
3.673991858959197998e-01
7.302541285753250122e-02
4.853147864341735840e-01
5.391307547688484192e-02
3.718283474445343018e-01
1.998719424009323120e-01
2.385659664869308472e-01
2.721595764160156250e-01
4.254478514194488525e-01
3.948159813880920410e-01
4.148844778537750244e-01
6.908504664897918701e-02
4.943999052047729492e-01
1.040994003415107727e-01
1.046469956636428833e-01
6.104194000363349915e-02
4.463909864425659180e-01
6.840817332267761230e-01
5.125815868377685547e-01
4.350829422473907471e-01
6.315786242485046387e-01
4.600594341754913330e-01
1.606265902519226074e-01
1.786348670721054077e-01
2.770994007587432861e-01
3.720450997352600098e-01
4.836031794548034668e-01
4.330855906009674072e-01
1.899086385965347290e-01
3.097182214260101318e-01
3.633875250816345215e-01
6.182400584220886230e-01
5.208021998405456543e-01
5.476647615432739258e-01
1.939324885606765747e-01
1.166103780269622803e-01
1.698687523603439331e-01
1.264181733131408691e-01
3.784235417842864990e-01
1.279091089963912964e-01
5.003473758697509766e-01
3.423240780830383301e-01
9.909112006425857544e-02
5.364975929260253906e-01
4.759323298931121826e-01
2.138711065053939819e-01
7.137053459882736206e-02
4.941834509372711182e-01
1.817266941070556641e-01
2.927144467830657959e-01
6.316363066434860229e-02
5.576540157198905945e-02
2.877498231828212738e-02
4.934766590595245361e-01
2.415408343076705933e-01
2.056524604558944702e-01
6.532967090606689453e-02
4.820729792118072510e-01
5.065233111381530762e-01
5.091196894645690918e-01
5.325993150472640991e-02
4.908350110054016113e-01
4.988707974553108215e-02
6.705964356660842896e-02
7.777995616197586060e-02
4.910974204540252686e-01
1.009289100766181946e-01
4.643062055110931396e-01
3.884394466876983643e-01
8.898813277482986450e-02
7.218803465366363525e-02
4.764438569545745850e-01
7.697152346372604370e-02
2.003038227558135986e-01
6.541292369365692139e-02
1.769956201314926147e-01
4.357462525367736816e-01
8.492188155651092529e-02
4.333873465657234192e-02
7.818502932786941528e-02
1.028337776660919189e-01
4.681608974933624268e-01
6.711742281913757324e-02
7.253964990377426147e-02
6.328115612268447876e-02
1.553371399641036987e-01
4.303549230098724365e-01
1.766858845949172974e-01
9.058530628681182861e-02
2.681746892631053925e-02
1.026579886674880981e-01
1.609295606613159180e-01
1.764779239892959595e-01
4.925410151481628418e-01
1.364379972219467163e-01
4.476576447486877441e-01
7.602488994598388672e-02
8.895733207464218140e-02
2.566287107765674591e-02
2.164086252450942993e-01
4.392384886741638184e-01
1.824226081371307373e-01
4.251714050769805908e-01
5.147584900259971619e-02
3.952598944306373596e-02
1.251451373100280762e-01
5.362228751182556152e-01
4.480672180652618408e-01
1.845071017742156982e-01
5.628405511379241943e-02
1.948527097702026367e-01
