9.935185313224792480e-01
9.454335570335388184e-01
9.630349874496459961e-01
5.324038267135620117e-01
2.278297096490859985e-01
9.365845918655395508e-01
4.304018616676330566e-01
5.424003005027770996e-01
5.086729526519775391e-01
9.898816943168640137e-01
9.388056993484497070e-01
2.564470767974853516e-01
9.979967474937438965e-01
4.321590065956115723e-01
4.277062118053436279e-01
4.798890948295593262e-01
9.719119668006896973e-01
9.372903704643249512e-01
4.522286951541900635e-01
9.729405641555786133e-01
5.062155127525329590e-01
9.003083705902099609e-01
5.197529792785644531e-01
9.608998894691467285e-01
5.286566615104675293e-01
9.573690295219421387e-01
4.680505990982055664e-01
9.094675779342651367e-01
9.614350199699401855e-01
3.252014219760894775e-01
9.837580323219299316e-01
4.941542148590087891e-01
5.076384544372558594e-01
9.771479368209838867e-01
8.619577288627624512e-01
9.644567966461181641e-01
9.747647643089294434e-01
9.802166819572448730e-01
4.198407828807830811e-01
5.780129432678222656e-01
5.008230805397033691e-01
4.334689080715179443e-01
9.718979597091674805e-01
5.019695758819580078e-01
5.508325695991516113e-01
4.548755288124084473e-01
4.554968178272247314e-01
4.028768241405487061e-01
9.547690153121948242e-01
4.238668382167816162e-01
9.549970626831054688e-01
4.114039242267608643e-01
5.361214876174926758e-01
2.878417372703552246e-01
5.335970520973205566e-01
2.676017284393310547e-01
3.094787895679473877e-01
4.263194799423217773e-01
4.006309509277343750e-01
9.271736145019531250e-01
9.921978116035461426e-01
9.590587615966796875e-01
9.922939538955688477e-01
3.114317059516906738e-01
9.608334302902221680e-01
4.091850221157073975e-01
4.815543293952941895e-01
9.899010062217712402e-01
2.688127160072326660e-01
4.294017851352691650e-01
9.678276181221008301e-01
9.946044087409973145e-01
5.232524871826171875e-01
3.618853986263275146e-01
9.040552973747253418e-01
4.611624777317047119e-01
4.569918513298034668e-01
5.663928389549255371e-01
9.888647794723510742e-01
5.314500331878662109e-01
5.007088780403137207e-01
4.698152542114257812e-01
5.550627708435058594e-01
5.071296095848083496e-01
5.413267612457275391e-01
4.905868768692016602e-01
9.775757789611816406e-01
5.450868606567382812e-01
6.501687169075012207e-01
4.956551194190979004e-01
9.646561145782470703e-01
5.015215873718261719e-01
5.450389385223388672e-01
9.373139142990112305e-01
9.440272450447082520e-01
9.228143692016601562e-01
9.654918313026428223e-01
9.981557726860046387e-01
5.393605232238769531e-01
4.468353390693664551e-01
5.417290329933166504e-01
9.125104546546936035e-01
5.547099113464355469e-01
4.987106323242187500e-01
9.238502383232116699e-01
5.410754084587097168e-01
9.854677319526672363e-01
5.073645710945129395e-01
5.358274579048156738e-01
5.199823379516601562e-01
9.542140364646911621e-01
4.301356077194213867e-01
5.421675443649291992e-01
5.009515881538391113e-01
9.624253511428833008e-01
4.665072262287139893e-01
4.659769237041473389e-01
9.720941781997680664e-01
9.854784011840820312e-01
9.748039245605468750e-01
5.106907486915588379e-01
9.919313788414001465e-01
8.961743712425231934e-01
5.197397470474243164e-01
9.937106370925903320e-01
5.031902194023132324e-01
9.965859651565551758e-01
4.548490345478057861e-01
9.265458583831787109e-01
9.759180545806884766e-01
9.620152115821838379e-01
9.110196828842163086e-01
9.720089435577392578e-01
5.249173045158386230e-01
5.121496915817260742e-01
4.203240573406219482e-01
5.607047080993652344e-01
9.402013421058654785e-01
9.881476759910583496e-01
8.533921837806701660e-01
5.362474322319030762e-01
9.662558436393737793e-01
9.495960474014282227e-01
5.207448005676269531e-01
9.930821657180786133e-01
3.925109505653381348e-01
5.237045884132385254e-01
5.169261097908020020e-01
6.110773682594299316e-01
8.394730091094970703e-01
9.282040596008300781e-01
4.565293490886688232e-01
9.832977056503295898e-01
5.628634691238403320e-01
9.438475966453552246e-01
9.591721892356872559e-01
9.735457897186279297e-01
9.579783082008361816e-01
5.080743432044982910e-01
5.676676034927368164e-01
5.235112309455871582e-01
5.769715309143066406e-01
5.079072117805480957e-01
4.826565682888031006e-01
9.703100919723510742e-01
9.548844099044799805e-01
5.412226319313049316e-01
5.116414427757263184e-01
9.851710200309753418e-01
5.573238730430603027e-01
4.524871110916137695e-01
9.395197033882141113e-01
4.663317501544952393e-01
5.284340381622314453e-01
9.647527337074279785e-01
4.468265473842620850e-01
9.795476198196411133e-01
4.132185578346252441e-01
4.744261801242828369e-01
9.135370850563049316e-01
4.789116084575653076e-01
4.691881239414215088e-01
8.553059101104736328e-01
4.667738080024719238e-01
9.894299507141113281e-01
9.952915906906127930e-01
4.856835603713989258e-01
4.511575102806091309e-01
9.345427155494689941e-01
4.619681537151336670e-01
4.901271164417266846e-01
4.657200872898101807e-01
9.779340624809265137e-01
9.403124451637268066e-01
4.600258469581604004e-01
9.576445221900939941e-01
4.527712464332580566e-01
4.369277060031890869e-01
4.365859031677246094e-01
5.794897079467773438e-01
4.405836164951324463e-01
9.572826027870178223e-01
4.745642840862274170e-01
9.382461309432983398e-01
9.786605834960937500e-01
4.569984972476959229e-01
4.734221100807189941e-01
4.406806230545043945e-01
8.443688154220581055e-01
4.540627598762512207e-01
4.492656886577606201e-01
4.624536633491516113e-01
4.582963585853576660e-01
8.984541893005371094e-01
9.915724992752075195e-01
8.146252036094665527e-01
9.310404062271118164e-01
4.501402676105499268e-01
4.384402036666870117e-01
9.767796397209167480e-01
9.879930019378662109e-01
9.841164946556091309e-01
9.530299901962280273e-01
4.769728779792785645e-01
9.819312095642089844e-01
4.496148526668548584e-01
4.796580970287322998e-01
4.551342129707336426e-01
9.964816570281982422e-01
9.499401450157165527e-01
4.306206703186035156e-01
4.591155052185058594e-01
4.595204293727874756e-01
9.756734371185302734e-01
4.330496788024902344e-01
9.609540700912475586e-01
4.803667366504669189e-01
9.721978306770324707e-01
9.766571521759033203e-01
9.213936328887939453e-01
5.051906704902648926e-01
8.975595831871032715e-01
4.726788103580474854e-01
9.750037789344787598e-01
5.043606162071228027e-01
4.474058747291564941e-01
5.208287239074707031e-01
9.722446203231811523e-01
5.154659748077392578e-01
4.957841932773590088e-01
4.584948420524597168e-01
4.946344792842864990e-01
5.124516487121582031e-01
4.929133951663970947e-01
5.119843482971191406e-01
9.445534944534301758e-01
8.704473972320556641e-01
7.180698513984680176e-01
9.749382734298706055e-01
4.728575348854064941e-01
9.829943180084228516e-01
4.870022535324096680e-01
5.261861681938171387e-01
5.003337264060974121e-01
9.772676825523376465e-01
4.794901311397552490e-01
9.593425393104553223e-01
5.448695421218872070e-01
5.096359252929687500e-01
7.064626216888427734e-01
5.170149803161621094e-01
9.719129800796508789e-01
9.673585295677185059e-01
9.873111248016357422e-01
4.576370120048522949e-01
4.913620650768280029e-01
4.918534755706787109e-01
5.048466920852661133e-01
5.032916069030761719e-01
5.003759264945983887e-01
9.575086832046508789e-01
5.094934701919555664e-01
5.269067883491516113e-01
4.606421291828155518e-01
9.830157160758972168e-01
9.726666808128356934e-01
5.139297842979431152e-01
9.721691012382507324e-01
9.751166701316833496e-01
4.974939823150634766e-01
4.771554768085479736e-01
4.696443080902099609e-01
5.218544006347656250e-01
9.856858253479003906e-01
8.831695914268493652e-01
5.045203566551208496e-01
5.098779797554016113e-01
4.960126876831054688e-01
4.966047704219818115e-01
5.536414980888366699e-01
4.925597608089447021e-01
8.835544586181640625e-01
5.049647688865661621e-01
4.952358603477478027e-01
9.798932075500488281e-01
9.009845852851867676e-01
4.805234968662261963e-01
9.961476325988769531e-01
9.681258201599121094e-01
4.842436015605926514e-01
4.958771467208862305e-01
4.763949513435363770e-01
5.346428751945495605e-01
9.190015196800231934e-01
5.141735672950744629e-01
4.840149879455566406e-01
9.826695919036865234e-01
4.752964079380035400e-01
4.592767953872680664e-01
6.045971512794494629e-01
5.774379372596740723e-01
5.498656034469604492e-01
9.759322404861450195e-01
5.189066529273986816e-01
5.443543791770935059e-01
6.310063004493713379e-01
5.600463151931762695e-01
5.485159754753112793e-01
5.887452960014343262e-01
9.859117865562438965e-01
6.281909942626953125e-01
9.907187819480895996e-01
4.922818541526794434e-01
5.880015492439270020e-01
6.070405840873718262e-01
5.557502508163452148e-01
5.686927437782287598e-01
5.849989652633666992e-01
6.185445189476013184e-01
6.349366903305053711e-01
9.801526665687561035e-01
9.824346899986267090e-01
5.755628943443298340e-01
9.617378115653991699e-01
5.220965147018432617e-01
5.827819108963012695e-01
6.050925850868225098e-01
5.689077973365783691e-01
5.498656034469604492e-01
9.777106642723083496e-01
9.768739342689514160e-01
5.675942301750183105e-01
5.263563990592956543e-01
6.055709123611450195e-01
4.561875164508819580e-01
9.764136672019958496e-01
6.103516221046447754e-01
6.027861833572387695e-01
9.490941762924194336e-01
5.632253289222717285e-01
9.854105710983276367e-01
5.596952438354492188e-01
4.479131102561950684e-01
9.502593278884887695e-01
3.671294450759887695e-01
5.801396965980529785e-01
6.880655288696289062e-01
6.245833635330200195e-01
6.955005526542663574e-01
6.006203293800354004e-01
9.925643801689147949e-01
9.811148047447204590e-01
6.687947511672973633e-01
6.740948557853698730e-01
6.478418707847595215e-01
6.596384644508361816e-01
9.853811860084533691e-01
6.353373527526855469e-01
6.657791733741760254e-01
6.437485814094543457e-01
6.664048433303833008e-01
6.078143119812011719e-01
6.515241265296936035e-01
6.802180409431457520e-01
9.962175488471984863e-01
6.131953001022338867e-01
6.315175890922546387e-01
6.876540184020996094e-01
7.111092805862426758e-01
6.930103898048400879e-01
6.603495478630065918e-01
6.040376424789428711e-01
6.078912019729614258e-01
6.297286748886108398e-01
6.398009657859802246e-01
6.810286045074462891e-01
6.778185367584228516e-01
9.862889051437377930e-01
6.327114105224609375e-01
6.953182816505432129e-01
6.569686532020568848e-01
9.801276922225952148e-01
7.793022990226745605e-01
7.175263762474060059e-01
6.851696372032165527e-01
9.593437314033508301e-01
6.647613644599914551e-01
6.646238565444946289e-01
6.424813866615295410e-01
9.309743642807006836e-01
6.700984239578247070e-01
6.698954105377197266e-01
6.476607322692871094e-01
6.915851831436157227e-01
6.754246354103088379e-01
6.968729496002197266e-01
6.889304518699645996e-01
6.096298694610595703e-01
9.965290427207946777e-01
6.216456890106201172e-01
6.362875699996948242e-01
7.257671356201171875e-01
6.319387555122375488e-01
6.528122425079345703e-01
6.362453699111938477e-01
3.390644788742065430e-01
3.230698108673095703e-01
9.554622769355773926e-01
8.807104229927062988e-01
4.557507634162902832e-01
3.098352253437042236e-01
9.349588751792907715e-01
9.491795897483825684e-01
2.749629020690917969e-01
6.458451151847839355e-01
4.306724071502685547e-01
2.048901766538619995e-01
9.362317323684692383e-01
9.256512522697448730e-01
3.322302699089050293e-01
4.890143573284149170e-01
9.600293636322021484e-01
5.329020023345947266e-01
3.888194561004638672e-01
6.033817529678344727e-01
9.385529756546020508e-01
9.723953008651733398e-01
9.910383224487304688e-01
8.801381587982177734e-01
4.338917434215545654e-01
5.926618576049804688e-01
3.688208758831024170e-01
7.791377305984497070e-01
3.336335420608520508e-01
3.600702285766601562e-01
8.860754370689392090e-01
9.600482583045959473e-01
5.298423171043395996e-01
5.513863563537597656e-01
9.651651978492736816e-01
3.207134306430816650e-01
4.383522272109985352e-01
1.843151897192001343e-01
5.023556947708129883e-01
4.649580717086791992e-01
4.297865033149719238e-01
9.742792844772338867e-01
3.618971407413482666e-01
4.226858019828796387e-01
9.832972288131713867e-01
7.944854497909545898e-01
5.397217869758605957e-01
5.070573091506958008e-01
5.634704232215881348e-01
9.506514072418212891e-01
5.282536745071411133e-01
9.791212677955627441e-01
9.681934118270874023e-01
2.849800884723663330e-01
6.244010925292968750e-01
5.056083798408508301e-01
5.163856744766235352e-01
8.647888302803039551e-01
3.180223405361175537e-01
5.026479363441467285e-01
4.254066348075866699e-01
9.178133010864257812e-01
4.606588184833526611e-01
4.094418585300445557e-01
1.741233617067337036e-01
8.633515834808349609e-01
4.622532725334167480e-01
9.872014522552490234e-01
9.660767912864685059e-01
8.919986486434936523e-01
4.515096247196197510e-01
6.292092800140380859e-01
3.638745546340942383e-01
5.186359286308288574e-01
4.037193655967712402e-01
4.450115840882062912e-03
4.791288971900939941e-01
1.092811450362205505e-01
2.514867186546325684e-01
3.737452672794461250e-03
1.380438450723886490e-02
3.955761343240737915e-02
1.537341717630624771e-02
8.027820847928524017e-03
3.609215617179870605e-01
6.401001662015914917e-02
6.212541460990905762e-02
5.776191875338554382e-02
7.058286666870117188e-02
1.698811054229736328e-01
1.470969468355178833e-01
2.363966256380081177e-01
5.370028316974639893e-03
2.228277921676635742e-01
4.892824962735176086e-02
5.992894526571035385e-03
7.539563626050949097e-02
3.475095331668853760e-02
6.272630393505096436e-02
1.536109447479248047e-01
2.172369658946990967e-01
1.663117408752441406e-01
1.482061445713043213e-01
9.946513921022415161e-03
1.188836339861154556e-02
1.535198558121919632e-02
4.115708637982606888e-03
5.854760482907295227e-02
9.795204736292362213e-03
4.377263132482767105e-03
4.577221814543008804e-03
1.251583099365234375e-01
9.109684824943542480e-02
2.550571598112583160e-02
3.328044712543487549e-02
3.847421705722808838e-02
1.996615901589393616e-03
4.636601731181144714e-02
1.065887287259101868e-01
2.548477351665496826e-01
2.404138073325157166e-02
2.445531636476516724e-01
6.364167481660842896e-02
2.596201747655868530e-02
5.089756846427917480e-02
1.052463520318269730e-02
4.013055860996246338e-01
2.417192161083221436e-01
9.277310222387313843e-02
6.577969342470169067e-02
1.002064347267150879e-01
4.725525155663490295e-02
7.658389955759048462e-02
3.184579312801361084e-03
2.858272492885589600e-01
2.240933477878570557e-01
2.835015952587127686e-02
4.301930591464042664e-02
1.423120200634002686e-01
4.321129247546195984e-02
5.337944626808166504e-02
3.787637455388903618e-03
3.836578130722045898e-02
9.956213086843490601e-02
2.564722439274191856e-03
4.065683856606483459e-02
1.080406084656715393e-01
1.497784554958343506e-01
3.530648304149508476e-03
4.287922978401184082e-01
5.620158463716506958e-02
1.877328753471374512e-01
5.186612159013748169e-02
1.862926594913005829e-02
9.902634657919406891e-03
1.142301708459854126e-01
6.959245353937149048e-02
7.331787794828414917e-02
1.598244905471801758e-02
5.662111192941665649e-02
4.192399084568023682e-01
2.304014265537261963e-01
2.010969677940011024e-03
1.577677018940448761e-02
2.951545827090740204e-02
1.233536284416913986e-02
3.408879041671752930e-03
6.359406560659408569e-02
1.375845540314912796e-02
6.058277096599340439e-03
4.239144735038280487e-03
1.246314495801925659e-03
1.377815157175064087e-01
2.985714077949523926e-01
2.724303603172302246e-01
3.005119226872920990e-02
2.363902330398559570e-01
1.335223317146301270e-01
3.364743292331695557e-01
7.939429581165313721e-02
3.909245729446411133e-01
1.795911788940429688e-01
5.119625926017761230e-01
1.348707973957061768e-01
5.548346042633056641e-01
3.682124316692352295e-01
1.672162711620330811e-01
3.208089172840118408e-01
1.752705425024032593e-01
4.349387586116790771e-01
1.619810909032821655e-01
2.625441849231719971e-01
1.694097071886062622e-01
2.619917690753936768e-01
2.053935527801513672e-01
1.220849007368087769e-01
2.362575531005859375e-01
1.839995831251144409e-01
1.752705425024032593e-01
2.667755186557769775e-01
4.296666383743286133e-01
5.130059123039245605e-01
5.168594121932983398e-01
4.640964865684509277e-01
4.496367871761322021e-01
4.315472841262817383e-01
4.479481279850006104e-01
4.375460743904113770e-01
4.235803484916687012e-01
4.257731139659881592e-01
4.535260200500488281e-01
4.162103831768035889e-01
4.261645674705505371e-01
4.441439807415008545e-01
4.448230266571044922e-01
4.443660080432891846e-01
4.982647597789764404e-01
4.923029541969299316e-01
4.847367405891418457e-01
5.007834434509277344e-01
4.739646911621093750e-01
4.692419469356536865e-01
4.671003222465515137e-01
4.169965982437133789e-01
4.947477281093597412e-01
4.397543370723724365e-01
4.437144994735717773e-01
4.280139207839965820e-01
4.342405200004577637e-01
1.755226254463195801e-01
4.537661075592041016e-01
2.647284865379333496e-01
5.533134937286376953e-01
5.484970211982727051e-01
5.076674222946166992e-01
2.205504924058914185e-01
5.646010637283325195e-01
6.233956217765808105e-01
6.004411578178405762e-01
6.006165742874145508e-01
5.956159234046936035e-01
6.454440355300903320e-01
5.837344527244567871e-01
6.016706228256225586e-01
6.063762903213500977e-01
6.359000205993652344e-01
1.254976689815521240e-01
2.801570594310760498e-01
2.647232413291931152e-01
2.389968037605285645e-01
1.165221929550170898e-01
3.724680542945861816e-01
3.171328306198120117e-01
2.694191634654998779e-01
1.277428418397903442e-01
2.106135040521621704e-01
3.698682785034179688e-01
3.724069595336914062e-01
4.648833572864532471e-01
5.086729526519775391e-01
4.321590065956115723e-01
4.277062118053436279e-01
4.798890948295593262e-01
4.680505990982055664e-01
5.076384544372558594e-01
4.198407828807830811e-01
5.780129432678222656e-01
4.334689080715179443e-01
2.878417372703552246e-01
3.094787895679473877e-01
4.006309509277343750e-01
3.618853986263275146e-01
4.698152542114257812e-01
6.501687169075012207e-01
5.015215873718261719e-01
5.393605232238769531e-01
5.417290329933166504e-01
5.410754084587097168e-01
5.106907486915588379e-01
5.031902194023132324e-01
5.249173045158386230e-01
5.121496915817260742e-01
5.607047080993652344e-01
5.207448005676269531e-01
6.110773682594299316e-01
5.080743432044982910e-01
4.826565682888031006e-01
4.663317501544952393e-01
5.284340381622314453e-01
4.468265473842620850e-01
4.619681537151336670e-01
5.794897079467773438e-01
4.405836164951324463e-01
4.406806230545043945e-01
8.443688154220581055e-01
4.501402676105499268e-01
4.384402036666870117e-01
4.306206703186035156e-01
4.595204293727874756e-01
4.330496788024902344e-01
5.124516487121582031e-01
4.929133951663970947e-01
7.180698513984680176e-01
5.448695421218872070e-01
4.576370120048522949e-01
4.913620650768280029e-01
4.918534755706787109e-01
4.974939823150634766e-01
5.098779797554016113e-01
5.536414980888366699e-01
5.049647688865661621e-01
5.346428751945495605e-01
4.592767953872680664e-01
6.045971512794494629e-01
5.443543791770935059e-01
6.281909942626953125e-01
4.922818541526794434e-01
5.263563990592956543e-01
5.596952438354492188e-01
3.671294450759887695e-01
6.245833635330200195e-01
6.353373527526855469e-01
6.664048433303833008e-01
6.315175890922546387e-01
6.078912019729614258e-01
6.398009657859802246e-01
6.096298694610595703e-01
6.362875699996948242e-01
4.557507634162902832e-01
3.098352253437042236e-01
2.048901766538619995e-01
3.322302699089050293e-01
3.336335420608520508e-01
4.383522272109985352e-01
5.056083798408508301e-01
3.180223405361175537e-01
4.254066348075866699e-01
4.094418585300445557e-01
1.741233617067337036e-01
4.515096247196197510e-01
3.638745546340942383e-01
5.367153286933898926e-01
2.363902330398559570e-01
2.649436593055725098e-01
5.411067008972167969e-01
3.971642553806304932e-01
4.431831538677215576e-01
2.379508316516876221e-01
5.204735398292541504e-01
4.557152092456817627e-01
4.209752082824707031e-01
2.539743185043334961e-01
3.028842210769653320e-01
3.658208847045898438e-01
2.968680858612060547e-01
2.323886156082153320e-01
1.533876657485961914e-01
2.568450868129730225e-01
1.555965393781661987e-01
2.689497768878936768e-01
2.802056372165679932e-01
1.220388635993003845e-01
1.647037714719772339e-01
2.360562980175018311e-01
1.834775507450103760e-01
1.056570410728454590e-01
2.170352786779403687e-01
5.144286155700683594e-01
4.816578924655914307e-01
4.772388637065887451e-01
4.740228950977325439e-01
5.206718444824218750e-01
4.623925387859344482e-01
4.610671699047088623e-01
4.420629143714904785e-01
4.566621482372283936e-01
4.417051374912261963e-01
4.383080601692199707e-01
4.699516594409942627e-01
4.415992200374603271e-01
3.907825946807861328e-01
4.409548044204711914e-01
4.248355925083160400e-01
4.564511477947235107e-01
4.452032148838043213e-01
5.043724179267883301e-01
4.433194696903228760e-01
4.755904078483581543e-01
5.054928064346313477e-01
4.593331217765808105e-01
4.833926260471343994e-01
4.097658693790435791e-01
4.972152411937713623e-01
4.582887887954711914e-01
4.290202856063842773e-01
3.994896709918975830e-01
5.037919878959655762e-01
4.568045437335968018e-01
4.869249761104583740e-01
4.047043919563293457e-01
5.371342897415161133e-01
5.226202607154846191e-01
5.575584769248962402e-01
3.288905024528503418e-01
5.370117425918579102e-01
5.520616173744201660e-01
1.131168007850646973e-01
6.286647319793701172e-01
6.305232048034667969e-01
6.023259758949279785e-01
6.044331789016723633e-01
6.162358522415161133e-01
6.714892387390136719e-01
6.200544834136962891e-01
6.115285158157348633e-01
6.108156442642211914e-01
6.284232139587402344e-01
6.223140358924865723e-01
6.363427639007568359e-01
3.394517600536346436e-01
4.570823907852172852e-01
2.309329956769943237e-01
3.573489189147949219e-01
1.369950324296951294e-01
3.265796601772308350e-01
2.211016714572906494e-01
3.789844214916229248e-01
2.864300012588500977e-01
1.232363581657409668e-01
4.112326502799987793e-01
1.630175709724426270e-01
3.151058405637741089e-02
4.843186438083648682e-01
2.258837819099426270e-01
1.258419007062911987e-01
1.334129273891448975e-01
3.338415026664733887e-01
1.808149665594100952e-01
1.164084523916244507e-01
1.491868942975997925e-01
2.248578965663909912e-01
2.042309194803237915e-01
1.385276466608047485e-01
3.406734764575958252e-01
3.453706949949264526e-02
1.843274533748626709e-01
1.571142971515655518e-01
1.619810909032821655e-01
2.673818171024322510e-01
2.006368190050125122e-01
2.160143554210662842e-01
1.831336170434951782e-01
4.056622385978698730e-01
1.680637151002883911e-01
1.762211620807647705e-01
1.365324854850769043e-01
6.348664313554763794e-02
2.656717598438262939e-01
5.375849008560180664e-01
3.432903885841369629e-01
4.680684208869934082e-01
4.604044258594512939e-01
4.549097120761871338e-01
3.647046089172363281e-01
4.539160728454589844e-01
4.223805665969848633e-01
4.318432509899139404e-01
4.436901807785034180e-01
3.929868042469024658e-01
4.493572413921356201e-01
4.317193031311035156e-01
4.370971620082855225e-01
4.526020586490631104e-01
4.712636470794677734e-01
4.746918380260467529e-01
4.819844067096710205e-01
4.755904078483581543e-01
4.504002928733825684e-01
4.448865354061126709e-01
4.837686419486999512e-01
4.814741611480712891e-01
4.610515534877777100e-01
5.552202463150024414e-01
4.872454106807708740e-01
5.601395368576049805e-01
5.135701894760131836e-01
3.285371363162994385e-01
5.145910382270812988e-01
4.946076571941375732e-01
5.324608683586120605e-01
1.693290621042251587e-01
6.619328856468200684e-01
6.427916288375854492e-01
6.187427043914794922e-01
6.535071134567260742e-01
6.296604275703430176e-01
6.291583776473999023e-01
6.058636903762817383e-01
6.904910802841186523e-01
9.853679686784744263e-02
1.487728059291839600e-01
5.246812850236892700e-02
2.129330486059188843e-01
2.210821807384490967e-01
1.574339419603347778e-01
2.285584211349487305e-01
4.691149294376373291e-02
7.570943981409072876e-02
1.804229319095611572e-01
2.927710413932800293e-01
1.691436916589736938e-01
3.512298762798309326e-01
2.077051904052495956e-03
4.411158151924610138e-03
2.658908665180206299e-01
1.294964225962758064e-03
4.227213561534881592e-01
2.175277099013328552e-02
4.974649250507354736e-01
3.739096969366073608e-02
3.638249263167381287e-02
2.692313306033611298e-02
1.764102652668952942e-02
1.060046032071113586e-01
1.737057864665985107e-01
3.021970987319946289e-01
1.470284014940261841e-01
1.187887880951166153e-02
1.946814209222793579e-01
3.381358683109283447e-01
1.831675171852111816e-01
1.034549400210380554e-01
1.927514225244522095e-01
2.211165055632591248e-02
1.016767136752605438e-02
2.133787795901298523e-02
3.350077942013740540e-02
2.357051335275173187e-02
1.305864099413156509e-02
1.043576449155807495e-01
1.145002096891403198e-01
1.101130619645118713e-01
2.627945505082607269e-02
6.590215116739273071e-02
5.477457121014595032e-02
1.374283060431480408e-02
2.378951758146286011e-02
1.340575981885194778e-02
4.002036061137914658e-03
1.917075179517269135e-02
1.313963532447814941e-02
3.504918655380606651e-03
1.267378311604261398e-02
1.070383191108703613e-02
1.289245579391717911e-02
1.235492713749408722e-02
2.096618898212909698e-02
4.046472609043121338e-01
1.717110872268676758e-01
2.044127732515335083e-01
1.989819407463073730e-01
7.303706556558609009e-02
2.799222767353057861e-01
1.303688734769821167e-01
4.063942730426788330e-01
4.759514331817626953e-01
1.017100587487220764e-01
4.611032605171203613e-01
4.184935986995697021e-01
4.893589019775390625e-01
7.620162516832351685e-02
5.195698142051696777e-01
4.195079803466796875e-01
6.356687843799591064e-02
7.346890866756439209e-02
3.596645221114158630e-02
3.875906467437744141e-01
1.596661210060119629e-01
1.267640292644500732e-01
1.322576552629470825e-01
7.099597901105880737e-02
2.914191782474517822e-01
8.936077356338500977e-02
5.845081061124801636e-02
2.151736170053482056e-01
1.177930980920791626e-01
2.674881517887115479e-01
1.271415203809738159e-01
3.465149104595184326e-01
1.874573342502117157e-02
1.279269903898239136e-02
6.564506888389587402e-02
4.831415042281150818e-02
2.690844535827636719e-01
1.490429639816284180e-01
3.228010833263397217e-01
6.603109836578369141e-02
2.026917934417724609e-01
2.572281751781702042e-03
6.022633984684944153e-03
