9.630777835845947266e-01
8.265862464904785156e-01
9.761694669723510742e-01
9.873204231262207031e-01
9.875176548957824707e-01
9.700077772140502930e-01
9.875423312187194824e-01
9.813796877861022949e-01
9.780736565589904785e-01
9.899204969406127930e-01
9.357349872589111328e-01
9.478475451469421387e-01
9.804912805557250977e-01
9.914932250976562500e-01
9.834154844284057617e-01
9.830844998359680176e-01
9.925568103790283203e-01
9.744921922683715820e-01
9.798287749290466309e-01
9.903767704963684082e-01
9.894824028015136719e-01
9.781883955001831055e-01
9.860943555831909180e-01
9.821957945823669434e-01
9.819075465202331543e-01
9.770089983940124512e-01
9.700707197189331055e-01
9.692018628120422363e-01
9.829201102256774902e-01
9.542287588119506836e-01
9.739013910293579102e-01
9.617395997047424316e-01
9.817844629287719727e-01
9.700524210929870605e-01
9.887146353721618652e-01
9.800646901130676270e-01
9.743816852569580078e-01
9.881221652030944824e-01
9.844561815261840820e-01
9.818623661994934082e-01
9.781743288040161133e-01
9.872922897338867188e-01
9.864435195922851562e-01
9.627435803413391113e-01
9.888911247253417969e-01
9.788474440574645996e-01
9.695088267326354980e-01
9.750706553459167480e-01
7.846876978874206543e-01
9.915898442268371582e-01
9.856837391853332520e-01
9.692242741584777832e-01
9.522442221641540527e-01
8.295404911041259766e-01
9.875094294548034668e-01
9.522259831428527832e-01
9.877633452415466309e-01
9.828820228576660156e-01
9.896444082260131836e-01
9.450762271881103516e-01
9.817826151847839355e-01
9.801400303840637207e-01
9.815054535865783691e-01
9.878161549568176270e-01
9.764732122421264648e-01
9.275795221328735352e-01
9.777598977088928223e-01
9.879701137542724609e-01
9.545480012893676758e-01
9.826499223709106445e-01
9.914583563804626465e-01
9.867280125617980957e-01
9.853544235229492188e-01
9.895636439323425293e-01
9.678843021392822266e-01
9.919458031654357910e-01
9.908114671707153320e-01
9.900918006896972656e-01
9.894015192985534668e-01
9.912803769111633301e-01
9.917478561401367188e-01
9.921346902847290039e-01
9.922739863395690918e-01
9.888818860054016113e-01
9.915369749069213867e-01
9.917009472846984863e-01
9.871916770935058594e-01
9.920633435249328613e-01
9.911381602287292480e-01
9.918448328971862793e-01
9.898326396942138672e-01
9.914775490760803223e-01
9.928857684135437012e-01
9.922593235969543457e-01
9.893169999122619629e-01
9.910543560981750488e-01
9.922906756401062012e-01
9.901110529899597168e-01
9.940265417098999023e-01
9.904745221138000488e-01
9.925445318222045898e-01
9.885135293006896973e-01
9.923195242881774902e-01
9.911274313926696777e-01
9.926181435585021973e-01
9.920326471328735352e-01
9.863693714141845703e-01
9.822896122932434082e-01
9.906383752822875977e-01
9.903591275215148926e-01
9.909658432006835938e-01
9.889512658119201660e-01
9.927829504013061523e-01
9.929363131523132324e-01
9.931187629699707031e-01
9.901408553123474121e-01
9.921925663948059082e-01
9.855662584304809570e-01
9.915128350257873535e-01
9.882647991180419922e-01
9.915227890014648438e-01
9.887874722480773926e-01
9.888734817504882812e-01
9.913892149925231934e-01
9.912945628166198730e-01
9.920136332511901855e-01
9.782379865646362305e-01
9.911830425262451172e-01
9.916559457778930664e-01
9.922040700912475586e-01
9.930137991905212402e-01
9.931314587593078613e-01
9.879167675971984863e-01
9.856444597244262695e-01
9.932292699813842773e-01
9.921528697013854980e-01
9.850153923034667969e-01
9.920964241027832031e-01
9.915140867233276367e-01
9.917491674423217773e-01
9.889999032020568848e-01
9.896395206451416016e-01
9.899573922157287598e-01
9.914571642875671387e-01
9.887415766716003418e-01
9.907643795013427734e-01
9.934375882148742676e-01
9.788757562637329102e-01
9.923174381256103516e-01
9.907756447792053223e-01
9.890440702438354492e-01
9.661468863487243652e-01
9.923118948936462402e-01
9.895966649055480957e-01
9.871209263801574707e-01
9.866408705711364746e-01
9.828640222549438477e-01
9.796808958053588867e-01
9.921999573707580566e-01
9.853327870368957520e-01
9.889990687370300293e-01
9.937279224395751953e-01
9.862209558486938477e-01
9.910599589347839355e-01
9.815375804901123047e-01
9.887285232543945312e-01
9.902038574218750000e-01
9.895175099372863770e-01
9.888258576393127441e-01
9.919210672378540039e-01
9.861227273941040039e-01
9.882459044456481934e-01
9.924433827400207520e-01
9.895527362823486328e-01
9.883558750152587891e-01
9.884958267211914062e-01
9.930013418197631836e-01
9.791614413261413574e-01
9.883804321289062500e-01
9.928118586540222168e-01
9.914365410804748535e-01
9.890332221984863281e-01
9.898216724395751953e-01
9.892653226852416992e-01
9.918478727340698242e-01
9.892905354499816895e-01
9.897593259811401367e-01
9.898757338523864746e-01
9.865610003471374512e-01
9.882941246032714844e-01
9.878495335578918457e-01
9.885913729667663574e-01
9.914405345916748047e-01
9.836950302124023438e-01
9.904561638832092285e-01
9.910035133361816406e-01
9.906508922576904297e-01
9.880002140998840332e-01
9.851249456405639648e-01
9.876133203506469727e-01
9.911764860153198242e-01
9.876492619514465332e-01
9.913166761398315430e-01
9.885079264640808105e-01
9.917355179786682129e-01
9.888936877250671387e-01
9.910247325897216797e-01
9.911993145942687988e-01
9.903297424316406250e-01
9.886389970779418945e-01
9.877775311470031738e-01
9.865193963050842285e-01
9.921825528144836426e-01
9.901497364044189453e-01
9.875987172126770020e-01
9.908640980720520020e-01
9.882263541221618652e-01
9.899858236312866211e-01
9.871293902397155762e-01
9.897587299346923828e-01
9.884974956512451172e-01
9.789565205574035645e-01
9.892409443855285645e-01
9.914792180061340332e-01
9.882384538650512695e-01
9.881594181060791016e-01
9.895589351654052734e-01
9.898433685302734375e-01
9.898103475570678711e-01
9.916357994079589844e-01
9.893370866775512695e-01
9.903352260589599609e-01
9.901524186134338379e-01
9.919409751892089844e-01
9.921491146087646484e-01
9.883927702903747559e-01
9.864577651023864746e-01
9.896078705787658691e-01
9.866173267364501953e-01
9.805846214294433594e-01
9.919407963752746582e-01
9.865142703056335449e-01
9.856063723564147949e-01
9.885912537574768066e-01
9.879329800605773926e-01
9.906214475631713867e-01
9.979391694068908691e-01
9.975256323814392090e-01
9.981466531753540039e-01
9.928833246231079102e-01
9.924280047416687012e-01
9.980181455612182617e-01
9.971210360527038574e-01
9.972586631774902344e-01
9.903535842895507812e-01
9.976390600204467773e-01
9.977294802665710449e-01
9.938752055168151855e-01
9.978170394897460938e-01
9.979991316795349121e-01
9.979280233383178711e-01
9.977918863296508789e-01
9.908959269523620605e-01
9.903905391693115234e-01
9.920255541801452637e-01
9.973612427711486816e-01
9.979829788208007812e-01
9.975913763046264648e-01
9.918592572212219238e-01
9.976917505264282227e-01
9.977987408638000488e-01
9.974418878555297852e-01
9.918743968009948730e-01
9.973207116127014160e-01
9.976428151130676270e-01
9.977282881736755371e-01
9.981967806816101074e-01
9.982321858406066895e-01
9.979854822158813477e-01
9.973065853118896484e-01
9.977060556411743164e-01
9.978278279304504395e-01
9.894931316375732422e-01
9.565486311912536621e-01
9.909828305244445801e-01
9.979189038276672363e-01
9.977871179580688477e-01
9.968715310096740723e-01
9.979350566864013672e-01
9.980309605598449707e-01
9.977753758430480957e-01
9.982998967170715332e-01
9.897498488426208496e-01
9.916931986808776855e-01
9.983837604522705078e-01
9.981296658515930176e-01
9.977038502693176270e-01
9.976867437362670898e-01
9.980773925781250000e-01
9.976683259010314941e-01
9.982008934020996094e-01
9.979250431060791016e-01
9.978279471397399902e-01
9.904948472976684570e-01
9.914038181304931641e-01
9.978461265563964844e-01
9.969850182533264160e-01
9.915270209312438965e-01
9.980134963989257812e-01
9.979658126831054688e-01
9.899242520332336426e-01
9.980417490005493164e-01
9.900543689727783203e-01
9.976810216903686523e-01
9.977951049804687500e-01
9.979561567306518555e-01
9.917770624160766602e-01
9.981058835983276367e-01
9.981536269187927246e-01
9.876320362091064453e-01
9.820613265037536621e-01
9.962928891181945801e-01
9.870933890342712402e-01
9.959415793418884277e-01
9.852519035339355469e-01
9.889593124389648438e-01
9.951339364051818848e-01
9.815215468406677246e-01
9.795025587081909180e-01
9.977158308029174805e-01
9.805607795715332031e-01
9.843670725822448730e-01
9.857944250106811523e-01
9.873078465461730957e-01
9.877034425735473633e-01
9.968971014022827148e-01
9.897838234901428223e-01
9.838045239448547363e-01
9.879547357559204102e-01
9.879186749458312988e-01
9.948773980140686035e-01
9.888944625854492188e-01
9.871067404747009277e-01
9.958775043487548828e-01
9.782975316047668457e-01
9.831665158271789551e-01
9.789450168609619141e-01
9.959115982055664062e-01
9.962928891181945801e-01
9.862641096115112305e-01
9.918477535247802734e-01
9.693130850791931152e-01
9.962043166160583496e-01
9.851762056350708008e-01
9.842910766601562500e-01
9.882017970085144043e-01
9.883496761322021484e-01
9.881787896156311035e-01
9.968822002410888672e-01
9.803285598754882812e-01
9.895322322845458984e-01
9.891118407249450684e-01
9.796180129051208496e-01
9.829167723655700684e-01
9.816334843635559082e-01
9.870684146881103516e-01
9.871724843978881836e-01
9.915108084678649902e-01
9.862903952598571777e-01
9.571730494499206543e-01
9.896602630615234375e-01
9.826195240020751953e-01
9.937400817871093750e-01
9.897474050521850586e-01
9.900937676429748535e-01
9.893268346786499023e-01
9.845808148384094238e-01
9.806266427040100098e-01
9.920700192451477051e-01
9.887163639068603516e-01
9.920670986175537109e-01
9.774695038795471191e-01
9.903479814529418945e-01
9.847149252891540527e-01
9.900660514831542969e-01
9.823938608169555664e-01
9.901171326637268066e-01
9.916716217994689941e-01
9.770188927650451660e-01
9.881404638290405273e-01
9.887064695358276367e-01
9.866570830345153809e-01
9.926542043685913086e-01
9.874472022056579590e-01
9.920330643653869629e-01
9.885375499725341797e-01
9.925042390823364258e-01
9.906788468360900879e-01
9.823985695838928223e-01
9.840012788772583008e-01
9.895426034927368164e-01
9.862177968025207520e-01
9.826486110687255859e-01
9.907767772674560547e-01
9.874547719955444336e-01
9.888179302215576172e-01
9.832285642623901367e-01
9.900220036506652832e-01
9.896246790885925293e-01
9.903796911239624023e-01
9.849734306335449219e-01
9.894836544990539551e-01
9.899043440818786621e-01
9.802346229553222656e-01
9.831334948539733887e-01
9.853602051734924316e-01
9.905898571014404297e-01
9.888896942138671875e-01
9.856296181678771973e-01
9.824297428131103516e-01
9.905067682266235352e-01
9.901893734931945801e-01
9.893397688865661621e-01
9.829960465431213379e-01
9.894990921020507812e-01
9.738094806671142578e-01
9.872679114341735840e-01
9.949393272399902344e-01
9.868850708007812500e-01
9.592518210411071777e-01
9.856271743774414062e-01
9.810886383056640625e-01
9.933806657791137695e-01
9.933595061302185059e-01
9.932026863098144531e-01
9.876533150672912598e-01
9.916983842849731445e-01
9.846398830413818359e-01
9.945795536041259766e-01
9.903452992439270020e-01
9.867736101150512695e-01
9.918987751007080078e-01
9.833311438560485840e-01
9.903753399848937988e-01
9.927724003791809082e-01
9.924955368041992188e-01
9.790188074111938477e-01
9.900963306427001953e-01
9.868879914283752441e-01
9.898702502250671387e-01
9.871769547462463379e-01
9.897702932357788086e-01
9.908698201179504395e-01
8.728715181350708008e-01
9.951612353324890137e-01
9.829131960868835449e-01
9.898729324340820312e-01
9.965727329254150391e-01
9.930832386016845703e-01
9.926667809486389160e-01
9.897326827049255371e-01
9.927918910980224609e-01
9.888038039207458496e-01
9.865916371345520020e-01
9.914875030517578125e-01
9.836257100105285645e-01
9.617916345596313477e-01
9.893484115600585938e-01
9.860134720802307129e-01
9.946554899215698242e-01
9.756862521171569824e-01
9.943352341651916504e-01
9.940156936645507812e-01
9.877043962478637695e-01
9.749262928962707520e-01
9.865339994430541992e-01
9.639344811439514160e-01
9.896732568740844727e-01
9.922893643379211426e-01
9.623754024505615234e-01
9.776095151901245117e-01
9.854583740234375000e-01
9.833644628524780273e-01
9.856448173522949219e-01
9.845891594886779785e-01
9.918928146362304688e-01
9.676081538200378418e-01
9.958406090736389160e-01
9.878978133201599121e-01
9.869586825370788574e-01
9.869399666786193848e-01
9.883760213851928711e-01
9.768449068069458008e-01
9.903304576873779297e-01
9.735186696052551270e-01
9.863195419311523438e-01
8.924023509025573730e-01
9.897010326385498047e-01
9.908266663551330566e-01
9.904065728187561035e-01
9.100007414817810059e-01
2.076068706810474396e-02
1.695924624800682068e-02
1.287845149636268616e-02
2.109797485172748566e-02
5.449308548122644424e-03
3.799452260136604309e-02
2.925914712250232697e-02
4.134250581264495850e-01
1.876800134778022766e-02
7.331022527068853378e-03
7.552039343863725662e-03
1.971920207142829895e-02
2.703018952161073685e-03
1.684861816465854645e-02
3.100652247667312622e-04
1.109636016190052032e-02
8.489123545587062836e-03
8.615427650511264801e-04
2.541591413319110870e-02
2.025295980274677277e-02
5.341597716324031353e-04
7.333917077630758286e-03
3.665097802877426147e-02
7.432226557284593582e-03
3.270201385021209717e-02
1.751310937106609344e-02
7.437348961830139160e-01
4.061429761350154877e-03
6.432190537452697754e-01
1.216924637556076050e-01
2.391961030662059784e-02
4.587226547300815582e-03
1.942798611707985401e-03
3.687148680910468102e-03
4.741571545600891113e-01
1.135596912354230881e-02
2.251653559505939484e-02
5.041123833507299423e-03
4.024083167314529419e-02
5.384077318012714386e-03
2.894450351595878601e-02
1.075352448970079422e-02
3.654050407931208611e-03
8.846370577812194824e-01
8.826822973787784576e-03
3.241534158587455750e-02
8.924068883061408997e-03
9.101260304450988770e-01
2.881625108420848846e-02
5.471053998917341232e-03
6.642946973443031311e-04
3.651025146245956421e-02
2.643229253590106964e-02
1.428859494626522064e-02
5.873734354972839355e-01
1.555588282644748688e-02
6.636552978307008743e-03
3.503243625164031982e-01
1.461730524897575378e-02
1.335849054157733917e-02
1.765999943017959595e-02
3.667368739843368530e-02
4.023181274533271790e-03
3.726885421201586723e-03
3.416537074372172356e-03
1.138138305395841599e-02
3.793486161157488823e-03
9.686468169093132019e-03
6.876687519252300262e-03
5.937561392784118652e-03
6.858462002128362656e-03
2.051190473139286041e-03
1.157886907458305359e-02
6.658676080405712128e-03
4.174828995019197464e-03
2.711258642375469208e-02
2.398437121883034706e-03
2.663204073905944824e-02
1.506117824465036392e-02
6.474114488810300827e-03
1.128468941897153854e-02
3.965372685343027115e-03
1.429672352969646454e-02
5.350538715720176697e-02
5.102426744997501373e-03
2.689351094886660576e-03
3.334972541779279709e-03
7.751794997602701187e-03
3.250183165073394775e-02
3.917029593139886856e-03
2.201495319604873657e-02
2.601231215521693230e-03
2.433159388601779938e-03
8.741044439375400543e-03
5.217991303652524948e-03
1.742498017847537994e-02
1.208130549639463425e-02
4.574420675635337830e-02
3.670427575707435608e-02
2.975179580971598625e-03
1.615101657807826996e-02
2.194063365459442139e-02
1.078039221465587616e-02
1.364336628466844559e-02
2.743338700383901596e-03
3.697071224451065063e-03
4.586434457451105118e-03
2.009234763681888580e-02
2.022276073694229126e-02
1.252341363579034805e-02
2.087134122848510742e-02
4.909545648843050003e-03
2.447535470128059387e-02
6.141097750514745712e-03
1.511151250451803207e-02
4.596219398081302643e-03
2.736449427902698517e-02
1.573630422353744507e-02
4.670348484069108963e-03
4.644596483558416367e-03
3.081915155053138733e-02
1.161425281316041946e-02
4.274778068065643311e-02
8.925207890570163727e-03
9.373486973345279694e-03
1.859616837464272976e-03
7.744517060928046703e-04
1.030129753053188324e-02
6.491087260656058788e-04
1.844080351293087006e-02
4.774750268552452326e-04
4.248675832059234381e-04
1.483681984245777130e-02
6.423128303140401840e-03
5.851375404745340347e-03
2.419001795351505280e-02
3.629967197775840759e-02
1.567760854959487915e-02
2.691669389605522156e-03
2.838391577824950218e-03
5.682397750206291676e-04
5.608187988400459290e-03
1.747035537846386433e-03
4.445137083530426025e-02
1.105175353586673737e-02
1.057363115251064301e-02
1.264315098524093628e-02
2.673622686415910721e-03
3.544557606801390648e-03
1.443259650841355324e-03
6.926928181201219559e-03
1.286134421825408936e-01
9.757575462572276592e-04
6.447435007430613041e-04
9.329247288405895233e-03
1.269344054162502289e-02
6.514845299534499645e-04
2.135940641164779663e-02
3.278588876128196716e-03
1.168393995612859726e-03
3.412786871194839478e-03
5.881381221115589142e-03
1.927620614878833294e-03
2.035364974290132523e-03
7.935967296361923218e-03
7.817379198968410492e-03
5.822647362947463989e-03
4.852547310292720795e-03
1.753329532220959663e-03
1.588796377182006836e-01
1.357472129166126251e-02
2.940377406775951385e-02
7.407034188508987427e-02
2.898409031331539154e-02
2.596043981611728668e-03
1.006491761654615402e-02
1.107879215851426125e-03
8.310369215905666351e-03
1.885673031210899353e-03
8.064676076173782349e-03
4.218840040266513824e-03
3.157938132062554359e-03
3.692189930006861687e-03
1.632501487620174885e-03
1.576049625873565674e-02
3.056780993938446045e-01
9.662529453635215759e-03
2.894702181220054626e-02
8.414680138230323792e-03
1.776836346834897995e-03
2.682255813851952553e-03
7.207668386399745941e-03
9.499440900981426239e-03
2.340417355298995972e-03
7.247559726238250732e-03
1.811952590942382812e-01
2.586067188531160355e-03
3.388766897842288017e-03
8.873271197080612183e-02
1.490802271291613579e-03
7.120262365788221359e-03
4.722497891634702682e-03
4.337884020060300827e-03
3.180224448442459106e-03
1.256635691970586777e-02
1.284791715443134308e-02
2.476259879767894745e-02
6.101007573306560516e-03
6.844876334071159363e-03
1.065874379128217697e-02
1.130598504096269608e-02
1.242922153323888779e-02
5.254385992884635925e-03
9.853716939687728882e-03
1.471774652600288391e-02
1.230549719184637070e-02
1.003538630902767181e-02
1.030005794018507004e-02
5.939495284110307693e-03
6.061646621674299240e-03
1.090449281036853790e-02
7.359235547482967377e-03
1.749202050268650055e-02
1.297917310148477554e-02
1.155924517661333084e-02
1.991797704249620438e-03
1.052758097648620605e-02
1.328417751938104630e-02
8.317941799759864807e-03
2.933570416644215584e-03
9.746775962412357330e-03
5.769054871052503586e-03
1.937804557383060455e-02
2.406590245664119720e-02
8.494571782648563385e-03
3.310090163722634315e-03
8.322088047862052917e-03
6.112932227551937103e-03
2.687932923436164856e-03
6.192015949636697769e-03
1.760881021618843079e-02
9.517288766801357269e-03
8.214361965656280518e-03
2.804575953632593155e-03
6.464736536145210266e-03
8.954074233770370483e-03
5.748687312006950378e-03
4.071386530995368958e-03
4.312504548579454422e-03
1.363686099648475647e-02
2.186436206102371216e-02
1.929369173012673855e-03
2.654952695593237877e-03
2.501765731722116470e-03
1.380251534283161163e-02
2.807342261075973511e-02
4.660831764340400696e-03
1.290051732212305069e-02
8.897879160940647125e-03
2.903182525187730789e-03
4.279220011085271835e-03
6.726938299834728241e-03
3.676478751003742218e-03
7.857962511479854584e-03
1.242921035736799240e-02
3.861110890284180641e-03
1.064273621886968613e-02
2.685553859919309616e-03
7.256152108311653137e-03
6.258198525756597519e-03
6.402598693966865540e-03
1.841811835765838623e-02
1.528052426874637604e-02
2.174542285501956940e-02
3.605115227401256561e-03
7.163059432059526443e-03
2.292046556249260902e-03
3.462610766291618347e-02
1.587430573999881744e-02
3.809928894042968750e-02
2.769898623228073120e-03
4.182013683021068573e-03
2.299746964126825333e-03
3.225993830710649490e-03
2.446817979216575623e-02
9.063376113772392273e-03
1.952583086676895618e-03
4.642112646251916885e-03
1.630949229001998901e-02
2.530855126678943634e-02
6.080714985728263855e-03
4.440402984619140625e-02
5.580086726695299149e-03
8.284268900752067566e-03
1.778483763337135315e-02
5.573753267526626587e-03
5.865522194653749466e-03
3.150564385578036308e-03
1.268691010773181915e-02
1.181357167661190033e-02
1.421898975968360901e-02
6.182592362165451050e-03
1.126762479543685913e-02
9.422321803867816925e-03
3.210812574252486229e-03
6.654766388237476349e-03
2.358649298548698425e-02
3.170039132237434387e-02
5.611153785139322281e-03
3.520866157487034798e-03
1.634422130882740021e-02
1.259276177734136581e-02
1.282574143260717392e-02
1.270103268325328827e-02
1.185193099081516266e-02
4.279579967260360718e-03
8.045756258070468903e-03
1.444696355611085892e-02
5.215699784457683563e-03
3.606240497902035713e-03
2.529411809518933296e-03
2.004017680883407593e-02
1.277883164584636688e-02
1.565809710882604122e-03
5.937457084655761719e-03
1.374453119933605194e-02
2.017544349655508995e-03
1.861654408276081085e-02
1.157992798835039139e-02
5.774300545454025269e-03
1.673602312803268433e-02
2.168379956856369972e-03
3.793770074844360352e-02
4.119102843105792999e-03
3.164391219615936279e-02
2.042274922132492065e-03
1.387256942689418793e-02
1.318882592022418976e-02
1.415707729756832123e-02
1.377113536000251770e-02
6.598434597253799438e-02
5.321343895047903061e-03
4.402417689561843872e-03
1.944587565958499908e-03
3.261933336034417152e-03
5.152720492333173752e-03
2.091414760798215866e-03
1.065575797110795975e-02
1.827088743448257446e-02
1.704081147909164429e-02
9.042356978170573711e-04
2.824760973453521729e-03
2.709425287321209908e-03
3.008255967870354652e-03
2.034731674939393997e-03
1.102136448025703430e-02
1.249762345105409622e-02
2.981840400025248528e-03
1.124050002545118332e-02
4.322955384850502014e-03
1.027439534664154053e-02
1.810909621417522430e-02
3.882095217704772949e-03
3.950176760554313660e-03
1.802630838938057423e-03
2.204161509871482849e-02
1.722421264275908470e-03
1.752367476001381874e-03
4.931338131427764893e-03
9.522423148155212402e-03
4.082015249878168106e-03
2.938546240329742432e-02
1.090338267385959625e-02
1.548304222524166107e-02
2.660627942532300949e-03
5.464789643883705139e-02
8.192860521376132965e-03
2.918227575719356537e-02
1.645423285663127899e-02
3.948708064854145050e-03
3.635646309703588486e-03
3.517852863296866417e-03
3.207146190106868744e-03
3.083018120378255844e-03
3.210738068446516991e-03
3.525726124644279480e-02
3.601544070988893509e-03
4.548768699169158936e-02
3.268597647547721863e-02
1.752849295735359192e-02
7.535493001341819763e-03
2.874484360218048096e-01
2.375448867678642273e-02
2.181948721408843994e-02
1.288714073598384857e-02
3.490601852536201477e-02
1.107822917401790619e-02
1.726931706070899963e-02
1.250620651990175247e-02
2.258995920419692993e-02
8.723222650587558746e-03
1.565967127680778503e-02
2.523026168346405029e-01
1.020508073270320892e-02
9.452982805669307709e-03
8.781515993177890778e-03
9.309902787208557129e-03
3.497721627354621887e-02
2.101726830005645752e-02
2.458441630005836487e-02
8.057433366775512695e-02
5.892414599657058716e-03
2.240909263491630554e-02
6.135040521621704102e-02
2.776028774678707123e-02
2.227496169507503510e-02
2.625282667577266693e-02
4.642189480364322662e-03
3.436869010329246521e-02
1.146171707659959793e-02
2.266828715801239014e-02
5.418881028890609741e-02
6.891771685332059860e-03
1.154445111751556396e-02
1.287561561912298203e-02
1.668542996048927307e-02
8.230106905102729797e-04
2.431824337691068649e-03
8.380350656807422638e-03
1.412384095601737499e-03
3.238064795732498169e-02
1.576697640120983124e-02
1.162217650562524796e-02
1.201590709388256073e-02
7.451440673321485519e-03
1.240274123847484589e-02
9.076871909201145172e-03
1.780939288437366486e-02
4.463308956474065781e-03
1.236692443490028381e-02
2.610030816867947578e-03
1.266895048320293427e-02
1.657577417790889740e-02
4.411655291914939880e-02
1.343190670013427734e-02
5.309928581118583679e-02
1.171422423794865608e-03
2.168850414454936981e-02
2.244906313717365265e-02
1.302031800150871277e-02
2.919940650463104248e-02
1.197926886379718781e-02
7.702116388827562332e-03
1.394829363562166691e-03
1.090092398226261139e-02
2.408239245414733887e-02
4.057710175402462482e-04
5.359596107155084610e-03
1.800559111870825291e-03
9.911301545798778534e-03
1.417973730713129044e-02
2.556944452226161957e-02
9.520498104393482208e-03
8.199868723750114441e-03
3.160717897117137909e-03
2.219835110008716583e-02
3.059718012809753418e-02
9.256041608750820160e-03
1.442857645452022552e-02
4.512131214141845703e-03
1.708127558231353760e-02
2.547808550298213959e-02
1.838781498372554779e-02
8.665128611028194427e-03
4.777198731899261475e-01
1.770324073731899261e-02
2.067402238026261330e-03
1.509783603250980377e-02
3.557771071791648865e-02
1.325015071779489517e-02
2.129980362951755524e-02
1.526865549385547638e-02
6.020060274749994278e-03
1.550608593970537186e-02
8.030782337300479412e-04
6.164124608039855957e-01
2.352474024519324303e-03
1.016133837401866913e-02
2.435364946722984314e-02
4.900482948869466782e-03
6.041354034096002579e-03
3.780065774917602539e-01
1.967879198491573334e-02
1.268999930471181870e-02
7.573695853352546692e-03
8.743450045585632324e-03
8.057919330894947052e-03
1.160802394151687622e-01
4.530184343457221985e-02
1.384185906499624252e-02
1.901646517217159271e-02
4.055446758866310120e-02
1.031959801912307739e-02
1.295048836618661880e-02
2.612554468214511871e-02
2.614779025316238403e-02
3.690158575773239136e-02
5.145754199475049973e-03
1.891129277646541595e-02
5.997141823172569275e-02
1.192687749862670898e-01
4.286852106451988220e-02
4.277308471500873566e-03
6.720954552292823792e-03
1.166671048849821091e-02
1.722505665384232998e-03
1.159612741321325302e-02
4.655985161662101746e-03
1.353028975427150726e-02
4.999600816518068314e-03
2.259232336655259132e-03
3.610123414546251297e-03
4.654527008533477783e-01
2.947261035442352295e-01
2.641939371824264526e-02
1.794091239571571350e-02
1.121203182265162468e-03
2.523162774741649628e-02
1.329675875604152679e-02
5.856480915099382401e-03
5.673218052834272385e-03
