6.119478344917297363e-01
6.131600737571716309e-01
6.125305891036987305e-01
6.159386038780212402e-01
6.082873344421386719e-01
6.128038167953491211e-01
5.929677486419677734e-01
6.162862777709960938e-01
6.261398196220397949e-01
6.172503829002380371e-01
6.213327646255493164e-01
5.989350080490112305e-01
6.114502549171447754e-01
6.196550130844116211e-01
6.331518292427062988e-01
6.215597987174987793e-01
6.210999488830566406e-01
6.048533916473388672e-01
5.979816317558288574e-01
6.133413910865783691e-01
6.226822137832641602e-01
6.093224287033081055e-01
6.287816166877746582e-01
6.099198460578918457e-01
6.058388352394104004e-01
6.020312905311584473e-01
5.948042869567871094e-01
6.406839489936828613e-01
6.218240857124328613e-01
6.128599047660827637e-01
6.432450413703918457e-01
6.124866008758544922e-01
5.940681099891662598e-01
5.808885693550109863e-01
6.341710686683654785e-01
6.035372614860534668e-01
6.096145510673522949e-01
6.061356067657470703e-01
5.982221961021423340e-01
5.946007370948791504e-01
6.211280822753906250e-01
6.029656529426574707e-01
6.116510629653930664e-01
5.951662063598632812e-01
6.258020401000976562e-01
6.106088757514953613e-01
6.117739081382751465e-01
6.193693876266479492e-01
4.685911536216735840e-01
6.077620387077331543e-01
6.262178421020507812e-01
5.904685258865356445e-01
6.329500675201416016e-01
4.634647369384765625e-01
6.097438931465148926e-01
6.216368079185485840e-01
6.041651368141174316e-01
6.219210624694824219e-01
6.236509680747985840e-01
6.213146448135375977e-01
6.032279133796691895e-01
6.144046783447265625e-01
6.214313507080078125e-01
6.087419986724853516e-01
5.997701883316040039e-01
4.969116449356079102e-01
6.130435466766357422e-01
6.085658669471740723e-01
6.222601532936096191e-01
6.349006295204162598e-01
6.102737188339233398e-01
6.137983202934265137e-01
6.238101124763488770e-01
6.177938580513000488e-01
6.172701120376586914e-01
5.037761926651000977e-01
5.528652667999267578e-01
5.673177838325500488e-01
4.915472567081451416e-01
5.586934685707092285e-01
5.548312067985534668e-01
5.375756621360778809e-01
5.652919411659240723e-01
5.368735790252685547e-01
5.590278506278991699e-01
5.590427517890930176e-01
5.098968148231506348e-01
5.511369705200195312e-01
5.178211331367492676e-01
5.058038830757141113e-01
4.906094968318939209e-01
4.941838085651397705e-01
5.546692609786987305e-01
5.350357890129089355e-01
5.526416897773742676e-01
5.642459988594055176e-01
5.125499963760375977e-01
5.553655624389648438e-01
5.549679398536682129e-01
5.438581109046936035e-01
5.544617176055908203e-01
5.597102642059326172e-01
5.529588460922241211e-01
5.490552186965942383e-01
5.559923648834228516e-01
5.436176657676696777e-01
5.386844277381896973e-01
5.228474736213684082e-01
5.535889267921447754e-01
5.533877611160278320e-01
5.544362664222717285e-01
5.203037261962890625e-01
5.603684782981872559e-01
5.463190674781799316e-01
5.433339476585388184e-01
5.504407286643981934e-01
5.330165624618530273e-01
4.938686490058898926e-01
5.084990859031677246e-01
5.486561655998229980e-01
5.564383864402770996e-01
4.976379871368408203e-01
5.591720342636108398e-01
5.437632203102111816e-01
4.980781376361846924e-01
5.525749921798706055e-01
4.948063790798187256e-01
5.057543516159057617e-01
5.560722947120666504e-01
5.601671338081359863e-01
5.443246364593505859e-01
5.605461597442626953e-01
5.073921084403991699e-01
5.464783906936645508e-01
5.246516466140747070e-01
4.972269237041473389e-01
5.671547651290893555e-01
5.603606104850769043e-01
5.145435333251953125e-01
5.670072436332702637e-01
5.528526306152343750e-01
5.111349821090698242e-01
5.489044189453125000e-01
5.482641458511352539e-01
5.135738253593444824e-01
4.982410669326782227e-01
5.534005165100097656e-01
5.534550547599792480e-01
5.545293092727661133e-01
5.705825090408325195e-01
5.469955205917358398e-01
5.724691748619079590e-01
5.651335120201110840e-01
5.591525435447692871e-01
5.518199801445007324e-01
5.628169178962707520e-01
5.713913440704345703e-01
5.581277012825012207e-01
5.605764389038085938e-01
5.655385851860046387e-01
5.499910712242126465e-01
5.769904255867004395e-01
5.437847375869750977e-01
5.526525974273681641e-01
5.884742736816406250e-01
5.524443387985229492e-01
5.695880651473999023e-01
5.645554661750793457e-01
5.656231045722961426e-01
5.634691119194030762e-01
5.883460640907287598e-01
5.848454833030700684e-01
6.079961061477661133e-01
5.975910425186157227e-01
6.008372306823730469e-01
6.027945280075073242e-01
6.006384491920471191e-01
5.771110653877258301e-01
6.116495132446289062e-01
6.021341085433959961e-01
6.137186288833618164e-01
6.159237623214721680e-01
6.143563985824584961e-01
6.080367565155029297e-01
6.097290515899658203e-01
5.824010968208312988e-01
6.291364431381225586e-01
6.189438700675964355e-01
6.037802100181579590e-01
5.942729711532592773e-01
6.125119924545288086e-01
6.026031374931335449e-01
6.057895421981811523e-01
5.894390344619750977e-01
5.943471193313598633e-01
6.055199503898620605e-01
5.920804738998413086e-01
5.938954353332519531e-01
5.861253738403320312e-01
5.822101831436157227e-01
5.873405337333679199e-01
6.038820147514343262e-01
6.232379078865051270e-01
5.906164646148681641e-01
5.933555364608764648e-01
5.985519886016845703e-01
5.928445458412170410e-01
6.019506454467773438e-01
5.883749127388000488e-01
5.969019532203674316e-01
5.929023027420043945e-01
6.021910309791564941e-01
6.004408001899719238e-01
5.924676060676574707e-01
6.435263156890869141e-01
5.954864025115966797e-01
5.880963206291198730e-01
5.976980328559875488e-01
5.904531478881835938e-01
6.031196713447570801e-01
5.901055932044982910e-01
6.188173890113830566e-01
5.981354117393493652e-01
6.158854961395263672e-01
5.957509279251098633e-01
6.132080554962158203e-01
6.189681291580200195e-01
6.107432842254638672e-01
5.871715545654296875e-01
6.165866851806640625e-01
5.899866819381713867e-01
6.028341054916381836e-01
5.928031802177429199e-01
6.138413548469543457e-01
5.734200477600097656e-01
6.168813109397888184e-01
6.206763982772827148e-01
6.048362255096435547e-01
5.670827627182006836e-01
6.134221553802490234e-01
6.206158399581909180e-01
5.896316766738891602e-01
6.148349046707153320e-01
5.794940590858459473e-01
5.468064546585083008e-01
4.693146944046020508e-01
6.515389084815979004e-01
6.361005902290344238e-01
6.490736603736877441e-01
5.342220664024353027e-01
5.279494524002075195e-01
6.439038515090942383e-01
6.133819818496704102e-01
6.203304529190063477e-01
4.992548525333404541e-01
6.368624567985534668e-01
6.425089240074157715e-01
5.776255726814270020e-01
6.358177661895751953e-01
6.405618190765380859e-01
6.467143297195434570e-01
6.336045861244201660e-01
5.854100584983825684e-01
4.824551641941070557e-01
5.476957559585571289e-01
6.387600302696228027e-01
6.335232257843017578e-01
6.371830105781555176e-01
4.831073284149169922e-01
6.422715187072753906e-01
6.437231898307800293e-01
6.670799851417541504e-01
5.551629662513732910e-01
6.228471994400024414e-01
6.390250921249389648e-01
6.302975416183471680e-01
6.346929669380187988e-01
6.400258541107177734e-01
6.472802162170410156e-01
6.314679980278015137e-01
6.413598060607910156e-01
6.432029008865356445e-01
6.074793934822082520e-01
5.309196114540100098e-01
5.358599424362182617e-01
6.441860795021057129e-01
6.456101536750793457e-01
6.613026261329650879e-01
6.467524766921997070e-01
6.397311687469482422e-01
6.391316652297973633e-01
6.532796025276184082e-01
5.615456700325012207e-01
5.261027812957763672e-01
6.393316388130187988e-01
6.436441540718078613e-01
6.298078894615173340e-01
6.390022039413452148e-01
6.393690705299377441e-01
6.311988830566406250e-01
6.431296467781066895e-01
6.370926499366760254e-01
6.402904987335205078e-01
5.251578092575073242e-01
5.278375148773193359e-01
6.425198316574096680e-01
5.994180440902709961e-01
5.413347482681274414e-01
6.374593377113342285e-01
6.446461081504821777e-01
5.641729235649108887e-01
6.403040885925292969e-01
4.838613867759704590e-01
6.435572504997253418e-01
6.419353485107421875e-01
6.418063044548034668e-01
5.039995312690734863e-01
6.554052829742431641e-01
6.379266381263732910e-01
4.893249273300170898e-01
5.076194405555725098e-01
6.458685994148254395e-01
5.200248956680297852e-01
6.394037008285522461e-01
4.987331628799438477e-01
5.755226016044616699e-01
6.404394507408142090e-01
4.927120506763458252e-01
5.714660286903381348e-01
6.480128765106201172e-01
5.384178161621093750e-01
5.568401813507080078e-01
5.049825906753540039e-01
5.769382119178771973e-01
5.388421416282653809e-01
6.526394486427307129e-01
6.356601715087890625e-01
5.197293162345886230e-01
5.627799034118652344e-01
5.735920071601867676e-01
6.372718214988708496e-01
5.371187329292297363e-01
5.168613791465759277e-01
6.511376500129699707e-01
5.149691700935363770e-01
5.335778594017028809e-01
5.743163228034973145e-01
6.590040922164916992e-01
6.458685994148254395e-01
5.487047433853149414e-01
6.371489763259887695e-01
5.290343165397644043e-01
6.475221514701843262e-01
5.461797118186950684e-01
5.094752907752990723e-01
4.773276746273040771e-01
5.375604629516601562e-01
5.431975722312927246e-01
6.422492861747741699e-01
5.327799916267395020e-01
4.995035231113433838e-01
4.998606145381927490e-01
5.150500535964965820e-01
4.917199015617370605e-01
5.413243770599365234e-01
5.580705404281616211e-01
5.668386220932006836e-01
5.299659371376037598e-01
5.587753653526306152e-01
5.386789441108703613e-01
5.759835839271545410e-01
5.397375822067260742e-01
5.599885582923889160e-01
5.655199289321899414e-01
5.411493778228759766e-01
5.493702292442321777e-01
5.827059745788574219e-01
5.434709787368774414e-01
5.535343885421752930e-01
5.471047759056091309e-01
5.429453253746032715e-01
5.374557375907897949e-01
5.595694184303283691e-01
5.584499835968017578e-01
5.506038069725036621e-01
5.327199101448059082e-01
5.489780902862548828e-01
5.670039057731628418e-01
5.923420190811157227e-01
5.837836861610412598e-01
5.544863939285278320e-01
5.288555026054382324e-01
5.340819358825683594e-01
5.327109694480895996e-01
5.457419753074645996e-01
5.645468831062316895e-01
5.665103197097778320e-01
5.426559448242187500e-01
5.622334480285644531e-01
5.616059303283691406e-01
5.437372326850891113e-01
5.434910058975219727e-01
5.479551553726196289e-01
5.896809101104736328e-01
5.617429614067077637e-01
5.596012473106384277e-01
5.528532862663269043e-01
5.500419139862060547e-01
5.429613590240478516e-01
5.499144792556762695e-01
5.385333299636840820e-01
5.685700178146362305e-01
5.388110280036926270e-01
5.589371919631958008e-01
5.614361166954040527e-01
5.716451406478881836e-01
5.700301527976989746e-01
5.286372303962707520e-01
5.422272086143493652e-01
5.962361693382263184e-01
5.397672057151794434e-01
6.084555983543395996e-01
5.486723780632019043e-01
5.205906629562377930e-01
5.525346994400024414e-01
4.535703659057617188e-01
6.216172575950622559e-01
6.253393888473510742e-01
6.233079433441162109e-01
4.871616661548614502e-01
5.993874073028564453e-01
6.081256270408630371e-01
6.172356605529785156e-01
6.274954676628112793e-01
6.468802094459533691e-01
6.452596783638000488e-01
6.142787337303161621e-01
6.057816147804260254e-01
6.178413033485412598e-01
5.983866453170776367e-01
6.213887929916381836e-01
6.050071716308593750e-01
6.259488463401794434e-01
6.137661933898925781e-01
6.356562376022338867e-01
6.208078265190124512e-01
6.136080026626586914e-01
6.021479964256286621e-01
6.251083016395568848e-01
6.283559799194335938e-01
6.572908163070678711e-01
5.974059104919433594e-01
6.047619581222534180e-01
3.954330384731292725e-01
6.261712908744812012e-01
6.200653314590454102e-01
6.199607253074645996e-01
6.298342347145080566e-01
6.199489831924438477e-01
6.206748485565185547e-01
6.161971092224121094e-01
6.166635155677795410e-01
5.978689789772033691e-01
6.065708398818969727e-01
6.420331001281738281e-01
6.180631518363952637e-01
5.841659903526306152e-01
6.157322525978088379e-01
6.047833561897277832e-01
6.297057867050170898e-01
4.898645877838134766e-01
6.418794989585876465e-01
6.242196559906005859e-01
6.185446977615356445e-01
6.199206709861755371e-01
6.586478352546691895e-01
6.272385716438293457e-01
6.281369328498840332e-01
6.163807511329650879e-01
5.630898475646972656e-01
6.145200729370117188e-01
6.341015696525573730e-01
6.304492354393005371e-01
6.240468621253967285e-01
6.259698271751403809e-01
6.147138476371765137e-01
6.182503700256347656e-01
6.304336786270141602e-01
6.053302288055419922e-01
6.014618277549743652e-01
6.081175208091735840e-01
6.232470273971557617e-01
6.106910705566406250e-01
6.098884344100952148e-01
4.432841539382934570e-01
6.016542315483093262e-01
3.977652490139007568e-01
6.163644790649414062e-01
6.345900893211364746e-01
5.970319509506225586e-01
2.873411774635314941e-01
5.787895917892456055e-01
3.659870028495788574e-01
4.280366301536560059e-01
3.242357075214385986e-01
3.293494880199432373e-01
4.184536337852478027e-01
3.150879144668579102e-01
3.458209633827209473e-01
3.663444519042968750e-01
3.638656139373779297e-01
3.850918412208557129e-01
3.918076455593109131e-01
4.269085228443145752e-01
3.181260526180267334e-01
4.133461117744445801e-01
5.049557089805603027e-01
3.518995940685272217e-01
5.530943274497985840e-01
4.125728309154510498e-01
3.239955008029937744e-01
4.107623696327209473e-01
3.439982533454895020e-01
3.788348436355590820e-01
4.123925864696502686e-01
4.388051331043243408e-01
5.368047952651977539e-01
3.652223050594329834e-01
3.293139040470123291e-01
3.155612647533416748e-01
3.332073688507080078e-01
3.164760172367095947e-01
4.207807779312133789e-01
3.819828629493713379e-01
3.493469357490539551e-01
2.787595093250274658e-01
4.036907851696014404e-01
4.585661888122558594e-01
3.573477566242218018e-01
3.741174638271331787e-01
3.969252109527587891e-01
2.449027895927429199e-01
3.698241412639617920e-01
4.771511852741241455e-01
4.116497337818145752e-01
4.278580844402313232e-01
4.130050837993621826e-01
4.023756384849548340e-01
3.497593700885772705e-01
3.387108147144317627e-01
3.848732411861419678e-01
5.219311118125915527e-01
5.064850449562072754e-01
4.050396382808685303e-01
4.001053273677825928e-01
4.759183824062347412e-01
3.669302463531494141e-01
3.178791403770446777e-01
2.931783199310302734e-01
5.418231487274169922e-01
4.522415101528167725e-01
3.277661502361297607e-01
3.922863900661468506e-01
4.108020067214965820e-01
3.807339072227478027e-01
4.044221341609954834e-01
2.810126543045043945e-01
3.925404250621795654e-01
3.827412128448486328e-01
2.423133701086044312e-01
4.319743812084197998e-01
3.760151565074920654e-01
4.329112470149993896e-01
2.772782742977142334e-01
4.326770603656768799e-01
3.904919028282165527e-01
4.610402882099151611e-01
4.261848628520965576e-01
2.949240207672119141e-01
3.870268166065216064e-01
4.704311192035675049e-01
4.555018544197082520e-01
3.474540710449218750e-01
3.583454191684722900e-01
4.284453690052032471e-01
5.641602873802185059e-01
4.910286664962768555e-01
2.631644010543823242e-01
3.798640370368957520e-01
2.911131083965301514e-01
3.602411746978759766e-01
2.492639720439910889e-01
3.789554834365844727e-01
3.562442660331726074e-01
2.955044507980346680e-01
2.856498360633850098e-01
2.710892260074615479e-01
3.533768355846405029e-01
3.783682584762573242e-01
3.473604917526245117e-01
2.910503745079040527e-01
5.928485393524169922e-01
4.169206321239471436e-01
3.027002215385437012e-01
3.827690482139587402e-01
3.914891183376312256e-01
4.142329692840576172e-01
6.030938029289245605e-01
4.065803587436676025e-01
4.490988552570343018e-01
3.817313611507415771e-01
4.401203095912933350e-01
5.300382971763610840e-01
4.767754077911376953e-01
5.457517504692077637e-01
4.775449037551879883e-01
4.976664483547210693e-01
4.603892564773559570e-01
4.857650697231292725e-01
5.002701878547668457e-01
4.652541577816009521e-01
4.802483916282653809e-01
4.756261408329010010e-01
4.767754077911376953e-01
4.888919889926910400e-01
5.567781925201416016e-01
5.534852743148803711e-01
5.490016341209411621e-01
6.026264429092407227e-01
6.143680214881896973e-01
6.017014384269714355e-01
6.091008186340332031e-01
5.816224217414855957e-01
5.673536062240600586e-01
5.703068971633911133e-01
6.025206446647644043e-01
5.703518986701965332e-01
5.874700546264648438e-01
5.822048783302307129e-01
5.988403558731079102e-01
5.950410366058349609e-01
4.766744077205657959e-01
5.284341573715209961e-01
4.551570415496826172e-01
5.248131752014160156e-01
4.474967718124389648e-01
4.643271267414093018e-01
4.773569405078887939e-01
4.799923896789550781e-01
4.840015769004821777e-01
4.670320749282836914e-01
4.640921652317047119e-01
4.498874545097351074e-01
5.082214474678039551e-01
4.563681185245513916e-01
4.832964837551116943e-01
4.868427217006683350e-01
4.612816572189331055e-01
4.669497907161712646e-01
5.115399360656738281e-01
4.784683585166931152e-01
5.281740427017211914e-01
5.464090704917907715e-01
5.025809407234191895e-01
5.292668938636779785e-01
5.251906514167785645e-01
5.523598790168762207e-01
5.173435807228088379e-01
5.287895202636718750e-01
5.345553159713745117e-01
5.339182615280151367e-01
3.581634163856506348e-01
4.217782616615295410e-01
5.682907700538635254e-01
4.497935473918914795e-01
3.776625394821166992e-01
4.394883811473846436e-01
4.068833887577056885e-01
4.411253929138183594e-01
4.062927663326263428e-01
4.215497076511383057e-01
4.090493917465209961e-01
3.742389082908630371e-01
6.031313538551330566e-01
6.261398196220397949e-01
6.196550130844116211e-01
6.331518292427062988e-01
6.215597987174987793e-01
5.948042869567871094e-01
5.940681099891662598e-01
5.982221961021423340e-01
5.946007370948791504e-01
6.029656529426574707e-01
4.634647369384765625e-01
6.041651368141174316e-01
6.236509680747985840e-01
6.177938580513000488e-01
5.375756621360778809e-01
5.178211331367492676e-01
4.941838085651397705e-01
5.549679398536682129e-01
5.544617176055908203e-01
5.436176657676696777e-01
5.564383864402770996e-01
5.525749921798706055e-01
5.464783906936645508e-01
5.246516466140747070e-01
5.671547651290893555e-01
5.482641458511352539e-01
5.545293092727661133e-01
5.605764389038085938e-01
5.526525974273681641e-01
6.079961061477661133e-01
5.975910425186157227e-01
6.027945280075073242e-01
5.942729711532592773e-01
5.822101831436157227e-01
5.873405337333679199e-01
6.019506454467773438e-01
5.883749127388000488e-01
5.976980328559875488e-01
5.904531478881835938e-01
5.899866819381713867e-01
5.928031802177429199e-01
5.734200477600097656e-01
6.133819818496704102e-01
6.203304529190063477e-01
5.776255726814270020e-01
6.371830105781555176e-01
6.390250921249389648e-01
6.302975416183471680e-01
6.346929669380187988e-01
6.397311687469482422e-01
6.298078894615173340e-01
6.311988830566406250e-01
6.402904987335205078e-01
4.838613867759704590e-01
6.379266381263732910e-01
4.893249273300170898e-01
4.987331628799438477e-01
5.384178161621093750e-01
5.049825906753540039e-01
6.475221514701843262e-01
4.998606145381927490e-01
5.413243770599365234e-01
5.299659371376037598e-01
5.434709787368774414e-01
5.429453253746032715e-01
5.489780902862548828e-01
5.340819358825683594e-01
5.457419753074645996e-01
5.286372303962707520e-01
5.397672057151794434e-01
4.871616661548614502e-01
5.993874073028564453e-01
6.142787337303161621e-01
5.983866453170776367e-01
3.954330384731292725e-01
6.166635155677795410e-01
6.145200729370117188e-01
6.240468621253967285e-01
6.147138476371765137e-01
6.053302288055419922e-01
6.014618277549743652e-01
6.016542315483093262e-01
6.163644790649414062e-01
5.979402065277099609e-01
5.928485393524169922e-01
3.708777427673339844e-01
4.168269038200378418e-01
4.239743947982788086e-01
3.840792775154113770e-01
3.556561768054962158e-01
5.915116667747497559e-01
5.880361199378967285e-01
4.483165144920349121e-01
5.918958187103271484e-01
5.854082703590393066e-01
3.839028477668762207e-01
5.024884939193725586e-01
4.900803864002227783e-01
4.832272231578826904e-01
4.938241243362426758e-01
4.918825328350067139e-01
4.877037703990936279e-01
4.662843346595764160e-01
4.795496165752410889e-01
4.772650897502899170e-01
4.897196590900421143e-01
4.517185091972351074e-01
4.715263843536376953e-01
4.755470454692840576e-01
5.623865723609924316e-01
5.387615561485290527e-01
5.422109365463256836e-01
5.272218585014343262e-01
5.632247328758239746e-01
6.036081314086914062e-01
6.030586361885070801e-01
6.094567775726318359e-01
6.015263199806213379e-01
5.811955332756042480e-01
5.653004050254821777e-01
6.175062060356140137e-01
5.989287495613098145e-01
5.734535455703735352e-01
6.028856039047241211e-01
5.917762517929077148e-01
5.961880683898925781e-01
5.931046605110168457e-01
4.927071928977966309e-01
5.032182931900024414e-01
6.274193525314331055e-01
4.602040052413940430e-01
4.851930737495422363e-01
5.947092771530151367e-01
4.390951097011566162e-01
5.608738064765930176e-01
4.869014024734497070e-01
4.629839360713958740e-01
5.107089877128601074e-01
5.828793048858642578e-01
4.867622852325439453e-01
5.080844163894653320e-01
5.341837406158447266e-01
4.905563592910766602e-01
4.803389608860015869e-01
5.031797289848327637e-01
4.603609442710876465e-01
4.621149301528930664e-01
5.104941129684448242e-01
4.045624732971191406e-01
5.473669171333312988e-01
5.264022350311279297e-01
5.272345542907714844e-01
5.200763940811157227e-01
5.370323657989501953e-01
5.389672517776489258e-01
5.471460819244384766e-01
5.307744145393371582e-01
5.286783576011657715e-01
5.178217887878417969e-01
5.417301058769226074e-01
5.606268048286437988e-01
4.035690724849700928e-01
4.413725435733795166e-01
3.878223299980163574e-01
4.068786501884460449e-01
5.595278739929199219e-01
3.533848226070404053e-01
4.261277616024017334e-01
3.727161288261413574e-01
4.144353270530700684e-01
3.877249658107757568e-01
4.315645396709442139e-01
4.582107067108154297e-01
3.549319505691528320e-01
5.947752594947814941e-01
3.950709104537963867e-01
4.178513288497924805e-01
3.341160118579864502e-01
3.465493023395538330e-01
3.662277162075042725e-01
3.480100333690643311e-01
4.278647303581237793e-01
5.641844272613525391e-01
6.043115258216857910e-01
4.283322691917419434e-01
3.650785684585571289e-01
3.338020443916320801e-01
4.710577726364135742e-01
4.656529128551483154e-01
4.775449037551879883e-01
4.847133457660675049e-01
4.769645333290100098e-01
4.870815575122833252e-01
4.670544564723968506e-01
5.384936928749084473e-01
5.187678933143615723e-01
4.727470874786376953e-01
4.752419590950012207e-01
4.339248836040496826e-01
4.938734173774719238e-01
5.549821257591247559e-01
5.700774788856506348e-01
6.001890897750854492e-01
6.041620373725891113e-01
5.849525928497314453e-01
5.679860711097717285e-01
5.852475762367248535e-01
5.721828341484069824e-01
5.810766816139221191e-01
5.969849824905395508e-01
5.943753123283386230e-01
5.909739136695861816e-01
4.890741109848022461e-01
4.775489568710327148e-01
4.673584699630737305e-01
4.868381023406982422e-01
4.822282791137695312e-01
5.175895094871520996e-01
6.274193525314331055e-01
4.820131659507751465e-01
4.788262546062469482e-01
4.930774271488189697e-01
4.875597059726715088e-01
4.471673071384429932e-01
5.484652519226074219e-01
5.110422968864440918e-01
5.236777067184448242e-01
4.414955973625183105e-01
4.668492972850799561e-01
4.891757071018218994e-01
4.856872856616973877e-01
4.870992004871368408e-01
4.074674844741821289e-01
5.500330924987792969e-01
5.226562023162841797e-01
5.465397238731384277e-01
5.407853126525878906e-01
5.000943541526794434e-01
5.548012256622314453e-01
5.364066958427429199e-01
5.740339756011962891e-01
3.891489207744598389e-01
3.427221179008483887e-01
3.144374787807464600e-01
3.990979492664337158e-01
5.616195201873779297e-01
3.396885097026824951e-01
4.026327133178710938e-01
3.514227867126464844e-01
4.161024689674377441e-01
4.824186861515045166e-01
5.668069124221801758e-01
5.806512236595153809e-01
3.917438387870788574e-01
2.823724746704101562e-01
2.764805853366851807e-01
4.063863754272460938e-01
2.325430214405059814e-01
4.371655881404876709e-01
4.112313389778137207e-01
6.050447821617126465e-01
3.271258175373077393e-01
3.004489839076995850e-01
3.809671103954315186e-01
3.256914317607879639e-01
4.727649390697479248e-01
4.945124089717864990e-01
4.863590598106384277e-01
4.256506562232971191e-01
3.554247319698333740e-01
4.323672950267791748e-01
5.082128643989562988e-01
4.141559600830078125e-01
3.689928650856018066e-01
5.287212133407592773e-01
4.124182164669036865e-01
3.685711324214935303e-01
3.154483437538146973e-01
3.291037976741790771e-01
3.657971620559692383e-01
3.299575150012969971e-01
6.027410030364990234e-01
4.532797038555145264e-01
4.268154501914978027e-01
3.491287231445312500e-01
4.221594929695129395e-01
4.220156669616699219e-01
3.110179901123046875e-01
3.880782425403594971e-01
3.952440023422241211e-01
3.092962801456451416e-01
3.750753998756408691e-01
3.797890841960906982e-01
3.126466572284698486e-01
3.097242414951324463e-01
3.607790172100067139e-01
4.011916220188140869e-01
3.562062680721282959e-01
4.537849128246307373e-01
5.457517504692077637e-01
4.827254712581634521e-01
5.498551130294799805e-01
4.963452517986297607e-01
4.319900870323181152e-01
5.458189249038696289e-01
4.586522877216339111e-01
5.558041930198669434e-01
4.915239810943603516e-01
3.586314618587493896e-01
4.990559220314025879e-01
4.596777558326721191e-01
4.642471373081207275e-01
3.501858413219451904e-01
5.180829763412475586e-01
4.663801491260528564e-01
3.486825823783874512e-01
3.584695756435394287e-01
3.257724940776824951e-01
4.924176335334777832e-01
4.417434334754943848e-01
4.229468107223510742e-01
4.471580386161804199e-01
4.280969798564910889e-01
4.874127805233001709e-01
4.006244540214538574e-01
3.784347474575042725e-01
4.667154848575592041e-01
4.765215814113616943e-01
4.530299007892608643e-01
4.631411135196685791e-01
4.681790173053741455e-01
3.619599342346191406e-01
3.228355348110198975e-01
4.013502895832061768e-01
3.353791236877441406e-01
6.110013127326965332e-01
6.070414185523986816e-01
3.838184475898742676e-01
4.033169746398925781e-01
6.196629405021667480e-01
2.605344653129577637e-01
2.754871249198913574e-01
