4.566594660282135010e-01
4.402551651000976562e-01
4.242740273475646973e-01
4.485256671905517578e-01
4.095308184623718262e-01
4.766895473003387451e-01
4.863336682319641113e-01
4.855128228664398193e-01
4.938566684722900391e-01
5.157816410064697266e-01
4.103072583675384521e-01
4.184601604938507080e-01
3.950098156929016113e-01
4.474650621414184570e-01
4.946837127208709717e-01
4.796887040138244629e-01
4.682034254074096680e-01
4.804705381393432617e-01
4.694593250751495361e-01
4.680863916873931885e-01
4.499352872371673584e-01
3.858386278152465820e-01
4.893099367618560791e-01
4.892517030239105225e-01
4.815383553504943848e-01
4.403786957263946533e-01
4.817702174186706543e-01
4.587751328945159912e-01
4.250198900699615479e-01
4.279250502586364746e-01
4.506326019763946533e-01
4.712561964988708496e-01
4.651553630828857422e-01
5.428504943847656250e-01
4.750608801841735840e-01
4.749618470668792725e-01
5.196660161018371582e-01
4.574373066425323486e-01
4.603009223937988281e-01
4.525958895683288574e-01
4.500983953475952148e-01
4.900996387004852295e-01
5.039566159248352051e-01
5.031899809837341309e-01
4.971664547920227051e-01
4.929557442665100098e-01
5.285158157348632812e-01
5.045708417892456055e-01
4.594255685806274414e-01
4.989321529865264893e-01
4.544768333435058594e-01
4.457421004772186279e-01
4.403583407402038574e-01
4.801014959812164307e-01
4.762486815452575684e-01
4.071238338947296143e-01
3.960087001323699951e-01
4.579374492168426514e-01
4.192288815975189209e-01
4.984942376613616943e-01
5.093186497688293457e-01
4.811679124832153320e-01
4.380733966827392578e-01
4.360446035861968994e-01
4.584959447383880615e-01
4.829327166080474854e-01
4.670026004314422607e-01
4.630248844623565674e-01
5.089213252067565918e-01
3.954943716526031494e-01
4.719944894313812256e-01
4.160071909427642822e-01
4.802334904670715332e-01
3.969934880733489990e-01
4.905635416507720947e-01
4.490155875682830811e-01
5.418297648429870605e-01
5.688169598579406738e-01
4.244203865528106689e-01
5.321432948112487793e-01
5.358414053916931152e-01
5.203207135200500488e-01
5.332294106483459473e-01
4.368765056133270264e-01
5.508360266685485840e-01
5.176947712898254395e-01
3.995659351348876953e-01
5.302045941352844238e-01
4.451298415660858154e-01
4.375681281089782715e-01
4.276914894580841064e-01
4.496361911296844482e-01
5.576030611991882324e-01
4.640346169471740723e-01
5.167430639266967773e-01
5.696662068367004395e-01
4.470612108707427979e-01
5.288782715797424316e-01
5.337107777595520020e-01
5.446871519088745117e-01
5.320460200309753418e-01
5.386500358581542969e-01
5.329697132110595703e-01
5.318280458450317383e-01
5.555069446563720703e-01
4.907082319259643555e-01
5.080673098564147949e-01
4.835044145584106445e-01
4.923718869686126709e-01
5.598186254501342773e-01
5.056157708168029785e-01
4.794827401638031006e-01
5.653798580169677734e-01
5.263022780418395996e-01
5.070035457611083984e-01
5.242218375205993652e-01
5.391405820846557617e-01
4.155699312686920166e-01
4.404169321060180664e-01
5.112867951393127441e-01
5.429936051368713379e-01
4.106026887893676758e-01
5.183026790618896484e-01
5.302544236183166504e-01
4.072046577930450439e-01
5.149118304252624512e-01
3.815037310123443604e-01
4.261470735073089600e-01
5.170891284942626953e-01
5.211421847343444824e-01
5.050616860389709473e-01
5.218676328659057617e-01
4.362534582614898682e-01
5.233128070831298828e-01
4.666649103164672852e-01
4.374302923679351807e-01
5.690596103668212891e-01
5.251980423927307129e-01
4.415985643863677979e-01
5.446683168411254883e-01
5.206162333488464355e-01
4.155979752540588379e-01
5.148476362228393555e-01
5.313200950622558594e-01
3.978834152221679688e-01
4.347484111785888672e-01
5.358802676200866699e-01
5.040290951728820801e-01
5.352148413658142090e-01
5.599543452262878418e-01
5.769354701042175293e-01
5.606182813644409180e-01
5.643949508666992188e-01
5.366630554199218750e-01
4.823314845561981201e-01
5.360704660415649414e-01
5.047622919082641602e-01
5.440493226051330566e-01
5.515508651733398438e-01
5.106575489044189453e-01
5.194688439369201660e-01
5.469049215316772461e-01
4.827276766300201416e-01
5.438113808631896973e-01
5.682832598686218262e-01
5.662326812744140625e-01
5.554494857788085938e-01
5.673998594284057617e-01
5.648177862167358398e-01
5.376425385475158691e-01
5.394135713577270508e-01
5.199890732765197754e-01
4.771546125411987305e-01
5.310343503952026367e-01
4.887062311172485352e-01
4.730647802352905273e-01
5.165516138076782227e-01
4.715119004249572754e-01
5.670426487922668457e-01
5.446298122406005859e-01
5.546471476554870605e-01
5.403724908828735352e-01
5.421034693717956543e-01
5.150668025016784668e-01
5.492309927940368652e-01
4.948020577430725098e-01
5.663259625434875488e-01
5.412772893905639648e-01
4.945565462112426758e-01
4.306964278221130371e-01
4.619846343994140625e-01
5.238468647003173828e-01
5.453946590423583984e-01
4.559110701084136963e-01
5.599088668823242188e-01
5.401635169982910156e-01
5.131603479385375977e-01
4.966098368167877197e-01
4.681364297866821289e-01
5.000301003456115723e-01
4.826986193656921387e-01
5.405443906784057617e-01
5.638070106506347656e-01
5.241912007331848145e-01
5.178308486938476562e-01
4.890145361423492432e-01
5.035112500190734863e-01
5.202467441558837891e-01
5.219308137893676758e-01
5.042257308959960938e-01
5.208027958869934082e-01
5.110139846801757812e-01
5.181977748870849609e-01
5.530838966369628906e-01
5.656067132949829102e-01
5.380904674530029297e-01
5.206193923950195312e-01
5.414034724235534668e-01
4.771518409252166748e-01
5.102088451385498047e-01
5.050916671752929688e-01
5.354173779487609863e-01
5.369699597358703613e-01
5.642657279968261719e-01
5.240285396575927734e-01
5.412504076957702637e-01
5.549755692481994629e-01
5.455172657966613770e-01
5.007607936859130859e-01
5.516619086265563965e-01
5.226941108703613281e-01
5.171924233436584473e-01
5.155202746391296387e-01
5.097944140434265137e-01
4.851817488670349121e-01
5.402529835700988770e-01
5.795459151268005371e-01
5.164765119552612305e-01
4.234641790390014648e-01
5.187051296234130859e-01
5.497355461120605469e-01
5.151846408843994141e-01
5.235458612442016602e-01
5.031356215476989746e-01
5.475263595581054688e-01
5.112723708152770996e-01
4.885928630828857422e-01
5.167254805564880371e-01
5.222966074943542480e-01
5.460735559463500977e-01
5.410282015800476074e-01
4.882172942161560059e-01
5.102279186248779297e-01
4.797022938728332520e-01
4.955168068408966064e-01
5.210248827934265137e-01
4.588333964347839355e-01
3.697946369647979736e-01
5.201449990272521973e-01
5.186998248100280762e-01
5.199336409568786621e-01
4.923977255821228027e-01
5.102249383926391602e-01
4.982686042785644531e-01
5.290867686271667480e-01
4.452453851699829102e-01
5.034129619598388672e-01
5.125406980514526367e-01
4.901930987834930420e-01
5.247503519058227539e-01
5.012385249137878418e-01
5.400924086570739746e-01
5.103808045387268066e-01
5.048410296440124512e-01
5.001532435417175293e-01
4.896045327186584473e-01
5.024420619010925293e-01
4.927815198898315430e-01
4.925678670406341553e-01
4.648813307285308838e-01
5.100572109222412109e-01
4.577620625495910645e-01
4.776425063610076904e-01
5.350003242492675781e-01
5.285832285881042480e-01
4.892342388629913330e-01
4.821096658706665039e-01
5.242753028869628906e-01
4.740400016307830811e-01
5.044615864753723145e-01
4.799559116363525391e-01
5.312088727951049805e-01
5.376571416854858398e-01
5.264805555343627930e-01
5.439777970314025879e-01
5.107600688934326172e-01
4.782375395298004150e-01
4.840029776096343994e-01
4.988103806972503662e-01
5.332301855087280273e-01
4.994829297065734863e-01
5.370175838470458984e-01
5.036781430244445801e-01
5.252720713615417480e-01
5.097301602363586426e-01
4.839209914207458496e-01
4.911283552646636963e-01
5.261940360069274902e-01
5.240328311920166016e-01
5.322792530059814453e-01
4.806366264820098877e-01
5.382859706878662109e-01
4.530503749847412109e-01
4.996664226055145264e-01
4.710340797901153564e-01
5.062016844749450684e-01
4.907972216606140137e-01
5.323535799980163574e-01
4.552648961544036865e-01
4.636619389057159424e-01
4.915353953838348389e-01
5.271086692810058594e-01
4.415264725685119629e-01
5.360469818115234375e-01
4.388165175914764404e-01
5.340659022331237793e-01
4.908667206764221191e-01
4.898587763309478760e-01
5.463783740997314453e-01
5.225948691368103027e-01
3.872299194335937500e-01
5.198007225990295410e-01
4.684141576290130615e-01
3.785507082939147949e-01
4.912759661674499512e-01
4.603908061981201172e-01
4.616342484951019287e-01
4.927825033664703369e-01
5.780247449874877930e-01
5.540210604667663574e-01
4.399278759956359863e-01
5.249527692794799805e-01
4.421598613262176514e-01
3.788104057312011719e-01
4.954186081886291504e-01
5.230775475502014160e-01
5.613224506378173828e-01
4.693250954151153564e-01
5.271086692810058594e-01
5.318884253501892090e-01
3.513099551200866699e-01
4.431122243404388428e-01
4.964266717433929443e-01
4.670009911060333252e-01
4.594147205352783203e-01
4.822171032428741455e-01
5.243076086044311523e-01
4.876525998115539551e-01
4.900642335414886475e-01
4.391107261180877686e-01
4.573215842247009277e-01
4.913985729217529297e-01
4.007122516632080078e-01
4.712309241294860840e-01
4.490319192409515381e-01
4.610564112663269043e-01
5.492650866508483887e-01
5.139489769935607910e-01
4.161815941333770752e-01
4.429789781570434570e-01
5.337345004081726074e-01
5.339704155921936035e-01
4.747600853443145752e-01
4.578304290771484375e-01
5.213610529899597168e-01
5.186496973037719727e-01
5.677281618118286133e-01
4.833135306835174561e-01
5.490871071815490723e-01
4.402579367160797119e-01
4.312085211277008057e-01
4.966294765472412109e-01
5.127112269401550293e-01
5.226947069168090820e-01
5.007471442222595215e-01
5.146946310997009277e-01
5.433417558670043945e-01
5.411475300788879395e-01
5.114528536796569824e-01
5.640452504158020020e-01
4.936014115810394287e-01
4.694876968860626221e-01
5.140992403030395508e-01
4.658454656600952148e-01
4.800676405429840088e-01
4.957030415534973145e-01
5.280123949050903320e-01
5.060192346572875977e-01
5.460069775581359863e-01
3.661621510982513428e-01
5.255063176155090332e-01
4.885239601135253906e-01
4.859037995338439941e-01
4.502012133598327637e-01
4.620686769485473633e-01
5.335407257080078125e-01
4.839035868644714355e-01
5.224627852439880371e-01
5.119593739509582520e-01
5.148507952690124512e-01
4.434663653373718262e-01
4.348030686378479004e-01
5.236636996269226074e-01
4.968891143798828125e-01
5.491210818290710449e-01
5.415925383567810059e-01
5.626069307327270508e-01
4.953078925609588623e-01
5.209884643554687500e-01
5.883929133415222168e-01
5.054730176925659180e-01
5.170096755027770996e-01
5.071907043457031250e-01
5.175003409385681152e-01
4.890809059143066406e-01
3.786578178405761719e-01
4.370398819446563721e-01
4.898364543914794922e-01
4.580151438713073730e-01
4.646607637405395508e-01
4.867873191833496094e-01
4.030217826366424561e-01
4.451590478420257568e-01
3.622260689735412598e-01
5.847188234329223633e-01
3.557601571083068848e-01
5.166962742805480957e-01
4.349920749664306641e-01
4.649275541305541992e-01
4.144309461116790771e-01
4.275098145008087158e-01
4.889800846576690674e-01
4.664454460144042969e-01
4.517675638198852539e-01
5.521408915519714355e-01
4.337367415428161621e-01
5.025181174278259277e-01
4.964714348316192627e-01
4.075347483158111572e-01
3.357451260089874268e-01
5.554255247116088867e-01
4.917093217372894287e-01
4.605488479137420654e-01
4.358893334865570068e-01
3.793856799602508545e-01
4.573193192481994629e-01
4.985945522785186768e-01
4.887838363647460938e-01
4.708535373210906982e-01
4.676060676574707031e-01
4.699107408523559570e-01
4.053765237331390381e-01
4.437676966190338135e-01
4.868024885654449463e-01
3.744642138481140137e-01
4.681245386600494385e-01
4.890227913856506348e-01
5.312418937683105469e-01
4.793035686016082764e-01
4.616353213787078857e-01
4.754430055618286133e-01
4.815125465393066406e-01
4.772729277610778809e-01
5.156886577606201172e-01
4.402605295181274414e-01
3.989020884037017822e-01
4.191195368766784668e-01
4.268020391464233398e-01
4.580815732479095459e-01
5.522920489311218262e-01
5.016167163848876953e-01
3.475633263587951660e-01
4.346226453781127930e-01
3.421015441417694092e-01
4.446749389171600342e-01
5.278759002685546875e-01
4.913030266761779785e-01
4.062139391899108887e-01
4.299373924732208252e-01
4.730778634548187256e-01
4.905830919742584229e-01
4.590905904769897461e-01
4.879815578460693359e-01
4.868437051773071289e-01
4.833816587924957275e-01
5.059424638748168945e-01
4.192252457141876221e-01
4.318792819976806641e-01
3.741749227046966553e-01
4.452030360698699951e-01
1.002832502126693726e-01
4.858941137790679932e-01
3.883139789104461670e-01
3.797042667865753174e-01
1.233552098274230957e-01
1.126600056886672974e-01
1.596318036317825317e-01
2.177443504333496094e-01
9.855948388576507568e-02
4.455159008502960205e-01
2.043034434318542480e-01
2.108593583106994629e-01
2.928243577480316162e-01
4.692491888999938965e-01
1.063852161169052124e-01
1.507746428251266479e-01
3.468548953533172607e-01
5.240808427333831787e-02
4.149942696094512939e-01
4.672440290451049805e-01
4.500225782394409180e-01
4.325025379657745361e-01
2.532805502414703369e-01
3.730371892452239990e-01
4.905254542827606201e-01
3.823979794979095459e-01
4.335962533950805664e-01
3.860121071338653564e-01
1.103280410170555115e-01
6.971333920955657959e-02
1.386011093854904175e-01
1.377354860305786133e-01
2.230344116687774658e-01
2.463659793138504028e-01
9.090644866228103638e-02
4.933125898241996765e-02
3.607520759105682373e-01
4.010847508907318115e-01
3.739727437496185303e-01
1.493469774723052979e-01
8.689492195844650269e-02
4.523723199963569641e-02
1.284295022487640381e-01
5.210447311401367188e-01
4.995522797107696533e-01
2.823852002620697021e-01
3.896344304084777832e-01
4.857157766819000244e-01
2.173505723476409912e-01
4.315601885318756104e-01
9.491364657878875732e-02
5.309754610061645508e-01
5.374301671981811523e-01
2.332326024770736694e-01
2.463933378458023071e-01
5.257965326309204102e-01
4.964184463024139404e-01
4.732211232185363770e-01
1.101562976837158203e-01
5.023450851440429688e-01
5.499889254570007324e-01
2.275488674640655518e-01
1.633835285902023315e-01
3.600901365280151367e-01
1.660163104534149170e-01
1.873132735490798950e-01
1.418548524379730225e-01
2.072598338127136230e-01
5.014268159866333008e-01
6.538408249616622925e-02
3.682325780391693115e-01
1.801284253597259521e-01
5.132143497467041016e-01
5.189949646592140198e-02
4.301766753196716309e-01
4.725569486618041992e-01
4.867015480995178223e-01
2.043473869562149048e-01
1.605109274387359619e-01
6.272045522928237915e-02
3.537902235984802246e-01
5.231518149375915527e-01
4.560701549053192139e-01
1.104183793067932129e-01
1.104519441723823547e-01
4.923212826251983643e-01
5.352154374122619629e-01
8.016095310449600220e-02
1.413917392492294312e-01
1.382941305637359619e-01
1.800817400217056274e-01
5.830896273255348206e-02
3.581254780292510986e-01
1.236409321427345276e-01
4.505672305822372437e-02
1.269066631793975830e-01
4.473469778895378113e-02
4.205602407455444336e-01
4.491528272628784180e-01
4.534660577774047852e-01
3.740916252136230469e-01
4.393783211708068848e-01
4.787124693393707275e-01
4.254978299140930176e-01
4.330571591854095459e-01
4.762140810489654541e-01
5.415117144584655762e-01
4.677532315254211426e-01
4.591911137104034424e-01
5.146138668060302734e-01
4.697174131870269775e-01
4.658038914203643799e-01
5.070108771324157715e-01
4.606486856937408447e-01
5.096639990806579590e-01
4.390610754489898682e-01
4.774340987205505371e-01
4.521506428718566895e-01
4.685304164886474609e-01
4.148349761962890625e-01
4.729267358779907227e-01
4.257064163684844971e-01
4.444691836833953857e-01
4.606486856937408447e-01
4.815823733806610107e-01
5.858746767044067383e-01
4.117074608802795410e-01
5.742605924606323242e-01
5.332833528518676758e-01
5.506805777549743652e-01
5.728992819786071777e-01
5.165320634841918945e-01
4.818671941757202148e-01
4.646880030632019043e-01
4.536620080471038818e-01
5.578646063804626465e-01
5.435624718666076660e-01
5.529245734214782715e-01
5.359699726104736328e-01
4.761070311069488525e-01
5.361507534980773926e-01
4.679338037967681885e-01
5.308816432952880859e-01
4.754868745803833008e-01
5.208194255828857422e-01
4.649457037448883057e-01
4.979046583175659180e-01
5.092874765396118164e-01
5.012853741645812988e-01
5.183770656585693359e-01
4.914448559284210205e-01
4.966531097888946533e-01
5.025161504745483398e-01
5.413317084312438965e-01
3.695620894432067871e-01
4.939073324203491211e-01
4.444047808647155762e-01
5.053718686103820801e-01
4.607591032981872559e-01
4.330179095268249512e-01
4.389403462409973145e-01
4.694974124431610107e-01
5.246163010597229004e-01
4.487386345863342285e-01
5.084077715873718262e-01
5.026085376739501953e-01
5.230544805526733398e-01
5.064595937728881836e-01
4.892543852329254150e-01
5.052921175956726074e-01
5.192720890045166016e-01
4.579240381717681885e-01
3.848711252212524414e-01
4.158259332180023193e-01
5.240671634674072266e-01
3.775943219661712646e-01
4.769231081008911133e-01
4.346047937870025635e-01
4.508451521396636963e-01
3.719055950641632080e-01
4.403578341007232666e-01
4.370340406894683838e-01
4.528378844261169434e-01
4.773928225040435791e-01
4.938566684722900391e-01
4.474650621414184570e-01
4.946837127208709717e-01
4.796887040138244629e-01
4.817702174186706543e-01
4.651553630828857422e-01
4.603009223937988281e-01
4.525958895683288574e-01
4.900996387004852295e-01
4.801014959812164307e-01
3.960087001323699951e-01
4.192288815975189209e-01
3.969934880733489990e-01
5.203207135200500488e-01
4.451298415660858154e-01
4.496361911296844482e-01
5.337107777595520020e-01
5.320460200309753418e-01
4.907082319259643555e-01
5.429936051368713379e-01
5.149118304252624512e-01
5.233128070831298828e-01
4.666649103164672852e-01
5.690596103668212891e-01
5.313200950622558594e-01
5.352148413658142090e-01
5.515508651733398438e-01
5.438113808631896973e-01
4.771546125411987305e-01
5.310343503952026367e-01
4.730647802352905273e-01
4.306964278221130371e-01
5.000301003456115723e-01
4.826986193656921387e-01
5.202467441558837891e-01
5.219308137893676758e-01
5.414034724235534668e-01
4.771518409252166748e-01
5.226941108703613281e-01
5.155202746391296387e-01
4.851817488670349121e-01
5.102279186248779297e-01
4.797022938728332520e-01
3.697946369647979736e-01
5.125406980514526367e-01
5.001532435417175293e-01
4.896045327186584473e-01
5.024420619010925293e-01
5.044615864753723145e-01
4.782375395298004150e-01
5.332301855087280273e-01
5.036781430244445801e-01
4.530503749847412109e-01
4.552648961544036865e-01
4.636619389057159424e-01
4.388165175914764404e-01
3.872299194335937500e-01
4.684141576290130615e-01
4.964266717433929443e-01
4.913985729217529297e-01
4.490319192409515381e-01
5.139489769935607910e-01
4.833135306835174561e-01
4.312085211277008057e-01
5.433417558670043945e-01
5.140992403030395508e-01
4.800676405429840088e-01
4.953078925609588623e-01
5.054730176925659180e-01
4.646607637405395508e-01
4.867873191833496094e-01
5.166962742805480957e-01
4.144309461116790771e-01
4.358893334865570068e-01
4.053765237331390381e-01
5.016167163848876953e-01
3.421015441417694092e-01
5.278759002685546875e-01
4.299373924732208252e-01
4.730778634548187256e-01
5.059424638748168945e-01
4.318792819976806641e-01
4.769136607646942139e-01
4.393783211708068848e-01
4.169742465019226074e-01
4.924980401992797852e-01
4.631788432598114014e-01
4.962577521800994873e-01
4.253332614898681641e-01
4.832925796508789062e-01
4.842996895313262939e-01
4.786290526390075684e-01
4.102080166339874268e-01
4.821533858776092529e-01
4.502736926078796387e-01
4.759008884429931641e-01
4.697263538837432861e-01
4.734244644641876221e-01
5.039828419685363770e-01
5.202344655990600586e-01
4.759818911552429199e-01
4.956989288330078125e-01
5.096829533576965332e-01
4.546852409839630127e-01
4.765238761901855469e-01
4.654836356639862061e-01
4.624572992324829102e-01
4.613558351993560791e-01
5.487268567085266113e-01
5.168697834014892578e-01
5.227392911911010742e-01
5.323814749717712402e-01
5.572962164878845215e-01
5.659764409065246582e-01
5.374975800514221191e-01
5.210915207862854004e-01
5.156124830245971680e-01
4.939512312412261963e-01
4.881001412868499756e-01
5.553986430168151855e-01
5.568708777427673340e-01
4.569679498672485352e-01
5.186045169830322266e-01
5.208134651184082031e-01
5.433616042137145996e-01
5.480208396911621094e-01
5.069312453269958496e-01
5.029457807540893555e-01
4.830851852893829346e-01
4.711106717586517334e-01
5.246250033378601074e-01
4.966875612735748291e-01
4.781157672405242920e-01
5.644634962081909180e-01
5.270646214485168457e-01
5.279092788696289062e-01
4.834040999412536621e-01
4.245249927043914795e-01
5.033019185066223145e-01
4.873532056808471680e-01
4.906836450099945068e-01
4.740817844867706299e-01
5.058301687240600586e-01
4.743393957614898682e-01
4.849459826946258545e-01
4.832785427570343018e-01
4.672670364379882812e-01
4.451457560062408447e-01
4.863255620002746582e-01
4.323576688766479492e-01
4.918775856494903564e-01
4.588222503662109375e-01
5.048840641975402832e-01
4.636207818984985352e-01
3.016097843647003174e-01
5.077430009841918945e-01
4.105511903762817383e-01
4.763948321342468262e-01
5.300410389900207520e-01
5.390059351921081543e-01
3.785471022129058838e-01
5.133400559425354004e-01
4.136132597923278809e-01
4.710450768470764160e-01
4.410742223262786865e-01
4.545109272003173828e-01
4.060105383396148682e-01
4.325530230998992920e-01
3.996433019638061523e-01
3.766195178031921387e-01
5.346370935440063477e-01
4.931370317935943604e-01
4.253618121147155762e-01
4.843066632747650146e-01
4.762709140777587891e-01
4.671905338764190674e-01
4.210624098777770996e-01
4.566065669059753418e-01
4.257826507091522217e-01
4.359085857868194580e-01
5.055600404739379883e-01
4.689007997512817383e-01
3.728749454021453857e-01
4.604516625404357910e-01
4.598399400711059570e-01
3.894392251968383789e-01
4.323307573795318604e-01
4.595811069011688232e-01
4.390610754489898682e-01
4.090747535228729248e-01
4.586257934570312500e-01
4.747103154659271240e-01
4.689403176307678223e-01
4.962905049324035645e-01
5.412528514862060547e-01
4.503095746040344238e-01
4.286788403987884521e-01
4.308942556381225586e-01
4.538796842098236084e-01
5.454568862915039062e-01
5.074061751365661621e-01
5.329099893569946289e-01
5.504257082939147949e-01
5.488266348838806152e-01
4.283799827098846436e-01
5.463880300521850586e-01
5.087996125221252441e-01
5.494669079780578613e-01
5.626963376998901367e-01
5.027942061424255371e-01
4.918980598449707031e-01
5.412831306457519531e-01
5.232508778572082520e-01
5.116106867790222168e-01
4.844346642494201660e-01
5.453729033470153809e-01
5.318845510482788086e-01
4.830851852893829346e-01
5.328056216239929199e-01
5.156360268592834473e-01
4.780253171920776367e-01
5.245112776756286621e-01
5.083214044570922852e-01
5.115025043487548828e-01
4.840730428695678711e-01
5.534315109252929688e-01
4.822198748588562012e-01
4.686694145202636719e-01
5.101304650306701660e-01
4.999644160270690918e-01
4.907117187976837158e-01
4.391145408153533936e-01
5.180139541625976562e-01
5.291961431503295898e-01
5.391762256622314453e-01
4.484311044216156006e-01
4.364681541919708252e-01
5.570219755172729492e-01
5.178052186965942383e-01
4.428403079509735107e-01
3.608961403369903564e-01
4.873683750629425049e-01
4.353311657905578613e-01
4.832462668418884277e-01
4.727298319339752197e-01
4.476283788681030273e-01
4.433499872684478760e-01
4.149878621101379395e-01
3.727817535400390625e-01
3.965606987476348877e-01
4.124867618083953857e-01
4.578878581523895264e-01
4.598690867424011230e-01
5.806792899966239929e-02
6.917557120323181152e-02
2.225486040115356445e-01
6.363902986049652100e-02
2.100641429424285889e-01
1.959098279476165771e-01
4.738342463970184326e-01
1.884705871343612671e-01
1.497501283884048462e-01
9.985720366239547729e-02
1.865496933460235596e-01
3.886899650096893311e-01
4.487122893333435059e-01
4.512338936328887939e-01
5.306688547134399414e-01
2.004432529211044312e-01
5.258910059928894043e-01
4.339019060134887695e-01
4.828727245330810547e-01
1.984962671995162964e-01
4.852599799633026123e-01
4.557628631591796875e-01
9.251198917627334595e-02
9.698165953159332275e-02
1.330969482660293579e-01
9.082549810409545898e-02
1.666008830070495605e-01
3.387818038463592529e-01
2.281466722488403320e-01
1.415296047925949097e-01
1.647576838731765747e-01
2.464902102947235107e-01
1.333948671817779541e-01
2.309973537921905518e-01
1.392263621091842651e-01
1.014538034796714783e-01
5.983212962746620178e-02
1.023458391427993774e-01
1.092922389507293701e-01
6.958072632551193237e-02
2.584402561187744141e-01
9.645026177167892456e-02
9.547253698110580444e-02
1.266972273588180542e-01
2.506880760192871094e-01
5.086412429809570312e-01
5.046837329864501953e-01
4.496952593326568604e-01
5.234887599945068359e-01
5.188403129577636719e-01
4.691544771194458008e-01
5.118715763092041016e-01
5.493916869163513184e-01
5.159963965415954590e-01
3.489417135715484619e-01
5.507869720458984375e-01
4.498752653598785400e-01
5.510687828063964844e-01
3.334347605705261230e-01
5.406038761138916016e-01
5.047709345817565918e-01
3.295188844203948975e-01
3.482271432876586914e-01
2.227228432893753052e-01
4.135108590126037598e-01
5.159494280815124512e-01
3.964130282402038574e-01
5.074242353439331055e-01
4.853056967258453369e-01
4.966317117214202881e-01
4.849696755409240723e-01
4.779352247714996338e-01
3.995248079299926758e-01
4.618729650974273682e-01
5.108925104141235352e-01
5.195450186729431152e-01
5.492739081382751465e-01
2.172244787216186523e-01
2.003168612718582153e-01
1.449241936206817627e-01
1.343786269426345825e-01
4.450723528861999512e-01
3.875246047973632812e-01
4.751944839954376221e-01
2.322330772876739502e-01
4.013668596744537354e-01
6.716220080852508545e-02
6.755011528730392456e-02
