9.501827955245971680e-01
8.033630847930908203e-01
9.434762001037597656e-01
9.785476922988891602e-01
9.091822504997253418e-01
9.696549177169799805e-01
9.291034936904907227e-01
9.775310158729553223e-01
9.768467545509338379e-01
9.770450592041015625e-01
7.622665762901306152e-01
9.245359897613525391e-01
9.374955296516418457e-01
9.668794870376586914e-01
9.550694227218627930e-01
9.765251874923706055e-01
9.812600612640380859e-01
9.381763339042663574e-01
8.959392905235290527e-01
9.859225749969482422e-01
9.713997244834899902e-01
8.778948187828063965e-01
9.775690436363220215e-01
9.662925601005554199e-01
9.061535000801086426e-01
9.271676540374755859e-01
8.307003378868103027e-01
9.655922651290893555e-01
9.671452641487121582e-01
8.961219191551208496e-01
9.405232667922973633e-01
9.636096954345703125e-01
9.456097483634948730e-01
9.833419322967529297e-01
9.630026221275329590e-01
9.252865314483642578e-01
9.685004949569702148e-01
9.783414602279663086e-01
9.329034090042114258e-01
9.388411045074462891e-01
9.215973019599914551e-01
9.361590743064880371e-01
9.580112695693969727e-01
8.471715450286865234e-01
9.855028390884399414e-01
9.840517044067382812e-01
9.684370160102844238e-01
8.919622302055358887e-01
9.758833050727844238e-01
9.860478639602661133e-01
9.797138571739196777e-01
8.140237927436828613e-01
9.276778697967529297e-01
9.335517883300781250e-01
9.824569225311279297e-01
9.404751658439636230e-01
9.738967418670654297e-01
9.751082062721252441e-01
9.770495295524597168e-01
9.223650693893432617e-01
8.192576169967651367e-01
9.693046808242797852e-01
9.568610191345214844e-01
9.738007783889770508e-01
9.753095507621765137e-01
9.576819539070129395e-01
9.691255092620849609e-01
9.790372848510742188e-01
9.287781119346618652e-01
9.705035686492919922e-01
9.727734923362731934e-01
9.546841382980346680e-01
9.811681509017944336e-01
9.466491937637329102e-01
9.576848745346069336e-01
9.862631559371948242e-01
9.881622195243835449e-01
9.905501008033752441e-01
9.782894253730773926e-01
9.840181469917297363e-01
9.827134609222412109e-01
9.897176027297973633e-01
9.895676970481872559e-01
9.841390252113342285e-01
9.840351939201354980e-01
9.806787967681884766e-01
9.787100553512573242e-01
9.853388071060180664e-01
9.892277717590332031e-01
9.858167171478271484e-01
9.826695919036865234e-01
9.882780909538269043e-01
9.923580288887023926e-01
9.895792603492736816e-01
9.777087569236755371e-01
9.890768527984619141e-01
9.824559688568115234e-01
9.868940114974975586e-01
9.899045825004577637e-01
9.881017208099365234e-01
9.865826964378356934e-01
9.854882359504699707e-01
9.872457981109619141e-01
9.867120981216430664e-01
9.892976284027099609e-01
9.910703897476196289e-01
9.858191013336181641e-01
9.836480021476745605e-01
9.841773509979248047e-01
9.843968749046325684e-01
9.829009175300598145e-01
9.806171655654907227e-01
9.922238588333129883e-01
9.911779761314392090e-01
9.897740483283996582e-01
9.852635860443115234e-01
9.914241433143615723e-01
9.686632156372070312e-01
9.855204224586486816e-01
9.828597903251647949e-01
9.883809089660644531e-01
9.782832860946655273e-01
9.760937094688415527e-01
9.854130148887634277e-01
9.856103062629699707e-01
9.880561828613281250e-01
9.445883035659790039e-01
9.876484870910644531e-01
9.880999326705932617e-01
9.846038222312927246e-01
9.881717562675476074e-01
9.882833957672119141e-01
9.770712256431579590e-01
9.844322204589843750e-01
9.887148737907409668e-01
9.886698722839355469e-01
9.788367152214050293e-01
9.861360788345336914e-01
9.866434335708618164e-01
9.786922335624694824e-01
9.807850122451782227e-01
9.820587038993835449e-01
9.802262783050537109e-01
9.871144294738769531e-01
9.819693565368652344e-01
9.876351952552795410e-01
9.898672103881835938e-01
9.747339487075805664e-01
9.935290217399597168e-01
9.909533262252807617e-01
9.909350275993347168e-01
9.899393916130065918e-01
9.950792789459228516e-01
9.920543432235717773e-01
9.917765855789184570e-01
9.936574101448059082e-01
9.921395182609558105e-01
9.905009269714355469e-01
9.941851496696472168e-01
9.939954876899719238e-01
9.937350153923034668e-01
9.954736828804016113e-01
9.838878512382507324e-01
9.954710006713867188e-01
9.935562014579772949e-01
9.924409389495849609e-01
9.931259155273437500e-01
9.918830394744873047e-01
9.930377602577209473e-01
9.953671693801879883e-01
9.843810796737670898e-01
9.913973808288574219e-01
9.862362742424011230e-01
9.854469299316406250e-01
9.808564186096191406e-01
9.692406058311462402e-01
9.875868558883666992e-01
9.588198065757751465e-01
9.810141921043395996e-01
9.798374772071838379e-01
9.805857539176940918e-01
9.871998429298400879e-01
9.789407849311828613e-01
9.805652499198913574e-01
9.874295592308044434e-01
9.862661957740783691e-01
9.850696921348571777e-01
9.847175478935241699e-01
9.812008738517761230e-01
8.997766971588134766e-01
9.438223242759704590e-01
9.697965383529663086e-01
9.887918829917907715e-01
9.659206867218017578e-01
9.769345521926879883e-01
9.810425043106079102e-01
9.844034910202026367e-01
9.605964422225952148e-01
9.866869449615478516e-01
9.805988073348999023e-01
9.849177002906799316e-01
9.850152134895324707e-01
9.724527597427368164e-01
9.754095673561096191e-01
9.869847893714904785e-01
9.855046868324279785e-01
9.861052632331848145e-01
9.866359829902648926e-01
9.840008020401000977e-01
9.684270620346069336e-01
9.866553544998168945e-01
9.887203574180603027e-01
9.856873154640197754e-01
9.926143884658813477e-01
9.700942635536193848e-01
9.934310317039489746e-01
9.856885671615600586e-01
9.839989542961120605e-01
9.825621843338012695e-01
9.870376586914062500e-01
9.798968434333801270e-01
9.717417359352111816e-01
9.854637980461120605e-01
9.848076105117797852e-01
9.782520532608032227e-01
9.801273345947265625e-01
9.843521714210510254e-01
9.749318361282348633e-01
9.875756502151489258e-01
9.837268590927124023e-01
9.810214042663574219e-01
9.838395118713378906e-01
9.675749540328979492e-01
9.898141026496887207e-01
9.907774925231933594e-01
9.762092232704162598e-01
9.831390976905822754e-01
9.867901206016540527e-01
9.493430852890014648e-01
9.822266101837158203e-01
9.851059913635253906e-01
9.542096853256225586e-01
9.701097607612609863e-01
9.907956719398498535e-01
9.117754697799682617e-01
9.863333106040954590e-01
9.601903557777404785e-01
9.797962903976440430e-01
9.796241521835327148e-01
9.853144884109497070e-01
9.913172721862792969e-01
9.724512100219726562e-01
9.733141064643859863e-01
9.020818471908569336e-01
9.478211998939514160e-01
9.719074368476867676e-01
9.489050507545471191e-01
9.439023137092590332e-01
9.729592800140380859e-01
9.808906316757202148e-01
9.744315147399902344e-01
9.289947748184204102e-01
9.884868860244750977e-01
9.795602560043334961e-01
9.684789180755615234e-01
9.464079737663269043e-01
9.789147377014160156e-01
8.900682926177978516e-01
9.799405932426452637e-01
9.653922319412231445e-01
9.713501334190368652e-01
9.108301401138305664e-01
9.875612854957580566e-01
9.852607846260070801e-01
9.843788743019104004e-01
9.522401094436645508e-01
9.756593704223632812e-01
9.746715426445007324e-01
9.634277820587158203e-01
9.478624463081359863e-01
9.682233929634094238e-01
9.670498371124267578e-01
9.752075076103210449e-01
9.586714506149291992e-01
9.684169888496398926e-01
9.355686902999877930e-01
9.694215059280395508e-01
7.936829924583435059e-01
9.264914393424987793e-01
9.728329181671142578e-01
9.710178971290588379e-01
9.885882139205932617e-01
9.854809641838073730e-01
9.446054100990295410e-01
9.922747015953063965e-01
9.689180850982666016e-01
9.739486575126647949e-01
9.650187492370605469e-01
9.739971756935119629e-01
9.618234038352966309e-01
9.699059724807739258e-01
9.736447930335998535e-01
9.590949416160583496e-01
9.674648642539978027e-01
9.730438590049743652e-01
9.847157001495361328e-01
9.626635909080505371e-01
9.670149087905883789e-01
9.722505807876586914e-01
9.774062633514404297e-01
9.248734712600708008e-01
9.754338264465332031e-01
9.649708271026611328e-01
9.867881536483764648e-01
9.693482518196105957e-01
9.514076709747314453e-01
9.737839102745056152e-01
9.916785955429077148e-01
9.757744669914245605e-01
9.016389250755310059e-01
9.057396054267883301e-01
9.772874116897583008e-01
9.786344766616821289e-01
9.835041761398315430e-01
9.753490090370178223e-01
9.951070547103881836e-01
9.797277450561523438e-01
8.406182527542114258e-01
9.824228286743164062e-01
9.860490560531616211e-01
8.624925613403320312e-01
8.837218880653381348e-01
9.662843346595764160e-01
9.771247506141662598e-01
9.853621721267700195e-01
9.784654974937438965e-01
9.577820897102355957e-01
9.246652126312255859e-01
9.852374196052551270e-01
9.914650321006774902e-01
9.003100991249084473e-01
9.777260422706604004e-01
9.549015760421752930e-01
9.660607576370239258e-01
9.308460950851440430e-01
9.764420986175537109e-01
9.829451441764831543e-01
9.757389426231384277e-01
9.772874116897583008e-01
9.832234978675842285e-01
8.934818506240844727e-01
9.442052245140075684e-01
9.769171476364135742e-01
9.503462910652160645e-01
9.007947444915771484e-01
9.842857718467712402e-01
9.827665090560913086e-01
8.744027614593505859e-01
9.772362709045410156e-01
9.356239438056945801e-01
9.849439263343811035e-01
9.838827848434448242e-01
9.332481026649475098e-01
9.286871552467346191e-01
8.604623675346374512e-01
8.933699727058410645e-01
9.906647205352783203e-01
9.918887019157409668e-01
9.839425086975097656e-01
9.731921553611755371e-01
9.906870722770690918e-01
9.908752441406250000e-01
9.937403202056884766e-01
9.849364161491394043e-01
9.927404522895812988e-01
9.901434183120727539e-01
9.924836754798889160e-01
9.890516400337219238e-01
9.877749681472778320e-01
9.924979805946350098e-01
9.883158802986145020e-01
9.877995252609252930e-01
9.941458702087402344e-01
9.794151782989501953e-01
9.887281656265258789e-01
9.837394356727600098e-01
9.879665970802307129e-01
9.906826019287109375e-01
9.521635770797729492e-01
9.905847907066345215e-01
9.917396306991577148e-01
9.916630983352661133e-01
9.941704273223876953e-01
9.871817827224731445e-01
9.922135472297668457e-01
9.879850745201110840e-01
9.913254380226135254e-01
9.917797446250915527e-01
9.863066673278808594e-01
9.585999250411987305e-01
9.869136214256286621e-01
9.909406900405883789e-01
9.857435822486877441e-01
9.896768927574157715e-01
9.926880598068237305e-01
9.917599558830261230e-01
9.894375801086425781e-01
9.914383888244628906e-01
9.910723567008972168e-01
9.931311011314392090e-01
9.860072135925292969e-01
9.870844483375549316e-01
9.859650135040283203e-01
9.788199067115783691e-01
9.861865043640136719e-01
9.735132455825805664e-01
9.937680959701538086e-01
9.927016496658325195e-01
9.901788234710693359e-01
9.704850912094116211e-01
9.911796450614929199e-01
9.792992472648620605e-01
9.926421046257019043e-01
9.873359799385070801e-01
9.929695725440979004e-01
9.888462424278259277e-01
9.690589904785156250e-01
9.899071455001831055e-01
8.830780982971191406e-01
9.527335166931152344e-01
9.728645086288452148e-01
9.202252626419067383e-01
9.770188927650451660e-01
9.892563819885253906e-01
9.872725605964660645e-01
9.831187129020690918e-01
9.792932271957397461e-01
9.738570451736450195e-01
9.894437789916992188e-01
9.480350017547607422e-01
9.838444590568542480e-01
9.886117577552795410e-01
7.981790304183959961e-01
9.796757698059082031e-01
8.914140462875366211e-01
9.874033927917480469e-01
9.761235713958740234e-01
9.440857768058776855e-01
9.541655182838439941e-01
9.739831089973449707e-01
9.423958063125610352e-01
9.833238720893859863e-01
9.841340184211730957e-01
9.809961318969726562e-01
9.908040761947631836e-01
8.950618505477905273e-01
9.840695261955261230e-01
9.921692013740539551e-01
9.799893498420715332e-01
9.848788380622863770e-01
9.863067269325256348e-01
9.882445335388183594e-01
9.745172858238220215e-01
8.761392831802368164e-01
9.797318577766418457e-01
9.768748283386230469e-01
8.806647062301635742e-01
9.709634780883789062e-01
9.651372432708740234e-01
9.810695648193359375e-01
9.813382625579833984e-01
9.788047075271606445e-01
9.906478524208068848e-01
9.771541953086853027e-01
9.426734447479248047e-01
9.877463579177856445e-01
7.966942191123962402e-01
9.247810244560241699e-01
9.747198820114135742e-01
6.503445506095886230e-01
9.185017943382263184e-01
9.699417352676391602e-01
9.452348947525024414e-01
9.781261086463928223e-01
9.793062210083007812e-01
9.616770744323730469e-01
8.139139413833618164e-01
9.903422594070434570e-01
9.711726903915405273e-01
9.737136960029602051e-01
9.674308896064758301e-01
9.809035658836364746e-01
9.533851146697998047e-01
9.418423175811767578e-01
9.492355585098266602e-01
9.096051454544067383e-01
9.036009907722473145e-01
9.767365455627441406e-01
9.771898388862609863e-01
9.856040477752685547e-01
6.428784728050231934e-01
2.949443645775318146e-03
9.961509145796298981e-03
4.957053810358047485e-03
1.272425986826419830e-02
1.693639555014669895e-03
2.593020722270011902e-02
1.180485170334577560e-02
1.854064129292964935e-02
1.070461887866258621e-02
3.444250440225005150e-03
2.236449159681797028e-03
5.278458818793296814e-03
1.810011919587850571e-03
1.785434037446975708e-02
3.672671155072748661e-04
7.393762934952974319e-03
9.594524279236793518e-03
1.096383784897625446e-03
2.012776769697666168e-02
1.639657840132713318e-02
7.291960646398365498e-04
3.256579628214240074e-03
2.649265713989734650e-02
1.290975487791001797e-03
4.960540682077407837e-03
1.856024377048015594e-02
3.651822507381439209e-01
2.201933180913329124e-03
1.505618095397949219e-01
3.092775307595729828e-02
1.312779914587736130e-02
2.181690651923418045e-03
1.719214254990220070e-03
1.843118108808994293e-03
4.094902276992797852e-01
1.489172969013452530e-02
6.857432425022125244e-03
4.236537031829357147e-03
5.338290333747863770e-02
1.165386172942817211e-03
1.790831051766872406e-02
1.754080504179000854e-02
1.011601532809436321e-03
1.975503861904144287e-01
4.324113018810749054e-03
2.765607833862304688e-02
1.603470067493617535e-03
1.448067873716354370e-01
8.279866538941860199e-03
3.142586443573236465e-03
1.748140202835202217e-03
5.183109082281589508e-03
1.525596994906663895e-02
2.497884910553693771e-03
3.634771704673767090e-02
4.815898369997739792e-03
2.298083389177918434e-03
1.235981285572052002e-01
4.587117582559585571e-03
5.880884360522031784e-03
7.520981598645448685e-03
1.721655204892158508e-02
1.402388210408389568e-03
1.799089019186794758e-03
1.566599472425878048e-03
5.768907256424427032e-03
1.716207014396786690e-03
3.677357686683535576e-03
4.909741692245006561e-03
3.010968677699565887e-03
3.580176737159490585e-03
8.604656322859227657e-04
7.826644927263259888e-03
3.545087995007634163e-03
9.776297956705093384e-04
1.391572784632444382e-02
1.135977450758218765e-03
1.073620561510324478e-02
5.566315259784460068e-03
2.787486417219042778e-03
5.216222256422042847e-03
2.422978403046727180e-03
6.100758910179138184e-03
1.163166109472513199e-02
2.763347001746296883e-03
9.557114099152386189e-04
8.711103582754731178e-04
2.413774142041802406e-03
2.331252209842205048e-02
1.564461854286491871e-03
1.072541344910860062e-02
1.313065295107662678e-03
1.304632634855806828e-03
5.196457728743553162e-03
1.836662413552403450e-03
6.100869271904230118e-03
7.348226383328437805e-03
2.398385852575302124e-02
3.630248084664344788e-02
1.372214523144066334e-03
6.778840441256761551e-03
7.370108738541603088e-03
3.012313507497310638e-03
5.979403387755155563e-03
1.157932449132204056e-03
1.502216095104813576e-03
1.770123606547713280e-03
1.442213542759418488e-02
8.795106783509254456e-03
9.066631086170673370e-03
1.887408830225467682e-02
2.560269320383667946e-03
1.102756615728139877e-02
1.709355041384696960e-03
7.345471996814012527e-03
2.044367371127009392e-03
1.338913198560476303e-02
6.407751701772212982e-03
3.888345789164304733e-03
9.532141499221324921e-03
1.986200921237468719e-02
1.376875862479209900e-02
4.030722007155418396e-02
1.461461279541254044e-02
8.502792567014694214e-03
2.175850095227360725e-03
1.662611495703458786e-03
1.155328005552291870e-02
1.361850649118423462e-03
6.696031428873538971e-03
1.397588406689465046e-03
8.170962100848555565e-04
1.360362581908702850e-02
1.931386534124612808e-03
7.548058871179819107e-03
2.581534162163734436e-02
2.821080759167671204e-02
4.467298276722431183e-03
3.901455784216523170e-04
7.564205443486571312e-04
8.043081616051495075e-04
1.733196084387600422e-03
1.897886162623763084e-03
1.776167005300521851e-02
4.166693426668643951e-03
1.537174102850258350e-03
3.239496611058712006e-03
8.601290755905210972e-04
2.354365075007081032e-03
1.180161722004413605e-03
2.985893283039331436e-03
1.648880913853645325e-02
6.159331533126533031e-04
8.205918129533529282e-04
3.159914165735244751e-03
1.240942440927028656e-02
1.316882553510367870e-03
6.994516123086214066e-03
1.501555438153445721e-03
2.268942771479487419e-03
1.155797275714576244e-03
4.092072776984423399e-04
8.053519995883107185e-04
8.679706370458006859e-04
2.237888053059577942e-03
1.926733762957155704e-03
9.912766516208648682e-03
5.132075399160385132e-03
1.159316976554691792e-03
1.128330174833536148e-02
6.277227308601140976e-03
6.968770176172256470e-03
1.959088630974292755e-02
2.805313467979431152e-02
5.144201568327844143e-04
5.824533291161060333e-03
1.828432083129882812e-03
3.310925792902708054e-03
2.103028586134314537e-03
1.865832717157900333e-03
4.578616935759782791e-03
5.955009837634861469e-04
1.913827727548778057e-03
4.092478484380990267e-04
4.308900795876979828e-03
1.294326223433017731e-02
3.327852813526988029e-03
2.748654969036579132e-02
1.323855598457157612e-03
2.644279738888144493e-03
1.166090834885835648e-03
2.412844216451048851e-03
2.229538280516862869e-03
1.737556071020662785e-03
3.791569266468286514e-03
2.198033966124057770e-02
1.105752540752291679e-03
2.460835967212915421e-03
1.218933239579200745e-02
2.441641408950090408e-04
9.887203341349959373e-04
5.675036925822496414e-03
3.023697994649410248e-03
4.095128737390041351e-03
7.959177717566490173e-03
1.299372408539056778e-03
1.841209270060062408e-02
4.026204813271760941e-03
7.472729310393333435e-03
9.431339567527174950e-04
7.810296025127172470e-03
8.895382285118103027e-03
3.151049837470054626e-03
6.716464646160602570e-03
6.521680392324924469e-03
1.006559748202562332e-02
6.137606687843799591e-03
7.640156429260969162e-03
9.861167520284652710e-03
3.879553405568003654e-03
9.172321297228336334e-03
5.968996323645114899e-03
1.841327524743974209e-03
1.300124451518058777e-03
8.936056401580572128e-04
2.769138431176543236e-03
4.925181157886981964e-03
4.907398484647274017e-03
2.033676719292998314e-03
1.283759600482881069e-03
9.248060174286365509e-03
5.893928930163383484e-03
2.059598919004201889e-03
1.313593704253435135e-02
6.996248383074998856e-03
9.147888631559908390e-04
6.179164629429578781e-03
8.218907751142978668e-03
3.185914829373359680e-03
4.037947393953800201e-03
6.033199373632669449e-03
9.030405199155211449e-04
7.625416386872529984e-03
4.314593970775604248e-03
8.904437534511089325e-03
5.347170401364564896e-03
3.327067010104656219e-03
1.004190533421933651e-03
3.245874075219035149e-03
6.939176935702562332e-03
1.609632559120655060e-02
7.112036109901964664e-04
4.183203447610139847e-03
3.929592669010162354e-03
8.880931884050369263e-03
2.141326898708939552e-03
3.261497709900140762e-03
1.058246474713087082e-02
5.075739230960607529e-03
4.141340032219886780e-03
3.683323273435235023e-03
3.991849720478057861e-03
3.262004582211375237e-03
7.304461207240819931e-03
4.378936253488063812e-03
4.968757275491952896e-03
5.051921587437391281e-03
1.224196515977382660e-03
7.718544453382492065e-03
1.361192436888813972e-03
3.428825177252292633e-03
1.033366192132234573e-02
4.202285781502723694e-03
9.448791854083538055e-03
1.121119363233447075e-03
9.428020566701889038e-03
8.441965910606086254e-04
1.478637941181659698e-02
5.528524983674287796e-03
2.106468006968498230e-02
7.249258924275636673e-04
1.414097263477742672e-03
9.369967738166451454e-04
1.327127101831138134e-03
1.195736322551965714e-02
8.870860561728477478e-03
1.352873980067670345e-03
3.235185053199529648e-03
1.058061700314283371e-02
3.677509492263197899e-03
7.219757884740829468e-03
2.010736055672168732e-02
1.984673785045742989e-03
2.690997440367937088e-03
3.974047489464282990e-03
3.710163524374365807e-03
5.381769035011529922e-03
1.398575026541948318e-03
5.031461361795663834e-03
9.714134968817234039e-03
1.682645268738269806e-02
1.616743858903646469e-03
1.214974559843540192e-02
2.076226752251386642e-03
1.893333741463720798e-03
5.057533737272024155e-03
8.066965267062187195e-03
1.515864301472902298e-02
2.403878606855869293e-03
2.541812136769294739e-03
6.799350958317518234e-03
3.013176843523979187e-03
4.281091969460248947e-03
9.252106770873069763e-03
2.781426068395376205e-03
1.782807172276079655e-03
3.472884651273488998e-03
4.508097656071186066e-03
4.871854092925786972e-03
1.282731071114540100e-03
1.316273235715925694e-03
9.679298847913742065e-03
8.873821236193180084e-03
1.555445604026317596e-03
2.677474170923233032e-03
4.385602194815874100e-03
1.002635108307003975e-03
2.668033819645643234e-03
6.809350568801164627e-03
2.736226189881563187e-03
3.919921815395355225e-03
6.827000179328024387e-04
9.620836004614830017e-03
8.683764026500284672e-04
1.661366969347000122e-02
1.377861248329281807e-03
3.487768582999706268e-03
3.918052650988101959e-03
5.435701459646224976e-03
9.030429646372795105e-03
1.982464455068111420e-02
9.965517092496156693e-04
3.131525125354528427e-03
6.704322877340018749e-04
4.559365566819906235e-03
1.458526239730417728e-03
2.754192799329757690e-03
2.526714932173490524e-03
4.539519548416137695e-03
3.285667626187205315e-03
8.076701778918504715e-04
6.627372349612414837e-04
7.683028816245496273e-04
3.948231693357229233e-03
8.167416090145707130e-04
2.625054912641644478e-03
1.015086937695741653e-02
1.462438493035733700e-03
9.023911319673061371e-03
7.838692981749773026e-04
9.298430755734443665e-03
2.884647576138377190e-03
6.002514273859560490e-04
1.029035542160272598e-03
5.155253456905484200e-04
1.013571117073297501e-02
5.298043251968920231e-04
6.238272180780768394e-04
2.276609186083078384e-03
5.097830202430486679e-03
8.044982678256928921e-04
1.643088273704051971e-02
3.199904458597302437e-03
1.177149545401334763e-02
2.698478754609823227e-03
2.560899406671524048e-02
1.871156971901655197e-03
1.325035002082586288e-02
9.388730861246585846e-03
1.643640222027897835e-03
1.643981435336172581e-03
9.061672026291489601e-04
4.163738340139389038e-03
2.545342314988374710e-03
7.797118742018938065e-04
8.544827811419963837e-03
2.542939037084579468e-03
9.521932341158390045e-03
6.691199261695146561e-03
8.809693157672882080e-03
6.984907668083906174e-03
2.427262440323829651e-02
8.836005814373493195e-03
2.096769632771611214e-03
6.370319053530693054e-03
5.908345803618431091e-03
4.596616141498088837e-03
5.399507004767656326e-03
2.076277276501059532e-03
7.827841676771640778e-03
4.324423149228096008e-03
3.935254178941249847e-03
2.152480743825435638e-02
4.088921938091516495e-03
6.716655567288398743e-03
3.686150303110480309e-03
5.587200634181499481e-03
6.178638432174921036e-03
5.596061702817678452e-03
1.156779564917087555e-02
4.410312324762344360e-02
5.758620682172477245e-04
7.906924933195114136e-03
1.466036960482597351e-02
6.397765129804611206e-03
6.393238436430692673e-03
6.652396172285079956e-03
1.669776276685297489e-03
1.406621932983398438e-02
2.378744771704077721e-03
7.663176860660314560e-03
4.228261858224868774e-02
9.059449657797813416e-03
7.045410573482513428e-03
7.879061624407768250e-03
3.557688370347023010e-02
3.963659983128309250e-04
2.309720264747738838e-03
3.116446780040860176e-03
5.611395463347434998e-04
1.056046411395072937e-02
4.495231434702873230e-02
5.199268460273742676e-03
1.191211491823196411e-02
3.204574109986424446e-03
3.756709164008498192e-03
2.431920263916254044e-03
2.015492320060729980e-02
6.768148159608244896e-04
4.593872465193271637e-03
7.129075936973094940e-03
1.937654055655002594e-02
5.785916000604629517e-03
3.306029736995697021e-02
1.164868939667940140e-02
6.502351164817810059e-02
4.471973225008696318e-04
3.101270087063312531e-02
7.957696914672851562e-02
2.579963766038417816e-02
2.302909456193447113e-02
1.421945076435804367e-02
8.674452081322669983e-03
4.815184511244297028e-04
3.967916127294301987e-03
3.753481432795524597e-02
4.488982667680829763e-04
1.664934563450515270e-03
5.618213908746838570e-04
9.962986223399639130e-03
2.828460931777954102e-02
1.349439006298780441e-02
3.261883743107318878e-03
5.506379995495080948e-03
5.134147591888904572e-03
4.977700859308242798e-02
5.663504451513290405e-02
6.484183017164468765e-03
4.593658726662397385e-03
6.266870070248842239e-03
1.223430130630731583e-02
1.024205982685089111e-02
1.521048229187726974e-02
5.628855433315038681e-03
1.103327199816703796e-01
7.979164831340312958e-03
8.569942787289619446e-03
1.005392521619796753e-02
2.224880270659923553e-02
4.394818563014268875e-03
6.310380995273590088e-03
1.358620729297399521e-02
2.422424033284187317e-03
8.988536894321441650e-03
2.338771475479006767e-03
1.408354640007019043e-01
2.974485279992222786e-03
6.378110963851213455e-03
1.938971877098083496e-02
5.163663066923618317e-03
7.758857682347297668e-03
1.988463699817657471e-01
5.165554583072662354e-03
6.150762084871530533e-03
3.286276943981647491e-03
6.229812279343605042e-03
3.209360409528017044e-03
8.328209072351455688e-02
2.832872606813907623e-02
7.250483147799968719e-03
1.358115952461957932e-02
2.381339669227600098e-01
5.278719123452901840e-03
7.053150795400142670e-03
9.629604406654834747e-03
1.329137291759252548e-02
3.863144293427467346e-02
1.325591700151562691e-03
9.056920185685157776e-03
4.281730949878692627e-02
3.966803848743438721e-02
1.022534910589456558e-02
5.230719689279794693e-03
1.460976316593587399e-03
6.665163673460483551e-03
3.318072529509663582e-03
4.095199052244424820e-03
4.179109353572130203e-03
7.870631292462348938e-03
2.902524080127477646e-03
3.953602164983749390e-03
4.421624355018138885e-03
3.118343055248260498e-01
2.333103418350219727e-01
1.847669295966625214e-02
4.427051637321710587e-03
7.205557776615023613e-04
3.522087261080741882e-02
5.624962970614433289e-03
3.012224566191434860e-03
2.165364334359765053e-03
