9.880571365356445312e-01
9.755257368087768555e-01
9.191804528236389160e-01
7.016627788543701172e-01
7.016627788543701172e-01
9.570105671882629395e-01
7.016627788543701172e-01
7.016627788543701172e-01
7.016627788543701172e-01
9.730145931243896484e-01
9.793277382850646973e-01
7.016627788543701172e-01
9.992509484291076660e-01
5.688775181770324707e-01
7.016627788543701172e-01
7.016627788543701172e-01
9.919156432151794434e-01
9.401947855949401855e-01
6.923598647117614746e-01
9.802148342132568359e-01
7.016627788543701172e-01
9.694166183471679688e-01
7.016627788543701172e-01
9.828904271125793457e-01
7.016627788543701172e-01
9.851743578910827637e-01
7.043877840042114258e-01
9.966866374015808105e-01
9.890558719635009766e-01
7.016627788543701172e-01
9.812192320823669434e-01
7.005974650382995605e-01
5.506058931350708008e-01
9.923729300498962402e-01
9.913158416748046875e-01
9.743307828903198242e-01
9.490862488746643066e-01
9.651185870170593262e-01
7.016627788543701172e-01
5.485807061195373535e-01
7.016627788543701172e-01
7.016627788543701172e-01
9.476886391639709473e-01
7.016467452049255371e-01
7.016627788543701172e-01
7.016627788543701172e-01
7.016627788543701172e-01
7.016627788543701172e-01
8.986237049102783203e-01
7.016627788543701172e-01
9.810534119606018066e-01
7.016627788543701172e-01
7.016627788543701172e-01
4.677450060844421387e-01
7.016627788543701172e-01
7.016627788543701172e-01
5.477742552757263184e-01
7.016627788543701172e-01
7.016627788543701172e-01
9.662083983421325684e-01
9.944689273834228516e-01
9.940647482872009277e-01
9.905010461807250977e-01
7.016627788543701172e-01
9.718481898307800293e-01
3.044604957103729248e-01
7.016627788543701172e-01
9.936619997024536133e-01
7.016627788543701172e-01
7.016627788543701172e-01
9.636152386665344238e-01
9.954460859298706055e-01
7.016627788543701172e-01
7.016627788543701172e-01
9.920916557312011719e-01
3.044604957103729248e-01
3.044604957103729248e-01
3.044604957103729248e-01
9.918528199195861816e-01
3.044604957103729248e-01
3.044604957103729248e-01
4.880276024341583252e-01
3.044604957103729248e-01
3.044604957103729248e-01
3.044604957103729248e-01
3.044604957103729248e-01
9.842252731323242188e-01
3.044604957103729248e-01
7.346079349517822266e-01
3.044604957103729248e-01
9.663024544715881348e-01
9.113910198211669922e-01
3.044604957103729248e-01
9.803192019462585449e-01
9.758245944976806641e-01
9.661463499069213867e-01
9.884744286537170410e-01
9.995982050895690918e-01
3.044604957103729248e-01
3.044604957103729248e-01
3.044604957103729248e-01
9.612716436386108398e-01
3.044604957103729248e-01
3.044604957103729248e-01
9.753114581108093262e-01
6.088780760765075684e-01
9.750154614448547363e-01
3.044604957103729248e-01
3.044604957103729248e-01
3.044604957103729248e-01
9.797155857086181641e-01
3.044604957103729248e-01
3.044604957103729248e-01
3.044604957103729248e-01
9.842600226402282715e-01
3.044604957103729248e-01
3.044604957103729248e-01
9.897931814193725586e-01
9.739981889724731445e-01
9.917628765106201172e-01
4.881579577922821045e-01
9.899073839187622070e-01
9.628300666809082031e-01
3.044604957103729248e-01
9.979401230812072754e-01
3.044604957103729248e-01
9.966758489608764648e-01
3.044604957103729248e-01
9.304353594779968262e-01
9.955353736877441406e-01
9.728998541831970215e-01
9.270798563957214355e-01
9.810763597488403320e-01
3.044604957103729248e-01
6.751785874366760254e-01
3.044604957103729248e-01
5.695300698280334473e-01
9.804070591926574707e-01
9.950206279754638672e-01
9.448087215423583984e-01
3.044604957103729248e-01
9.891050457954406738e-01
9.713232517242431641e-01
3.044604957103729248e-01
9.862833023071289062e-01
3.044604957103729248e-01
3.044604957103729248e-01
3.044604957103729248e-01
5.938186049461364746e-01
9.067685008049011230e-01
9.429830312728881836e-01
3.044604957103729248e-01
9.959151148796081543e-01
3.044604957103729248e-01
9.403806328773498535e-01
9.732471704483032227e-01
9.823457598686218262e-01
9.692454338073730469e-01
5.115894079208374023e-01
3.044604957103729248e-01
3.044604957103729248e-01
3.044604957103729248e-01
3.044604957103729248e-01
5.107964277267456055e-01
9.637133479118347168e-01
9.859004616737365723e-01
3.044604957103729248e-01
3.044604957103729248e-01
9.562355875968933105e-01
3.044604957103729248e-01
3.044604957103729248e-01
9.623617529869079590e-01
3.044604957103729248e-01
6.253545880317687988e-01
9.456295371055603027e-01
3.044604957103729248e-01
9.672061800956726074e-01
3.044604957103729248e-01
3.044604957103729248e-01
9.904499650001525879e-01
3.044604957103729248e-01
3.044604957103729248e-01
9.384843111038208008e-01
3.044604957103729248e-01
9.967311620712280273e-01
9.989627599716186523e-01
3.044604957103729248e-01
3.044604957103729248e-01
9.715626835823059082e-01
5.018347501754760742e-01
3.044604957103729248e-01
3.044604957103729248e-01
9.778842329978942871e-01
9.962257146835327148e-01
3.044604957103729248e-01
9.937363862991333008e-01
3.044604957103729248e-01
3.044604957103729248e-01
3.044604957103729248e-01
5.002533197402954102e-01
3.044604957103729248e-01
9.973883032798767090e-01
3.044604957103729248e-01
9.867147803306579590e-01
9.863298535346984863e-01
3.044604957103729248e-01
3.044604957103729248e-01
3.044604957103729248e-01
4.995735287666320801e-01
3.044604957103729248e-01
3.044604957103729248e-01
3.044604957103729248e-01
3.044604957103729248e-01
9.816138744354248047e-01
9.984930753707885742e-01
9.383636713027954102e-01
9.913664460182189941e-01
3.044604957103729248e-01
4.807902872562408447e-01
9.866062998771667480e-01
9.959697723388671875e-01
9.895910620689392090e-01
9.932751655578613281e-01
3.044604957103729248e-01
9.946540594100952148e-01
3.044604957103729248e-01
3.044604957103729248e-01
3.044604957103729248e-01
9.980915188789367676e-01
9.545020461082458496e-01
3.044604957103729248e-01
3.044604957103729248e-01
3.044604957103729248e-01
9.828007221221923828e-01
4.155937135219573975e-01
9.930699467658996582e-01
3.044604957103729248e-01
9.674388170242309570e-01
9.962204098701477051e-01
9.619362354278564453e-01
3.044604957103729248e-01
9.930012226104736328e-01
3.044604957103729248e-01
9.597524404525756836e-01
3.044604957103729248e-01
3.044604957103729248e-01
7.016627788543701172e-01
9.695805311203002930e-01
7.016627788543701172e-01
3.044604957103729248e-01
3.044604957103729248e-01
7.016627788543701172e-01
5.585935711860656738e-01
5.811488628387451172e-01
3.044604957103729248e-01
7.287218570709228516e-01
9.238883852958679199e-01
4.617637991905212402e-01
9.782116413116455078e-01
7.016627788543701172e-01
9.789175987243652344e-01
7.016627788543701172e-01
3.044604957103729248e-01
3.044604957103729248e-01
9.394109249114990234e-01
7.016627788543701172e-01
9.051297903060913086e-01
5.320382714271545410e-01
3.044604957103729248e-01
7.166709899902343750e-01
7.016627788543701172e-01
9.613478779792785645e-01
9.760081768035888672e-01
9.586629867553710938e-01
5.678609013557434082e-01
7.016627788543701172e-01
7.016627788543701172e-01
7.016627788543701172e-01
7.016627788543701172e-01
7.016627788543701172e-01
9.349064230918884277e-01
7.016627788543701172e-01
3.044604957103729248e-01
3.044604957103729248e-01
9.843744635581970215e-01
9.580352902412414551e-01
7.016627788543701172e-01
9.613478779792785645e-01
9.890601634979248047e-01
7.016627788543701172e-01
7.016627788543701172e-01
7.016627788543701172e-01
3.044604957103729248e-01
9.603651165962219238e-01
9.093959331512451172e-01
7.016627788543701172e-01
5.250967741012573242e-01
7.016627788543701172e-01
7.016627788543701172e-01
5.254715085029602051e-01
7.016627788543701172e-01
9.434031844139099121e-01
7.016627788543701172e-01
3.044604957103729248e-01
9.439585804939270020e-01
9.394150376319885254e-01
5.585935711860656738e-01
9.888816475868225098e-01
9.480795860290527344e-01
7.016627788543701172e-01
3.044604957103729248e-01
7.014126777648925781e-01
4.394284486770629883e-01
9.158694148063659668e-01
7.016627788543701172e-01
7.016627788543701172e-01
9.896128773689270020e-01
7.016627788543701172e-01
5.593102574348449707e-01
5.105234980583190918e-01
3.044604957103729248e-01
7.016627788543701172e-01
9.996434450149536133e-01
6.684460639953613281e-01
3.044604957103729248e-01
3.044604957103729248e-01
7.016627788543701172e-01
3.044604957103729248e-01
3.044604957103729248e-01
9.870005846023559570e-01
4.929451942443847656e-01
9.917916059494018555e-01
3.044604957103729248e-01
3.044604957103729248e-01
3.044604957103729248e-01
7.016627788543701172e-01
7.016627788543701172e-01
3.044604957103729248e-01
3.044604957103729248e-01
3.044604957103729248e-01
9.560811519622802734e-01
9.719777107238769531e-01
3.044604957103729248e-01
9.249583482742309570e-01
3.044604957103729248e-01
3.044604957103729248e-01
3.044604957103729248e-01
7.016627788543701172e-01
7.016627788543701172e-01
9.871063232421875000e-01
9.977909326553344727e-01
3.044604957103729248e-01
7.016627788543701172e-01
3.044604957103729248e-01
3.044604957103729248e-01
9.407027959823608398e-01
3.044604957103729248e-01
3.044604957103729248e-01
9.469833970069885254e-01
3.044604957103729248e-01
9.937973618507385254e-01
3.044604957103729248e-01
3.044604957103729248e-01
8.811745643615722656e-01
3.044604957103729248e-01
3.044604957103729248e-01
3.044604957103729248e-01
5.074728131294250488e-01
3.044604957103729248e-01
3.044604957103729248e-01
9.880396723747253418e-01
9.815979003906250000e-01
3.044604957103729248e-01
3.044604957103729248e-01
3.044604957103729248e-01
3.044604957103729248e-01
9.751512408256530762e-01
4.593678414821624756e-01
3.044604957103729248e-01
3.044604957103729248e-01
3.044604957103729248e-01
3.044604957103729248e-01
3.044604957103729248e-01
3.044604957103729248e-01
9.932057857513427734e-01
3.044604957103729248e-01
3.044604957103729248e-01
3.044604957103729248e-01
3.044604957103729248e-01
3.044604957103729248e-01
3.044604957103729248e-01
3.044604957103729248e-01
3.044604957103729248e-01
3.044604957103729248e-01
3.044604957103729248e-01
3.044604957103729248e-01
3.044604957103729248e-01
9.671998023986816406e-01
3.044604957103729248e-01
3.044604957103729248e-01
3.044604957103729248e-01
9.475155472755432129e-01
9.559889435768127441e-01
3.044604957103729248e-01
3.044604957103729248e-01
9.528635740280151367e-01
3.044604957103729248e-01
3.044604957103729248e-01
3.044604957103729248e-01
9.660421013832092285e-01
3.044604957103729248e-01
3.044604957103729248e-01
3.044604957103729248e-01
3.044604957103729248e-01
3.044604957103729248e-01
3.044604957103729248e-01
3.044604957103729248e-01
3.044604957103729248e-01
9.972974658012390137e-01
3.044604957103729248e-01
3.044604957103729248e-01
3.044604957103729248e-01
3.044604957103729248e-01
3.044604957103729248e-01
3.044604957103729248e-01
3.044604957103729248e-01
7.016627788543701172e-01
9.600620865821838379e-01
9.924190044403076172e-01
5.072728395462036133e-01
5.997198820114135742e-01
9.911342859268188477e-01
9.930497407913208008e-01
7.016627788543701172e-01
7.016627788543701172e-01
7.016627788543701172e-01
4.932149052619934082e-01
9.871133565902709961e-01
9.648154377937316895e-01
7.016627788543701172e-01
7.016627788543701172e-01
9.419751167297363281e-01
7.016627788543701172e-01
7.016627788543701172e-01
5.796238780021667480e-01
9.842011332511901855e-01
9.933784604072570801e-01
9.710554480552673340e-01
9.564422965049743652e-01
7.016627788543701172e-01
7.016627788543701172e-01
7.016627788543701172e-01
8.924957513809204102e-01
3.044604957103729248e-01
7.016627788543701172e-01
9.616264700889587402e-01
9.627404808998107910e-01
7.016627788543701172e-01
7.016627788543701172e-01
9.568686485290527344e-01
7.016627788543701172e-01
5.997658967971801758e-01
7.016627788543701172e-01
7.016473412513732910e-01
7.016627788543701172e-01
7.016627788543701172e-01
9.705296158790588379e-01
7.016627788543701172e-01
7.016627788543701172e-01
9.880666732788085938e-01
8.325125575065612793e-01
6.797417998313903809e-01
7.016627788543701172e-01
7.016627788543701172e-01
9.901338219642639160e-01
7.016627788543701172e-01
9.638983607292175293e-01
9.998170733451843262e-01
7.016627788543701172e-01
3.044604957103729248e-01
7.016627788543701172e-01
7.016627788543701172e-01
9.903719425201416016e-01
7.016627788543701172e-01
7.016627788543701172e-01
7.016627788543701172e-01
9.502471685409545898e-01
7.016627788543701172e-01
5.356171131134033203e-01
6.705318093299865723e-01
9.944347739219665527e-01
7.016627788543701172e-01
9.923124909400939941e-01
9.895129799842834473e-01
9.904414415359497070e-01
7.016627788543701172e-01
9.862707853317260742e-01
7.016627788543701172e-01
7.016627788543701172e-01
7.002510428428649902e-01
3.044604957103729248e-01
5.934361219406127930e-01
3.044604957103729248e-01
3.044604957103729248e-01
3.044604957103729248e-01
3.044604957103729248e-01
3.044604957103729248e-01
3.044604957103729248e-01
3.044604957103729248e-01
3.044604957103729248e-01
3.647891581058502197e-01
3.044604957103729248e-01
3.044604957103729248e-01
3.044604957103729248e-01
3.387143015861511230e-01
3.044604957103729248e-01
3.044604957103729248e-01
3.044604957103729248e-01
5.653948187828063965e-01
3.044604957103729248e-01
3.044604957103729248e-01
3.044604957103729248e-01
3.044604957103729248e-01
3.044604957103729248e-01
3.044604957103729248e-01
3.044604957103729248e-01
3.044604957103729248e-01
3.044604957103729248e-01
3.044604957103729248e-01
3.044604957103729248e-01
3.044604957103729248e-01
3.044604957103729248e-01
3.044604957103729248e-01
3.044604957103729248e-01
3.044604957103729248e-01
3.044604957103729248e-01
3.044604957103729248e-01
3.044604957103729248e-01
3.044604957103729248e-01
3.044604957103729248e-01
3.044604957103729248e-01
3.044604957103729248e-01
3.044604957103729248e-01
3.044604957103729248e-01
3.044604957103729248e-01
3.044604957103729248e-01
3.044604957103729248e-01
3.044604957103729248e-01
3.044604957103729248e-01
3.044604957103729248e-01
3.044604957103729248e-01
3.044604957103729248e-01
3.044604957103729248e-01
3.044604957103729248e-01
3.303636908531188965e-01
3.044604957103729248e-01
3.044604957103729248e-01
3.044604957103729248e-01
3.044604957103729248e-01
3.044604957103729248e-01
4.132970571517944336e-01
3.048778176307678223e-01
3.044604957103729248e-01
3.044604957103729248e-01
3.044604957103729248e-01
3.044604957103729248e-01
3.044604957103729248e-01
3.044604957103729248e-01
3.044604957103729248e-01
3.044604957103729248e-01
3.044604957103729248e-01
3.044604957103729248e-01
3.044604957103729248e-01
3.044604957103729248e-01
3.044604957103729248e-01
3.044604957103729248e-01
3.044604957103729248e-01
3.044604957103729248e-01
3.044604957103729248e-01
3.044604957103729248e-01
3.044604957103729248e-01
3.044604957103729248e-01
3.044604957103729248e-01
3.044604957103729248e-01
3.044604957103729248e-01
5.777853131294250488e-01
3.044604957103729248e-01
3.044604957103729248e-01
3.044604957103729248e-01
2.588948309421539307e-01
3.044604957103729248e-01
3.044604957103729248e-01
3.044604957103729248e-01
3.044604957103729248e-01
3.044604957103729248e-01
3.044604957103729248e-01
3.044604957103729248e-01
3.044604957103729248e-01
3.264716863632202148e-01
3.044604957103729248e-01
3.044604957103729248e-01
7.016227245330810547e-01
3.044604957103729248e-01
3.044604957103729248e-01
3.044604957103729248e-01
3.044604957103729248e-01
3.044604957103729248e-01
7.016624808311462402e-01
3.044604957103729248e-01
3.044604957103729248e-01
3.044604957103729248e-01
3.044604957103729248e-01
3.044604957103729248e-01
3.044604957103729248e-01
3.044604957103729248e-01
3.044604957103729248e-01
3.044604957103729248e-01
3.044604957103729248e-01
3.044604957103729248e-01
3.044604957103729248e-01
3.044604957103729248e-01
3.044604957103729248e-01
3.044604957103729248e-01
3.044604957103729248e-01
3.044604957103729248e-01
3.044604957103729248e-01
3.044604957103729248e-01
3.044604957103729248e-01
3.044604957103729248e-01
3.044604957103729248e-01
3.044604957103729248e-01
3.044604957103729248e-01
3.044604957103729248e-01
3.044604957103729248e-01
3.044604957103729248e-01
3.044604957103729248e-01
3.044604957103729248e-01
3.044604957103729248e-01
3.044604957103729248e-01
3.044604957103729248e-01
3.044604957103729248e-01
3.044604957103729248e-01
3.044604957103729248e-01
3.044604957103729248e-01
3.044604957103729248e-01
3.044604957103729248e-01
3.044604957103729248e-01
3.044604957103729248e-01
3.044604957103729248e-01
2.907412946224212646e-01
3.044604957103729248e-01
3.044604957103729248e-01
3.044604957103729248e-01
3.044604957103729248e-01
3.044604957103729248e-01
3.044604957103729248e-01
3.044604957103729248e-01
3.044604957103729248e-01
3.044604957103729248e-01
3.044604957103729248e-01
3.044604957103729248e-01
3.044604957103729248e-01
3.044604957103729248e-01
3.044604957103729248e-01
3.044604957103729248e-01
3.044604957103729248e-01
3.044604957103729248e-01
3.044604957103729248e-01
3.044604957103729248e-01
3.044604957103729248e-01
3.044604957103729248e-01
3.044604957103729248e-01
3.044604957103729248e-01
5.729396343231201172e-01
3.044604957103729248e-01
3.044604957103729248e-01
3.044604957103729248e-01
3.044604957103729248e-01
3.044604957103729248e-01
3.044604957103729248e-01
3.044604957103729248e-01
3.044604957103729248e-01
3.044604957103729248e-01
5.274143815040588379e-01
7.016627788543701172e-01
5.688775181770324707e-01
7.016627788543701172e-01
7.016627788543701172e-01
7.043877840042114258e-01
5.506058931350708008e-01
7.016627788543701172e-01
5.485807061195373535e-01
7.016627788543701172e-01
4.677450060844421387e-01
5.477742552757263184e-01
7.016627788543701172e-01
7.016627788543701172e-01
4.880276024341583252e-01
7.346079349517822266e-01
9.113910198211669922e-01
3.044604957103729248e-01
3.044604957103729248e-01
6.088780760765075684e-01
4.881579577922821045e-01
3.044604957103729248e-01
3.044604957103729248e-01
6.751785874366760254e-01
5.695300698280334473e-01
3.044604957103729248e-01
5.938186049461364746e-01
5.115894079208374023e-01
5.107964277267456055e-01
3.044604957103729248e-01
6.253545880317687988e-01
3.044604957103729248e-01
5.018347501754760742e-01
5.002533197402954102e-01
3.044604957103729248e-01
3.044604957103729248e-01
4.995735287666320801e-01
3.044604957103729248e-01
4.807902872562408447e-01
3.044604957103729248e-01
3.044604957103729248e-01
4.155937135219573975e-01
5.585935711860656738e-01
5.811488628387451172e-01
4.617637991905212402e-01
5.320382714271545410e-01
5.678609013557434082e-01
7.016627788543701172e-01
7.016627788543701172e-01
7.016627788543701172e-01
5.250967741012573242e-01
5.254715085029602051e-01
7.016627788543701172e-01
4.394284486770629883e-01
5.593102574348449707e-01
5.105234980583190918e-01
3.044604957103729248e-01
4.929451942443847656e-01
3.044604957103729248e-01
7.016627788543701172e-01
3.044604957103729248e-01
3.044604957103729248e-01
5.074728131294250488e-01
4.593678414821624756e-01
3.044604957103729248e-01
3.044604957103729248e-01
3.044604957103729248e-01
3.044604957103729248e-01
3.044604957103729248e-01
3.044604957103729248e-01
5.072728395462036133e-01
5.997198820114135742e-01
4.932149052619934082e-01
7.016627788543701172e-01
3.044604957103729248e-01
5.997658967971801758e-01
7.016627788543701172e-01
7.016627788543701172e-01
7.016627788543701172e-01
5.356171131134033203e-01
6.705318093299865723e-01
7.016627788543701172e-01
7.016627788543701172e-01
6.981267929077148438e-01
7.016227245330810547e-01
3.044604957103729248e-01
3.044604957103729248e-01
3.044604957103729248e-01
3.044604957103729248e-01
3.044604957103729248e-01
5.052545666694641113e-01
7.015901803970336914e-01
3.044604957103729248e-01
6.951678395271301270e-01
6.749833822250366211e-01
3.044604957103729248e-01
3.044604957103729248e-01
3.044604957103729248e-01
3.044604957103729248e-01
3.044604957103729248e-01
3.044604957103729248e-01
3.044604957103729248e-01
3.044604957103729248e-01
3.044604957103729248e-01
3.044604957103729248e-01
3.044604957103729248e-01
3.044604957103729248e-01
3.044604957103729248e-01
3.044604957103729248e-01
3.044604957103729248e-01
3.044604957103729248e-01
3.044604957103729248e-01
3.044604957103729248e-01
3.044604957103729248e-01
3.044604957103729248e-01
3.044604957103729248e-01
3.044604957103729248e-01
3.044604957103729248e-01
3.044604957103729248e-01
3.044604957103729248e-01
3.044604957103729248e-01
3.044604957103729248e-01
3.044604957103729248e-01
3.044604957103729248e-01
3.044604957103729248e-01
3.044604957103729248e-01
3.044604957103729248e-01
3.044604957103729248e-01
3.044604957103729248e-01
6.911190748214721680e-01
3.044604957103729248e-01
3.044604957103729248e-01
5.585935711860656738e-01
3.044604957103729248e-01
3.044604957103729248e-01
3.044604957103729248e-01
3.044604957103729248e-01
3.044604957103729248e-01
3.044604957103729248e-01
3.044604957103729248e-01
3.044604957103729248e-01
3.044604957103729248e-01
3.044604957103729248e-01
3.044604957103729248e-01
3.044604957103729248e-01
3.044604957103729248e-01
3.044604957103729248e-01
3.044604957103729248e-01
3.044604957103729248e-01
3.044604957103729248e-01
3.044604957103729248e-01
3.044604957103729248e-01
3.044604957103729248e-01
3.044604957103729248e-01
3.044604957103729248e-01
3.044604957103729248e-01
3.044604957103729248e-01
3.044604957103729248e-01
3.044604957103729248e-01
3.044604957103729248e-01
3.044604957103729248e-01
3.044604957103729248e-01
3.044604957103729248e-01
3.044604957103729248e-01
3.044604957103729248e-01
5.855538249015808105e-01
3.044604957103729248e-01
3.044604957103729248e-01
3.044604957103729248e-01
3.044604957103729248e-01
3.044604957103729248e-01
3.044604957103729248e-01
3.044604957103729248e-01
3.044604957103729248e-01
6.998063325881958008e-01
3.044604957103729248e-01
3.044604957103729248e-01
3.044604957103729248e-01
3.044604957103729248e-01
3.044604957103729248e-01
3.044604957103729248e-01
3.044604957103729248e-01
5.661775469779968262e-01
6.964960098266601562e-01
3.044604957103729248e-01
3.044604957103729248e-01
3.044604957103729248e-01
3.044604957103729248e-01
3.044604957103729248e-01
3.044604957103729248e-01
3.044604957103729248e-01
3.044604957103729248e-01
3.044604957103729248e-01
3.044604957103729248e-01
3.044604957103729248e-01
3.044604957103729248e-01
3.044604957103729248e-01
3.044604957103729248e-01
3.044604957103729248e-01
3.044604957103729248e-01
3.044604957103729248e-01
3.044604957103729248e-01
3.044604957103729248e-01
3.044604957103729248e-01
3.044604957103729248e-01
3.044604957103729248e-01
3.044604957103729248e-01
3.044604957103729248e-01
2.419046610593795776e-01
3.044604957103729248e-01
3.044604957103729248e-01
3.044604957103729248e-01
3.196756243705749512e-01
3.044604957103729248e-01
3.044604957103729248e-01
3.044604957103729248e-01
3.044604957103729248e-01
3.044604957103729248e-01
6.911190748214721680e-01
3.044604957103729248e-01
3.044604957103729248e-01
3.044604957103729248e-01
3.044604957103729248e-01
3.044604957103729248e-01
2.869514822959899902e-01
3.044604957103729248e-01
3.044604957103729248e-01
3.044604957103729248e-01
3.044604957103729248e-01
3.044604957103729248e-01
3.044604957103729248e-01
3.044604957103729248e-01
3.044604957103729248e-01
3.044604957103729248e-01
3.044604957103729248e-01
3.044604957103729248e-01
3.044604957103729248e-01
3.044604957103729248e-01
3.044604957103729248e-01
3.044604957103729248e-01
3.044604957103729248e-01
3.044604957103729248e-01
3.044604957103729248e-01
3.044604957103729248e-01
3.044604957103729248e-01
5.647053122520446777e-01
3.044604957103729248e-01
3.044604957103729248e-01
3.044604957103729248e-01
3.044604957103729248e-01
3.044604957103729248e-01
5.538241267204284668e-01
6.690320372581481934e-01
3.044604957103729248e-01
3.044604957103729248e-01
3.044604957103729248e-01
3.044604957103729248e-01
3.044604957103729248e-01
3.044604957103729248e-01
3.044604957103729248e-01
7.015091776847839355e-01
3.044604957103729248e-01
3.044604957103729248e-01
3.044604957103729248e-01
3.044604957103729248e-01
3.044604957103729248e-01
3.044604957103729248e-01
3.044604957103729248e-01
3.044604957103729248e-01
3.044604957103729248e-01
3.044604957103729248e-01
3.044604957103729248e-01
3.044604957103729248e-01
3.044604957103729248e-01
3.044604957103729248e-01
3.044604957103729248e-01
3.044604957103729248e-01
3.044604957103729248e-01
3.044604957103729248e-01
3.044604957103729248e-01
3.044604957103729248e-01
7.016518712043762207e-01
3.044604957103729248e-01
3.044604957103729248e-01
3.044604957103729248e-01
3.044604957103729248e-01
3.044604957103729248e-01
3.044604957103729248e-01
3.044604957103729248e-01
3.044604957103729248e-01
3.044604957103729248e-01
3.044604957103729248e-01
3.044604957103729248e-01
3.044604957103729248e-01
3.044604957103729248e-01
3.044604957103729248e-01
3.044604957103729248e-01
3.044604957103729248e-01
3.044604957103729248e-01
3.044604957103729248e-01
3.044604957103729248e-01
3.044604957103729248e-01
3.044604957103729248e-01
3.044604957103729248e-01
3.044604957103729248e-01
3.044604957103729248e-01
3.044604957103729248e-01
3.044604957103729248e-01
3.044604957103729248e-01
3.044604957103729248e-01
3.044604957103729248e-01
3.044604957103729248e-01
3.044604957103729248e-01
3.044604957103729248e-01
3.044604957103729248e-01
3.044604957103729248e-01
3.044604957103729248e-01
3.044604957103729248e-01
3.044604957103729248e-01
3.044604957103729248e-01
3.044604957103729248e-01
3.044604957103729248e-01
3.044604957103729248e-01
3.044604957103729248e-01
3.044604957103729248e-01
3.044604957103729248e-01
3.044604957103729248e-01
3.044604957103729248e-01
3.044604957103729248e-01
3.044604957103729248e-01
3.044604957103729248e-01
3.044604957103729248e-01
3.044604957103729248e-01
3.044604957103729248e-01
3.044604957103729248e-01
7.016204595565795898e-01
7.016117572784423828e-01
3.044604957103729248e-01
3.044604957103729248e-01
6.993647813796997070e-01
3.044604957103729248e-01
3.044604957103729248e-01
