3.789984285831451416e-01
8.783316016197204590e-01
7.364701628684997559e-01
9.824153780937194824e-01
7.494224905967712402e-01
8.644365668296813965e-01
9.779795408248901367e-01
5.014961361885070801e-01
9.872040152549743652e-01
3.269781172275543213e-01
6.087638735771179199e-01
9.983953833580017090e-01
5.036113262176513672e-01
7.714803218841552734e-01
9.346288442611694336e-01
2.640539407730102539e-01
2.160913497209548950e-01
8.450028896331787109e-01
1.220734789967536926e-01
1.939193308353424072e-01
1.800287812948226929e-01
9.631924629211425781e-01
8.551619648933410645e-01
9.172205924987792969e-01
6.889226436614990234e-01
9.838955402374267578e-01
8.794132471084594727e-01
9.988495111465454102e-01
9.489440917968750000e-01
9.355348348617553711e-01
2.618595659732818604e-01
1.663188040256500244e-01
3.609810173511505127e-01
7.820025682449340820e-01
9.794108867645263672e-01
3.378475084900856018e-02
5.283747315406799316e-01
9.373913407325744629e-01
2.305999249219894409e-01
9.872689247131347656e-01
7.621639370918273926e-01
9.904428124427795410e-01
8.639486879110336304e-02
9.057421684265136719e-01
9.724676609039306641e-01
9.944279193878173828e-01
7.665435075759887695e-01
9.721751809120178223e-01
4.318527877330780029e-01
8.748533129692077637e-01
9.461705684661865234e-01
8.941528797149658203e-01
5.713520646095275879e-01
9.908068776130676270e-01
9.203318953514099121e-01
4.414984881877899170e-01
4.278503358364105225e-01
9.518527388572692871e-01
9.243665337562561035e-01
9.637957215309143066e-01
8.654394745826721191e-01
5.244397521018981934e-01
8.330233097076416016e-01
9.971433281898498535e-01
7.176594734191894531e-01
8.056363463401794434e-01
5.252256989479064941e-01
9.838751554489135742e-01
9.981465339660644531e-01
1.531036496162414551e-01
9.106262326240539551e-01
9.977431297302246094e-01
9.844092726707458496e-01
8.712893128395080566e-01
3.704725205898284912e-01
9.966070652008056641e-01
6.375113129615783691e-01
5.136588811874389648e-01
5.990684032440185547e-01
8.414295911788940430e-01
9.745593070983886719e-01
9.639991521835327148e-01
9.530939459800720215e-01
1.963832080364227295e-01
6.577478647232055664e-01
9.338598251342773438e-01
9.934172630310058594e-01
2.601167559623718262e-01
6.969057321548461914e-01
9.995210170745849609e-01
9.985747337341308594e-01
9.387071132659912109e-01
3.554325103759765625e-01
9.128887653350830078e-01
6.885200738906860352e-01
9.503996968269348145e-01
4.382608532905578613e-01
5.688328146934509277e-01
8.536984920501708984e-01
5.660406351089477539e-01
9.747958779335021973e-01
9.973992109298706055e-01
8.082238435745239258e-01
9.710819460451602936e-03
1.787673868238925934e-02
8.332641124725341797e-01
2.971359156072139740e-02
1.224732175469398499e-01
1.159698292613029480e-01
7.189529389142990112e-02
7.306656241416931152e-02
5.131365656852722168e-01
3.227758407592773438e-02
4.674201607704162598e-01
1.680893301963806152e-01
5.147070437669754028e-02
1.014037355780601501e-01
2.269975282251834869e-02
3.117523342370986938e-02
5.320505704730749130e-03
4.073818624019622803e-01
3.210439682006835938e-01
3.899615257978439331e-03
3.443760052323341370e-02
1.646297797560691833e-02
3.725834190845489502e-02
8.898207545280456543e-01
3.238951787352561951e-02
1.948900371789932251e-01
3.456989303231239319e-02
5.394521728157997131e-02
1.531061623245477676e-02
1.259344369173049927e-01
2.293684333562850952e-02
9.556216001510620117e-02
2.335812151432037354e-02
7.205009460449218750e-01
3.235292434692382812e-01
1.074292734265327454e-01
6.217966601252555847e-02
4.157457873225212097e-02
6.073917150497436523e-01
3.622039034962654114e-02
2.468418143689632416e-02
4.086199402809143066e-01
5.295916795730590820e-01
1.390574034303426743e-02
1.496310904622077942e-02
7.550184130668640137e-01
1.842747777700424194e-01
2.694066613912582397e-03
9.594216011464595795e-03
4.342165291309356689e-01
2.637354135513305664e-01
4.605249166488647461e-01
5.650424361228942871e-01
1.644426584243774414e-01
3.280835449695587158e-01
1.504913065582513809e-02
8.062276989221572876e-03
1.304095238447189331e-01
1.558110956102609634e-02
5.654841195791959763e-03
1.135798767209053040e-01
3.592991828918457031e-01
2.288961261510848999e-01
4.922696650028228760e-01
5.307490751147270203e-02
1.067075058817863464e-01
8.736171573400497437e-02
5.443732142448425293e-01
1.554818078875541687e-02
6.204560399055480957e-01
5.349614024162292480e-01
5.300457477569580078e-01
1.160632371902465820e-01
3.076287209987640381e-01
9.042031317949295044e-02
8.759067952632904053e-02
2.021235041320323944e-02
5.877389907836914062e-01
1.183201596140861511e-01
5.363678932189941406e-01
1.036162376403808594e-01
3.787488639354705811e-01
1.406083106994628906e-01
3.921214491128921509e-02
1.498659104108810425e-01
1.417478322982788086e-01
5.270432233810424805e-01
4.817428290843963623e-01
4.742107391357421875e-01
2.207869142293930054e-01
1.202388927340507507e-01
1.361986808478832245e-02
4.987806081771850586e-02
1.825179904699325562e-02
2.002643644809722900e-01
2.385065704584121704e-01
3.259217366576194763e-02
1.127396821975708008e-01
4.539030790328979492e-01
8.401384204626083374e-02
2.443101555109024048e-01
5.132072567939758301e-01
4.307415783405303955e-01
