9.955470561981201172e-01
8.841916322708129883e-01
9.796651005744934082e-01
9.572468996047973633e-01
9.947797060012817383e-01
9.875707030296325684e-01
9.941070079803466797e-01
9.720010161399841309e-01
9.550997018814086914e-01
9.968681931495666504e-01
9.871613383293151855e-01
9.442853331565856934e-01
9.933319687843322754e-01
9.967967867851257324e-01
9.971719384193420410e-01
9.443059563636779785e-01
9.973715543746948242e-01
9.542129039764404297e-01
9.745352864265441895e-01
9.921000599861145020e-01
9.796957969665527344e-01
9.262218475341796875e-01
9.806212782859802246e-01
9.948801994323730469e-01
9.832487106323242188e-01
9.966670870780944824e-01
9.600659608840942383e-01
9.836874008178710938e-01
9.950453042984008789e-01
9.051679968833923340e-01
9.937441945075988770e-01
8.880136609077453613e-01
9.759662747383117676e-01
9.972731471061706543e-01
9.926685094833374023e-01
9.703946709632873535e-01
9.666387438774108887e-01
9.978042244911193848e-01
9.846575856208801270e-01
9.820606708526611328e-01
9.918215870857238770e-01
9.895687699317932129e-01
9.817127585411071777e-01
8.928921818733215332e-01
9.859014153480529785e-01
9.580544829368591309e-01
9.960150122642517090e-01
9.904733300209045410e-01
9.702016711235046387e-01
9.982068538665771484e-01
9.634031057357788086e-01
9.701452255249023438e-01
9.805270433425903320e-01
9.839187860488891602e-01
9.790185689926147461e-01
9.683144688606262207e-01
9.959327578544616699e-01
9.831482172012329102e-01
9.945693016052246094e-01
9.529070854187011719e-01
9.753049015998840332e-01
9.949305653572082520e-01
9.927300810813903809e-01
9.708884358406066895e-01
9.681832790374755859e-01
9.952202439308166504e-01
9.227846264839172363e-01
9.945407509803771973e-01
9.911105632781982422e-01
9.656625390052795410e-01
9.925526976585388184e-01
9.923599362373352051e-01
9.778294563293457031e-01
9.935821294784545898e-01
9.962847232818603516e-01
9.959706664085388184e-01
9.968757629394531250e-01
9.956662654876708984e-01
9.960597753524780273e-01
9.943080544471740723e-01
9.956703186035156250e-01
9.956644177436828613e-01
9.970058798789978027e-01
9.979860782623291016e-01
9.956771731376647949e-01
9.956637024879455566e-01
9.959371089935302734e-01
9.947330951690673828e-01
9.965664148330688477e-01
9.963133931159973145e-01
9.957520961761474609e-01
9.970882534980773926e-01
9.966635107994079590e-01
9.964168071746826172e-01
9.913729429244995117e-01
9.948874115943908691e-01
9.961387515068054199e-01
9.962424039840698242e-01
9.978855252265930176e-01
9.964421391487121582e-01
9.965848922729492188e-01
9.942603111267089844e-01
9.954020977020263672e-01
9.951820969581604004e-01
9.956860542297363281e-01
9.986239671707153320e-01
9.968765974044799805e-01
9.899105429649353027e-01
9.962307810783386230e-01
9.965620636940002441e-01
9.923118948936462402e-01
9.914655089378356934e-01
9.965205192565917969e-01
9.964796900749206543e-01
9.952266216278076172e-01
9.929134249687194824e-01
9.951604008674621582e-01
9.954097867012023926e-01
9.968647360801696777e-01
9.954793453216552734e-01
9.978494644165039062e-01
9.955465793609619141e-01
9.948289990425109863e-01
9.948516488075256348e-01
9.971269965171813965e-01
9.965316653251647949e-01
9.968342185020446777e-01
9.973564147949218750e-01
9.967418313026428223e-01
9.962944388389587402e-01
9.986143112182617188e-01
9.961372017860412598e-01
9.933518171310424805e-01
9.926785230636596680e-01
9.967875480651855469e-01
9.982326030731201172e-01
9.836936593055725098e-01
9.963014125823974609e-01
9.970576763153076172e-01
9.958006739616394043e-01
9.873836636543273926e-01
9.960631728172302246e-01
9.958968162536621094e-01
9.964630007743835449e-01
9.957515001296997070e-01
9.960727691650390625e-01
9.970154762268066406e-01
9.854978322982788086e-01
9.949746131896972656e-01
9.979009628295898438e-01
9.955201148986816406e-01
9.758793115615844727e-01
9.958712458610534668e-01
9.921318888664245605e-01
9.870083928108215332e-01
9.466332793235778809e-01
9.789909124374389648e-01
9.935124516487121582e-01
9.966564178466796875e-01
9.961882233619689941e-01
9.937058091163635254e-01
9.840252995491027832e-01
9.755750894546508789e-01
9.968978166580200195e-01
9.866971373558044434e-01
9.966582059860229492e-01
9.981532692909240723e-01
9.977808594703674316e-01
9.976419210433959961e-01
9.977687597274780273e-01
9.920755624771118164e-01
9.922850131988525391e-01
9.965828061103820801e-01
9.967126846313476562e-01
9.970381259918212891e-01
9.962697029113769531e-01
9.944139719009399414e-01
9.849252104759216309e-01
9.975544810295104980e-01
9.960563182830810547e-01
9.981901049613952637e-01
9.978970289230346680e-01
9.972910284996032715e-01
9.976704716682434082e-01
9.985095858573913574e-01
9.959998130798339844e-01
9.957582354545593262e-01
9.980247020721435547e-01
9.934419393539428711e-01
9.915180802345275879e-01
9.968203306198120117e-01
9.970360994338989258e-01
9.974091649055480957e-01
9.959117174148559570e-01
9.961982369422912598e-01
9.956525564193725586e-01
9.918217062950134277e-01
9.938720464706420898e-01
9.961435794830322266e-01
9.959362745285034180e-01
9.963093400001525879e-01
9.955927729606628418e-01
9.969732761383056641e-01
9.933655858039855957e-01
9.973037242889404297e-01
9.961077570915222168e-01
9.977328777313232422e-01
9.974789023399353027e-01
9.973474740982055664e-01
9.963271021842956543e-01
9.968611001968383789e-01
9.956881403923034668e-01
9.982808828353881836e-01
9.966968297958374023e-01
9.950349330902099609e-01
9.983733892440795898e-01
9.968787431716918945e-01
9.960665106773376465e-01
9.952665567398071289e-01
9.974812865257263184e-01
9.928066730499267578e-01
9.922379851341247559e-01
9.972793459892272949e-01
9.971252083778381348e-01
9.965219497680664062e-01
9.935624599456787109e-01
9.978271126747131348e-01
9.960979223251342773e-01
9.936038851737976074e-01
9.973409771919250488e-01
9.974064230918884277e-01
9.972162246704101562e-01
9.972406625747680664e-01
9.972081780433654785e-01
9.962937235832214355e-01
9.976463913917541504e-01
9.949020147323608398e-01
9.958770275115966797e-01
9.794877171516418457e-01
9.888675808906555176e-01
9.944615364074707031e-01
9.899117350578308105e-01
9.974750876426696777e-01
9.934989213943481445e-01
9.851697087287902832e-01
9.935746788978576660e-01
9.914463758468627930e-01
9.899735450744628906e-01
9.939721226692199707e-01
9.926674962043762207e-01
9.969306588172912598e-01
9.914064407348632812e-01
9.851644039154052734e-01
9.895268678665161133e-01
9.887810945510864258e-01
9.804045557975769043e-01
9.877865314483642578e-01
8.880093693733215332e-01
9.913746714591979980e-01
9.912375211715698242e-01
9.938542842864990234e-01
9.827600717544555664e-01
9.958860278129577637e-01
9.878816604614257812e-01
9.884556531906127930e-01
9.632018804550170898e-01
9.941818118095397949e-01
9.871324300765991211e-01
9.866185784339904785e-01
9.787940979003906250e-01
9.902648925781250000e-01
9.929752349853515625e-01
9.963415265083312988e-01
9.903842210769653320e-01
9.872856736183166504e-01
9.893186688423156738e-01
9.904211759567260742e-01
9.886561632156372070e-01
9.882214665412902832e-01
9.814367890357971191e-01
9.897395968437194824e-01
9.884887337684631348e-01
9.840589761734008789e-01
9.613183140754699707e-01
9.800337553024291992e-01
9.874885082244873047e-01
9.901931285858154297e-01
9.840539097785949707e-01
9.884533286094665527e-01
9.924170970916748047e-01
9.826087951660156250e-01
9.946981668472290039e-01
9.719310998916625977e-01
9.860098361968994141e-01
9.936549663543701172e-01
9.872138500213623047e-01
9.919757246971130371e-01
9.903675317764282227e-01
9.883466362953186035e-01
9.814124107360839844e-01
9.869324564933776855e-01
9.935691356658935547e-01
9.875065088272094727e-01
9.797099828720092773e-01
9.852005243301391602e-01
9.893062710762023926e-01
9.902213811874389648e-01
9.792267680168151855e-01
9.882650375366210938e-01
9.877937436103820801e-01
9.883902072906494141e-01
9.881650209426879883e-01
9.871468544006347656e-01
9.897710084915161133e-01
9.842091202735900879e-01
9.900410771369934082e-01
9.936286807060241699e-01
9.934078454971313477e-01
9.947468638420104980e-01
9.833632707595825195e-01
9.825070500373840332e-01
9.897294044494628906e-01
9.952453970909118652e-01
9.943532943725585938e-01
9.894618391990661621e-01
9.951003193855285645e-01
9.877174496650695801e-01
9.602545499801635742e-01
9.865852594375610352e-01
9.951031208038330078e-01
9.902807474136352539e-01
9.863617420196533203e-01
9.849556088447570801e-01
9.923861026763916016e-01
9.938456416130065918e-01
9.886560440063476562e-01
9.832813143730163574e-01
9.790671467781066895e-01
9.894743561744689941e-01
9.958258867263793945e-01
9.771614670753479004e-01
9.911250472068786621e-01
9.920561909675598145e-01
9.798960685729980469e-01
9.866173863410949707e-01
9.930411577224731445e-01
9.909777641296386719e-01
9.778652191162109375e-01
9.897294044494628906e-01
9.948031306266784668e-01
9.362426996231079102e-01
9.832450151443481445e-01
9.887554049491882324e-01
9.920343756675720215e-01
9.833174943923950195e-01
9.852601289749145508e-01
9.936415553092956543e-01
9.807953238487243652e-01
9.929695725440979004e-01
9.876570701599121094e-01
9.959809780120849609e-01
9.964466691017150879e-01
9.787365198135375977e-01
9.895256757736206055e-01
9.903250932693481445e-01
9.902563095092773438e-01
9.946099519729614258e-01
9.942396879196166992e-01
9.950994849205017090e-01
9.064591526985168457e-01
9.922645092010498047e-01
9.982188344001770020e-01
9.995216131210327148e-01
9.988660812377929688e-01
9.975996613502502441e-01
9.909361004829406738e-01
9.943107366561889648e-01
9.978531002998352051e-01
9.941762685775756836e-01
9.923347830772399902e-01
9.991353154182434082e-01
9.420877099037170410e-01
9.991299510002136230e-01
9.896337985992431641e-01
9.926176667213439941e-01
9.920065999031066895e-01
9.940302968025207520e-01
9.985894560813903809e-01
9.902216196060180664e-01
9.985845088958740234e-01
9.989809393882751465e-01
9.969933032989501953e-01
9.972117543220520020e-01
9.751318693161010742e-01
9.985878467559814453e-01
9.977051615715026855e-01
9.993606209754943848e-01
9.981928467750549316e-01
9.983384609222412109e-01
9.778525829315185547e-01
9.921374917030334473e-01
9.931241869926452637e-01
9.949696660041809082e-01
9.991323351860046387e-01
9.990358352661132812e-01
9.951152801513671875e-01
9.981829524040222168e-01
9.974793791770935059e-01
9.976268410682678223e-01
9.975082874298095703e-01
9.968456625938415527e-01
9.987112283706665039e-01
9.888018369674682617e-01
9.893929958343505859e-01
9.935669302940368652e-01
9.915137887001037598e-01
9.956021308898925781e-01
9.949483871459960938e-01
9.957413673400878906e-01
9.970946311950683594e-01
9.955798983573913574e-01
9.973683357238769531e-01
9.975454211235046387e-01
9.967760443687438965e-01
9.900093674659729004e-01
9.872187376022338867e-01
9.496534466743469238e-01
9.921256899833679199e-01
9.835436344146728516e-01
9.940862655639648438e-01
9.761827588081359863e-01
9.795021414756774902e-01
9.970664381980895996e-01
9.865362048149108887e-01
9.432984590530395508e-01
9.668817520141601562e-01
9.969947338104248047e-01
9.881923794746398926e-01
9.938933253288269043e-01
9.979605674743652344e-01
9.666504263877868652e-01
9.871288537979125977e-01
9.884821176528930664e-01
9.703092575073242188e-01
9.906154870986938477e-01
9.910441637039184570e-01
9.689455032348632812e-01
9.867479801177978516e-01
9.798959493637084961e-01
9.676899313926696777e-01
9.755424857139587402e-01
9.884926676750183105e-01
9.949122071266174316e-01
9.468118548393249512e-01
9.938572049140930176e-01
9.838433861732482910e-01
9.747056365013122559e-01
9.968897700309753418e-01
9.864498972892761230e-01
9.846257567405700684e-01
9.927738904953002930e-01
9.820828437805175781e-01
9.949008226394653320e-01
9.629756212234497070e-01
9.761851429939270020e-01
9.659911394119262695e-01
9.312755465507507324e-01
9.915747046470642090e-01
9.815463423728942871e-01
9.982541203498840332e-01
9.933511614799499512e-01
9.961931705474853516e-01
9.954089522361755371e-01
9.827398061752319336e-01
9.864135980606079102e-01
9.827858805656433105e-01
9.256703257560729980e-01
9.913195967674255371e-01
9.885983467102050781e-01
9.851990342140197754e-01
9.740905761718750000e-01
9.923916459083557129e-01
9.890383481979370117e-01
9.916893243789672852e-01
9.741060733795166016e-01
9.958146214485168457e-01
9.928759336471557617e-01
9.904525279998779297e-01
9.857875108718872070e-01
9.951208233833312988e-01
9.842206239700317383e-01
9.802411794662475586e-01
8.837746977806091309e-01
9.787316322326660156e-01
9.957013726234436035e-01
9.832346439361572266e-01
9.660649895668029785e-01
9.938933253288269043e-01
9.691590070724487305e-01
9.907249808311462402e-01
9.707502126693725586e-01
4.802308510988950729e-03
2.687292639166116714e-03
8.465460501611232758e-03
3.043957799673080444e-02
6.785259465686976910e-04
1.315130665898323059e-02
3.914701193571090698e-02
8.669300079345703125e-01
6.872372329235076904e-02
1.718277577310800552e-03
2.315099816769361496e-03
3.156723920255899429e-03
2.262284979224205017e-04
7.433831226080656052e-03
2.281807155668502674e-06
2.166235120967030525e-03
9.427139302715659142e-04
5.091318234917707741e-05
3.165517747402191162e-02
1.496345400810241699e-01
4.743933004647260532e-06
3.931610845029354095e-03
1.501492410898208618e-02
5.580635624937713146e-04
4.117109999060630798e-02
1.154641062021255493e-02
8.431571722030639648e-01
2.115034585585817695e-04
8.254424929618835449e-01
5.228484272956848145e-01
1.140356957912445068e-01
1.359293935820460320e-03
2.443532503093592823e-05
4.078938160091638565e-03
5.337542891502380371e-01
3.534507751464843750e-02
1.294966670684516430e-03
1.873528584837913513e-02
1.790193021297454834e-01
1.548409345559775829e-03
2.956169247627258301e-01
8.298474363982677460e-03
8.235743269324302673e-03
9.606980681419372559e-01
1.225660070776939392e-01
1.123691275715827942e-01
3.306727157905697823e-03
9.154539108276367188e-01
4.543798416852951050e-02
5.870682187378406525e-03
1.265654100279789418e-05
2.331131510436534882e-02
9.888735599815845490e-03
5.914216395467519760e-03
6.073433756828308105e-01
3.741407417692244053e-04
6.571736885234713554e-04
6.457043886184692383e-01
1.527127902954816818e-02
2.062710933387279510e-02
5.416752398014068604e-02
2.122252285480499268e-01
5.819013342261314392e-03
3.478868678212165833e-02
1.849189214408397675e-02
5.997421219944953918e-03
1.918920874595642090e-02
5.467329919338226318e-02
9.837065637111663818e-02
7.829828560352325439e-02
2.012386173009872437e-02
8.627750794403254986e-04
3.725690394639968872e-02
3.671379014849662781e-02
1.111395540647208691e-03
7.456538081169128418e-02
4.721261188387870789e-02
6.837020814418792725e-02
6.463140714913606644e-03
2.706334693357348442e-03
1.286855060607194901e-02
4.714654758572578430e-02
2.307538874447345734e-02
2.253154851496219635e-02
8.139253407716751099e-02
9.177345782518386841e-03
7.139981025829911232e-04
2.418607007712125778e-03
2.258700579404830933e-01
9.320081211626529694e-03
4.528328403830528259e-02
1.424873247742652893e-03
1.307236589491367340e-02
5.239167436957359314e-02
2.286375733092427254e-03
3.901854529976844788e-02
5.582243576645851135e-02
2.718026936054229736e-01
4.023735821247100830e-01
5.772649124264717102e-02
3.265577554702758789e-02
5.008951947093009949e-02
4.007985815405845642e-03
2.019484341144561768e-02
1.303957402706146240e-02
1.059038098901510239e-02
1.972738420590758324e-03
7.834482938051223755e-02
5.731176212430000305e-02
3.140724822878837585e-02
5.726126208901405334e-02
2.956616133451461792e-02
1.583283543586730957e-01
1.721579395234584808e-02
6.453069299459457397e-02
1.559795113280415535e-03
6.046639010310173035e-02
5.520678311586380005e-02
2.868963964283466339e-02
3.044682554900646210e-02
1.368349939584732056e-01
7.698915898799896240e-02
4.979993104934692383e-01
9.545012377202510834e-03
3.299369663000106812e-02
3.517166187521070242e-04
4.970483714714646339e-04
2.066370099782943726e-01
3.897002607118338346e-04
8.928299881517887115e-03
2.437129151076078415e-04
2.005374553846195340e-04
3.402001261711120605e-01
2.489135414361953735e-02
2.679345570504665375e-02
5.703110098838806152e-01
3.321036696434020996e-02
3.533416241407394409e-02
1.959455665200948715e-03
8.345687820110470057e-05
5.155798979103565216e-03
1.021383050829172134e-02
2.299806475639343262e-02
5.094603076577186584e-02
3.391609713435173035e-02
1.381967496126890182e-02
2.368927234783768654e-03
3.744922287296503782e-04
1.853669807314872742e-02
8.588664233684539795e-03
5.019095260649919510e-04
9.146163612604141235e-02
5.301524884998798370e-03
1.210301369428634644e-02
1.674577221274375916e-02
2.302540279924869537e-02
2.198688918724656105e-03
6.879379600286483765e-02
2.509342448320239782e-04
6.892160046845674515e-03
7.158900145441293716e-03
1.121676410548388958e-03
3.396460786461830139e-03
3.628369886428117752e-03
3.213202580809593201e-02
7.769974879920482635e-03
4.407756030559539795e-02
1.461681723594665527e-02
8.314073056681081653e-05
9.100615233182907104e-02
6.537972390651702881e-02
2.065934538841247559e-01
7.020568102598190308e-02
7.321508228778839111e-02
5.708177923224866390e-05
1.332651078701019287e-01
2.466937294229865074e-03
2.532595582306385040e-02
2.512029558420181274e-02
2.962847948074340820e-01
9.583071805536746979e-03
9.777710511116310954e-05
2.063987217843532562e-02
2.790901053231209517e-04
5.741589888930320740e-02
1.318659335374832153e-01
2.547385916113853455e-02
3.417672216892242432e-01
5.376223009079694748e-03
4.087271913886070251e-02
2.063404099317267537e-04
3.684460744261741638e-02
5.892033129930496216e-02
6.865839008241891861e-03
1.108337892219424248e-03
1.363393366336822510e-01
1.564906910061836243e-02
1.099562458693981171e-02
1.017462685704231262e-01
1.883792137959972024e-04
2.024893881753087044e-03
2.986678481101989746e-02
2.685088478028774261e-02
6.404286832548677921e-04
7.600530516356229782e-03
1.348473248071968555e-03
4.010917246341705322e-02
2.612585434690117836e-03
1.590049127116799355e-03
9.955167770385742188e-04
7.941483519971370697e-03
3.170541604049503803e-04
1.109013799577951431e-03
4.550671670585870743e-03
6.323152221739292145e-03
9.654424153268337250e-03
3.426435636356472969e-03
5.807328503578901291e-03
2.816128078848123550e-03
1.229877350851893425e-03
6.375280790962278843e-04
3.663647454231977463e-03
2.297412138432264328e-03
1.123345573432743549e-03
6.275546038523316383e-04
3.306629951111972332e-04
4.145569109823554754e-04
3.351714694872498512e-04
2.206765115261077881e-03
1.022401382215321064e-03
8.088877424597740173e-03
1.668477081693708897e-03
2.806104486808180809e-03
1.899603568017482758e-02
2.932922216132283211e-03
9.170635021291673183e-04
4.306900314986705780e-03
2.498178277164697647e-03
4.410203546285629272e-04
3.132306737825274467e-03
9.729076409712433815e-04
5.789364804513752460e-04
1.606446807272732258e-03
1.190265291370451450e-03
1.134768710471689701e-03
1.843550708144903183e-03
1.385824405588209629e-03
8.405328844673931599e-04
2.022974193096160889e-03
4.475752823054790497e-03
2.080294676125049591e-02
2.715548616833984852e-04
5.928020109422504902e-04
5.924112047068774700e-04
9.673316963016986847e-03
2.134471666067838669e-03
1.617552945390343666e-03
1.242927927523851395e-02
2.702227095142006874e-03
6.324879359453916550e-04
1.770690781995654106e-03
3.126796567812561989e-03
1.706427428871393204e-03
3.367441473528742790e-03
5.970866186544299126e-04
9.152308921329677105e-04
2.770186867564916611e-03
2.737789414823055267e-03
6.285349838435649872e-03
5.045246332883834839e-03
7.030854932963848114e-03
2.440830692648887634e-02
2.791045792400836945e-02
6.780943274497985840e-02
1.303519238717854023e-03
5.066059157252311707e-02
3.963060677051544189e-03
2.376491762697696686e-02
4.310787841677665710e-02
6.110113859176635742e-01
6.616759928874671459e-04
1.251412089914083481e-03
2.386667765676975250e-03
4.327335394918918610e-03
1.580923795700073242e-01
6.349746603518724442e-03
3.334039356559514999e-03
8.678057231009006500e-03
6.420240551233291626e-02
4.942760244011878967e-02
4.237096384167671204e-02
1.772440075874328613e-01
5.788709037005901337e-03
3.498018952086567879e-03
3.271739557385444641e-02
3.165408968925476074e-02
6.601959932595491409e-03
1.106353593058884144e-03
3.338994085788726807e-02
9.384296834468841553e-03
1.021402888000011444e-02
4.798374138772487640e-03
6.737827789038419724e-03
9.257121942937374115e-03
8.093101903796195984e-03
3.913232311606407166e-02
1.416409760713577271e-01
1.183121800422668457e-01
2.194704674184322357e-02
3.071352653205394745e-02
9.770968556404113770e-02
2.395287528634071350e-02
9.580600261688232422e-02
9.059292078018188477e-02
1.564657129347324371e-02
2.044473309069871902e-03
4.198066517710685730e-02
2.149781212210655212e-02
1.989136077463626862e-02
1.414092257618904114e-02
2.565526403486728668e-03
7.587735354900360107e-02
1.822732761502265930e-02
5.462130997329950333e-03
1.640490256249904633e-02
6.814680062234401703e-03
3.720483742654323578e-03
2.125287801027297974e-02
1.436732336878776550e-02
6.129464134573936462e-03
3.712725592777132988e-03
2.274863887578248978e-03
5.583686288446187973e-03
3.981494810432195663e-03
5.134620517492294312e-02
3.996351733803749084e-04
2.266776282340288162e-03
2.988270716741681099e-03
3.106337506324052811e-03
9.780647233128547668e-03
5.519715603440999985e-03
8.860425441525876522e-04
1.322395750321447849e-03
4.362707550171762705e-04
9.693630854599177837e-04
2.070637419819831848e-03
4.419476899784058332e-04
2.710438100621104240e-03
4.347795248031616211e-02
5.851716268807649612e-03
2.052946365438401699e-04
3.171726420987397432e-04
2.547505311667919159e-03
3.880711446981877089e-04
1.264465856365859509e-03
2.577335806563496590e-03
5.811889655888080597e-03
5.130805657245218754e-04
3.089915774762630463e-02
7.296851254068315029e-04
7.683537900447845459e-03
2.427257411181926727e-02
1.859901007264852524e-03
3.566385479643940926e-03
7.364390767179429531e-04
2.645169198513031006e-02
2.386677369941025972e-04
3.162571520078927279e-04
4.376230761408805847e-03
2.358330879360437393e-03
3.093323204666376114e-03
2.269153296947479248e-02
2.132127759978175163e-03
2.563396282494068146e-02
3.759925020858645439e-04
4.288604483008384705e-02
2.034564269706606865e-03
1.907750777900218964e-02
1.138114091008901596e-02
7.772678509354591370e-04
6.357572274282574654e-04
1.486157416366040707e-03
4.946216358803212643e-04
5.838800570927560329e-04
5.622552707791328430e-03
3.391803940758109093e-03
8.348647388629615307e-04
5.774858221411705017e-02
4.642561450600624084e-02
1.133491657674312592e-02
1.063141040503978729e-02
3.136131465435028076e-01
7.628189027309417725e-02
1.732292212545871735e-02
2.484115213155746460e-02
8.375913836061954498e-03
2.519883681088685989e-03
1.293304841965436935e-02
5.765322595834732056e-03
3.368806792423129082e-03
4.015688784420490265e-03
4.391829948872327805e-03
4.376128613948822021e-01
2.705315593630075455e-03
6.746264640241861343e-03
3.802005574107170105e-02
2.117389813065528870e-02
3.184263780713081360e-02
3.375452011823654175e-02
6.108531728386878967e-02
5.221068859100341797e-02
5.028174491599202156e-04
3.295849636197090149e-02
1.666570007801055908e-01
6.249867379665374756e-02
5.923239141702651978e-02
4.693245515227317810e-02
2.803639322519302368e-02
6.857056170701980591e-02
3.122068010270595551e-02
1.491140723228454590e-01
1.398648619651794434e-01
4.568677023053169250e-02
1.696050018072128296e-01
3.931153565645217896e-02
4.908360540866851807e-03
1.069868565537035465e-03
8.327642455697059631e-03
1.964504644274711609e-02
2.669651003088802099e-04
1.213017925620079041e-01
5.311109591275453568e-03
1.462994664907455444e-01
5.930807590484619141e-01
2.246881425380706787e-01
4.039467871189117432e-01
2.977146767079830170e-02
4.809451103210449219e-01
2.634566742926836014e-03
5.154091492295265198e-02
9.580519981682300568e-03
3.239228622987866402e-03
7.710945606231689453e-02
3.555916249752044678e-02
8.967623859643936157e-02
9.291524887084960938e-01
5.820470396429300308e-04
8.277052640914916992e-01
1.561426743865013123e-02
3.025028407573699951e-01
1.757980287075042725e-01
6.367491558194160461e-03
1.983460225164890289e-02
6.841165595687925816e-04
2.208255529403686523e-01
7.080547809600830078e-01
3.126460593193769455e-03
3.107867836952209473e-01
2.266599563881754875e-03
5.196565762162208557e-02
6.569206714630126953e-01
6.857603788375854492e-02
2.510989084839820862e-02
2.259303033351898193e-01
1.052019745111465454e-02
1.165623031556606293e-02
1.580243185162544250e-02
2.389600314199924469e-02
5.391820333898067474e-03
1.442905486328527331e-04
9.729514271020889282e-02
3.713869675993919373e-02
1.101166475564241409e-02
4.875746089965105057e-03
9.597162604331970215e-01
3.496746346354484558e-02
1.126017887145280838e-04
7.176297903060913086e-02
8.314722031354904175e-02
1.232719235122203827e-02
3.573648929595947266e-01
4.173965193331241608e-03
9.659249335527420044e-03
1.450788695365190506e-02
1.474222972319694236e-05
8.967162966728210449e-01
9.364662691950798035e-03
1.735748536884784698e-02
1.379584986716508865e-02
1.004248950630426407e-02
2.587846829555928707e-04
7.439469099044799805e-01
8.188424631953239441e-03
2.748358063399791718e-02
6.786035373806953430e-03
1.695453375577926636e-02
3.396667074412107468e-03
1.444150656461715698e-01
7.677645981311798096e-02
6.826053722761571407e-04
3.421135013923048973e-03
9.520901441574096680e-01
2.230051904916763306e-02
2.672059237957000732e-01
1.830520108342170715e-02
5.647416710853576660e-01
1.594149172306060791e-01
1.540051540359854698e-03
1.466895360499620438e-02
1.022854894399642944e-01
3.732091486454010010e-01
3.017727732658386230e-01
1.625067525310441852e-04
2.088131383061408997e-03
5.464410642161965370e-04
4.801707837032154202e-05
2.407034859061241150e-02
2.443930716253817081e-04
1.232207170687615871e-03
9.065492078661918640e-03
5.884502752451226115e-05
8.620131848147138953e-05
6.474016308784484863e-01
5.179723501205444336e-01
6.239451467990875244e-02
8.521908894181251526e-03
3.370516424183733761e-05
1.252937912940979004e-01
1.322644948959350586e-01
3.238450153730809689e-04
4.199267830699682236e-03
