8.056297898292541504e-01
8.056297898292541504e-01
8.056297898292541504e-01
8.056297898292541504e-01
8.056297898292541504e-01
8.056202530860900879e-01
8.056297898292541504e-01
8.056297898292541504e-01
8.056297898292541504e-01
8.056297898292541504e-01
7.481413483619689941e-01
8.056297898292541504e-01
8.056297898292541504e-01
8.056297898292541504e-01
8.056297898292541504e-01
8.056297898292541504e-01
8.056297898292541504e-01
8.056297302246093750e-01
7.925446629524230957e-01
8.056297898292541504e-01
8.056297898292541504e-01
8.056297898292541504e-01
8.056297898292541504e-01
8.056297898292541504e-01
8.056297898292541504e-01
8.056297898292541504e-01
8.056297898292541504e-01
8.056297898292541504e-01
8.056297898292541504e-01
8.056297898292541504e-01
8.056297898292541504e-01
8.041525483131408691e-01
8.031657338142395020e-01
5.342236757278442383e-01
8.056297898292541504e-01
8.056297898292541504e-01
8.056297898292541504e-01
8.056297898292541504e-01
8.056297898292541504e-01
8.056297898292541504e-01
8.056297898292541504e-01
8.056297898292541504e-01
8.056297898292541504e-01
8.056077361106872559e-01
8.056297898292541504e-01
8.056297898292541504e-01
8.056297898292541504e-01
8.056297898292541504e-01
4.219371378421783447e-01
8.056297898292541504e-01
8.056297898292541504e-01
8.056297898292541504e-01
8.056297898292541504e-01
4.219371378421783447e-01
8.056297898292541504e-01
8.056297898292541504e-01
8.056297898292541504e-01
8.056297898292541504e-01
8.056297898292541504e-01
8.056297898292541504e-01
8.056297898292541504e-01
8.056297898292541504e-01
8.056297898292541504e-01
8.056297898292541504e-01
8.056297898292541504e-01
4.219371378421783447e-01
8.056297898292541504e-01
8.056297898292541504e-01
8.056297898292541504e-01
8.056297898292541504e-01
8.056297898292541504e-01
8.056297898292541504e-01
8.056297898292541504e-01
8.056297898292541504e-01
8.056297898292541504e-01
4.219371378421783447e-01
4.219371378421783447e-01
4.219371378421783447e-01
4.219371378421783447e-01
4.219371378421783447e-01
4.219371378421783447e-01
4.219371378421783447e-01
4.219371378421783447e-01
4.219371378421783447e-01
4.219371378421783447e-01
4.219371378421783447e-01
4.219371378421783447e-01
4.219371378421783447e-01
4.219371378421783447e-01
4.219371378421783447e-01
4.219371378421783447e-01
4.219371378421783447e-01
4.219371378421783447e-01
4.219371378421783447e-01
4.219371378421783447e-01
4.219371378421783447e-01
4.219371378421783447e-01
4.219371378421783447e-01
4.219371378421783447e-01
4.219371378421783447e-01
4.219371378421783447e-01
4.219371378421783447e-01
4.219371378421783447e-01
4.219371378421783447e-01
4.219371378421783447e-01
4.219371378421783447e-01
4.219371378421783447e-01
4.219371378421783447e-01
4.219371378421783447e-01
4.219371378421783447e-01
4.219371378421783447e-01
4.219371378421783447e-01
4.219371378421783447e-01
4.219371378421783447e-01
4.219371378421783447e-01
4.219371378421783447e-01
4.219371378421783447e-01
4.219371378421783447e-01
4.219371378421783447e-01
4.219371378421783447e-01
4.219371378421783447e-01
4.219371378421783447e-01
4.219371378421783447e-01
4.219371378421783447e-01
4.219371378421783447e-01
4.219371378421783447e-01
4.219371378421783447e-01
4.219371378421783447e-01
4.219371378421783447e-01
4.219371378421783447e-01
4.219371378421783447e-01
4.219371378421783447e-01
4.219371378421783447e-01
4.219371378421783447e-01
4.219371378421783447e-01
4.219371378421783447e-01
4.219371378421783447e-01
4.219371378421783447e-01
4.219371378421783447e-01
4.219371378421783447e-01
4.219371378421783447e-01
4.219371378421783447e-01
4.219371378421783447e-01
4.219371378421783447e-01
4.219371378421783447e-01
4.219371378421783447e-01
4.219371378421783447e-01
4.219371378421783447e-01
4.219371378421783447e-01
4.219371378421783447e-01
4.219371378421783447e-01
4.219371378421783447e-01
4.219371378421783447e-01
4.219371378421783447e-01
4.219371378421783447e-01
4.219371378421783447e-01
4.219371378421783447e-01
4.219371378421783447e-01
4.219371378421783447e-01
4.219371378421783447e-01
4.219371378421783447e-01
4.219371378421783447e-01
4.219371378421783447e-01
4.219371378421783447e-01
4.219371378421783447e-01
4.219371378421783447e-01
4.219371378421783447e-01
4.219371378421783447e-01
4.219371378421783447e-01
4.219371378421783447e-01
4.219371378421783447e-01
4.219371378421783447e-01
4.219371378421783447e-01
4.219371378421783447e-01
4.219371378421783447e-01
4.219371378421783447e-01
4.219371378421783447e-01
4.219371378421783447e-01
4.219371378421783447e-01
4.219371378421783447e-01
4.219371378421783447e-01
4.219371378421783447e-01
4.219371378421783447e-01
4.219371378421783447e-01
4.219371378421783447e-01
4.219371378421783447e-01
4.219371378421783447e-01
4.219371378421783447e-01
4.219371378421783447e-01
4.219371378421783447e-01
4.219371378421783447e-01
4.219371378421783447e-01
4.219371378421783447e-01
4.219371378421783447e-01
4.219371378421783447e-01
4.219371378421783447e-01
4.219371378421783447e-01
4.219371378421783447e-01
4.219371378421783447e-01
4.219371378421783447e-01
4.219371378421783447e-01
4.219371378421783447e-01
4.219371378421783447e-01
4.219371378421783447e-01
4.219371378421783447e-01
4.219371378421783447e-01
4.219371378421783447e-01
4.219371378421783447e-01
4.219371378421783447e-01
4.219371378421783447e-01
4.219371378421783447e-01
4.219371378421783447e-01
4.219371378421783447e-01
4.219371378421783447e-01
4.219371378421783447e-01
4.219371378421783447e-01
4.219371378421783447e-01
4.219371378421783447e-01
4.219371378421783447e-01
4.219371378421783447e-01
4.219371378421783447e-01
4.219371378421783447e-01
4.219371378421783447e-01
4.219371378421783447e-01
4.219371378421783447e-01
4.219371378421783447e-01
4.219371378421783447e-01
4.219371378421783447e-01
4.219371378421783447e-01
4.219371378421783447e-01
4.219371378421783447e-01
4.219371378421783447e-01
4.219371378421783447e-01
4.219371378421783447e-01
4.219371378421783447e-01
4.219371378421783447e-01
4.219371378421783447e-01
4.219371378421783447e-01
4.219371378421783447e-01
4.219371378421783447e-01
4.219371378421783447e-01
4.219371378421783447e-01
4.219371378421783447e-01
4.219371378421783447e-01
4.219371378421783447e-01
4.219371378421783447e-01
8.056297898292541504e-01
8.056297898292541504e-01
8.056297898292541504e-01
4.219371378421783447e-01
4.219371378421783447e-01
8.056297898292541504e-01
5.719470977783203125e-01
8.056297898292541504e-01
4.219371378421783447e-01
8.056297898292541504e-01
8.056297898292541504e-01
5.719470977783203125e-01
8.056297898292541504e-01
8.056297898292541504e-01
8.056297898292541504e-01
8.056297898292541504e-01
4.219371378421783447e-01
4.219371378421783447e-01
4.219371378421783447e-01
8.056297898292541504e-01
8.056297898292541504e-01
8.056297898292541504e-01
4.219371378421783447e-01
8.056297898292541504e-01
8.056297898292541504e-01
8.056297898292541504e-01
4.219371378421783447e-01
7.537042498588562012e-01
8.056297898292541504e-01
8.056297898292541504e-01
8.056297898292541504e-01
8.056297898292541504e-01
8.056297898292541504e-01
8.056297898292541504e-01
8.056297898292541504e-01
8.056297898292541504e-01
4.219371378421783447e-01
4.219371378421783447e-01
4.219371378421783447e-01
8.056297898292541504e-01
8.056297898292541504e-01
8.056297898292541504e-01
8.056297898292541504e-01
8.056297898292541504e-01
8.056297898292541504e-01
8.056297898292541504e-01
4.219371378421783447e-01
4.219371378421783447e-01
8.056297898292541504e-01
8.056297898292541504e-01
8.056297898292541504e-01
8.056297898292541504e-01
8.056297898292541504e-01
8.056297898292541504e-01
8.056297898292541504e-01
8.056297898292541504e-01
8.056297898292541504e-01
4.219371378421783447e-01
4.219371378421783447e-01
8.056297898292541504e-01
5.719470977783203125e-01
4.219371378421783447e-01
8.056297898292541504e-01
8.056297898292541504e-01
4.219371378421783447e-01
8.052833676338195801e-01
4.219371378421783447e-01
8.056297898292541504e-01
8.056297898292541504e-01
8.056297898292541504e-01
4.219371378421783447e-01
8.056297898292541504e-01
8.056297898292541504e-01
4.219371378421783447e-01
4.219371378421783447e-01
8.056297898292541504e-01
4.219371378421783447e-01
7.570015192031860352e-01
4.219371378421783447e-01
4.219371378421783447e-01
8.056297898292541504e-01
4.219371378421783447e-01
4.219371378421783447e-01
8.056297898292541504e-01
4.219371378421783447e-01
4.219371378421783447e-01
4.219371378421783447e-01
4.219371378421783447e-01
4.219371378421783447e-01
8.056297898292541504e-01
8.056297898292541504e-01
4.219371378421783447e-01
4.219371378421783447e-01
4.219371378421783447e-01
8.056297898292541504e-01
4.219371378421783447e-01
4.219371378421783447e-01
8.056297898292541504e-01
4.219371378421783447e-01
4.219371378421783447e-01
4.219371378421783447e-01
8.056297898292541504e-01
8.056297898292541504e-01
4.219371378421783447e-01
8.056297898292541504e-01
4.219371378421783447e-01
8.056297898292541504e-01
4.219371378421783447e-01
4.219371378421783447e-01
4.219371378421783447e-01
4.219371378421783447e-01
4.219371378421783447e-01
8.056297898292541504e-01
4.219371378421783447e-01
4.219371378421783447e-01
4.219371378421783447e-01
4.219371378421783447e-01
4.219371378421783447e-01
4.219371378421783447e-01
4.219371378421783447e-01
4.219371378421783447e-01
4.219371378421783447e-01
4.219371378421783447e-01
4.219371378421783447e-01
4.219371378421783447e-01
4.219371378421783447e-01
4.219371378421783447e-01
4.219371378421783447e-01
4.219371378421783447e-01
4.219371378421783447e-01
4.219371378421783447e-01
4.219371378421783447e-01
4.219371378421783447e-01
4.219371378421783447e-01
4.219371378421783447e-01
4.219371378421783447e-01
4.219371378421783447e-01
4.219371378421783447e-01
4.219371378421783447e-01
4.219371378421783447e-01
4.219371378421783447e-01
4.219371378421783447e-01
4.219371378421783447e-01
4.219371378421783447e-01
4.219371378421783447e-01
4.219371378421783447e-01
4.219371378421783447e-01
4.219371378421783447e-01
4.219371378421783447e-01
4.219371378421783447e-01
4.219371378421783447e-01
4.219371378421783447e-01
4.219371378421783447e-01
4.219371378421783447e-01
4.219371378421783447e-01
4.219371378421783447e-01
4.219371378421783447e-01
4.219371378421783447e-01
4.219371378421783447e-01
4.219371378421783447e-01
4.219371378421783447e-01
4.219371378421783447e-01
4.219371378421783447e-01
4.219371378421783447e-01
4.219371378421783447e-01
4.219371378421783447e-01
4.219371378421783447e-01
4.219371378421783447e-01
4.219371378421783447e-01
4.219371378421783447e-01
4.219371378421783447e-01
4.219371378421783447e-01
4.219371378421783447e-01
4.219371378421783447e-01
4.219371378421783447e-01
4.219371378421783447e-01
4.219371378421783447e-01
4.219371378421783447e-01
4.219371378421783447e-01
4.219371378421783447e-01
8.056297898292541504e-01
8.056297898292541504e-01
8.056241869926452637e-01
4.219371378421783447e-01
8.056297898292541504e-01
8.056297898292541504e-01
8.056297898292541504e-01
8.056297898292541504e-01
8.056297898292541504e-01
8.056297898292541504e-01
8.056287765502929688e-01
8.056297898292541504e-01
8.056297898292541504e-01
8.056297898292541504e-01
8.056297898292541504e-01
8.056297898292541504e-01
8.056297898292541504e-01
8.056297898292541504e-01
6.088961362838745117e-01
8.056297898292541504e-01
8.056297898292541504e-01
8.056297898292541504e-01
8.056297898292541504e-01
8.056297898292541504e-01
8.056297898292541504e-01
8.056297898292541504e-01
8.056297898292541504e-01
4.219371378421783447e-01
8.056297898292541504e-01
8.056297898292541504e-01
8.056098818778991699e-01
8.056297898292541504e-01
8.056297898292541504e-01
8.056297898292541504e-01
8.056297898292541504e-01
8.056297898292541504e-01
8.056297898292541504e-01
8.056085109710693359e-01
8.056297898292541504e-01
8.056297898292541504e-01
5.826405882835388184e-01
8.056297898292541504e-01
8.056297898292541504e-01
8.056297898292541504e-01
4.219371378421783447e-01
7.740842103958129883e-01
8.056297898292541504e-01
8.056297898292541504e-01
8.056297898292541504e-01
8.056297898292541504e-01
8.056297898292541504e-01
8.056297898292541504e-01
8.056297898292541504e-01
4.219371378421783447e-01
8.056297898292541504e-01
8.056297898292541504e-01
8.056297898292541504e-01
8.056297898292541504e-01
8.056297898292541504e-01
8.056297898292541504e-01
8.056297898292541504e-01
8.056297898292541504e-01
8.056297898292541504e-01
7.667342424392700195e-01
7.523215413093566895e-01
8.056297898292541504e-01
8.056297898292541504e-01
8.056297898292541504e-01
4.219371378421783447e-01
8.056297898292541504e-01
4.219371378421783447e-01
8.056297898292541504e-01
8.056297898292541504e-01
8.036710023880004883e-01
4.219371378421783447e-01
4.219371378421783447e-01
4.219371378421783447e-01
4.219371378421783447e-01
4.219371378421783447e-01
7.751535773277282715e-01
8.055743575096130371e-01
4.219371378421783447e-01
4.219371378421783447e-01
5.369449257850646973e-01
8.044459819793701172e-01
8.056290149688720703e-01
5.838503837585449219e-01
4.219371378421783447e-01
4.219371378421783447e-01
4.219371378421783447e-01
8.051780462265014648e-01
8.056297898292541504e-01
8.056297898292541504e-01
4.219371378421783447e-01
4.219371378421783447e-01
4.219371378421783447e-01
4.219371378421783447e-01
4.219371378421783447e-01
4.219371378421783447e-01
8.047221302986145020e-01
4.219371378421783447e-01
5.403149724006652832e-01
4.219371378421783447e-01
4.219371378421783447e-01
4.219371378421783447e-01
4.219371378421783447e-01
4.219371378421783447e-01
4.219371378421783447e-01
4.219371378421783447e-01
4.219371378421783447e-01
5.852247476577758789e-01
7.925566434860229492e-01
4.219371378421783447e-01
7.970779538154602051e-01
4.219371378421783447e-01
8.056293129920959473e-01
5.536441206932067871e-01
5.852247476577758789e-01
4.219371378421783447e-01
8.055937886238098145e-01
5.852247476577758789e-01
4.219371378421783447e-01
4.219371378421783447e-01
8.007067441940307617e-01
4.219371378421783447e-01
4.219371378421783447e-01
4.219371378421783447e-01
4.219371378421783447e-01
4.219371378421783447e-01
4.219371378421783447e-01
4.219371378421783447e-01
4.219371378421783447e-01
4.219371378421783447e-01
4.219371378421783447e-01
8.055123686790466309e-01
4.219371378421783447e-01
4.219371378421783447e-01
4.219371378421783447e-01
8.035961389541625977e-01
4.219371378421783447e-01
4.219371378421783447e-01
8.043426871299743652e-01
4.219371378421783447e-01
4.219371378421783447e-01
6.523877382278442383e-01
4.219371378421783447e-01
4.219371378421783447e-01
5.971590280532836914e-01
5.852247476577758789e-01
4.219371378421783447e-01
4.219371378421783447e-01
4.219371378421783447e-01
4.219371378421783447e-01
4.219371378421783447e-01
4.219371378421783447e-01
4.219371378421783447e-01
4.219371378421783447e-01
4.219371378421783447e-01
4.219371378421783447e-01
4.219371378421783447e-01
4.219371378421783447e-01
4.219371378421783447e-01
4.219371378421783447e-01
4.219371378421783447e-01
4.219371378421783447e-01
4.219371378421783447e-01
4.219371378421783447e-01
4.219371378421783447e-01
4.219371378421783447e-01
4.219371378421783447e-01
4.219371378421783447e-01
4.219371378421783447e-01
4.219371378421783447e-01
4.219371378421783447e-01
4.219371378421783447e-01
4.219371378421783447e-01
4.219371378421783447e-01
4.219371378421783447e-01
4.219371378421783447e-01
4.219371378421783447e-01
4.219371378421783447e-01
4.219371378421783447e-01
4.219371378421783447e-01
4.219371378421783447e-01
4.219371378421783447e-01
4.219371378421783447e-01
4.219371378421783447e-01
4.219371378421783447e-01
4.219371378421783447e-01
4.219371378421783447e-01
4.219371378421783447e-01
4.219371378421783447e-01
4.219371378421783447e-01
4.219371378421783447e-01
4.219371378421783447e-01
4.219371378421783447e-01
4.219371378421783447e-01
4.219371378421783447e-01
4.219371378421783447e-01
4.219371378421783447e-01
4.219371378421783447e-01
4.219371378421783447e-01
4.219371378421783447e-01
4.219371378421783447e-01
4.219371378421783447e-01
4.219371378421783447e-01
4.219371378421783447e-01
4.219371378421783447e-01
4.219371378421783447e-01
4.219371378421783447e-01
4.219371378421783447e-01
4.219371378421783447e-01
4.219371378421783447e-01
4.219371378421783447e-01
4.219371378421783447e-01
4.219371378421783447e-01
4.219371378421783447e-01
4.219371378421783447e-01
4.219371378421783447e-01
4.219371378421783447e-01
4.219371378421783447e-01
4.219371378421783447e-01
4.219371378421783447e-01
4.219371378421783447e-01
4.219371378421783447e-01
4.219371378421783447e-01
4.219371378421783447e-01
4.219371378421783447e-01
4.219371378421783447e-01
4.219371378421783447e-01
4.219371378421783447e-01
4.219371378421783447e-01
4.219371378421783447e-01
4.219371378421783447e-01
4.219371378421783447e-01
4.219371378421783447e-01
4.219371378421783447e-01
4.219371378421783447e-01
4.219371378421783447e-01
4.219371378421783447e-01
4.219371378421783447e-01
4.219371378421783447e-01
4.219371378421783447e-01
4.219371378421783447e-01
4.219371378421783447e-01
4.219371378421783447e-01
4.219371378421783447e-01
4.219371378421783447e-01
4.219371378421783447e-01
4.219371378421783447e-01
4.219371378421783447e-01
4.219371378421783447e-01
4.219371378421783447e-01
4.219371378421783447e-01
4.219371378421783447e-01
4.219371378421783447e-01
4.219371378421783447e-01
4.219371378421783447e-01
4.219371378421783447e-01
4.219371378421783447e-01
4.219371378421783447e-01
4.219371378421783447e-01
4.219371378421783447e-01
4.219371378421783447e-01
4.219371378421783447e-01
4.219371378421783447e-01
4.219371378421783447e-01
4.219371378421783447e-01
4.219371378421783447e-01
4.219371378421783447e-01
4.219371378421783447e-01
4.219371378421783447e-01
4.219371378421783447e-01
4.219371378421783447e-01
4.219371378421783447e-01
4.219371378421783447e-01
4.219371378421783447e-01
4.219371378421783447e-01
4.219371378421783447e-01
4.219371378421783447e-01
4.219371378421783447e-01
4.219371378421783447e-01
4.219371378421783447e-01
4.219371378421783447e-01
4.219371378421783447e-01
4.219371378421783447e-01
4.219371378421783447e-01
4.219371378421783447e-01
4.219371378421783447e-01
4.219371378421783447e-01
4.219371378421783447e-01
4.219371378421783447e-01
4.219371378421783447e-01
4.219371378421783447e-01
4.219371378421783447e-01
4.219371378421783447e-01
4.219371378421783447e-01
4.219371378421783447e-01
4.219371378421783447e-01
4.219371378421783447e-01
4.219371378421783447e-01
4.219371378421783447e-01
4.219371378421783447e-01
4.219371378421783447e-01
4.219371378421783447e-01
4.219371378421783447e-01
4.219371378421783447e-01
4.219371378421783447e-01
4.219371378421783447e-01
4.219371378421783447e-01
4.219371378421783447e-01
4.219371378421783447e-01
4.219371378421783447e-01
4.219371378421783447e-01
4.219371378421783447e-01
4.219371378421783447e-01
4.219371378421783447e-01
4.219371378421783447e-01
4.219371378421783447e-01
4.219371378421783447e-01
4.219371378421783447e-01
4.219371378421783447e-01
4.219371378421783447e-01
4.219371378421783447e-01
4.219371378421783447e-01
4.219371378421783447e-01
4.219371378421783447e-01
4.219371378421783447e-01
4.219371378421783447e-01
4.219371378421783447e-01
4.219371378421783447e-01
4.219371378421783447e-01
4.219371378421783447e-01
4.219371378421783447e-01
4.219371378421783447e-01
4.219371378421783447e-01
4.219371378421783447e-01
4.219371378421783447e-01
4.219371378421783447e-01
4.219371378421783447e-01
4.219371378421783447e-01
4.219371378421783447e-01
4.219371378421783447e-01
4.219371378421783447e-01
4.219371378421783447e-01
4.219371378421783447e-01
4.219371378421783447e-01
4.219371378421783447e-01
4.219371378421783447e-01
4.219371378421783447e-01
4.219371378421783447e-01
4.219371378421783447e-01
4.219371378421783447e-01
4.219371378421783447e-01
4.219371378421783447e-01
4.219371378421783447e-01
4.219371378421783447e-01
4.219371378421783447e-01
4.219371378421783447e-01
4.219371378421783447e-01
5.719470977783203125e-01
4.219371378421783447e-01
4.219371378421783447e-01
4.219371378421783447e-01
4.219371378421783447e-01
4.219371378421783447e-01
4.219371378421783447e-01
4.219371378421783447e-01
4.219371378421783447e-01
4.219371378421783447e-01
4.219371378421783447e-01
4.219371378421783447e-01
4.219371378421783447e-01
4.219371378421783447e-01
4.219371378421783447e-01
4.219371378421783447e-01
4.219371378421783447e-01
4.219371378421783447e-01
4.219371378421783447e-01
4.219371378421783447e-01
4.219371378421783447e-01
5.370218753814697266e-01
4.219371378421783447e-01
4.219371378421783447e-01
4.219371378421783447e-01
4.219371378421783447e-01
4.219371378421783447e-01
7.907614111900329590e-01
4.219371378421783447e-01
4.219371378421783447e-01
4.219371378421783447e-01
4.219371378421783447e-01
4.219371378421783447e-01
4.219371378421783447e-01
4.219371378421783447e-01
4.219371378421783447e-01
4.219371378421783447e-01
4.219371378421783447e-01
4.219371378421783447e-01
4.219371378421783447e-01
4.219371378421783447e-01
4.219371378421783447e-01
4.219371378421783447e-01
4.219371378421783447e-01
4.219371378421783447e-01
4.219371378421783447e-01
4.219371378421783447e-01
4.219371378421783447e-01
4.219371378421783447e-01
4.219371378421783447e-01
4.219371378421783447e-01
4.219371378421783447e-01
4.219371378421783447e-01
4.219371378421783447e-01
4.219371378421783447e-01
4.219371378421783447e-01
4.219371378421783447e-01
4.219371378421783447e-01
7.570015192031860352e-01
4.219371378421783447e-01
4.219371378421783447e-01
4.219371378421783447e-01
4.219371378421783447e-01
4.219371378421783447e-01
4.219371378421783447e-01
4.219371378421783447e-01
4.219371378421783447e-01
4.219371378421783447e-01
4.219371378421783447e-01
4.219371378421783447e-01
4.219371378421783447e-01
4.219371378421783447e-01
4.219371378421783447e-01
4.219371378421783447e-01
4.219371378421783447e-01
4.219371378421783447e-01
4.219371378421783447e-01
4.219371378421783447e-01
4.219371378421783447e-01
4.219371378421783447e-01
4.219371378421783447e-01
4.219371378421783447e-01
4.219371378421783447e-01
4.219371378421783447e-01
4.219371378421783447e-01
4.219371378421783447e-01
4.219371378421783447e-01
4.219371378421783447e-01
4.219371378421783447e-01
4.219371378421783447e-01
4.219371378421783447e-01
4.219371378421783447e-01
4.219371378421783447e-01
4.219371378421783447e-01
4.219371378421783447e-01
4.219371378421783447e-01
4.219371378421783447e-01
4.219371378421783447e-01
4.219371378421783447e-01
4.219371378421783447e-01
4.219371378421783447e-01
4.219371378421783447e-01
4.219371378421783447e-01
4.219371378421783447e-01
4.219371378421783447e-01
4.219371378421783447e-01
4.219371378421783447e-01
4.219371378421783447e-01
4.219371378421783447e-01
4.219371378421783447e-01
4.219371378421783447e-01
4.219371378421783447e-01
4.219371378421783447e-01
4.219371378421783447e-01
4.219371378421783447e-01
4.219371378421783447e-01
4.219371378421783447e-01
4.219371378421783447e-01
4.219371378421783447e-01
4.219371378421783447e-01
4.219371378421783447e-01
4.219371378421783447e-01
4.219371378421783447e-01
4.219371378421783447e-01
4.219371378421783447e-01
4.219371378421783447e-01
4.219371378421783447e-01
4.219371378421783447e-01
4.219371378421783447e-01
4.219371378421783447e-01
4.219371378421783447e-01
4.219371378421783447e-01
4.219371378421783447e-01
4.219371378421783447e-01
4.219371378421783447e-01
4.219371378421783447e-01
4.219371378421783447e-01
4.219371378421783447e-01
4.219371378421783447e-01
4.219371378421783447e-01
4.219371378421783447e-01
4.219371378421783447e-01
4.219371378421783447e-01
4.219371378421783447e-01
4.219371378421783447e-01
4.219371378421783447e-01
4.219371378421783447e-01
4.219371378421783447e-01
7.694126963615417480e-01
4.219371378421783447e-01
7.533761262893676758e-01
6.192378997802734375e-01
4.219371378421783447e-01
4.219371378421783447e-01
4.219371378421783447e-01
7.696443200111389160e-01
5.971261262893676758e-01
4.219371378421783447e-01
4.219371378421783447e-01
4.219371378421783447e-01
4.219371378421783447e-01
7.576992511749267578e-01
4.219371378421783447e-01
4.219371378421783447e-01
4.219371378421783447e-01
4.219371378421783447e-01
5.673598051071166992e-01
4.219371378421783447e-01
5.673598051071166992e-01
4.219371378421783447e-01
4.219371378421783447e-01
4.219371378421783447e-01
4.219371378421783447e-01
4.219371378421783447e-01
4.219371378421783447e-01
4.219371378421783447e-01
5.547564625740051270e-01
4.219371378421783447e-01
4.219371378421783447e-01
4.219371378421783447e-01
4.219371378421783447e-01
5.725288391113281250e-01
4.219371378421783447e-01
4.219371378421783447e-01
4.219371378421783447e-01
4.219371378421783447e-01
4.219371378421783447e-01
4.219371378421783447e-01
5.826405882835388184e-01
4.219371378421783447e-01
4.219371378421783447e-01
4.219371378421783447e-01
4.219371378421783447e-01
4.219371378421783447e-01
4.219371378421783447e-01
4.219371378421783447e-01
5.636776089668273926e-01
4.219371378421783447e-01
4.219371378421783447e-01
4.219371378421783447e-01
4.219371378421783447e-01
5.636776089668273926e-01
4.219371378421783447e-01
4.219371378421783447e-01
4.219371378421783447e-01
4.219371378421783447e-01
5.725288391113281250e-01
8.055557608604431152e-01
4.219371378421783447e-01
5.826405882835388184e-01
4.219371378421783447e-01
4.219371378421783447e-01
4.219371378421783447e-01
7.143039703369140625e-01
