8.815235495567321777e-01
9.258742928504943848e-01
9.575911760330200195e-01
8.245812058448791504e-01
8.850886225700378418e-01
8.955539464950561523e-01
8.545642495155334473e-01
7.463999390602111816e-01
8.331127166748046875e-01
9.597623348236083984e-01
9.404110908508300781e-01
3.044551312923431396e-01
7.552283406257629395e-01
9.700253009796142578e-01
9.671725630760192871e-01
8.905608654022216797e-01
9.033078551292419434e-01
6.782916188240051270e-01
6.893010735511779785e-01
7.644987702369689941e-01
8.382066488265991211e-01
9.843866229057312012e-01
8.761779069900512695e-01
9.221401214599609375e-01
8.323794603347778320e-01
5.522663593292236328e-01
6.166723966598510742e-01
9.667429327964782715e-01
8.677244186401367188e-01
8.656618595123291016e-01
9.449003338813781738e-01
8.020737767219543457e-01
7.274248003959655762e-01
5.395996570587158203e-01
9.686720371246337891e-01
6.604063510894775391e-01
6.864786744117736816e-01
5.675776600837707520e-01
8.010051846504211426e-01
6.821956634521484375e-01
9.089457988739013672e-01
8.373029232025146484e-01
7.086335420608520508e-01
6.434367895126342773e-01
8.976365327835083008e-01
5.057731270790100098e-01
8.507001399993896484e-01
7.892329692840576172e-01
8.673297762870788574e-01
6.239422559738159180e-01
9.384003877639770508e-01
6.973649263381958008e-01
9.489173889160156250e-01
8.687568902969360352e-01
6.585641503334045410e-01
9.587135910987854004e-01
8.758268356323242188e-01
8.795469999313354492e-01
9.809200763702392578e-01
9.924887418746948242e-01
8.077698945999145508e-01
8.975057005882263184e-01
9.511331319808959961e-01
7.972661256790161133e-01
7.169806957244873047e-01
7.650509476661682129e-01
8.997989892959594727e-01
6.378300189971923828e-01
9.231622219085693359e-01
8.601530194282531738e-01
8.446663618087768555e-01
9.486721754074096680e-01
9.149450659751892090e-01
9.781849384307861328e-01
8.233610391616821289e-01
9.088114500045776367e-01
9.549950957298278809e-01
9.684102535247802734e-01
8.874076008796691895e-01
9.786902666091918945e-01
9.361559748649597168e-01
9.657634496688842773e-01
9.823454022407531738e-01
8.681781291961669922e-01
9.802322387695312500e-01
9.685839414596557617e-01
9.058865308761596680e-01
9.790734052658081055e-01
7.743992805480957031e-01
8.195870518684387207e-01
8.040806055068969727e-01
8.558847904205322266e-01
9.761708378791809082e-01
8.608154058456420898e-01
9.847870469093322754e-01
9.841383099555969238e-01
9.166278839111328125e-01
9.633901715278625488e-01
9.657312035560607910e-01
9.558174014091491699e-01
9.755995869636535645e-01
9.842523932456970215e-01
8.511731624603271484e-01
9.883684515953063965e-01
9.743483066558837891e-01
8.944852352142333984e-01
8.605398535728454590e-01
9.001535177230834961e-01
9.672476649284362793e-01
9.276475310325622559e-01
8.580169677734375000e-01
7.960401773452758789e-01
9.723637104034423828e-01
9.259545803070068359e-01
9.171568155288696289e-01
9.682053923606872559e-01
8.961100578308105469e-01
7.492834925651550293e-01
8.490867614746093750e-01
8.635805249214172363e-01
9.836713671684265137e-01
5.607007741928100586e-01
9.789730906486511230e-01
9.846805930137634277e-01
8.765017390251159668e-01
9.834015369415283203e-01
8.281481266021728516e-01
9.362202286720275879e-01
9.794048070907592773e-01
9.777045249938964844e-01
9.869490265846252441e-01
9.605318307876586914e-01
9.127491116523742676e-01
9.394761323928833008e-01
8.625803589820861816e-01
9.269628524780273438e-01
9.794665575027465820e-01
9.842908382415771484e-01
8.037249445915222168e-01
9.477983713150024414e-01
9.500926136970520020e-01
9.242703914642333984e-01
9.543742537498474121e-01
9.893435239791870117e-01
8.295403122901916504e-01
8.943055868148803711e-01
9.725798368453979492e-01
7.620437145233154297e-01
9.669216275215148926e-01
9.827218651771545410e-01
4.648413062095642090e-01
5.042906403541564941e-01
5.507055521011352539e-01
5.961835384368896484e-01
4.703568816184997559e-01
5.166167616844177246e-01
5.555580854415893555e-01
4.294736981391906738e-01
4.815219938755035400e-01
5.402418375015258789e-01
4.730833470821380615e-01
8.647273778915405273e-01
6.952523589134216309e-01
4.978976845741271973e-01
5.512376427650451660e-01
4.956650733947753906e-01
4.380051493644714355e-01
4.927337169647216797e-01
4.923994839191436768e-01
4.984147846698760986e-01
5.909277796745300293e-01
5.318948030471801758e-01
6.702513098716735840e-01
5.825539827346801758e-01
5.123298168182373047e-01
5.274531245231628418e-01
4.841502606868743896e-01
4.105563759803771973e-01
6.267212033271789551e-01
5.260498523712158203e-01
4.788633882999420166e-01
5.073593258857727051e-01
6.272671222686767578e-01
5.619373917579650879e-01
4.585420191287994385e-01
4.406686127185821533e-01
6.939093470573425293e-01
4.263121485710144043e-01
6.247943639755249023e-01
5.621331334114074707e-01
4.826470315456390381e-01
5.355474948883056641e-01
4.651181101799011230e-01
4.523434937000274658e-01
5.091437697410583496e-01
5.022320151329040527e-01
4.697495102882385254e-01
4.820425212383270264e-01
5.275331735610961914e-01
4.798441231250762939e-01
3.556324839591979980e-01
5.725235939025878906e-01
5.324360132217407227e-01
4.927672743797302246e-01
4.026986658573150635e-01
5.384239554405212402e-01
5.786352753639221191e-01
5.020090937614440918e-01
4.443271160125732422e-01
5.714916586875915527e-01
4.907644987106323242e-01
6.603521108627319336e-01
5.569291114807128906e-01
4.523124694824218750e-01
6.604307889938354492e-01
6.019908189773559570e-01
4.876925349235534668e-01
5.693692564964294434e-01
4.731618463993072510e-01
5.879002213478088379e-01
4.813039898872375488e-01
5.333985686302185059e-01
4.743276536464691162e-01
5.666818022727966309e-01
4.640651047229766846e-01
5.409447550773620605e-01
5.145853757858276367e-01
5.356358289718627930e-01
5.409190058708190918e-01
6.791527867317199707e-01
4.675871133804321289e-01
5.317203402519226074e-01
5.054205656051635742e-01
5.440868735313415527e-01
4.648943841457366943e-01
4.052495062351226807e-01
7.469237446784973145e-01
5.114039778709411621e-01
1.866836398839950562e-01
5.241296291351318359e-01
6.610257029533386230e-01
4.759465754032135010e-01
6.638864874839782715e-01
4.765017330646514893e-01
4.144186973571777344e-01
1.467804014682769775e-01
8.255892992019653320e-01
8.315950036048889160e-01
8.504431843757629395e-01
3.691525459289550781e-01
3.927082121372222900e-01
8.156966567039489746e-01
6.304927468299865723e-01
8.457029461860656738e-01
2.779305279254913330e-01
8.753391504287719727e-01
8.483868837356567383e-01
8.954579234123229980e-01
7.823255062103271484e-01
8.532425165176391602e-01
7.681564688682556152e-01
7.151857614517211914e-01
4.926160573959350586e-01
2.729528844356536865e-01
4.299706518650054932e-01
8.629750609397888184e-01
7.843080759048461914e-01
8.051484227180480957e-01
2.190805822610855103e-01
8.383874297142028809e-01
7.633749246597290039e-01
9.251154065132141113e-01
3.976672589778900146e-01
7.999719381332397461e-01
9.120947122573852539e-01
7.077444791793823242e-01
7.528152465820312500e-01
7.307498455047607422e-01
8.627232909202575684e-01
7.794139385223388672e-01
8.475350737571716309e-01
8.684995770454406738e-01
5.254262685775756836e-01
9.043672680854797363e-01
4.894525706768035889e-01
8.463571667671203613e-01
8.360422253608703613e-01
9.636203646659851074e-01
8.273769617080688477e-01
8.215938806533813477e-01
8.621697425842285156e-01
8.724610209465026855e-01
6.362984180450439453e-01
3.759496510028839111e-01
8.713526725769042969e-01
7.634949684143066406e-01
8.161754608154296875e-01
8.134863972663879395e-01
8.394813537597656250e-01
8.103714585304260254e-01
8.239361643791198730e-01
7.077165246009826660e-01
7.135930061340332031e-01
4.622694551944732666e-01
3.819456398487091064e-01
9.240073561668395996e-01
4.856805205345153809e-01
5.178421735763549805e-01
7.834361195564270020e-01
7.164204716682434082e-01
6.655404567718505859e-01
8.680703043937683105e-01
1.553248912096023560e-01
9.201329946517944336e-01
8.267953991889953613e-01
7.082198262214660645e-01
2.910093367099761963e-01
9.128323793411254883e-01
8.938277959823608398e-01
7.507754564285278320e-01
3.790023922920227051e-01
9.735962152481079102e-01
8.867264986038208008e-01
9.920680522918701172e-01
7.299938201904296875e-01
9.474982023239135742e-01
9.722327589988708496e-01
6.256211996078491211e-01
9.798160791397094727e-01
9.500502347946166992e-01
9.462808966636657715e-01
9.467459321022033691e-01
3.636236190795898438e-01
8.880414366722106934e-01
7.689736485481262207e-01
9.801004528999328613e-01
9.879135489463806152e-01
7.212273478507995605e-01
9.889833331108093262e-01
9.608306884765625000e-01
9.667178392410278320e-01
8.741366863250732422e-01
5.507917404174804688e-01
9.746730923652648926e-01
6.268216371536254883e-01
9.060835242271423340e-01
8.580057621002197266e-01
9.930907487869262695e-01
9.735962152481079102e-01
7.730119824409484863e-01
9.675452709197998047e-01
5.774708986282348633e-01
9.962322115898132324e-01
9.084039330482482910e-01
7.047834992408752441e-01
3.416151702404022217e-01
7.683321833610534668e-01
8.119358420372009277e-01
9.766161441802978516e-01
6.709448695182800293e-01
6.007470488548278809e-01
5.269474387168884277e-01
3.821948766708374023e-01
4.407331347465515137e-01
8.436697125434875488e-01
9.523544907569885254e-01
6.660027503967285156e-01
5.887818932533264160e-01
6.772274374961853027e-01
8.024523854255676270e-01
6.431944966316223145e-01
7.233166694641113281e-01
9.389248490333557129e-01
9.487323760986328125e-01
6.063761711120605469e-01
4.997112154960632324e-01
8.116667866706848145e-01
6.967462897300720215e-01
4.927842915058135986e-01
8.077574372291564941e-01
9.682736992835998535e-01
7.382721304893493652e-01
5.565724968910217285e-01
5.467438697814941406e-01
4.729808270931243896e-01
5.298234820365905762e-01
5.787564516067504883e-01
6.905292868614196777e-01
8.165398836135864258e-01
6.827610135078430176e-01
7.328217625617980957e-01
5.141189694404602051e-01
4.977725148200988770e-01
5.828325748443603516e-01
7.975193858146667480e-01
8.156304359436035156e-01
7.469893097877502441e-01
5.110957026481628418e-01
1.832752823829650879e-01
8.887987732887268066e-01
4.738933444023132324e-01
5.394484996795654297e-01
3.571861982345581055e-01
9.662097692489624023e-01
8.169907927513122559e-01
8.408099412918090820e-01
6.405121684074401855e-01
8.315964937210083008e-01
5.718984603881835938e-01
5.794050097465515137e-01
8.150805234909057617e-01
7.834312319755554199e-01
4.118599891662597656e-01
5.303267836570739746e-01
5.947334766387939453e-01
5.574776530265808105e-01
5.018082261085510254e-01
5.842403173446655273e-01
5.664341449737548828e-01
7.870211601257324219e-01
4.946489930152893066e-01
5.342561006546020508e-01
5.874799489974975586e-01
5.759441256523132324e-01
7.132583260536193848e-01
1.542380750179290771e-01
8.261941075325012207e-01
9.103637933731079102e-01
9.855227470397949219e-01
4.825663864612579346e-01
9.035707712173461914e-01
8.739079833030700684e-01
9.696834087371826172e-01
8.713437318801879883e-01
6.250569224357604980e-01
9.632494449615478516e-01
8.421614170074462891e-01
7.331196069717407227e-01
9.159225821495056152e-01
8.579564094543457031e-01
8.796872496604919434e-01
5.504682660102844238e-01
9.280506372451782227e-01
9.041447639465332031e-01
9.635808467864990234e-01
8.994814157485961914e-01
6.697229743003845215e-01
7.878042459487915039e-01
8.990036249160766602e-01
9.430254101753234863e-01
9.623289704322814941e-01
4.203478991985321045e-01
7.964878678321838379e-01
1.545849591493606567e-01
9.087392091751098633e-01
9.931042790412902832e-01
8.019507527351379395e-01
9.334077239036560059e-01
9.471822977066040039e-01
8.663207292556762695e-01
9.032284021377563477e-01
8.378053903579711914e-01
8.618736863136291504e-01
8.348276615142822266e-01
8.396007418632507324e-01
7.393504977226257324e-01
6.568987369537353516e-01
9.323424100875854492e-01
6.306269764900207520e-01
9.860718846321105957e-01
4.596986174583435059e-01
9.935749173164367676e-01
9.318840503692626953e-01
9.115562438964843750e-01
8.423702120780944824e-01
9.910131096839904785e-01
9.716814756393432617e-01
9.738528728485107422e-01
9.279338121414184570e-01
8.941447138786315918e-01
8.747212290763854980e-01
8.476189970970153809e-01
8.860428333282470703e-01
8.681856989860534668e-01
9.545239806175231934e-01
9.730413556098937988e-01
9.530358314514160156e-01
7.605940103530883789e-01
9.528939127922058105e-01
9.521462917327880859e-01
8.066723942756652832e-01
9.198040962219238281e-01
5.152460932731628418e-01
8.396731615066528320e-01
7.148547768592834473e-01
8.863754868507385254e-01
7.683650255203247070e-01
9.487798810005187988e-01
9.641148447990417480e-01
5.912677645683288574e-01
2.765576913952827454e-02
2.269967086613178253e-02
1.519631594419479370e-01
3.910002857446670532e-02
2.050569094717502594e-02
4.605243802070617676e-01
4.901776313781738281e-01
9.044881165027618408e-02
1.152402162551879883e-01
5.334009975194931030e-02
2.397412508726119995e-01
4.740234911441802979e-01
4.420886039733886719e-01
8.274123072624206543e-02
5.738517642021179199e-02
7.128638774156570435e-02
6.218871474266052246e-01
4.690504968166351318e-01
3.096207082271575928e-01
2.924926951527595520e-02
2.751581929624080658e-02
5.909357592463493347e-02
1.761898696422576904e-01
1.872128620743751526e-02
2.557781524956226349e-03
5.250759124755859375e-01
7.527614943683147430e-04
1.806388795375823975e-01
5.655422806739807129e-02
3.823830338660627604e-04
1.200509909540414810e-02
1.159484013915061951e-01
7.958766818046569824e-02
5.225550383329391479e-02
3.310052445158362389e-03
4.035137593746185303e-02
4.219495654106140137e-01
5.393545031547546387e-01
9.545053355395793915e-03
3.578783273696899414e-01
2.076725475490093231e-02
6.296896338462829590e-01
3.018117509782314301e-02
3.034671209752559662e-02
1.404566019773483276e-01
7.051816582679748535e-01
1.717664152383804321e-01
4.213553667068481445e-02
3.556330874562263489e-02
5.432955622673034668e-01
1.153204143047332764e-01
2.049230504781007767e-03
4.431079700589179993e-02
9.252316318452358246e-03
7.562321261502802372e-04
1.699631474912166595e-02
3.476662188768386841e-02
4.363251104950904846e-02
6.205440685153007507e-02
2.846231451258063316e-03
6.291591525077819824e-01
6.057770177721977234e-02
6.991885602474212646e-02
4.802420362830162048e-02
2.892685830593109131e-01
1.375018153339624405e-02
4.830340854823589325e-03
4.427077174186706543e-01
6.697350647300481796e-03
1.014444604516029358e-01
1.409672796726226807e-01
1.599865034222602844e-02
4.862009733915328979e-02
2.738229334354400635e-01
2.101906239986419678e-01
4.323675855994224548e-02
2.072263322770595551e-02
1.653807051479816437e-02
7.089353352785110474e-02
4.617129638791084290e-02
1.194087322801351547e-02
4.617129638791084290e-02
2.291782014071941376e-02
3.202149569988250732e-01
6.211285293102264404e-02
1.930972561240196228e-02
2.902092039585113525e-01
3.978100419044494629e-02
2.571288868784904480e-02
1.038052812218666077e-01
1.974053084850311279e-01
4.712861403822898865e-02
2.291782014071941376e-02
2.252617664635181427e-02
2.758761048316955566e-01
1.504459325224161148e-02
2.199352718889713287e-02
3.739279210567474365e-01
2.291782014071941376e-02
1.504459325224161148e-02
1.884624175727367401e-02
2.203665673732757568e-02
6.488707661628723145e-02
2.911140955984592438e-02
5.550004914402961731e-02
2.475879937410354614e-01
1.224375814199447632e-01
2.269582152366638184e-01
1.653807051479816437e-02
1.757894903421401978e-01
7.265330106019973755e-02
1.938303560018539429e-01
1.938303560018539429e-01
9.105102159082889557e-03
4.045827314257621765e-02
2.072263322770595551e-02
9.105102159082889557e-03
1.974053084850311279e-01
1.619100719690322876e-01
1.504459325224161148e-02
1.930972561240196228e-02
6.760474443435668945e-01
4.155195504426956177e-02
1.586578935384750366e-01
4.924092814326286316e-02
1.884624175727367401e-02
6.111909747123718262e-01
6.957483477890491486e-03
4.617129638791084290e-02
1.757894903421401978e-01
1.757894903421401978e-01
5.206632986664772034e-02
2.988742291927337646e-01
1.930972561240196228e-02
7.485382556915283203e-01
4.080614820122718811e-02
3.714163601398468018e-02
8.574508130550384521e-02
7.030598074197769165e-02
7.318853586912155151e-02
2.203665673732757568e-02
7.628753781318664551e-01
4.895158484578132629e-02
1.194087322801351547e-02
5.715496540069580078e-01
1.400732696056365967e-01
1.769085675477981567e-01
3.937241435050964355e-01
5.898147821426391602e-02
2.136092819273471832e-02
5.075618624687194824e-01
4.684444963932037354e-01
5.552787184715270996e-01
3.448849618434906006e-01
3.686333596706390381e-01
4.606589078903198242e-01
4.224344491958618164e-01
4.235822558403015137e-01
3.324119448661804199e-01
5.194690823554992676e-01
4.112018346786499023e-01
3.742461204528808594e-01
4.910778105258941650e-01
1.829657256603240967e-01
4.502831101417541504e-01
5.006376504898071289e-01
5.409537553787231445e-01
3.824981749057769775e-01
4.579316973686218262e-01
4.535000324249267578e-01
2.154525667428970337e-01
3.478620350360870361e-01
4.777240157127380371e-01
4.057322442531585693e-01
5.374397039413452148e-01
4.300373196601867676e-01
5.258775353431701660e-01
4.344956576824188232e-01
4.827205836772918701e-01
4.525804817676544189e-01
5.257568955421447754e-01
5.031363964080810547e-01
4.892051517963409424e-01
5.032850503921508789e-01
5.045582652091979980e-01
5.017706155776977539e-01
4.498506486415863037e-01
4.822796285152435303e-01
5.642821192741394043e-01
4.454853236675262451e-01
4.266614615917205811e-01
4.577813446521759033e-01
3.962138593196868896e-01
4.641650617122650146e-01
1.834453642368316650e-01
5.443566441535949707e-01
4.930896162986755371e-01
4.257444441318511963e-01
4.488998651504516602e-01
4.019860923290252686e-01
6.409119367599487305e-01
4.636678993701934814e-01
4.065106511116027832e-01
3.676310479640960693e-01
4.524657428264617920e-01
4.418088197708129883e-01
4.718159437179565430e-01
5.046015977859497070e-01
2.875741720199584961e-01
4.905284941196441650e-01
3.126930594444274902e-01
4.500644803047180176e-01
4.767049849033355713e-01
4.385599493980407715e-01
4.110043942928314209e-01
4.267053902149200439e-01
4.884284436702728271e-01
5.383668541908264160e-01
5.904663801193237305e-01
4.776220619678497314e-01
4.286947548389434814e-01
5.316390395164489746e-01
4.308975338935852051e-01
4.705913364887237549e-01
4.516673386096954346e-01
5.132617354393005371e-01
5.865108370780944824e-01
4.807025194168090820e-01
4.724065363407135010e-01
6.749448180198669434e-01
6.129866838455200195e-01
5.286750793457031250e-01
4.353747963905334473e-01
5.095489621162414551e-01
5.135310888290405273e-01
4.206919670104980469e-01
4.835463166236877441e-01
5.881897807121276855e-01
5.196003317832946777e-01
4.962031543254852295e-01
5.681913495063781738e-01
4.736697673797607422e-01
9.663723409175872803e-02
1.162979677319526672e-01
5.173912644386291504e-01
7.798766344785690308e-02
2.204513549804687500e-01
1.918627768754959106e-01
1.940805315971374512e-01
1.351436972618103027e-01
8.700938522815704346e-02
1.810821145772933960e-01
2.912772297859191895e-01
1.332119107246398926e-01
1.026043072342872620e-01
5.532519146800041199e-02
9.180684387683868408e-02
3.315728604793548584e-01
1.620808094739913940e-01
1.173436194658279419e-01
4.780148565769195557e-01
1.221174597740173340e-01
3.136273622512817383e-01
1.423861533403396606e-01
1.499812453985214233e-01
9.807601571083068848e-02
1.024545058608055115e-01
7.311110943555831909e-02
1.367126107215881348e-01
3.460455834865570068e-01
1.753735244274139404e-01
8.746742457151412964e-02
2.706415951251983643e-01
9.743808954954147339e-02
9.281589835882186890e-02
8.544159680604934692e-02
4.818457067012786865e-01
1.445018872618675232e-02
7.623834162950515747e-02
8.166798949241638184e-02
4.835279285907745361e-01
1.335558742284774780e-01
1.007434353232383728e-02
3.718384802341461182e-01
1.323128044605255127e-01
3.357046544551849365e-01
5.134369730949401855e-01
2.339545488357543945e-01
9.176594018936157227e-02
3.354228138923645020e-01
3.842467069625854492e-01
2.501814067363739014e-01
1.104732677340507507e-01
9.990868158638477325e-03
1.818503141403198242e-01
2.520215511322021484e-01
5.479493737220764160e-02
3.301340341567993164e-02
1.189758479595184326e-01
8.477944135665893555e-02
2.490820139646530151e-01
5.915302038192749023e-02
2.267790585756301880e-01
2.372705638408660889e-01
1.097923144698143005e-01
1.321624666452407837e-01
1.087716966867446899e-01
4.752064645290374756e-01
1.890837401151657104e-01
1.698889285326004028e-01
1.570749133825302124e-01
2.182410210371017456e-01
1.813401728868484497e-01
6.899484992027282715e-01
2.190111726522445679e-01
3.057053089141845703e-01
1.031326577067375183e-01
6.043825298547744751e-02
2.089528553187847137e-02
2.908740937709808350e-01
8.967014402151107788e-02
2.521063201129436493e-02
7.678747642785310745e-03
3.411738276481628418e-01
1.999569237232208252e-01
1.883182525634765625e-01
2.130126208066940308e-01
7.116467505693435669e-02
8.684622496366500854e-02
2.141692787408828735e-01
3.668080866336822510e-01
2.755080163478851318e-02
6.539887189865112305e-02
5.006739124655723572e-02
8.350222557783126831e-02
1.193627156317234039e-02
4.321407899260520935e-02
7.145211100578308105e-02
2.524856664240360260e-02
1.017577014863491058e-02
7.242565602064132690e-02
4.089665412902832031e-02
1.484562307596206665e-01
3.658058643341064453e-01
2.351947873830795288e-01
7.640763372182846069e-02
2.295039296150207520e-01
1.863956600427627563e-01
9.168712794780731201e-02
1.533646788448095322e-02
5.204445216804742813e-03
1.686366498470306396e-01
8.982173353433609009e-02
3.133115768432617188e-01
9.076364338397979736e-02
8.074097335338592529e-02
8.268307149410247803e-02
2.070339024066925049e-01
2.843609265983104706e-02
3.645008057355880737e-02
1.546807438135147095e-01
1.474032700061798096e-01
2.392626851797103882e-01
1.233398243784904480e-01
1.311677545309066772e-01
4.142583906650543213e-01
5.373789668083190918e-01
4.997708201408386230e-01
4.618268311023712158e-01
4.082407951354980469e-01
1.063065230846405029e-01
5.772046446800231934e-01
2.979137897491455078e-01
4.668289422988891602e-01
2.220813781023025513e-01
4.194301366806030273e-01
3.811708986759185791e-01
1.939437091350555420e-01
4.584229886531829834e-01
5.051361918449401855e-01
2.120967507362365723e-01
2.384993582963943481e-01
5.675795078277587891e-01
5.596656203269958496e-01
5.938983559608459473e-01
5.912551283836364746e-01
5.757114291191101074e-01
1.697087883949279785e-01
4.254889786243438721e-01
1.032531708478927612e-01
5.547928214073181152e-01
3.658090829849243164e-01
4.939458966255187988e-01
5.249274969100952148e-01
7.934331148862838745e-02
2.692932784557342529e-01
5.111597180366516113e-01
3.292083144187927246e-01
5.306258201599121094e-01
1.260563582181930542e-01
4.616993367671966553e-01
5.288732051849365234e-01
2.314935624599456787e-01
3.013197183609008789e-01
6.021106243133544922e-01
4.417814612388610840e-01
1.971231549978256226e-01
2.177237719297409058e-01
1.853529661893844604e-01
3.944957554340362549e-01
2.376775294542312622e-01
4.941090047359466553e-01
1.120176836848258972e-01
5.372603535652160645e-01
2.767323851585388184e-01
6.242117881774902344e-01
6.214494705200195312e-01
8.194689154624938965e-01
4.469604492187500000e-01
4.556082487106323242e-01
1.607870906591415405e-01
4.296836853027343750e-01
4.474475085735321045e-01
1.879484951496124268e-01
5.203303098678588867e-01
7.459995895624160767e-02
1.925357244908809662e-02
4.518656432628631592e-02
2.668953873217105865e-02
2.260120352730154991e-03
1.989423297345638275e-02
1.027794033288955688e-01
9.340674430131912231e-02
9.448377788066864014e-02
7.075411677360534668e-01
4.937511309981346130e-02
5.430781245231628418e-01
7.552910596132278442e-02
2.445217594504356384e-02
3.434636071324348450e-02
8.740201592445373535e-03
1.716893464326858521e-01
1.129053682088851929e-01
1.121610552072525024e-01
3.021754138171672821e-02
3.439553081989288330e-02
2.754351869225502014e-02
4.782771468162536621e-01
1.746053695678710938e-01
7.559014111757278442e-02
9.603800624608993530e-02
9.006629115901887417e-04
1.303117573261260986e-01
4.383451770991086960e-03
4.205314218997955322e-01
9.283257648348808289e-03
1.337833851575851440e-01
5.588257312774658203e-02
1.015228107571601868e-01
2.217930555343627930e-02
4.789606668055057526e-03
7.416417449712753296e-02
1.619697511196136475e-01
8.853905834257602692e-03
1.339562144130468369e-02
2.229240536689758301e-02
1.078232377767562866e-02
1.502653509378433228e-01
2.950943447649478912e-02
7.276221364736557007e-02
2.568937838077545166e-02
6.083422154188156128e-02
5.289746448397636414e-02
8.298667147755622864e-03
5.866394937038421631e-02
5.531691759824752808e-02
1.309250444173812866e-01
1.002378985285758972e-01
6.825480144470930099e-03
8.177899569272994995e-02
2.560260519385337830e-02
8.041228167712688446e-03
1.490468829870223999e-01
1.280271559953689575e-01
9.475148469209671021e-02
7.294772565364837646e-02
1.665719598531723022e-02
1.898912936449050903e-01
2.688258886337280273e-03
5.052590742707252502e-03
2.240039221942424774e-02
6.239917874336242676e-02
2.377659976482391357e-01
6.650339365005493164e-01
9.624830447137355804e-03
4.066063463687896729e-01
2.113813720643520355e-02
4.855239763855934143e-02
1.366568263620138168e-02
2.682192623615264893e-01
