4.736293256282806396e-01
4.736293256282806396e-01
4.736293256282806396e-01
4.736293256282806396e-01
4.736293256282806396e-01
4.736278355121612549e-01
4.736293256282806396e-01
4.736293256282806396e-01
4.736293256282806396e-01
4.736293256282806396e-01
4.658150374889373779e-01
4.736293256282806396e-01
4.736293256282806396e-01
4.736293256282806396e-01
4.736293256282806396e-01
4.736293256282806396e-01
4.736293256282806396e-01
4.736293256282806396e-01
4.716744720935821533e-01
4.736293256282806396e-01
4.736293256282806396e-01
4.736293256282806396e-01
4.736293256282806396e-01
4.736293256282806396e-01
4.736293256282806396e-01
4.736293256282806396e-01
4.736293256282806396e-01
4.736293256282806396e-01
4.736293256282806396e-01
4.736293256282806396e-01
4.736293256282806396e-01
4.734018146991729736e-01
4.732505381107330322e-01
4.441820085048675537e-01
4.736293256282806396e-01
4.736293256282806396e-01
4.736293256282806396e-01
4.736293256282806396e-01
4.736293256282806396e-01
4.736293256282806396e-01
4.736293256282806396e-01
4.736293256282806396e-01
4.736293256282806396e-01
4.736258983612060547e-01
4.736293256282806396e-01
4.736293256282806396e-01
4.736293256282806396e-01
4.736293256282806396e-01
3.951269984245300293e-01
4.736293256282806396e-01
4.736293256282806396e-01
4.736293256282806396e-01
4.736293256282806396e-01
3.951269984245300293e-01
4.736293256282806396e-01
4.736293256282806396e-01
4.736293256282806396e-01
4.736293256282806396e-01
4.736293256282806396e-01
4.736293256282806396e-01
4.736293256282806396e-01
4.736293256282806396e-01
4.736293256282806396e-01
4.736293256282806396e-01
4.736293256282806396e-01
3.951269984245300293e-01
4.736293256282806396e-01
4.736293256282806396e-01
4.736293256282806396e-01
4.736293256282806396e-01
4.736293256282806396e-01
4.736293256282806396e-01
4.736293256282806396e-01
4.736293256282806396e-01
4.736293256282806396e-01
3.951269984245300293e-01
3.951269984245300293e-01
3.951269984245300293e-01
3.951269984245300293e-01
3.951269984245300293e-01
3.951269984245300293e-01
3.951269984245300293e-01
3.951269984245300293e-01
3.951269984245300293e-01
3.951269984245300293e-01
3.951269984245300293e-01
3.951269984245300293e-01
3.951269984245300293e-01
3.951269984245300293e-01
3.951269984245300293e-01
3.951269984245300293e-01
3.951269984245300293e-01
3.951269984245300293e-01
3.951269984245300293e-01
3.951269984245300293e-01
3.951269984245300293e-01
3.951269984245300293e-01
3.951269984245300293e-01
3.951269984245300293e-01
3.951269984245300293e-01
3.951269984245300293e-01
3.951269984245300293e-01
3.951269984245300293e-01
3.951269984245300293e-01
3.951269984245300293e-01
3.951269984245300293e-01
3.951269984245300293e-01
3.951269984245300293e-01
3.951269984245300293e-01
3.951269984245300293e-01
3.951269984245300293e-01
3.951269984245300293e-01
3.951269984245300293e-01
3.951269984245300293e-01
3.951269984245300293e-01
3.951269984245300293e-01
3.951269984245300293e-01
3.951269984245300293e-01
3.951269984245300293e-01
3.951269984245300293e-01
3.951269984245300293e-01
3.951269984245300293e-01
3.951269984245300293e-01
3.951269984245300293e-01
3.951269984245300293e-01
3.951269984245300293e-01
3.951269984245300293e-01
3.951269984245300293e-01
3.951269984245300293e-01
3.951269984245300293e-01
3.951269984245300293e-01
3.951269984245300293e-01
3.951269984245300293e-01
3.951269984245300293e-01
3.951269984245300293e-01
3.951269984245300293e-01
3.951269984245300293e-01
3.951269984245300293e-01
3.951269984245300293e-01
3.951269984245300293e-01
3.951269984245300293e-01
3.951269984245300293e-01
3.951269984245300293e-01
3.951269984245300293e-01
3.951269984245300293e-01
3.951269984245300293e-01
3.951269984245300293e-01
3.951269984245300293e-01
3.951269984245300293e-01
3.951269984245300293e-01
3.951269984245300293e-01
3.951269984245300293e-01
3.951269984245300293e-01
3.951269984245300293e-01
3.951269984245300293e-01
3.951269984245300293e-01
3.951269984245300293e-01
3.951269984245300293e-01
3.951269984245300293e-01
3.951269984245300293e-01
3.951269984245300293e-01
3.951269984245300293e-01
3.951269984245300293e-01
3.951269984245300293e-01
3.951269984245300293e-01
3.951269984245300293e-01
3.951269984245300293e-01
3.951269984245300293e-01
3.951269984245300293e-01
3.951269984245300293e-01
3.951269984245300293e-01
3.951269984245300293e-01
3.951269984245300293e-01
3.951269984245300293e-01
3.951269984245300293e-01
3.951269984245300293e-01
3.951269984245300293e-01
3.951269984245300293e-01
3.951269984245300293e-01
3.951269984245300293e-01
3.951269984245300293e-01
3.951269984245300293e-01
3.951269984245300293e-01
3.951269984245300293e-01
3.951269984245300293e-01
3.951269984245300293e-01
3.951269984245300293e-01
3.951269984245300293e-01
3.951269984245300293e-01
3.951269984245300293e-01
3.951269984245300293e-01
3.951269984245300293e-01
3.951269984245300293e-01
3.951269984245300293e-01
3.951269984245300293e-01
3.951269984245300293e-01
3.951269984245300293e-01
3.951269984245300293e-01
3.951269984245300293e-01
3.951269984245300293e-01
3.951269984245300293e-01
3.951269984245300293e-01
3.951269984245300293e-01
3.951269984245300293e-01
3.951269984245300293e-01
3.951269984245300293e-01
3.951269984245300293e-01
3.951269984245300293e-01
3.951269984245300293e-01
3.951269984245300293e-01
3.951269984245300293e-01
3.951269984245300293e-01
3.951269984245300293e-01
3.951269984245300293e-01
3.951269984245300293e-01
3.951269984245300293e-01
3.951269984245300293e-01
3.951269984245300293e-01
3.951269984245300293e-01
3.951269984245300293e-01
3.951269984245300293e-01
3.951269984245300293e-01
3.951269984245300293e-01
3.951269984245300293e-01
3.951269984245300293e-01
3.951269984245300293e-01
3.951269984245300293e-01
3.951269984245300293e-01
3.951269984245300293e-01
3.951269984245300293e-01
3.951269984245300293e-01
3.951269984245300293e-01
3.951269984245300293e-01
3.951269984245300293e-01
3.951269984245300293e-01
3.951269984245300293e-01
3.951269984245300293e-01
3.951269984245300293e-01
3.951269984245300293e-01
3.951269984245300293e-01
3.951269984245300293e-01
3.951269984245300293e-01
3.951269984245300293e-01
3.951269984245300293e-01
3.951269984245300293e-01
3.951269984245300293e-01
4.736293256282806396e-01
4.736293256282806396e-01
4.736293256282806396e-01
3.951269984245300293e-01
3.951269984245300293e-01
4.736293256282806396e-01
4.478171765804290771e-01
4.736293256282806396e-01
3.951269984245300293e-01
4.736293256282806396e-01
4.736293256282806396e-01
4.478171765804290771e-01
4.736293256282806396e-01
4.736293256282806396e-01
4.736293256282806396e-01
4.736293256282806396e-01
3.951269984245300293e-01
3.951269984245300293e-01
3.951269984245300293e-01
4.736293256282806396e-01
4.736293256282806396e-01
4.736293256282806396e-01
3.951269984245300293e-01
4.736293256282806396e-01
4.736293256282806396e-01
4.736293256282806396e-01
3.951269984245300293e-01
4.665005803108215332e-01
4.736293256282806396e-01
4.736293256282806396e-01
4.736293256282806396e-01
4.736293256282806396e-01
4.736293256282806396e-01
4.736293256282806396e-01
4.736293256282806396e-01
4.736293256282806396e-01
3.951269984245300293e-01
3.951269984245300293e-01
3.951269984245300293e-01
4.736293256282806396e-01
4.736293256282806396e-01
4.736293256282806396e-01
4.736293256282806396e-01
4.736293256282806396e-01
4.736293256282806396e-01
4.736293256282806396e-01
3.951269984245300293e-01
3.951269984245300293e-01
4.736293256282806396e-01
4.736293256282806396e-01
4.736293256282806396e-01
4.736293256282806396e-01
4.736293256282806396e-01
4.736293256282806396e-01
4.736293256282806396e-01
4.736293256282806396e-01
4.736293256282806396e-01
3.951269984245300293e-01
3.951269984245300293e-01
4.736293256282806396e-01
4.478171765804290771e-01
3.951269984245300293e-01
4.736293256282806396e-01
4.736293256282806396e-01
3.951269984245300293e-01
4.735758304595947266e-01
3.951269984245300293e-01
4.736293256282806396e-01
4.736293256282806396e-01
4.736293256282806396e-01
3.951269984245300293e-01
4.736293256282806396e-01
4.736293256282806396e-01
3.951269984245300293e-01
3.951269984245300293e-01
4.736293256282806396e-01
3.951269984245300293e-01
4.669095873832702637e-01
3.951269984245300293e-01
3.951269984245300293e-01
4.736293256282806396e-01
3.951269984245300293e-01
3.951269984245300293e-01
4.736293256282806396e-01
3.951269984245300293e-01
3.951269984245300293e-01
3.951269984245300293e-01
3.951269984245300293e-01
3.951269984245300293e-01
4.736293256282806396e-01
4.736293256282806396e-01
3.951269984245300293e-01
3.951269984245300293e-01
3.951269984245300293e-01
4.736293256282806396e-01
3.951269984245300293e-01
3.951269984245300293e-01
4.736293256282806396e-01
3.951269984245300293e-01
3.951269984245300293e-01
3.951269984245300293e-01
4.736293256282806396e-01
4.736293256282806396e-01
3.951269984245300293e-01
4.736293256282806396e-01
3.951269984245300293e-01
4.736293256282806396e-01
3.951269984245300293e-01
3.951269984245300293e-01
3.951269984245300293e-01
3.951269984245300293e-01
3.951269984245300293e-01
4.736293256282806396e-01
3.951269984245300293e-01
3.951269984245300293e-01
3.951269984245300293e-01
3.951269984245300293e-01
3.951269984245300293e-01
3.951269984245300293e-01
3.951269984245300293e-01
3.951269984245300293e-01
3.951269984245300293e-01
3.951269984245300293e-01
3.951269984245300293e-01
3.951269984245300293e-01
3.951269984245300293e-01
3.951269984245300293e-01
3.951269984245300293e-01
3.951269984245300293e-01
3.951269984245300293e-01
3.951269984245300293e-01
3.951269984245300293e-01
3.951269984245300293e-01
3.951269984245300293e-01
3.951269984245300293e-01
3.951269984245300293e-01
3.951269984245300293e-01
3.951269984245300293e-01
3.951269984245300293e-01
3.951269984245300293e-01
3.951269984245300293e-01
3.951269984245300293e-01
3.951269984245300293e-01
3.951269984245300293e-01
3.951269984245300293e-01
3.951269984245300293e-01
3.951269984245300293e-01
3.951269984245300293e-01
3.951269984245300293e-01
3.951269984245300293e-01
3.951269984245300293e-01
3.951269984245300293e-01
3.951269984245300293e-01
3.951269984245300293e-01
3.951269984245300293e-01
3.951269984245300293e-01
3.951269984245300293e-01
3.951269984245300293e-01
3.951269984245300293e-01
3.951269984245300293e-01
3.951269984245300293e-01
3.951269984245300293e-01
3.951269984245300293e-01
3.951269984245300293e-01
3.951269984245300293e-01
3.951269984245300293e-01
3.951269984245300293e-01
3.951269984245300293e-01
3.951269984245300293e-01
3.951269984245300293e-01
3.951269984245300293e-01
3.951269984245300293e-01
3.951269984245300293e-01
3.951269984245300293e-01
3.951269984245300293e-01
3.951269984245300293e-01
3.951269984245300293e-01
3.951269984245300293e-01
3.951269984245300293e-01
3.951269984245300293e-01
4.736293256282806396e-01
4.736293256282806396e-01
4.736284613609313965e-01
3.951269984245300293e-01
4.736293256282806396e-01
4.736293256282806396e-01
4.736293256282806396e-01
4.736293256282806396e-01
4.736293256282806396e-01
4.736293256282806396e-01
4.736291468143463135e-01
4.736293256282806396e-01
4.736293256282806396e-01
4.736293256282806396e-01
4.736293256282806396e-01
4.736293256282806396e-01
4.736293256282806396e-01
4.736293256282806396e-01
4.511387646198272705e-01
4.736293256282806396e-01
4.736293256282806396e-01
4.736293256282806396e-01
4.736293256282806396e-01
4.736293256282806396e-01
4.736293256282806396e-01
4.736293256282806396e-01
4.736293256282806396e-01
3.951269984245300293e-01
4.736293256282806396e-01
4.736293256282806396e-01
4.736262261867523193e-01
4.736293256282806396e-01
4.736293256282806396e-01
4.736293256282806396e-01
4.736293256282806396e-01
4.736293256282806396e-01
4.736293256282806396e-01
4.736259877681732178e-01
4.736293256282806396e-01
4.736293256282806396e-01
4.488013982772827148e-01
4.736293256282806396e-01
4.736293256282806396e-01
4.736293256282806396e-01
3.951269984245300293e-01
4.691111445426940918e-01
4.736293256282806396e-01
4.736293256282806396e-01
4.736293256282806396e-01
4.736293256282806396e-01
4.736293256282806396e-01
4.736293256282806396e-01
4.736293256282806396e-01
3.951269984245300293e-01
4.736293256282806396e-01
4.736293256282806396e-01
4.736293256282806396e-01
4.736293256282806396e-01
4.736293256282806396e-01
4.736293256282806396e-01
4.736293256282806396e-01
4.736293256282806396e-01
4.736293256282806396e-01
4.681464731693267822e-01
4.663299024105072021e-01
4.736293256282806396e-01
4.736293256282806396e-01
4.736293256282806396e-01
3.951269984245300293e-01
4.736293256282806396e-01
3.951269984245300293e-01
4.736293256282806396e-01
4.736293256282806396e-01
4.733279645442962646e-01
3.951269984245300293e-01
3.951269984245300293e-01
3.951269984245300293e-01
3.951269984245300293e-01
4.736282527446746826e-01
4.732332229614257812e-01
4.461091160774230957e-01
3.951269984245300293e-01
3.951269984245300293e-01
4.668595492839813232e-01
3.951269984245300293e-01
4.490323066711425781e-01
3.951269984245300293e-01
4.736293256282806396e-01
3.951269984245300293e-01
3.951269984245300293e-01
4.734010696411132812e-01
3.951269984245300293e-01
3.951269984245300293e-01
3.951269984245300293e-01
3.951269984245300293e-01
3.951269984245300293e-01
4.489097297191619873e-01
3.951269984245300293e-01
3.951269984245300293e-01
3.951269984245300293e-01
3.951269984245300293e-01
3.951269984245300293e-01
4.736293256282806396e-01
3.951269984245300293e-01
4.729170203208923340e-01
3.951269984245300293e-01
4.533974826335906982e-01
3.951269984245300293e-01
3.951269984245300293e-01
3.951269984245300293e-01
3.951269984245300293e-01
3.951269984245300293e-01
3.951269984245300293e-01
3.951269984245300293e-01
3.951269984245300293e-01
4.490323066711425781e-01
3.951269984245300293e-01
3.951269984245300293e-01
3.951269984245300293e-01
4.678898453712463379e-01
3.951269984245300293e-01
4.552057981491088867e-01
3.951269984245300293e-01
4.725370407104492188e-01
3.951269984245300293e-01
3.951269984245300293e-01
3.951269984245300293e-01
4.566372931003570557e-01
3.951269984245300293e-01
3.951269984245300293e-01
3.951269984245300293e-01
4.629853367805480957e-01
3.951269984245300293e-01
3.951269984245300293e-01
3.951269984245300293e-01
3.951269984245300293e-01
3.951269984245300293e-01
3.951269984245300293e-01
3.951269984245300293e-01
4.736293256282806396e-01
4.483615458011627197e-01
3.951269984245300293e-01
3.951269984245300293e-01
3.951269984245300293e-01
4.735979735851287842e-01
3.951269984245300293e-01
3.951269984245300293e-01
3.951269984245300293e-01
3.951269984245300293e-01
3.951269984245300293e-01
3.951269984245300293e-01
3.951269984245300293e-01
3.951269984245300293e-01
3.951269984245300293e-01
3.951269984245300293e-01
3.951269984245300293e-01
3.951269984245300293e-01
3.951269984245300293e-01
3.951269984245300293e-01
3.951269984245300293e-01
3.951269984245300293e-01
3.951269984245300293e-01
3.951269984245300293e-01
3.951269984245300293e-01
3.951269984245300293e-01
3.951269984245300293e-01
3.951269984245300293e-01
3.951269984245300293e-01
3.951269984245300293e-01
3.951269984245300293e-01
3.951269984245300293e-01
3.951269984245300293e-01
3.951269984245300293e-01
3.951269984245300293e-01
3.951269984245300293e-01
3.951269984245300293e-01
3.951269984245300293e-01
3.951269984245300293e-01
3.951269984245300293e-01
3.951269984245300293e-01
3.951269984245300293e-01
3.951269984245300293e-01
3.951269984245300293e-01
3.951269984245300293e-01
3.951269984245300293e-01
3.951269984245300293e-01
3.951269984245300293e-01
3.951269984245300293e-01
3.951269984245300293e-01
3.951269984245300293e-01
3.951269984245300293e-01
3.951269984245300293e-01
3.951269984245300293e-01
3.951269984245300293e-01
3.951269984245300293e-01
3.951269984245300293e-01
3.951269984245300293e-01
3.951269984245300293e-01
3.951269984245300293e-01
3.951269984245300293e-01
3.951269984245300293e-01
3.951269984245300293e-01
3.951269984245300293e-01
3.951269984245300293e-01
3.951269984245300293e-01
3.951269984245300293e-01
3.951269984245300293e-01
3.951269984245300293e-01
3.951269984245300293e-01
3.951269984245300293e-01
3.951269984245300293e-01
3.951269984245300293e-01
3.951269984245300293e-01
3.951269984245300293e-01
3.951269984245300293e-01
3.951269984245300293e-01
3.951269984245300293e-01
3.951269984245300293e-01
3.951269984245300293e-01
3.951269984245300293e-01
3.951269984245300293e-01
3.951269984245300293e-01
3.951269984245300293e-01
3.951269984245300293e-01
3.951269984245300293e-01
3.951269984245300293e-01
3.951269984245300293e-01
3.951269984245300293e-01
3.951269984245300293e-01
3.951269984245300293e-01
3.951269984245300293e-01
3.951269984245300293e-01
3.951269984245300293e-01
3.951269984245300293e-01
3.951269984245300293e-01
3.951269984245300293e-01
3.951269984245300293e-01
3.951269984245300293e-01
3.951269984245300293e-01
3.951269984245300293e-01
3.951269984245300293e-01
3.951269984245300293e-01
3.951269984245300293e-01
3.951269984245300293e-01
3.951269984245300293e-01
3.951269984245300293e-01
3.951269984245300293e-01
3.951269984245300293e-01
3.951269984245300293e-01
3.951269984245300293e-01
3.951269984245300293e-01
3.951269984245300293e-01
3.951269984245300293e-01
3.951269984245300293e-01
3.951269984245300293e-01
3.951269984245300293e-01
3.951269984245300293e-01
3.951269984245300293e-01
3.951269984245300293e-01
3.951269984245300293e-01
3.951269984245300293e-01
3.951269984245300293e-01
3.951269984245300293e-01
3.951269984245300293e-01
3.951269984245300293e-01
3.951269984245300293e-01
3.951269984245300293e-01
3.951269984245300293e-01
3.951269984245300293e-01
3.951269984245300293e-01
3.951269984245300293e-01
3.951269984245300293e-01
3.951269984245300293e-01
3.951269984245300293e-01
3.951269984245300293e-01
3.951269984245300293e-01
3.951269984245300293e-01
3.951269984245300293e-01
3.951269984245300293e-01
3.951269984245300293e-01
3.951269984245300293e-01
3.951269984245300293e-01
3.951269984245300293e-01
3.951269984245300293e-01
3.951269984245300293e-01
3.951269984245300293e-01
3.951269984245300293e-01
3.951269984245300293e-01
3.951269984245300293e-01
3.951269984245300293e-01
3.951269984245300293e-01
3.951269984245300293e-01
3.951269984245300293e-01
3.951269984245300293e-01
3.951269984245300293e-01
3.951269984245300293e-01
3.951269984245300293e-01
3.951269984245300293e-01
3.951269984245300293e-01
3.951269984245300293e-01
3.951269984245300293e-01
3.951269984245300293e-01
3.951269984245300293e-01
3.951269984245300293e-01
3.951269984245300293e-01
3.951269984245300293e-01
3.951269984245300293e-01
3.951269984245300293e-01
3.951269984245300293e-01
3.951269984245300293e-01
3.951269984245300293e-01
3.951269984245300293e-01
3.951269984245300293e-01
3.951269984245300293e-01
3.951269984245300293e-01
3.951269984245300293e-01
3.951269984245300293e-01
3.951269984245300293e-01
3.951269984245300293e-01
3.951269984245300293e-01
3.951269984245300293e-01
3.951269984245300293e-01
3.951269984245300293e-01
3.951269984245300293e-01
3.951269984245300293e-01
3.951269984245300293e-01
3.951269984245300293e-01
3.951269984245300293e-01
3.951269984245300293e-01
3.951269984245300293e-01
3.951269984245300293e-01
3.951269984245300293e-01
3.951269984245300293e-01
3.951269984245300293e-01
3.951269984245300293e-01
3.951269984245300293e-01
3.951269984245300293e-01
3.951269984245300293e-01
3.951269984245300293e-01
3.951269984245300293e-01
4.714148640632629395e-01
3.951269984245300293e-01
3.951269984245300293e-01
3.951269984245300293e-01
3.951269984245300293e-01
3.951269984245300293e-01
3.951269984245300293e-01
3.951269984245300293e-01
3.951269984245300293e-01
3.951269984245300293e-01
3.951269984245300293e-01
3.951269984245300293e-01
3.951269984245300293e-01
3.951269984245300293e-01
3.951269984245300293e-01
3.951269984245300293e-01
3.951269984245300293e-01
3.951269984245300293e-01
3.951269984245300293e-01
3.951269984245300293e-01
3.951269984245300293e-01
3.951269984245300293e-01
4.478171765804290771e-01
3.951269984245300293e-01
3.951269984245300293e-01
3.951269984245300293e-01
3.951269984245300293e-01
3.951269984245300293e-01
3.951269984245300293e-01
3.951269984245300293e-01
3.951269984245300293e-01
3.951269984245300293e-01
3.951269984245300293e-01
3.951269984245300293e-01
3.951269984245300293e-01
4.653187394142150879e-01
3.951269984245300293e-01
3.951269984245300293e-01
3.951269984245300293e-01
3.951269984245300293e-01
4.444585144519805908e-01
3.951269984245300293e-01
3.951269984245300293e-01
3.951269984245300293e-01
3.951269984245300293e-01
3.951269984245300293e-01
3.951269984245300293e-01
3.951269984245300293e-01
3.951269984245300293e-01
3.951269984245300293e-01
3.951269984245300293e-01
3.951269984245300293e-01
3.951269984245300293e-01
3.951269984245300293e-01
3.951269984245300293e-01
3.951269984245300293e-01
3.951269984245300293e-01
3.951269984245300293e-01
3.951269984245300293e-01
4.669095873832702637e-01
3.951269984245300293e-01
3.951269984245300293e-01
3.951269984245300293e-01
3.951269984245300293e-01
3.951269984245300293e-01
3.951269984245300293e-01
3.951269984245300293e-01
3.951269984245300293e-01
3.951269984245300293e-01
3.951269984245300293e-01
3.951269984245300293e-01
3.951269984245300293e-01
3.951269984245300293e-01
3.951269984245300293e-01
3.951269984245300293e-01
3.951269984245300293e-01
3.951269984245300293e-01
3.951269984245300293e-01
3.951269984245300293e-01
3.951269984245300293e-01
3.951269984245300293e-01
3.951269984245300293e-01
3.951269984245300293e-01
3.951269984245300293e-01
3.951269984245300293e-01
3.951269984245300293e-01
3.951269984245300293e-01
3.951269984245300293e-01
3.951269984245300293e-01
3.951269984245300293e-01
3.951269984245300293e-01
3.951269984245300293e-01
3.951269984245300293e-01
3.951269984245300293e-01
3.951269984245300293e-01
3.951269984245300293e-01
3.951269984245300293e-01
3.951269984245300293e-01
3.951269984245300293e-01
3.951269984245300293e-01
3.951269984245300293e-01
3.951269984245300293e-01
3.951269984245300293e-01
3.951269984245300293e-01
3.951269984245300293e-01
3.951269984245300293e-01
3.951269984245300293e-01
3.951269984245300293e-01
3.951269984245300293e-01
3.951269984245300293e-01
3.951269984245300293e-01
3.951269984245300293e-01
3.951269984245300293e-01
3.951269984245300293e-01
3.951269984245300293e-01
3.951269984245300293e-01
3.951269984245300293e-01
3.951269984245300293e-01
3.951269984245300293e-01
3.951269984245300293e-01
3.951269984245300293e-01
3.951269984245300293e-01
3.951269984245300293e-01
3.951269984245300293e-01
3.951269984245300293e-01
3.951269984245300293e-01
3.951269984245300293e-01
3.951269984245300293e-01
3.951269984245300293e-01
3.951269984245300293e-01
3.951269984245300293e-01
3.951269984245300293e-01
3.951269984245300293e-01
3.951269984245300293e-01
3.951269984245300293e-01
3.951269984245300293e-01
3.951269984245300293e-01
3.951269984245300293e-01
3.951269984245300293e-01
3.951269984245300293e-01
3.951269984245300293e-01
3.951269984245300293e-01
3.951269984245300293e-01
3.951269984245300293e-01
3.951269984245300293e-01
3.951269984245300293e-01
3.951269984245300293e-01
3.951269984245300293e-01
3.951269984245300293e-01
3.951269984245300293e-01
3.951269984245300293e-01
3.951269984245300293e-01
3.951269984245300293e-01
3.951269984245300293e-01
3.951269984245300293e-01
3.951269984245300293e-01
3.951269984245300293e-01
3.951269984245300293e-01
3.951269984245300293e-01
3.951269984245300293e-01
3.951269984245300293e-01
3.951269984245300293e-01
4.473884105682373047e-01
3.951269984245300293e-01
3.951269984245300293e-01
4.488013982772827148e-01
4.488013982772827148e-01
3.951269984245300293e-01
3.951269984245300293e-01
3.951269984245300293e-01
3.951269984245300293e-01
3.951269984245300293e-01
4.681596457958221436e-01
3.951269984245300293e-01
4.652712643146514893e-01
4.736293256282806396e-01
4.488013982772827148e-01
3.951269984245300293e-01
3.951269984245300293e-01
3.951269984245300293e-01
3.951269984245300293e-01
3.951269984245300293e-01
4.488013982772827148e-01
4.488013982772827148e-01
3.951269984245300293e-01
3.951269984245300293e-01
4.675956368446350098e-01
3.951269984245300293e-01
3.951269984245300293e-01
3.951269984245300293e-01
3.951269984245300293e-01
3.951269984245300293e-01
3.951269984245300293e-01
3.951269984245300293e-01
3.951269984245300293e-01
3.951269984245300293e-01
3.951269984245300293e-01
3.951269984245300293e-01
3.951269984245300293e-01
3.951269984245300293e-01
3.951269984245300293e-01
4.470476210117340088e-01
4.488013982772827148e-01
3.951269984245300293e-01
3.951269984245300293e-01
3.951269984245300293e-01
4.470476210117340088e-01
3.951269984245300293e-01
3.951269984245300293e-01
3.951269984245300293e-01
3.951269984245300293e-01
3.951269984245300293e-01
3.951269984245300293e-01
3.951269984245300293e-01
3.951269984245300293e-01
4.512681961059570312e-01
3.951269984245300293e-01
3.951269984245300293e-01
4.670211672782897949e-01
3.951269984245300293e-01
3.951269984245300293e-01
3.951269984245300293e-01
3.951269984245300293e-01
3.951269984245300293e-01
