5.098628997802734375e-01
5.070559978485107422e-01
5.034390687942504883e-01
5.050516724586486816e-01
5.050516724586486816e-01
5.090235471725463867e-01
5.050516724586486816e-01
5.050516724586486816e-01
5.050516724586486816e-01
5.039656758308410645e-01
4.907953739166259766e-01
5.050516724586486816e-01
5.170614123344421387e-01
5.120592713356018066e-01
5.050516724586486816e-01
5.050516724586486816e-01
5.110418200492858887e-01
5.151450037956237793e-01
5.022293925285339355e-01
5.146899223327636719e-01
5.050516724586486816e-01
5.087693929672241211e-01
5.050516724586486816e-01
5.027863979339599609e-01
5.050516724586486816e-01
5.081607699394226074e-01
5.111905336380004883e-01
5.056405067443847656e-01
5.155037045478820801e-01
5.050516724586486816e-01
5.093840360641479492e-01
5.047230124473571777e-01
5.197331905364990234e-01
4.692901968955993652e-01
5.138012170791625977e-01
5.035681128501892090e-01
5.030472278594970703e-01
5.168598294258117676e-01
5.050516724586486816e-01
5.023626685142517090e-01
5.050516724586486816e-01
5.050516724586486816e-01
5.122261047363281250e-01
5.050467252731323242e-01
5.050516724586486816e-01
5.050516724586486816e-01
5.050516724586486816e-01
5.050516724586486816e-01
4.140919148921966553e-01
5.050516724586486816e-01
5.024884343147277832e-01
5.050516724586486816e-01
5.050516724586486816e-01
4.251701235771179199e-01
5.050516724586486816e-01
5.050516724586486816e-01
5.120695233345031738e-01
5.050516724586486816e-01
5.050516724586486816e-01
5.049353837966918945e-01
5.050376057624816895e-01
4.859635829925537109e-01
5.087875723838806152e-01
5.050516724586486816e-01
5.087410807609558105e-01
4.021191298961639404e-01
5.050516724586486816e-01
5.144806504249572754e-01
5.050516724586486816e-01
5.050516724586486816e-01
5.154231786727905273e-01
5.153258442878723145e-01
5.050516724586486816e-01
5.050516724586486816e-01
5.094109773635864258e-01
4.021191298961639404e-01
4.021191298961639404e-01
4.021191298961639404e-01
4.089520275592803955e-01
4.021191298961639404e-01
4.021191298961639404e-01
4.233855307102203369e-01
4.021191298961639404e-01
4.021191298961639404e-01
4.021191298961639404e-01
4.021191298961639404e-01
4.301868379116058350e-01
4.021191298961639404e-01
4.249874949455261230e-01
4.021191298961639404e-01
4.203724563121795654e-01
4.040809869766235352e-01
4.021191298961639404e-01
4.122842252254486084e-01
4.149598777294158936e-01
4.186342358589172363e-01
4.166111648082733154e-01
4.283675253391265869e-01
4.021191298961639404e-01
4.021191298961639404e-01
4.021191298961639404e-01
4.220762252807617188e-01
4.021191298961639404e-01
4.021191298961639404e-01
4.199684560298919678e-01
4.156728088855743408e-01
4.254828095436096191e-01
4.021191298961639404e-01
4.021191298961639404e-01
4.021191298961639404e-01
4.329415559768676758e-01
4.021191298961639404e-01
4.021191298961639404e-01
4.021191298961639404e-01
4.218092858791351318e-01
4.021191298961639404e-01
4.021191298961639404e-01
4.220681190490722656e-01
4.218003153800964355e-01
4.234237968921661377e-01
4.199742674827575684e-01
4.231486022472381592e-01
4.293430745601654053e-01
4.021191298961639404e-01
4.199877381324768066e-01
4.021191298961639404e-01
4.087831974029541016e-01
4.021191298961639404e-01
4.183288514614105225e-01
4.102683961391448975e-01
4.297149777412414551e-01
4.185030758380889893e-01
4.150413274765014648e-01
4.021191298961639404e-01
4.190010130405426025e-01
4.021191298961639404e-01
4.350603222846984863e-01
3.978549540042877197e-01
4.097200632095336914e-01
4.212090075016021729e-01
4.021191298961639404e-01
4.264642596244812012e-01
4.074953496456146240e-01
4.021191298961639404e-01
4.243628084659576416e-01
4.021191298961639404e-01
4.021191298961639404e-01
4.021191298961639404e-01
4.271536469459533691e-01
4.240691959857940674e-01
4.359543919563293457e-01
4.021191298961639404e-01
4.308181703090667725e-01
4.021191298961639404e-01
4.246199429035186768e-01
4.143161773681640625e-01
4.156098365783691406e-01
4.214743077754974365e-01
4.325159192085266113e-01
4.021191298961639404e-01
4.021191298961639404e-01
4.021191298961639404e-01
4.021191298961639404e-01
4.187608361244201660e-01
4.290887713432312012e-01
4.247604608535766602e-01
4.021191298961639404e-01
4.021191298961639404e-01
4.303753972053527832e-01
4.021191298961639404e-01
4.021191298961639404e-01
4.261298775672912598e-01
4.021191298961639404e-01
4.215827584266662598e-01
4.261974692344665527e-01
4.021191298961639404e-01
4.244681596755981445e-01
4.021191298961639404e-01
4.021191298961639404e-01
4.212504625320434570e-01
4.021191298961639404e-01
4.021191298961639404e-01
4.235816299915313721e-01
4.021191298961639404e-01
4.247746169567108154e-01
4.246756434440612793e-01
4.021191298961639404e-01
4.021191298961639404e-01
4.113142788410186768e-01
4.270870983600616455e-01
4.021191298961639404e-01
4.021191298961639404e-01
4.308989346027374268e-01
4.304440915584564209e-01
4.021191298961639404e-01
4.364058971405029297e-01
4.021191298961639404e-01
4.021191298961639404e-01
4.021191298961639404e-01
4.097069799900054932e-01
4.021191298961639404e-01
4.368951916694641113e-01
4.021191298961639404e-01
4.342550039291381836e-01
4.226157367229461670e-01
4.021191298961639404e-01
4.021191298961639404e-01
4.021191298961639404e-01
4.361436069011688232e-01
4.021191298961639404e-01
4.021191298961639404e-01
4.021191298961639404e-01
4.021191298961639404e-01
4.296253323554992676e-01
4.293583631515502930e-01
4.307668507099151611e-01
4.281237423419952393e-01
4.021191298961639404e-01
4.307624995708465576e-01
4.202169179916381836e-01
4.265166223049163818e-01
4.264761209487915039e-01
4.007464647293090820e-01
4.021191298961639404e-01
4.300800561904907227e-01
4.021191298961639404e-01
4.021191298961639404e-01
4.021191298961639404e-01
4.445782303810119629e-01
4.265404939651489258e-01
4.021191298961639404e-01
4.021191298961639404e-01
4.021191298961639404e-01
4.212258458137512207e-01
4.307481348514556885e-01
4.108272194862365723e-01
4.021191298961639404e-01
4.211870729923248291e-01
4.103971421718597412e-01
4.281974434852600098e-01
4.021191298961639404e-01
4.226647019386291504e-01
4.021191298961639404e-01
4.149536192417144775e-01
4.021191298961639404e-01
4.021191298961639404e-01
5.050516724586486816e-01
5.045894980430603027e-01
5.050516724586486816e-01
4.021191298961639404e-01
4.021191298961639404e-01
5.050516724586486816e-01
4.663071334362030029e-01
5.154492259025573730e-01
4.021191298961639404e-01
5.069447755813598633e-01
5.072056055068969727e-01
4.671293497085571289e-01
5.207328200340270996e-01
5.050516724586486816e-01
5.168091654777526855e-01
5.050516724586486816e-01
4.021191298961639404e-01
4.021191298961639404e-01
4.131577610969543457e-01
5.050516724586486816e-01
5.138686299324035645e-01
5.062585473060607910e-01
4.021191298961639404e-01
5.115252733230590820e-01
5.050516724586486816e-01
5.054579973220825195e-01
4.288838505744934082e-01
4.939529299736022949e-01
5.173465609550476074e-01
5.050516724586486816e-01
5.050516724586486816e-01
5.050516724586486816e-01
5.050516724586486816e-01
5.050516724586486816e-01
5.056607723236083984e-01
5.050516724586486816e-01
4.021191298961639404e-01
4.021191298961639404e-01
4.390954673290252686e-01
5.123295783996582031e-01
5.050516724586486816e-01
5.054579973220825195e-01
5.202205181121826172e-01
5.050516724586486816e-01
5.050516724586486816e-01
5.050516724586486816e-01
4.021191298961639404e-01
4.348484277725219727e-01
5.074423551559448242e-01
5.050516724586486816e-01
5.048813819885253906e-01
5.050516724586486816e-01
5.050516724586486816e-01
5.090740323066711426e-01
5.050516724586486816e-01
5.224794745445251465e-01
5.050516724586486816e-01
4.021191298961639404e-01
4.246810674667358398e-01
5.080172419548034668e-01
4.663071334362030029e-01
4.205844104290008545e-01
5.130769610404968262e-01
5.050516724586486816e-01
4.021191298961639404e-01
5.049742460250854492e-01
4.171538949012756348e-01
5.097457170486450195e-01
5.050516724586486816e-01
5.050516724586486816e-01
4.331973195075988770e-01
5.050516724586486816e-01
5.173100829124450684e-01
4.179137051105499268e-01
4.021191298961639404e-01
5.050516724586486816e-01
4.294355511665344238e-01
4.952099025249481201e-01
4.021191298961639404e-01
4.021191298961639404e-01
5.050516724586486816e-01
4.021191298961639404e-01
4.021191298961639404e-01
5.060196518898010254e-01
4.049813151359558105e-01
4.121604561805725098e-01
4.021191298961639404e-01
4.021191298961639404e-01
4.021191298961639404e-01
5.050516724586486816e-01
5.050516724586486816e-01
4.021191298961639404e-01
4.021191298961639404e-01
4.021191298961639404e-01
5.223032832145690918e-01
4.182119667530059814e-01
4.021191298961639404e-01
5.083355307579040527e-01
4.021191298961639404e-01
4.021191298961639404e-01
4.021191298961639404e-01
5.050516724586486816e-01
5.050516724586486816e-01
4.009698927402496338e-01
5.053142905235290527e-01
4.021191298961639404e-01
5.050516724586486816e-01
4.021191298961639404e-01
4.021191298961639404e-01
4.101137518882751465e-01
4.021191298961639404e-01
4.021191298961639404e-01
5.155271887779235840e-01
4.021191298961639404e-01
4.243730008602142334e-01
4.021191298961639404e-01
4.021191298961639404e-01
4.257132112979888916e-01
4.021191298961639404e-01
4.021191298961639404e-01
4.021191298961639404e-01
4.286432266235351562e-01
4.021191298961639404e-01
4.021191298961639404e-01
4.269155859947204590e-01
4.240202605724334717e-01
4.021191298961639404e-01
4.021191298961639404e-01
4.021191298961639404e-01
4.021191298961639404e-01
4.197047650814056396e-01
4.157251119613647461e-01
4.021191298961639404e-01
4.021191298961639404e-01
4.021191298961639404e-01
4.021191298961639404e-01
4.021191298961639404e-01
4.021191298961639404e-01
4.179196953773498535e-01
4.021191298961639404e-01
4.021191298961639404e-01
4.021191298961639404e-01
4.021191298961639404e-01
4.021191298961639404e-01
4.021191298961639404e-01
4.021191298961639404e-01
4.021191298961639404e-01
4.021191298961639404e-01
4.021191298961639404e-01
4.021191298961639404e-01
4.021191298961639404e-01
4.243284761905670166e-01
4.021191298961639404e-01
4.021191298961639404e-01
4.021191298961639404e-01
4.202871918678283691e-01
4.252613186836242676e-01
4.021191298961639404e-01
4.021191298961639404e-01
4.224481284618377686e-01
4.021191298961639404e-01
4.021191298961639404e-01
4.021191298961639404e-01
4.228018224239349365e-01
4.021191298961639404e-01
4.021191298961639404e-01
4.021191298961639404e-01
4.021191298961639404e-01
4.021191298961639404e-01
4.021191298961639404e-01
4.021191298961639404e-01
4.021191298961639404e-01
4.199571907520294189e-01
4.021191298961639404e-01
4.021191298961639404e-01
4.021191298961639404e-01
4.021191298961639404e-01
4.021191298961639404e-01
4.021191298961639404e-01
4.021191298961639404e-01
5.050516724586486816e-01
5.086886286735534668e-01
5.060799717903137207e-01
4.297379553318023682e-01
5.094232559204101562e-01
5.107895135879516602e-01
5.084732770919799805e-01
5.050516724586486816e-01
5.050516724586486816e-01
5.050516724586486816e-01
5.045743584632873535e-01
5.064749717712402344e-01
5.091718435287475586e-01
5.050516724586486816e-01
5.050516724586486816e-01
5.005645155906677246e-01
5.050516724586486816e-01
5.050516724586486816e-01
4.714653789997100830e-01
5.086212158203125000e-01
5.176135301589965820e-01
5.000385046005249023e-01
5.071249604225158691e-01
5.050516724586486816e-01
5.050516724586486816e-01
5.050516724586486816e-01
5.082388520240783691e-01
4.021191298961639404e-01
5.050516724586486816e-01
5.093090534210205078e-01
5.120308995246887207e-01
5.050516724586486816e-01
5.050516724586486816e-01
5.125908851623535156e-01
5.050516724586486816e-01
5.124483108520507812e-01
5.050516724586486816e-01
5.050469040870666504e-01
5.050516724586486816e-01
5.050516724586486816e-01
4.716154038906097412e-01
5.050516724586486816e-01
5.050516724586486816e-01
5.226433873176574707e-01
4.227025508880615234e-01
4.984757900238037109e-01
5.050516724586486816e-01
5.050516724586486816e-01
5.015217065811157227e-01
5.050516724586486816e-01
5.065563917160034180e-01
5.156487226486206055e-01
5.050516724586486816e-01
4.021191298961639404e-01
5.050516724586486816e-01
5.050516724586486816e-01
5.206587910652160645e-01
5.050516724586486816e-01
5.050516724586486816e-01
5.050516724586486816e-01
5.097499489784240723e-01
5.050516724586486816e-01
5.045364499092102051e-01
5.017932653427124023e-01
5.103462934494018555e-01
5.050516724586486816e-01
4.967257976531982422e-01
5.144411921501159668e-01
4.260611832141876221e-01
5.050516724586486816e-01
3.954784870147705078e-01
5.050516724586486816e-01
5.050516724586486816e-01
5.046165585517883301e-01
5.070559382438659668e-01
3.958989679813385010e-01
4.021191298961639404e-01
4.021191298961639404e-01
3.993132114410400391e-01
4.021191298961639404e-01
4.021191298961639404e-01
3.933710753917694092e-01
4.951659440994262695e-01
4.008763134479522705e-01
4.021191298961639404e-01
4.021191298961639404e-01
4.021191298961639404e-01
4.021191298961639404e-01
4.021191298961639404e-01
4.021191298961639404e-01
4.054152667522430420e-01
4.021191298961639404e-01
4.021191298961639404e-01
4.021191298961639404e-01
4.021191298961639404e-01
3.937848508358001709e-01
4.021191298961639404e-01
4.021191298961639404e-01
4.010345935821533203e-01
4.021191298961639404e-01
4.003694653511047363e-01
4.936731755733489990e-01
4.021191298961639404e-01
5.050041079521179199e-01
5.023626685142517090e-01
4.021191298961639404e-01
4.021191298961639404e-01
4.039031565189361572e-01
4.021191298961639404e-01
5.025799274444580078e-01
4.108270108699798584e-01
4.021191298961639404e-01
4.021191298961639404e-01
3.989370465278625488e-01
4.021191298961639404e-01
4.021191298961639404e-01
4.021191298961639404e-01
4.021191298961639404e-01
4.912232756614685059e-01
4.021191298961639404e-01
4.021191298961639404e-01
3.931365609169006348e-01
4.770349562168121338e-01
4.021191298961639404e-01
4.021191298961639404e-01
4.021191298961639404e-01
4.030261039733886719e-01
3.977895975112915039e-01
4.021191298961639404e-01
5.025799274444580078e-01
4.021191298961639404e-01
3.994812667369842529e-01
5.025799274444580078e-01
4.021191298961639404e-01
4.005041718482971191e-01
4.021191298961639404e-01
4.021191298961639404e-01
4.021191298961639404e-01
4.089520275592803955e-01
4.021191298961639404e-01
4.021191298961639404e-01
4.021191298961639404e-01
4.021191298961639404e-01
4.021191298961639404e-01
4.021191298961639404e-01
4.021191298961639404e-01
4.021191298961639404e-01
4.040809869766235352e-01
4.021191298961639404e-01
4.021191298961639404e-01
4.021191298961639404e-01
4.021191298961639404e-01
4.021191298961639404e-01
4.021191298961639404e-01
4.021191298961639404e-01
4.021191298961639404e-01
4.021191298961639404e-01
4.021191298961639404e-01
4.021191298961639404e-01
4.021191298961639404e-01
4.021191298961639404e-01
4.021191298961639404e-01
4.021191298961639404e-01
4.021191298961639404e-01
4.021191298961639404e-01
4.021191298961639404e-01
4.021191298961639404e-01
4.021191298961639404e-01
4.038013517856597900e-01
4.021191298961639404e-01
4.021191298961639404e-01
4.021191298961639404e-01
4.021191298961639404e-01
4.087831974029541016e-01
4.021191298961639404e-01
4.021191298961639404e-01
4.102683961391448975e-01
4.021191298961639404e-01
4.019275903701782227e-01
4.021191298961639404e-01
4.060247242450714111e-01
4.021191298961639404e-01
4.021191298961639404e-01
3.978549540042877197e-01
4.097200632095336914e-01
3.945015370845794678e-01
4.021191298961639404e-01
4.074953496456146240e-01
4.021191298961639404e-01
4.021191298961639404e-01
4.021191298961639404e-01
4.021191298961639404e-01
4.021191298961639404e-01
4.021191298961639404e-01
4.021191298961639404e-01
4.021191298961639404e-01
4.021191298961639404e-01
4.021191298961639404e-01
4.021191298961639404e-01
4.021191298961639404e-01
4.021191298961639404e-01
4.021191298961639404e-01
4.021191298961639404e-01
4.021191298961639404e-01
4.021191298961639404e-01
4.021191298961639404e-01
4.021191298961639404e-01
4.021191298961639404e-01
4.021191298961639404e-01
4.021191298961639404e-01
4.021191298961639404e-01
4.898653924465179443e-01
4.021191298961639404e-01
4.021191298961639404e-01
3.923536539077758789e-01
4.021191298961639404e-01
3.883744180202484131e-01
4.021191298961639404e-01
4.868627488613128662e-01
4.021191298961639404e-01
3.906229734420776367e-01
3.975524604320526123e-01
3.924302160739898682e-01
3.973570466041564941e-01
3.925359249114990234e-01
3.895484507083892822e-01
4.787629246711730957e-01
4.021191298961639404e-01
3.959561288356781006e-01
4.021191298961639404e-01
4.831818044185638428e-01
4.021191298961639404e-01
4.021191298961639404e-01
3.826438486576080322e-01
4.021191298961639404e-01
4.021191298961639404e-01
4.021191298961639404e-01
4.021191298961639404e-01
4.021191298961639404e-01
4.021191298961639404e-01
3.911555409431457520e-01
4.021191298961639404e-01
4.021191298961639404e-01
4.021191298961639404e-01
5.050482749938964844e-01
3.940081894397735596e-01
3.860401213169097900e-01
4.813133478164672852e-01
4.749868512153625488e-01
4.021191298961639404e-01
3.929561674594879150e-01
4.021191298961639404e-01
3.982028067111968994e-01
4.021191298961639404e-01
4.021191298961639404e-01
4.021191298961639404e-01
4.021191298961639404e-01
3.893145024776458740e-01
4.010896086692810059e-01
4.021191298961639404e-01
5.050319433212280273e-01
3.888030350208282471e-01
4.021191298961639404e-01
4.021191298961639404e-01
4.021191298961639404e-01
3.903346359729766846e-01
3.892227411270141602e-01
4.021191298961639404e-01
3.860121369361877441e-01
3.921178579330444336e-01
5.050516724586486816e-01
3.861333429813385010e-01
4.021191298961639404e-01
4.792625010013580322e-01
4.021191298961639404e-01
4.021191298961639404e-01
3.930432796478271484e-01
3.987209796905517578e-01
4.021191298961639404e-01
4.021191298961639404e-01
4.021191298961639404e-01
4.021191298961639404e-01
4.021191298961639404e-01
4.021191298961639404e-01
4.021191298961639404e-01
4.021191298961639404e-01
4.021191298961639404e-01
4.021191298961639404e-01
4.021191298961639404e-01
4.021191298961639404e-01
4.021191298961639404e-01
4.021191298961639404e-01
4.021191298961639404e-01
4.021191298961639404e-01
4.021191298961639404e-01
4.021191298961639404e-01
4.021191298961639404e-01
4.021191298961639404e-01
4.021191298961639404e-01
4.021191298961639404e-01
4.021191298961639404e-01
4.021191298961639404e-01
4.021191298961639404e-01
4.021191298961639404e-01
4.021191298961639404e-01
4.021191298961639404e-01
4.021191298961639404e-01
4.021191298961639404e-01
4.021191298961639404e-01
4.021191298961639404e-01
4.021191298961639404e-01
4.021191298961639404e-01
4.021191298961639404e-01
3.977366387844085693e-01
4.021191298961639404e-01
3.889002799987792969e-01
4.021191298961639404e-01
3.900706470012664795e-01
3.941163420677185059e-01
4.021191298961639404e-01
4.021191298961639404e-01
4.021191298961639404e-01
4.021191298961639404e-01
4.021191298961639404e-01
4.021191298961639404e-01
4.021191298961639404e-01
4.021191298961639404e-01
4.021191298961639404e-01
4.021191298961639404e-01
4.021191298961639404e-01
4.021191298961639404e-01
4.021191298961639404e-01
4.021191298961639404e-01
4.021191298961639404e-01
4.021191298961639404e-01
4.021191298961639404e-01
4.021191298961639404e-01
4.021191298961639404e-01
4.021191298961639404e-01
4.021191298961639404e-01
4.021191298961639404e-01
4.046424925327301025e-01
4.021191298961639404e-01
4.021191298961639404e-01
4.021191298961639404e-01
4.021191298961639404e-01
4.021191298961639404e-01
4.021191298961639404e-01
4.021191298961639404e-01
4.021191298961639404e-01
4.021191298961639404e-01
4.021191298961639404e-01
4.113142788410186768e-01
4.021191298961639404e-01
4.021191298961639404e-01
4.021191298961639404e-01
4.021191298961639404e-01
4.041785597801208496e-01
4.021191298961639404e-01
4.021191298961639404e-01
4.021191298961639404e-01
4.021191298961639404e-01
4.004505276679992676e-01
4.021191298961639404e-01
4.021191298961639404e-01
4.021191298961639404e-01
4.041032195091247559e-01
4.021191298961639404e-01
4.021191298961639404e-01
4.021191298961639404e-01
4.021191298961639404e-01
4.021191298961639404e-01
4.021191298961639404e-01
4.021191298961639404e-01
4.021191298961639404e-01
4.021191298961639404e-01
4.021191298961639404e-01
4.021191298961639404e-01
4.021191298961639404e-01
4.017586410045623779e-01
4.057376980781555176e-01
4.021191298961639404e-01
4.007464647293090820e-01
4.021191298961639404e-01
4.021191298961639404e-01
4.021191298961639404e-01
4.021191298961639404e-01
4.021191298961639404e-01
4.021191298961639404e-01
4.021191298961639404e-01
4.021191298961639404e-01
4.021191298961639404e-01
4.021191298961639404e-01
4.021191298961639404e-01
4.108272194862365723e-01
4.021191298961639404e-01
4.021191298961639404e-01
4.103971421718597412e-01
4.021191298961639404e-01
4.021191298961639404e-01
4.006138741970062256e-01
4.021191298961639404e-01
4.021191298961639404e-01
4.021191298961639404e-01
4.016298353672027588e-01
4.021191298961639404e-01
4.021191298961639404e-01
4.021191298961639404e-01
4.021191298961639404e-01
4.021191298961639404e-01
4.021191298961639404e-01
4.031466543674468994e-01
4.021191298961639404e-01
4.021191298961639404e-01
4.021191298961639404e-01
4.021191298961639404e-01
4.021191298961639404e-01
4.021191298961639404e-01
4.021191298961639404e-01
4.021191298961639404e-01
4.036776125431060791e-01
4.021191298961639404e-01
4.021191298961639404e-01
4.021191298961639404e-01
4.021191298961639404e-01
3.986411690711975098e-01
4.021191298961639404e-01
4.021191298961639404e-01
4.021191298961639404e-01
4.021191298961639404e-01
4.021191298961639404e-01
4.021191298961639404e-01
4.029283225536346436e-01
4.021191298961639404e-01
4.021191298961639404e-01
4.021191298961639404e-01
4.021191298961639404e-01
3.965063095092773438e-01
4.021191298961639404e-01
4.021191298961639404e-01
4.021191298961639404e-01
4.021191298961639404e-01
3.990750610828399658e-01
4.021191298961639404e-01
4.021191298961639404e-01
4.021191298961639404e-01
4.021191298961639404e-01
4.021191298961639404e-01
4.021191298961639404e-01
4.021191298961639404e-01
4.021191298961639404e-01
4.021191298961639404e-01
4.021191298961639404e-01
4.021191298961639404e-01
4.021191298961639404e-01
4.021191298961639404e-01
4.021191298961639404e-01
4.021191298961639404e-01
4.021191298961639404e-01
4.021191298961639404e-01
4.021191298961639404e-01
4.021191298961639404e-01
4.021191298961639404e-01
4.021191298961639404e-01
4.021191298961639404e-01
4.021191298961639404e-01
4.021191298961639404e-01
4.049813151359558105e-01
4.121604561805725098e-01
4.021191298961639404e-01
4.021191298961639404e-01
4.021191298961639404e-01
4.021191298961639404e-01
4.021191298961639404e-01
4.021191298961639404e-01
4.021191298961639404e-01
4.021191298961639404e-01
4.021191298961639404e-01
4.021191298961639404e-01
4.021191298961639404e-01
4.009698927402496338e-01
4.021191298961639404e-01
4.021191298961639404e-01
4.021191298961639404e-01
4.021191298961639404e-01
3.941233456134796143e-01
4.021191298961639404e-01
4.021191298961639404e-01
4.037110209465026855e-01
4.080415666103363037e-01
3.981437683105468750e-01
4.021191298961639404e-01
4.021191298961639404e-01
4.021191298961639404e-01
4.021191298961639404e-01
4.021191298961639404e-01
4.021191298961639404e-01
4.021191298961639404e-01
4.021191298961639404e-01
4.021191298961639404e-01
4.021191298961639404e-01
4.021191298961639404e-01
4.021191298961639404e-01
4.021191298961639404e-01
4.021191298961639404e-01
4.021191298961639404e-01
4.013993740081787109e-01
4.021191298961639404e-01
4.021191298961639404e-01
4.021191298961639404e-01
4.021191298961639404e-01
4.021191298961639404e-01
4.021191298961639404e-01
4.021191298961639404e-01
4.021191298961639404e-01
4.021191298961639404e-01
4.021191298961639404e-01
4.021191298961639404e-01
4.021191298961639404e-01
4.021191298961639404e-01
4.021191298961639404e-01
4.021191298961639404e-01
4.021191298961639404e-01
4.017545580863952637e-01
4.021191298961639404e-01
4.021191298961639404e-01
4.021191298961639404e-01
4.021191298961639404e-01
4.021191298961639404e-01
4.021191298961639404e-01
4.021191298961639404e-01
4.021191298961639404e-01
4.021191298961639404e-01
4.021191298961639404e-01
4.021191298961639404e-01
4.021191298961639404e-01
4.021191298961639404e-01
4.021191298961639404e-01
4.021191298961639404e-01
4.021191298961639404e-01
4.021191298961639404e-01
4.021191298961639404e-01
4.021191298961639404e-01
4.021191298961639404e-01
4.021191298961639404e-01
3.996570408344268799e-01
4.017640650272369385e-01
4.021191298961639404e-01
4.001581072807312012e-01
5.061055421829223633e-01
4.021191298961639404e-01
4.021191298961639404e-01
4.021191298961639404e-01
4.038446545600891113e-01
4.021191298961639404e-01
4.021191298961639404e-01
3.965978026390075684e-01
3.956021666526794434e-01
4.021191298961639404e-01
4.021191298961639404e-01
5.000385046005249023e-01
4.021191298961639404e-01
4.021191298961639404e-01
4.021191298961639404e-01
3.945392370223999023e-01
4.021191298961639404e-01
5.050385594367980957e-01
3.955879211425781250e-01
4.021191298961639404e-01
4.021191298961639404e-01
3.939875066280364990e-01
4.021191298961639404e-01
5.050358176231384277e-01
4.021191298961639404e-01
4.021191298961639404e-01
4.021191298961639404e-01
4.021191298961639404e-01
4.021191298961639404e-01
4.021191298961639404e-01
4.021191298961639404e-01
4.021191298961639404e-01
4.021191298961639404e-01
4.021191298961639404e-01
3.978599905967712402e-01
4.733042716979980469e-01
5.043456554412841797e-01
4.021191298961639404e-01
4.021191298961639404e-01
4.021191298961639404e-01
4.021191298961639404e-01
4.021191298961639404e-01
4.021191298961639404e-01
4.021191298961639404e-01
4.021191298961639404e-01
4.021191298961639404e-01
4.021191298961639404e-01
4.021191298961639404e-01
5.029079914093017578e-01
4.967117309570312500e-01
4.021191298961639404e-01
3.989902138710021973e-01
4.021191298961639404e-01
3.954784870147705078e-01
4.021191298961639404e-01
4.021191298961639404e-01
4.021191298961639404e-01
