9.820273518562316895e-01
9.457922577857971191e-01
8.594978451728820801e-01
8.228812813758850098e-01
4.781468212604522705e-01
9.269216060638427734e-01
6.033063530921936035e-01
7.758864164352416992e-01
8.134986758232116699e-01
8.632951378822326660e-01
9.334656596183776855e-01
6.395597457885742188e-01
9.883032441139221191e-01
6.143257021903991699e-01
6.782365441322326660e-01
6.818857789039611816e-01
9.272747635841369629e-01
9.151223301887512207e-01
6.299948096275329590e-01
9.666242599487304688e-01
8.192786574363708496e-01
9.130895733833312988e-01
8.225603699684143066e-01
8.890379071235656738e-01
7.324653863906860352e-01
9.527317881584167480e-01
6.624732017517089844e-01
8.737796545028686523e-01
9.166574478149414062e-01
7.694675922393798828e-01
9.492366313934326172e-01
8.163331151008605957e-01
7.107477784156799316e-01
9.666232466697692871e-01
9.778155088424682617e-01
9.042244553565979004e-01
9.281431436538696289e-01
8.645123243331909180e-01
6.458321809768676758e-01
6.249254345893859863e-01
6.740487813949584961e-01
6.132914423942565918e-01
9.684621691703796387e-01
5.812497138977050781e-01
8.243228793144226074e-01
6.801828742027282715e-01
6.976228952407836914e-01
6.725367903709411621e-01
8.885475993156433105e-01
6.264348030090332031e-01
9.680396914482116699e-01
6.001353859901428223e-01
7.399954795837402344e-01
6.140555739402770996e-01
7.617709636688232422e-01
6.292970180511474609e-01
6.092628836631774902e-01
8.380228877067565918e-01
6.430954337120056152e-01
9.288794398307800293e-01
9.750451445579528809e-01
9.845267534255981445e-01
9.725149869918823242e-01
6.776189208030700684e-01
8.669513463973999023e-01
1.969246417284011841e-01
7.832052707672119141e-01
9.739356637001037598e-01
6.150313019752502441e-01
8.470723032951354980e-01
9.451521635055541992e-01
9.901928901672363281e-01
8.312398195266723633e-01
6.240920424461364746e-01
9.681704044342041016e-01
3.747740387916564941e-01
3.734202682971954346e-01
7.106769084930419922e-01
8.625606298446655273e-01
6.455377936363220215e-01
4.787760376930236816e-01
5.087608098983764648e-01
7.497203946113586426e-01
5.573583841323852539e-01
6.545753479003906250e-01
6.284976601600646973e-01
9.879312515258789062e-01
5.997718572616577148e-01
5.085502862930297852e-01
6.092258691787719727e-01
8.544007539749145508e-01
4.843766987323760986e-01
6.787583231925964355e-01
8.906273841857910156e-01
8.852969408035278320e-01
8.505791425704956055e-01
9.633704423904418945e-01
9.936842322349548340e-01
5.700616836547851562e-01
5.049039125442504883e-01
2.609393000602722168e-01
8.605570197105407715e-01
6.249882578849792480e-01
3.880574405193328857e-01
8.778989315032958984e-01
5.060141086578369141e-01
9.882727265357971191e-01
4.649337530136108398e-01
6.631981134414672852e-01
4.853288233280181885e-01
9.049495458602905273e-01
3.180949389934539795e-01
6.134689450263977051e-01
6.734127998352050781e-01
8.926542997360229492e-01
4.338114261627197266e-01
4.088020920753479004e-01
8.370527029037475586e-01
8.835719227790832520e-01
9.802606701850891113e-01
5.005225539207458496e-01
9.306797981262207031e-01
8.628376722335815430e-01
5.091897845268249512e-01
9.761221408843994141e-01
4.317061305046081543e-01
9.867563247680664062e-01
3.423191905021667480e-01
9.082500934600830078e-01
9.654135704040527344e-01
8.931506276130676270e-01
8.629316091537475586e-01
9.398527741432189941e-01
4.729223549365997314e-01
4.891743361949920654e-01
4.457953572273254395e-01
5.267887711524963379e-01
8.310067653656005859e-01
9.681504964828491211e-01
7.910491824150085449e-01
5.980981588363647461e-01
8.993024826049804688e-01
8.941206932067871094e-01
3.444990813732147217e-01
9.581389427185058594e-01
3.087669312953948975e-01
5.842083096504211426e-01
4.785054922103881836e-01
5.306269526481628418e-01
8.623592257499694824e-01
9.606456756591796875e-01
3.954145908355712891e-01
9.691809415817260742e-01
7.763230204582214355e-01
9.728719592094421387e-01
9.768950939178466797e-01
9.808233976364135742e-01
9.232778549194335938e-01
5.574035644531250000e-01
7.902172207832336426e-01
6.867925524711608887e-01
8.073151111602783203e-01
5.746347904205322266e-01
4.998002946376800537e-01
9.818401932716369629e-01
9.918093085289001465e-01
5.789583325386047363e-01
5.086928606033325195e-01
9.895020127296447754e-01
6.925672888755798340e-01
2.102101594209671021e-01
7.405952811241149902e-01
3.974575996398925781e-01
4.727716147899627686e-01
8.203483819961547852e-01
3.484715223312377930e-01
9.808119535446166992e-01
1.675958782434463501e-01
4.360140264034271240e-01
8.884652256965637207e-01
6.425807476043701172e-01
4.862626194953918457e-01
9.617279767990112305e-01
5.699198842048645020e-01
9.903179407119750977e-01
9.950417876243591309e-01
6.285055875778198242e-01
4.135415554046630859e-01
9.419541954994201660e-01
6.644285917282104492e-01
7.477325201034545898e-01
4.002619385719299316e-01
9.929435849189758301e-01
9.904972314834594727e-01
2.522728443145751953e-01
9.962857961654663086e-01
2.574897408485412598e-01
3.122191429138183594e-01
2.311919182538986206e-01
4.935177862644195557e-01
2.440047264099121094e-01
9.856244325637817383e-01
6.174589991569519043e-01
9.630568027496337891e-01
9.820232987403869629e-01
3.736449778079986572e-01
4.365727007389068604e-01
3.745143711566925049e-01
4.678236842155456543e-01
3.081978857517242432e-01
2.137380093336105347e-01
2.621521055698394775e-01
4.599504768848419189e-01
9.062454104423522949e-01
9.926941394805908203e-01
8.106169700622558594e-01
9.901595711708068848e-01
2.161049991846084595e-01
5.491582155227661133e-01
9.721871018409729004e-01
9.709219336509704590e-01
9.834663271903991699e-01
9.388285875320434570e-01
4.932422935962677002e-01
9.802700281143188477e-01
4.518468976020812988e-01
5.198121666908264160e-01
4.773087799549102783e-01
9.829639196395874023e-01
9.361522793769836426e-01
2.164250463247299194e-01
3.522020280361175537e-01
4.414231479167938232e-01
9.721632599830627441e-01
4.815317094326019287e-01
9.765365123748779297e-01
5.164845585823059082e-01
9.938313961029052734e-01
8.565570712089538574e-01
9.495541453361511230e-01
7.032262086868286133e-01
9.522511363029479980e-01
5.569099783897399902e-01
8.722479939460754395e-01
7.618570327758789062e-01
1.920547187328338623e-01
9.321616291999816895e-01
9.768888354301452637e-01
9.014289975166320801e-01
6.154047250747680664e-01
4.442033469676971436e-01
8.358653783798217773e-01
8.268522620201110840e-01
5.491503477096557617e-01
3.758965134620666504e-01
9.742309451103210449e-01
9.632657170295715332e-01
6.618423461914062500e-01
9.759916067123413086e-01
8.033836483955383301e-01
9.879530072212219238e-01
7.983973622322082520e-01
5.803827047348022461e-01
2.229636013507843018e-01
9.587399363517761230e-01
7.847588658332824707e-01
9.675180912017822266e-01
6.843715906143188477e-01
3.731709122657775879e-01
7.986035346984863281e-01
9.007089734077453613e-01
9.863087534904479980e-01
9.935647845268249512e-01
9.518206715583801270e-01
6.435425877571105957e-01
7.691713571548461914e-01
8.101884126663208008e-01
8.671569824218750000e-01
8.816764354705810547e-01
8.328793644905090332e-01
9.726138710975646973e-01
8.987099528312683105e-01
6.720333695411682129e-01
5.291929244995117188e-01
9.831199049949645996e-01
9.765372276306152344e-01
9.121178984642028809e-01
9.864484667778015137e-01
9.921488761901855469e-01
8.590894937515258789e-01
7.576548457145690918e-01
9.153568744659423828e-01
6.908773779869079590e-01
9.841313958168029785e-01
9.498028159141540527e-01
8.861084580421447754e-01
6.337093114852905273e-01
7.995712757110595703e-01
8.493184447288513184e-01
5.301507115364074707e-01
7.999093532562255859e-01
9.520452618598937988e-01
8.393599390983581543e-01
2.977368533611297607e-01
9.834625720977783203e-01
9.403849244117736816e-01
6.523656249046325684e-01
9.955560564994812012e-01
9.886704683303833008e-01
7.771655321121215820e-01
5.431699156761169434e-01
8.146579861640930176e-01
5.444969534873962402e-01
9.761102795600891113e-01
9.014875888824462891e-01
8.411588668823242188e-01
9.947787523269653320e-01
8.657051920890808105e-01
6.033664345741271973e-01
4.831210076808929443e-01
6.706476807594299316e-01
9.507244825363159180e-01
9.547138810157775879e-01
9.062009453773498535e-01
4.435952007770538330e-01
9.042906761169433594e-01
9.387265443801879883e-01
5.385034680366516113e-01
8.401597142219543457e-01
9.863755106925964355e-01
5.276207327842712402e-01
9.963496923446655273e-01
4.658053219318389893e-01
8.642154335975646973e-01
8.391786813735961914e-01
9.425007104873657227e-01
9.394831061363220215e-01
8.368844389915466309e-01
8.503063321113586426e-01
9.197717308998107910e-01
9.811491966247558594e-01
9.716475009918212891e-01
8.217588663101196289e-01
9.625821709632873535e-01
6.092546582221984863e-01
7.971686124801635742e-01
8.989310860633850098e-01
9.364714622497558594e-01
9.507244825363159180e-01
9.599509239196777344e-01
9.955175518989562988e-01
7.364374399185180664e-01
9.025775194168090820e-01
8.234903812408447266e-01
3.801230788230895996e-01
8.882669210433959961e-01
8.643283843994140625e-01
8.166716098785400391e-01
9.937235713005065918e-01
7.647881507873535156e-01
9.989479184150695801e-01
5.970531702041625977e-01
7.356879711151123047e-01
9.582329392433166504e-01
6.100108623504638672e-01
7.142090797424316406e-01
8.562425374984741211e-01
4.755463302135467529e-01
8.932011723518371582e-01
3.674154579639434814e-01
9.490028023719787598e-01
9.667375683784484863e-01
7.464513778686523438e-01
7.276469469070434570e-01
6.154951453208923340e-01
7.489079833030700684e-01
9.859828352928161621e-01
4.825273752212524414e-01
7.503972053527832031e-01
4.859515130519866943e-01
6.191064715385437012e-01
4.025959372520446777e-01
6.781234145164489746e-01
8.895019292831420898e-01
9.765065312385559082e-01
5.879445672035217285e-01
4.456880688667297363e-01
8.325394988059997559e-01
9.262798428535461426e-01
9.343396425247192383e-01
5.855197310447692871e-01
5.208738446235656738e-01
3.337509930133819580e-01
3.342786729335784912e-01
3.534123301506042480e-01
7.814671993255615234e-01
7.491081357002258301e-01
9.806029200553894043e-01
8.275411725044250488e-01
8.174622654914855957e-01
7.904522418975830078e-01
9.951300621032714844e-01
9.391961693763732910e-01
8.801463246345520020e-01
7.976298928260803223e-01
9.468047618865966797e-01
5.989329814910888672e-01
8.018844127655029297e-01
4.666942954063415527e-01
8.788275718688964844e-01
4.366606771945953369e-01
6.924215555191040039e-01
6.388562917709350586e-01
8.267756700515747070e-01
8.696137070655822754e-01
9.185037016868591309e-01
8.411839604377746582e-01
3.688082396984100342e-01
9.966771602630615234e-01
7.873873710632324219e-01
6.798066496849060059e-01
9.436383247375488281e-01
3.836270272731781006e-01
5.141726732254028320e-01
5.895243287086486816e-01
2.857432961463928223e-01
8.435578346252441406e-01
9.501058459281921387e-01
9.814345836639404297e-01
5.886629223823547363e-01
5.793519616127014160e-01
9.732328057289123535e-01
9.295981526374816895e-01
8.030318617820739746e-01
9.233417510986328125e-01
8.447585105895996094e-01
5.759245753288269043e-01
9.924610257148742676e-01
9.782126545906066895e-01
5.068303942680358887e-01
8.313131332397460938e-01
9.541994929313659668e-01
7.514116764068603516e-01
7.757248878479003906e-01
8.983310461044311523e-01
9.636954069137573242e-01
9.407534003257751465e-01
9.050863981246948242e-01
9.848970174789428711e-01
8.200045228004455566e-01
9.234970808029174805e-01
7.014994621276855469e-01
9.847238063812255859e-01
8.386152982711791992e-02
8.224145770072937012e-01
9.087076187133789062e-01
9.524399042129516602e-01
8.798855543136596680e-01
8.123825788497924805e-01
9.243857264518737793e-01
7.777313590049743652e-01
5.863868594169616699e-01
7.218768000602722168e-01
6.785082817077636719e-01
8.429971337318420410e-01
8.537406325340270996e-01
8.374329805374145508e-01
7.028420567512512207e-01
7.534655928611755371e-01
9.977503418922424316e-01
9.525876641273498535e-01
8.418495059013366699e-01
8.893075585365295410e-01
8.671486377716064453e-01
9.933046698570251465e-01
9.241222739219665527e-01
9.638887643814086914e-01
9.955354928970336914e-01
7.062066197395324707e-01
8.360672593116760254e-01
7.304066419601440430e-01
9.094618558883666992e-01
9.521147608757019043e-01
7.301412820816040039e-01
8.732055425643920898e-01
6.548554897308349609e-01
9.491462707519531250e-01
7.293214201927185059e-01
6.384689807891845703e-01
7.137134671211242676e-01
8.920271396636962891e-01
8.747597336769104004e-01
9.383175969123840332e-01
9.458256363868713379e-01
9.526642560958862305e-01
6.576750278472900391e-01
9.790483713150024414e-01
6.454401016235351562e-01
8.389942049980163574e-01
7.316341400146484375e-01
5.228446796536445618e-03
6.849892139434814453e-01
1.367622148245573044e-02
6.431560963392257690e-02
2.972829621285200119e-03
4.369203466922044754e-03
4.023605585098266602e-02
2.806029748171567917e-03
1.040503848344087601e-03
3.174571320414543152e-02
3.855146840214729309e-02
2.362995781004428864e-02
3.169583855196833611e-03
1.122552901506423950e-02
8.931194990873336792e-02
3.912694379687309265e-02
4.704472795128822327e-02
1.210484933108091354e-02
6.775031238794326782e-02
5.604112986475229263e-03
6.985814543440937996e-04
1.652869582176208496e-02
4.183256998658180237e-03
7.857547141611576080e-03
2.805553376674652100e-02
2.881984040141105652e-02
5.160501692444086075e-03
8.265275508165359497e-03
1.485140714794397354e-02
6.961240433156490326e-03
1.065642107278108597e-02
5.315097980201244354e-03
2.311606146395206451e-02
8.429840207099914551e-03
2.388013526797294617e-04
5.199421197175979614e-03
2.160867303609848022e-02
5.441460292786359787e-03
6.866179872304201126e-03
1.791574247181415558e-02
2.209701761603355408e-02
4.098537378013134003e-03
1.952566951513290405e-02
1.567596010863780975e-02
3.448422253131866455e-02
3.369376761838793755e-03
3.697509318590164185e-02
6.393335293978452682e-03
3.809127025306224823e-03
1.965055242180824280e-03
2.120408229529857635e-02
4.380638152360916138e-02
3.815263137221336365e-02
1.047462970018386841e-02
3.163342922925949097e-02
1.566373743116855621e-02
8.585712872445583344e-03
5.058963783085346222e-03
4.796794150024652481e-03
7.808852940797805786e-02
5.307782068848609924e-02
1.364975888282060623e-02
1.070257462561130524e-02
4.027608036994934082e-02
1.656478643417358398e-02
1.630957610905170441e-02
9.628842817619442940e-04
6.537251919507980347e-02
6.472890824079513550e-02
1.196698751300573349e-03
6.491239182651042938e-03
2.073263935744762421e-02
3.110548108816146851e-02
1.651073060929775238e-02
2.396683208644390106e-02
7.283337879925966263e-03
7.025326788425445557e-02
1.843253895640373230e-02
1.741394749842584133e-03
1.429765112698078156e-02
3.770888224244117737e-02
2.071354910731315613e-02
1.719862455502152443e-03
8.699315600097179413e-03
3.476842120289802551e-02
3.900052905082702637e-01
7.641721516847610474e-03
6.600343622267246246e-04
5.329861771315336227e-03
3.182651475071907043e-02
5.771886091679334641e-03
4.866664297878742218e-03
1.299448497593402863e-02
1.268178038299083710e-02
4.336018580943346024e-03
6.221623043529689312e-04
3.824307350441813469e-03
1.243118848651647568e-02
1.165151894092559814e-01
1.435133628547191620e-02
8.762425859458744526e-04
2.619207501411437988e-01
9.072048589587211609e-03
1.042823493480682373e-02
5.663360469043254852e-03
4.725618660449981689e-02
8.343570865690708160e-03
6.595007777214050293e-01
8.740115910768508911e-03
9.061942249536514282e-02
3.101935796439647675e-02
2.395922318100929260e-02
1.090803518891334534e-01
3.939034417271614075e-02
1.708528846502304077e-01
3.902691602706909180e-02
5.732827633619308472e-02
3.016994893550872803e-02
5.063403025269508362e-02
8.463590592145919800e-02
2.187876775860786438e-02
7.055554538965225220e-02
3.901658952236175537e-02
3.939034417271614075e-02
4.992705211043357849e-02
1.393486708402633667e-01
1.064249873161315918e-01
3.058036863803863525e-01
3.494683504104614258e-01
2.332465350627899170e-01
3.157284855842590332e-01
4.073822796344757080e-01
1.921154260635375977e-01
6.666367501020431519e-02
1.214923560619354248e-01
3.947032988071441650e-01
8.242914080619812012e-02
1.075235158205032349e-01
1.204854846000671387e-01
1.674796044826507568e-01
2.501865625381469727e-01
8.780122548341751099e-02
4.060378074645996094e-01
8.422368019819259644e-02
1.565498858690261841e-01
6.828868389129638672e-02
2.543176710605621338e-02
2.009666711091995239e-01
1.324081271886825562e-01
1.261702924966812134e-01
1.393210291862487793e-01
9.283286333084106445e-02
6.700629740953445435e-02
2.330694049596786499e-01
1.239908486604690552e-01
1.186785772442817688e-01
1.674870550632476807e-01
2.982139289379119873e-01
1.669093072414398193e-01
3.623228967189788818e-01
3.334828615188598633e-01
4.957176744937896729e-01
5.117541551589965820e-01
2.963075339794158936e-01
6.508978456258773804e-02
6.939757615327835083e-02
6.853293180465698242e-01
1.162080988287925720e-01
7.472147047519683838e-02
1.683868914842605591e-01
2.221623361110687256e-01
5.978091154247522354e-03
4.557349905371665955e-02
3.987778425216674805e-01
2.019536122679710388e-02
4.491073265671730042e-02
1.271708011627197266e-01
8.716200292110443115e-02
6.586165726184844971e-02
1.420323178172111511e-02
1.763289608061313629e-02
1.191956698894500732e-01
4.044627025723457336e-02
5.437629818916320801e-01
8.134986758232116699e-01
6.143257021903991699e-01
6.782365441322326660e-01
6.818857789039611816e-01
6.624732017517089844e-01
7.107477784156799316e-01
6.458321809768676758e-01
6.249254345893859863e-01
6.132914423942565918e-01
6.140555739402770996e-01
6.092628836631774902e-01
6.430954337120056152e-01
6.240920424461364746e-01
5.087608098983764648e-01
5.085502862930297852e-01
4.843766987323760986e-01
5.700616836547851562e-01
2.609393000602722168e-01
5.060141086578369141e-01
5.005225539207458496e-01
4.317061305046081543e-01
4.729223549365997314e-01
4.891743361949920654e-01
5.267887711524963379e-01
3.444990813732147217e-01
5.306269526481628418e-01
5.574035644531250000e-01
4.998002946376800537e-01
3.974575996398925781e-01
4.727716147899627686e-01
3.484715223312377930e-01
6.644285917282104492e-01
4.935177862644195557e-01
2.440047264099121094e-01
3.745143711566925049e-01
4.678236842155456543e-01
2.161049991846084595e-01
5.491582155227661133e-01
2.164250463247299194e-01
4.414231479167938232e-01
4.815317094326019287e-01
8.268522620201110840e-01
5.491503477096557617e-01
6.618423461914062500e-01
6.843715906143188477e-01
6.435425877571105957e-01
7.691713571548461914e-01
8.101884126663208008e-01
8.590894937515258789e-01
6.337093114852905273e-01
5.301507115364074707e-01
8.393599390983581543e-01
5.444969534873962402e-01
6.033664345741271973e-01
4.831210076808929443e-01
4.435952007770538330e-01
5.276207327842712402e-01
4.658053219318389893e-01
9.025775194168090820e-01
5.970531702041625977e-01
6.100108623504638672e-01
4.755463302135467529e-01
4.825273752212524414e-01
6.191064715385437012e-01
4.456880688667297363e-01
3.337509930133819580e-01
3.534123301506042480e-01
3.688082396984100342e-01
6.798066496849060059e-01
5.886629223823547363e-01
5.793519616127014160e-01
5.759245753288269043e-01
5.068303942680358887e-01
8.386152982711791992e-02
5.863868594169616699e-01
7.304066419601440430e-01
7.301412820816040039e-01
6.548554897308349609e-01
6.384689807891845703e-01
7.137134671211242676e-01
6.576750278472900391e-01
6.454401016235351562e-01
7.297273874282836914e-01
2.619207501411437988e-01
4.384544678032398224e-03
3.384186699986457825e-02
7.088574767112731934e-02
2.183272130787372589e-02
1.258858758956193924e-02
6.075724363327026367e-01
5.872276425361633301e-01
3.782676905393600464e-02
3.039624392986297607e-01
3.418688178062438965e-01
3.146265447139739990e-02
9.071690589189529419e-02
6.749406456947326660e-02
6.054215133190155029e-02
3.089677542448043823e-02
3.079625032842159271e-02
4.417720064520835876e-02
5.022557452321052551e-02
3.960851952433586121e-02
2.161214128136634827e-02
5.891190096735954285e-02
5.565816536545753479e-02
9.927758015692234039e-03
2.837604098021984100e-02
1.378208398818969727e-01
2.973857522010803223e-01
2.494716495275497437e-01
3.280168771743774414e-02
1.800125241279602051e-01
3.270999789237976074e-01
2.547909021377563477e-01
2.016729414463043213e-01
2.637718021869659424e-01
1.746471077203750610e-01
8.698972314596176147e-02
4.892403483390808105e-01
3.483082652091979980e-01
9.475180506706237793e-02
2.906644046306610107e-01
1.381635218858718872e-01
3.234641849994659424e-01
1.954674273729324341e-01
2.209982872009277344e-01
1.062104105949401855e-01
6.985442638397216797e-01
1.923593878746032715e-01
7.203368842601776123e-02
6.069105863571166992e-01
2.578700892627239227e-02
3.891344964504241943e-01
2.709253430366516113e-01
5.340933054685592651e-02
1.692378073930740356e-01
1.688900738954544067e-01
1.579078882932662964e-01
1.750903874635696411e-01
2.542935013771057129e-01
3.513822257518768311e-01
3.028946518898010254e-01
4.773271679878234863e-01
1.707544326782226562e-01
1.909126341342926025e-01
5.063509345054626465e-01
3.121005557477474213e-02
2.249537706375122070e-01
3.786370754241943359e-01
1.831902116537094116e-01
1.925404071807861328e-01
1.822152733802795410e-01
3.332222104072570801e-01
1.973932236433029175e-01
1.824534982442855835e-01
1.084313318133354187e-01
9.312914311885833740e-02
4.907472729682922363e-01
5.058195590972900391e-01
7.671912759542465210e-02
1.704918891191482544e-01
1.876390166580677032e-02
1.013892292976379395e-01
2.369190007448196411e-01
8.445319719612598419e-03
6.252744048833847046e-02
1.816489361226558685e-02
5.634113401174545288e-02
1.039683818817138672e-02
4.400687292218208313e-02
2.753142081201076508e-02
1.990200765430927277e-02
6.131896972656250000e-01
1.979525946080684662e-02
1.222619041800498962e-02
1.403368078172206879e-03
9.731407277286052704e-03
2.597964601591229439e-03
1.276506297290325165e-02
1.670311205089092255e-02
3.608925044536590576e-01
5.077681541442871094e-01
2.543137781322002411e-02
2.189221605658531189e-02
8.921813219785690308e-03
3.964619338512420654e-02
2.695514261722564697e-02
3.902691602706909180e-02
1.600005328655242920e-01
4.103806242346763611e-02
4.631188511848449707e-02
3.804709762334823608e-02
1.561363935470581055e-01
7.799772918224334717e-02
3.954073414206504822e-02
3.343948721885681152e-02
8.669385686516761780e-03
6.588530540466308594e-02
6.721990108489990234e-01
8.440025895833969116e-02
2.799910306930541992e-01
3.542325198650360107e-01
1.313476562500000000e-01
7.343252003192901611e-02
2.110768109560012817e-01
5.700830742716789246e-02
1.553772985935211182e-01
1.753956973552703857e-01
1.702412664890289307e-01
2.507738173007965088e-01
1.555720269680023193e-01
4.299173504114151001e-02
8.540329337120056152e-02
1.618187129497528076e-01
4.381541907787322998e-02
1.970299929380416870e-01
6.985442638397216797e-01
9.795898199081420898e-02
4.628261551260948181e-02
2.199644595384597778e-01
6.743274629116058350e-02
6.265829503536224365e-02
3.434970676898956299e-01
2.186711430549621582e-01
2.727426290512084961e-01
1.971311569213867188e-01
1.663691401481628418e-01
1.911589056253433228e-01
2.279296964406967163e-01
3.357863426208496094e-01
2.547692507505416870e-02
2.966976165771484375e-01
2.202851474285125732e-01
2.762768566608428955e-01
1.721531748771667480e-01
1.044931560754776001e-01
2.770323753356933594e-01
1.259716153144836426e-01
5.005974173545837402e-01
2.064905501902103424e-02
7.124072406440973282e-03
8.736819028854370117e-03
6.628303229808807373e-02
5.329497456550598145e-01
2.190717309713363647e-02
5.051605403423309326e-03
3.782493993639945984e-02
3.495982289314270020e-02
1.216665506362915039e-01
2.548474073410034180e-01
5.440232753753662109e-01
6.830634921789169312e-02
2.332857577130198479e-03
3.062135772779583931e-03
6.767489761114120483e-02
1.358384266495704651e-03
1.229195445775985718e-01
7.395935710519552231e-03
6.863966584205627441e-01
3.946744836866855621e-03
7.273222785443067551e-03
8.373735472559928894e-03
1.605561468750238419e-03
2.462795563042163849e-02
7.218166440725326538e-02
6.371738016605377197e-02
2.187746576964855194e-02
1.883418671786785126e-02
2.497573755681514740e-02
8.663776516914367676e-02
3.542844578623771667e-02
3.237801790237426758e-02
1.203183550387620926e-02
5.421202164143323898e-03
1.494788913987576962e-03
4.220372997224330902e-03
3.545827697962522507e-03
1.187031250447034836e-02
1.603478449396789074e-03
5.015054941177368164e-01
2.704207599163055420e-02
2.823389694094657898e-02
7.119126152247190475e-03
1.050812285393476486e-02
1.599915884435176849e-02
1.602605334483087063e-03
1.496115513145923615e-02
1.219692546874284744e-02
4.682420287281274796e-03
2.480086870491504669e-02
1.426821947097778320e-02
2.603279426693916321e-03
1.611446263268589973e-03
1.117499638348817825e-02
6.671910174190998077e-03
9.529175236821174622e-03
1.398997101932764053e-02
2.204042524099349976e-01
4.068000987172126770e-02
2.355686575174331665e-02
5.778169631958007812e-02
1.062670163810253143e-02
3.650471568107604980e-02
3.718059509992599487e-02
1.487275213003158569e-01
2.698752582073211670e-01
4.373632743954658508e-02
6.391282379627227783e-02
8.708511292934417725e-02
1.326401829719543457e-01
2.977049723267555237e-02
2.499140202999114990e-01
1.451941281557083130e-01
2.627678401768207550e-02
3.411142155528068542e-02
3.395209833979606628e-02
3.168854415416717529e-01
5.197277665138244629e-02
2.658102661371231079e-02
1.442319899797439575e-02
5.327925551682710648e-03
3.737840801477432251e-02
7.452321704477071762e-03
3.494367701932787895e-03
5.496646463871002197e-02
8.526373654603958130e-03
1.818354986608028412e-02
1.883859978988766670e-03
3.560744971036911011e-02
1.845680549740791321e-02
6.325114518404006958e-03
2.110573649406433105e-02
6.605110131204128265e-03
4.332754611968994141e-01
6.272002458572387695e-01
2.753492631018161774e-02
5.124767497181892395e-02
5.634449124336242676e-01
6.183184450492262840e-04
1.850755303166806698e-03
