7.269364595413208008e-01
7.470244765281677246e-01
7.039198875427246094e-01
6.964266300201416016e-01
6.710909008979797363e-01
7.014459371566772461e-01
7.171562314033508301e-01
6.871836781501770020e-01
6.930238008499145508e-01
7.069582343101501465e-01
7.063456177711486816e-01
6.675363183021545410e-01
6.899334788322448730e-01
7.321979999542236328e-01
6.734724640846252441e-01
6.705783009529113770e-01
7.005944848060607910e-01
6.840566396713256836e-01
6.842657327651977539e-01
6.951633095741271973e-01
6.974772810935974121e-01
7.174271941184997559e-01
7.099544405937194824e-01
6.750450730323791504e-01
7.460523843765258789e-01
6.956645846366882324e-01
6.774913072586059570e-01
6.978294849395751953e-01
6.926260590553283691e-01
6.829240918159484863e-01
7.801747322082519531e-01
6.936675906181335449e-01
7.163335084915161133e-01
6.006289720535278320e-01
7.053548693656921387e-01
7.142686247825622559e-01
6.551030278205871582e-01
6.918582320213317871e-01
7.170377373695373535e-01
7.132462263107299805e-01
6.956979632377624512e-01
6.869580149650573730e-01
7.066037058830261230e-01
6.716171503067016602e-01
7.245502471923828125e-01
6.624485850334167480e-01
6.664049029350280762e-01
6.913237571716308594e-01
5.089961290359497070e-01
6.797575354576110840e-01
7.332808375358581543e-01
6.710617542266845703e-01
6.957598328590393066e-01
5.820006728172302246e-01
6.811199784278869629e-01
7.009420394897460938e-01
6.926483511924743652e-01
6.976422667503356934e-01
7.262749075889587402e-01
7.076500058174133301e-01
6.956466436386108398e-01
7.094338536262512207e-01
7.519078850746154785e-01
6.757690906524658203e-01
6.746741533279418945e-01
5.415837764739990234e-01
6.894318461418151855e-01
6.945868134498596191e-01
6.556631326675415039e-01
7.191935181617736816e-01
6.780923008918762207e-01
7.030842900276184082e-01
6.830947995185852051e-01
7.351139187812805176e-01
6.641871333122253418e-01
6.928432583808898926e-01
7.179239988327026367e-01
7.784623503684997559e-01
7.016973495483398438e-01
6.967512369155883789e-01
6.778902411460876465e-01
6.836913228034973145e-01
7.394232153892517090e-01
6.724858283996582031e-01
7.331458330154418945e-01
6.869003176689147949e-01
6.729818582534790039e-01
7.254250645637512207e-01
6.966682076454162598e-01
7.348500490188598633e-01
7.021869421005249023e-01
6.272699236869812012e-01
7.317686080932617188e-01
7.104414701461791992e-01
7.081173062324523926e-01
7.618893980979919434e-01
7.323083281517028809e-01
7.402192950248718262e-01
7.259354591369628906e-01
7.392894625663757324e-01
7.355401515960693359e-01
7.631421685218811035e-01
7.469978332519531250e-01
7.319275140762329102e-01
7.235261201858520508e-01
7.267927527427673340e-01
6.672087311744689941e-01
7.339292764663696289e-01
7.186781167984008789e-01
7.343907952308654785e-01
6.800967454910278320e-01
7.076333165168762207e-01
7.408013939857482910e-01
7.108085155487060547e-01
7.059959769248962402e-01
6.665887832641601562e-01
7.022799253463745117e-01
7.238986492156982422e-01
7.071944475173950195e-01
7.085149288177490234e-01
7.619757652282714844e-01
6.922139525413513184e-01
7.232927680015563965e-01
7.419246435165405273e-01
7.069552540779113770e-01
7.003753185272216797e-01
6.119536757469177246e-01
6.842162609100341797e-01
7.575728297233581543e-01
7.122356891632080078e-01
7.280974388122558594e-01
7.160403728485107422e-01
7.058936357498168945e-01
7.708700895309448242e-01
7.341109514236450195e-01
6.999396085739135742e-01
7.659758925437927246e-01
7.272633910179138184e-01
6.968278884887695312e-01
7.027728557586669922e-01
7.136487364768981934e-01
6.981085538864135742e-01
7.264978885650634766e-01
7.678355574607849121e-01
7.148796319961547852e-01
6.732099652290344238e-01
7.043617367744445801e-01
6.964312791824340820e-01
7.674791216850280762e-01
7.940386533737182617e-01
8.317155241966247559e-01
8.021742701530456543e-01
8.381924033164978027e-01
8.369646668434143066e-01
8.124272823333740234e-01
8.225779533386230469e-01
8.434053063392639160e-01
8.194175958633422852e-01
8.118525743484497070e-01
8.626775741577148438e-01
8.148131370544433594e-01
8.465743660926818848e-01
7.491054534912109375e-01
8.649854063987731934e-01
8.499882221221923828e-01
8.456824421882629395e-01
8.267603516578674316e-01
8.479006886482238770e-01
8.288379311561584473e-01
8.273422122001647949e-01
7.287203669548034668e-01
7.363578677177429199e-01
8.150961995124816895e-01
7.832385897636413574e-01
7.992786765098571777e-01
7.848957180976867676e-01
7.849131226539611816e-01
7.204551100730895996e-01
8.138420581817626953e-01
7.946183085441589355e-01
7.741556167602539062e-01
7.739649415016174316e-01
8.094808459281921387e-01
7.729829549789428711e-01
7.925885319709777832e-01
7.260049581527709961e-01
8.154596090316772461e-01
7.719175815582275391e-01
7.016176581382751465e-01
7.600990533828735352e-01
7.248598933219909668e-01
7.774876952171325684e-01
7.153157591819763184e-01
7.520280480384826660e-01
7.801492810249328613e-01
7.858839035034179688e-01
7.440455555915832520e-01
7.671561241149902344e-01
7.024641036987304688e-01
7.736122012138366699e-01
7.958974838256835938e-01
7.851177453994750977e-01
8.182554841041564941e-01
7.763091325759887695e-01
7.849625349044799805e-01
7.746655344963073730e-01
7.595070600509643555e-01
7.783696651458740234e-01
6.886921525001525879e-01
7.982656955718994141e-01
7.009719014167785645e-01
8.000412583351135254e-01
7.904364466667175293e-01
7.200108766555786133e-01
8.200649023056030273e-01
7.492023110389709473e-01
7.552198767662048340e-01
7.951539158821105957e-01
7.274433970451354980e-01
7.958188652992248535e-01
6.884896755218505859e-01
7.821115851402282715e-01
7.816317677497863770e-01
8.253378868103027344e-01
7.856132388114929199e-01
7.887109518051147461e-01
7.924095988273620605e-01
7.803457975387573242e-01
6.673391461372375488e-01
8.155376315116882324e-01
7.861536741256713867e-01
7.731723785400390625e-01
7.389811873435974121e-01
6.909474730491638184e-01
7.553431391716003418e-01
7.775624394416809082e-01
8.268037438392639160e-01
7.248811125755310059e-01
6.979762315750122070e-01
7.351244688034057617e-01
7.997248172760009766e-01
7.884277105331420898e-01
8.124818801879882812e-01
6.984292864799499512e-01
8.161581158638000488e-01
8.245328664779663086e-01
9.244534373283386230e-01
9.128094911575317383e-01
9.165698885917663574e-01
8.278310894966125488e-01
8.234647512435913086e-01
9.279149174690246582e-01
9.189951419830322266e-01
9.175007939338684082e-01
8.277506232261657715e-01
9.250107407569885254e-01
9.152568578720092773e-01
7.856183648109436035e-01
9.169517159461975098e-01
9.157426953315734863e-01
9.316819310188293457e-01
9.181256294250488281e-01
8.324503302574157715e-01
8.389160037040710449e-01
8.285549283027648926e-01
9.029614925384521484e-01
9.254213571548461914e-01
9.349417686462402344e-01
8.384183645248413086e-01
9.244036078453063965e-01
9.117136597633361816e-01
9.262452721595764160e-01
7.856168746948242188e-01
8.964936137199401855e-01
9.252986907958984375e-01
9.197186231613159180e-01
9.193160533905029297e-01
9.203931093215942383e-01
9.164111614227294922e-01
9.183809161186218262e-01
9.219549298286437988e-01
9.189571738243103027e-01
8.305661082267761230e-01
7.946197390556335449e-01
8.207542300224304199e-01
9.353604316711425781e-01
9.312043190002441406e-01
9.248713254928588867e-01
9.158357977867126465e-01
9.182538390159606934e-01
9.143189787864685059e-01
9.059409499168395996e-01
8.508803248405456543e-01
8.208264112472534180e-01
8.996910452842712402e-01
9.255032539367675781e-01
9.220553636550903320e-01
9.109921455383300781e-01
9.147734642028808594e-01
9.238164424896240234e-01
9.178002476692199707e-01
9.242650866508483887e-01
9.164124727249145508e-01
8.243303298950195312e-01
8.323072791099548340e-01
9.260729551315307617e-01
9.029263854026794434e-01
8.437590003013610840e-01
9.256993532180786133e-01
9.232013225555419922e-01
8.106349706649780273e-01
9.084702134132385254e-01
8.098607659339904785e-01
9.255821108818054199e-01
9.237142205238342285e-01
9.198342561721801758e-01
8.331282138824462891e-01
9.301131963729858398e-01
9.145762920379638672e-01
7.897070646286010742e-01
8.239213824272155762e-01
8.834607005119323730e-01
7.825222611427307129e-01
8.958221673965454102e-01
7.753006219863891602e-01
7.898385524749755859e-01
8.819041848182678223e-01
7.869198918342590332e-01
8.282343745231628418e-01
9.056783318519592285e-01
7.619670629501342773e-01
8.263414502143859863e-01
7.500737905502319336e-01
8.013658523559570312e-01
7.748720049858093262e-01
8.938353657722473145e-01
8.621553778648376465e-01
8.366109728813171387e-01
8.181021809577941895e-01
8.053567409515380859e-01
8.986168503761291504e-01
8.037853240966796875e-01
8.192702531814575195e-01
8.540838360786437988e-01
7.473885416984558105e-01
8.028765320777893066e-01
8.172391057014465332e-01
8.899164795875549316e-01
8.834607005119323730e-01
8.200517892837524414e-01
8.220979571342468262e-01
7.869461178779602051e-01
8.909474611282348633e-01
8.258896470069885254e-01
7.794834971427917480e-01
7.929154038429260254e-01
7.976113557815551758e-01
8.100588321685791016e-01
8.964797854423522949e-01
7.959055900573730469e-01
7.681871056556701660e-01
8.158383369445800781e-01
8.007162213325500488e-01
7.844216227531433105e-01
7.950907945632934570e-01
7.963234782218933105e-01
8.132584691047668457e-01
7.357564568519592285e-01
8.108618855476379395e-01
8.188980221748352051e-01
7.863631248474121094e-01
7.894124984741210938e-01
8.568102717399597168e-01
8.566065430641174316e-01
7.685383558273315430e-01
7.748024463653564453e-01
8.215808272361755371e-01
8.552082777023315430e-01
7.455143332481384277e-01
7.277858257293701172e-01
8.457953929901123047e-01
7.920652627944946289e-01
7.880359292030334473e-01
7.900941371917724609e-01
7.721049785614013672e-01
6.769551038742065430e-01
7.973645329475402832e-01
8.218601942062377930e-01
8.664211630821228027e-01
8.630928397178649902e-01
8.159381747245788574e-01
7.783452272415161133e-01
7.926890254020690918e-01
6.947520375251770020e-01
7.788496017456054688e-01
8.250308036804199219e-01
8.683352470397949219e-01
7.162475585937500000e-01
8.328389525413513184e-01
8.372417688369750977e-01
7.233571410179138184e-01
7.024807929992675781e-01
6.934968829154968262e-01
8.264223337173461914e-01
8.092895150184631348e-01
7.947286963462829590e-01
8.339749574661254883e-01
8.179350495338439941e-01
7.333521246910095215e-01
7.522966861724853516e-01
7.475205063819885254e-01
8.251759409904479980e-01
6.966528296470642090e-01
8.185054659843444824e-01
7.874302864074707031e-01
7.801302075386047363e-01
8.071100711822509766e-01
7.568111419677734375e-01
7.391451597213745117e-01
8.112382888793945312e-01
7.680013179779052734e-01
8.533102273941040039e-01
7.939242720603942871e-01
7.156230807304382324e-01
8.211851119995117188e-01
6.013843417167663574e-01
7.650563716888427734e-01
7.608621716499328613e-01
7.997481822967529297e-01
5.316902399063110352e-01
6.903892755508422852e-01
7.213872075080871582e-01
7.609572410583496094e-01
7.763567566871643066e-01
7.542529702186584473e-01
7.889050245285034180e-01
7.572143673896789551e-01
7.777932882308959961e-01
7.417516112327575684e-01
7.118681073188781738e-01
7.476953268051147461e-01
7.024288177490234375e-01
7.484827041625976562e-01
7.596734762191772461e-01
8.197833895683288574e-01
7.637295126914978027e-01
7.000081539154052734e-01
7.417618036270141602e-01
7.608229517936706543e-01
7.866268754005432129e-01
7.307273745536804199e-01
7.187825441360473633e-01
7.666400074958801270e-01
5.788798332214355469e-01
7.890751957893371582e-01
7.712726593017578125e-01
7.298172116279602051e-01
7.676293849945068359e-01
7.583611607551574707e-01
6.849278807640075684e-01
6.954345107078552246e-01
7.489277124404907227e-01
7.196062207221984863e-01
7.599436044692993164e-01
7.847931981086730957e-01
7.050052285194396973e-01
6.309407949447631836e-01
6.548137068748474121e-01
7.537202835083007812e-01
7.590796947479248047e-01
5.682895779609680176e-01
7.860860228538513184e-01
7.435140013694763184e-01
7.112130522727966309e-01
7.165377140045166016e-01
8.014292716979980469e-01
7.699912190437316895e-01
7.539923787117004395e-01
7.010891437530517578e-01
7.500278949737548828e-01
7.517213821411132812e-01
7.762541174888610840e-01
7.793943285942077637e-01
7.889931201934814453e-01
7.745987772941589355e-01
6.903097629547119141e-01
7.665972113609313965e-01
7.715642452239990234e-01
7.932380437850952148e-01
7.076872587203979492e-01
7.023289203643798828e-01
7.659434676170349121e-01
7.047631144523620605e-01
7.272248864173889160e-01
6.221218109130859375e-01
7.231519222259521484e-01
6.307061314582824707e-01
7.469953298568725586e-01
7.909141778945922852e-01
7.048083543777465820e-01
6.613669395446777344e-01
4.474879801273345947e-01
1.570247858762741089e-01
2.882269620895385742e-01
2.592380642890930176e-01
3.039788007736206055e-01
2.490665167570114136e-01
2.104157209396362305e-01
3.944853544235229492e-01
6.741439104080200195e-01
2.223353534936904907e-01
2.767900228500366211e-01
4.553355276584625244e-01
4.200542271137237549e-01
4.715793430805206299e-01
4.164918959140777588e-01
4.784871637821197510e-01
3.606627881526947021e-01
4.287535548210144043e-01
4.467384517192840576e-01
2.692236304283142090e-01
3.440519869327545166e-01
2.809392809867858887e-01
2.374994009733200073e-01
5.209755897521972656e-01
4.221633672714233398e-01
3.634855449199676514e-01
4.728938341140747070e-01
3.968778252601623535e-01
4.183089435100555420e-01
4.804260730743408203e-01
6.425773501396179199e-01
3.110156655311584473e-01
5.834903717041015625e-01
4.378161430358886719e-01
3.494470715522766113e-01
2.122186124324798584e-01
3.041673600673675537e-01
1.840094625949859619e-01
3.172212243080139160e-01
3.006753921508789062e-01
3.890874981880187988e-01
3.158589899539947510e-01
3.098222911357879639e-01
3.301820456981658936e-01
5.978602170944213867e-01
6.517304778099060059e-01
3.735834956169128418e-01
1.730683445930480957e-01
3.007725477218627930e-01
2.577532231807708740e-01
5.000187158584594727e-01
2.855210304260253906e-01
3.904242217540740967e-01
3.418197333812713623e-01
4.311223030090332031e-01
2.794228196144104004e-01
4.091457724571228027e-01
5.031791329383850098e-01
2.438347786664962769e-01
2.314269095659255981e-01
3.777783811092376709e-01
2.233630120754241943e-01
3.959002196788787842e-01
4.274455904960632324e-01
6.844967603683471680e-01
5.080386400222778320e-01
2.928349673748016357e-01
4.031336307525634766e-01
2.603061497211456299e-01
2.369058579206466675e-01
3.637963235378265381e-01
2.745922207832336426e-01
4.253746271133422852e-01
4.887536466121673584e-01
5.677722096443176270e-01
2.837569415569305420e-01
3.118376433849334717e-01
5.663102269172668457e-01
4.336693584918975830e-01
3.045485913753509521e-01
4.623242020606994629e-01
3.231770098209381104e-01
3.853537142276763916e-01
3.957034945487976074e-01
3.933439850807189941e-01
3.266275823116302490e-01
4.809476435184478760e-01
4.199195504188537598e-01
4.946481883525848389e-01
4.767335951328277588e-01
5.420444011688232422e-01
3.888897299766540527e-01
3.602485060691833496e-01
4.496684372425079346e-01
5.910068154335021973e-01
4.387463927268981934e-01
3.330401480197906494e-01
3.892542123794555664e-01
3.123039305210113525e-01
4.415862858295440674e-01
3.385088443756103516e-01
2.490754425525665283e-01
1.218701601028442383e-01
5.973912477493286133e-01
2.933202683925628662e-01
3.217883706092834473e-01
4.563616514205932617e-01
5.283897519111633301e-01
3.962989747524261475e-01
2.083950936794281006e-01
4.560216665267944336e-01
3.022964596748352051e-01
3.611354529857635498e-01
2.856090366840362549e-01
4.819169640541076660e-01
1.065916940569877625e-01
3.794343769550323486e-01
2.799959182739257812e-01
4.940702915191650391e-01
4.377504289150238037e-01
3.808194100856781006e-01
3.359286487102508545e-01
4.251636564731597900e-01
3.333287239074707031e-01
5.860767364501953125e-01
4.015647172927856445e-01
5.147591829299926758e-01
3.367889225482940674e-01
4.076453745365142822e-01
2.871173918247222900e-01
4.611832499504089355e-01
3.115636110305786133e-01
6.301947236061096191e-01
2.310802638530731201e-01
4.693585038185119629e-01
4.326553642749786377e-01
3.149794936180114746e-01
3.884948790073394775e-01
3.789142072200775146e-01
2.341251522302627563e-01
4.686968028545379639e-01
1.268600523471832275e-01
4.195699393749237061e-01
3.409569859504699707e-01
4.351192712783813477e-01
2.862403094768524170e-01
4.231076240539550781e-01
5.376226902008056641e-01
6.592008471488952637e-01
4.256738424301147461e-01
5.007032752037048340e-01
2.783806025981903076e-01
2.954202592372894287e-01
2.040730267763137817e-01
3.377379477024078369e-01
5.981852412223815918e-01
3.309720158576965332e-01
3.864003419876098633e-01
3.074917197227478027e-01
2.918501794338226318e-01
3.000195324420928955e-01
3.606906831264495850e-01
3.743068873882293701e-01
4.387305080890655518e-01
5.050824880599975586e-01
5.309107899665832520e-01
2.465559542179107666e-01
2.963230311870574951e-01
4.159404635429382324e-01
3.362925052642822266e-01
3.444913923740386963e-01
2.783811986446380615e-01
3.173674643039703369e-01
5.062273740768432617e-01
2.787774205207824707e-01
6.361415982246398926e-01
2.055088579654693604e-01
2.387661188840866089e-01
4.295550584793090820e-01
2.323838174343109131e-01
3.492926359176635742e-01
2.532355189323425293e-01
3.311749398708343506e-01
2.944438457489013672e-01
5.102410316467285156e-01
4.856009185314178467e-01
3.330125808715820312e-01
2.967785894870758057e-01
6.323095560073852539e-01
2.265690416097640991e-01
2.534072399139404297e-01
2.768781781196594238e-01
3.882551491260528564e-01
4.135382175445556641e-01
3.421044051647186279e-01
4.105813801288604736e-01
2.683053314685821533e-01
3.861681818962097168e-01
3.290834426879882812e-01
4.959515631198883057e-01
4.098204076290130615e-01
4.778093397617340088e-01
2.705967724323272705e-01
3.280055224895477295e-01
5.705290436744689941e-01
4.176014363765716553e-01
3.016533553600311279e-01
3.998273015022277832e-01
1.887020617723464966e-01
4.154109358787536621e-01
4.154513180255889893e-01
3.437301218509674072e-01
4.409528672695159912e-01
1.788551062345504761e-01
3.996362090110778809e-01
3.529522120952606201e-01
1.715601384639739990e-01
3.734013438224792480e-01
2.888677418231964111e-01
5.975962281227111816e-01
4.477441608905792236e-01
3.161054551601409912e-01
4.147535264492034912e-01
3.219657242298126221e-01
6.537413597106933594e-01
3.250542581081390381e-01
4.509029388427734375e-01
3.673780262470245361e-01
2.322257161140441895e-01
5.453412532806396484e-01
2.091148793697357178e-01
4.276304244995117188e-01
3.139360547065734863e-01
3.088973760604858398e-01
5.832833051681518555e-01
4.151057600975036621e-01
3.081947863101959229e-01
5.931440591812133789e-01
3.564840257167816162e-01
4.143494069576263428e-01
4.056473076343536377e-01
4.704405069351196289e-01
2.963872253894805908e-01
3.481142818927764893e-01
4.229019582271575928e-01
3.426900506019592285e-01
3.066724240779876709e-01
3.568247258663177490e-01
1.044226139783859253e-01
5.044102072715759277e-01
3.912916481494903564e-01
3.223305344581604004e-01
4.075904786586761475e-01
4.467799365520477295e-01
5.358133912086486816e-01
5.824514627456665039e-01
2.395366728305816650e-01
3.696151375770568848e-01
3.779910206794738770e-01
4.340264499187469482e-01
4.870905280113220215e-01
2.744505405426025391e-01
4.607395231723785400e-01
4.231286644935607910e-01
3.743465840816497803e-01
3.914644122123718262e-01
2.661330401897430420e-01
1.333217024803161621e-01
3.860817849636077881e-01
3.948777616024017334e-01
4.098882973194122314e-01
3.144121170043945312e-01
3.591976165771484375e-01
6.477394700050354004e-01
4.706160128116607666e-01
4.440192878246307373e-01
2.762776315212249756e-01
2.275422513484954834e-01
4.587213099002838135e-01
3.074440956115722656e-01
3.537763059139251709e-01
3.441177010536193848e-01
3.877125978469848633e-01
4.106776714324951172e-01
2.658699452877044678e-01
4.171771705150604248e-01
4.735977053642272949e-01
4.123595952987670898e-01
3.151819407939910889e-01
3.473514914512634277e-01
3.590043783187866211e-01
5.482745766639709473e-01
3.322773277759552002e-01
3.723992109298706055e-01
5.212622880935668945e-01
5.525377392768859863e-01
4.264747500419616699e-01
4.307115077972412109e-01
6.100785732269287109e-01
4.183796942234039307e-01
4.122592806816101074e-01
4.276135861873626709e-01
3.693955540657043457e-01
3.097482025623321533e-01
2.263005822896957397e-01
3.237319886684417725e-01
4.685547053813934326e-01
2.586699426174163818e-01
3.820760846138000488e-01
3.044933676719665527e-01
2.705629467964172363e-01
4.430856704711914062e-01
4.614289700984954834e-01
3.276951014995574951e-01
4.780292212963104248e-01
2.532722055912017822e-01
2.868860661983489990e-01
4.731847643852233887e-01
6.039870381355285645e-01
4.354434013366699219e-01
4.220719933509826660e-01
5.786111354827880859e-01
2.989512085914611816e-01
5.655562877655029297e-01
4.072039723396301270e-01
3.772288858890533447e-01
3.419665396213531494e-01
4.746841192245483398e-01
3.966717422008514404e-01
2.078781872987747192e-01
3.910298943519592285e-01
2.371013611555099487e-01
3.883476853370666504e-01
2.961534559726715088e-01
3.817262947559356689e-01
4.338020086288452148e-01
2.758065462112426758e-01
6.178751587867736816e-01
3.744090497493743896e-01
3.310867846012115479e-01
2.506454288959503174e-01
4.057667255401611328e-01
3.244319558143615723e-01
3.729632198810577393e-01
5.606498122215270996e-01
4.125929772853851318e-01
4.441874027252197266e-01
1.617486476898193359e-01
6.558503508567810059e-01
3.031038939952850342e-01
2.518422007560729980e-01
3.321990668773651123e-01
5.264174342155456543e-01
6.553812623023986816e-01
4.818723201751708984e-01
4.366575479507446289e-01
3.429999649524688721e-01
5.805079340934753418e-01
7.703562974929809570e-01
5.151714086532592773e-01
2.895535528659820557e-01
4.451082050800323486e-01
3.470074534416198730e-01
3.751551210880279541e-01
3.900597691535949707e-01
2.766611874103546143e-01
4.125946164131164551e-01
5.221936702728271484e-01
4.115129709243774414e-01
5.030242800712585449e-01
5.274456143379211426e-01
2.551528513431549072e-01
6.289476156234741211e-01
5.440365076065063477e-01
5.718951225280761719e-01
3.809876739978790283e-01
4.661767482757568359e-01
3.003996908664703369e-01
2.012498080730438232e-01
3.818826079368591309e-01
3.241280019283294678e-01
5.344308018684387207e-01
3.829532563686370850e-01
6.372172236442565918e-01
3.636034429073333740e-01
3.923192620277404785e-01
3.852193653583526611e-01
4.518735706806182861e-01
2.833823859691619873e-01
2.624734342098236084e-01
3.666943907737731934e-01
3.090491890907287598e-01
5.789536833763122559e-01
3.173740804195404053e-01
4.112305939197540283e-01
2.013335973024368286e-01
3.067819476127624512e-01
3.668218255043029785e-01
4.067921936511993408e-01
3.910987675189971924e-01
4.833327829837799072e-01
3.541662096977233887e-01
4.003433883190155029e-01
6.523767113685607910e-01
2.913027703762054443e-01
2.492668479681015015e-01
5.495325922966003418e-01
6.814922094345092773e-01
3.197728693485260010e-01
2.231047153472900391e-01
5.342195034027099609e-01
5.811550617218017578e-01
2.773205339908599854e-01
4.048610627651214600e-01
4.050278663635253906e-01
3.896508514881134033e-01
5.808423161506652832e-01
4.703319966793060303e-01
4.596951901912689209e-01
2.799769341945648193e-01
3.726475834846496582e-01
2.391723841428756714e-01
3.097440600395202637e-01
2.787926197052001953e-01
7.192175388336181641e-01
3.845567107200622559e-01
3.432092666625976562e-01
2.945916056632995605e-01
4.978869855403900146e-01
3.038107156753540039e-01
5.146661400794982910e-01
3.244484961032867432e-01
3.478568792343139648e-01
3.466699719429016113e-01
3.074028193950653076e-01
3.252546787261962891e-01
4.579713940620422363e-01
3.350386321544647217e-01
3.021400868892669678e-01
5.029332637786865234e-01
3.431655764579772949e-01
5.238376855850219727e-01
3.335474729537963867e-01
4.312472641468048096e-01
3.170960545539855957e-01
3.527610898017883301e-01
3.806090354919433594e-01
3.649848699569702148e-01
4.823119640350341797e-01
5.441740155220031738e-01
2.399170696735382080e-01
5.852681994438171387e-01
3.959469199180603027e-01
3.910690844058990479e-01
3.155789077281951904e-01
3.719955384731292725e-01
2.038408964872360229e-01
6.098888516426086426e-01
2.782096266746520996e-01
3.035945296287536621e-01
3.655572831630706787e-01
3.665046393871307373e-01
3.855995833873748779e-01
4.197861552238464355e-01
3.474172651767730713e-01
4.214260280132293701e-01
6.665184497833251953e-01
2.248061150312423706e-01
3.545318543910980225e-01
7.091080546379089355e-01
3.147342205047607422e-01
3.326746225357055664e-01
4.463895559310913086e-01
4.631348550319671631e-01
4.133334755897521973e-01
4.971220195293426514e-01
2.089272588491439819e-01
2.133256942033767700e-01
4.408994317054748535e-01
3.982115387916564941e-01
7.296689152717590332e-01
6.480394601821899414e-01
6.859147548675537109e-01
4.765587449073791504e-01
4.201470315456390381e-01
3.426051735877990723e-01
3.651463687419891357e-01
3.991508483886718750e-01
2.908910214900970459e-01
6.228616237640380859e-01
3.383019268512725830e-01
3.918914794921875000e-01
4.733208119869232178e-01
4.275219440460205078e-01
3.491566777229309082e-01
3.762920498847961426e-01
5.192443132400512695e-01
3.852728903293609619e-01
3.948843181133270264e-01
2.231484055519104004e-01
3.038702011108398438e-01
4.419006109237670898e-01
3.819705247879028320e-01
2.824968993663787842e-01
3.174460530281066895e-01
2.541125714778900146e-01
4.258942008018493652e-01
6.256735324859619141e-01
4.398919641971588135e-01
3.035676777362823486e-01
6.428779363632202148e-01
3.242004811763763428e-01
3.727490305900573730e-01
3.332150876522064209e-01
4.406019747257232666e-01
2.631266713142395020e-01
5.876578092575073242e-01
3.135912418365478516e-01
2.175196558237075806e-01
2.856666147708892822e-01
4.321223199367523193e-01
3.337683379650115967e-01
3.700224757194519043e-01
2.807755768299102783e-01
3.106005787849426270e-01
4.206956923007965088e-01
3.091597855091094971e-01
2.677937746047973633e-01
3.152616024017333984e-01
2.496626824140548706e-01
4.414641261100769043e-01
3.328374326229095459e-01
3.028052747249603271e-01
2.491542845964431763e-01
3.842673003673553467e-01
3.790158033370971680e-01
2.865692377090454102e-01
2.788228988647460938e-01
3.109081685543060303e-01
3.083536326885223389e-01
3.132705986499786377e-01
4.130020141601562500e-01
3.734488487243652344e-01
3.092191815376281738e-01
4.708118438720703125e-01
3.158356547355651855e-01
3.591184020042419434e-01
2.465364038944244385e-01
3.227482140064239502e-01
4.149507284164428711e-01
3.243625760078430176e-01
4.452286362648010254e-01
2.744402587413787842e-01
2.438400536775588989e-01
3.298344910144805908e-01
4.503130614757537842e-01
3.894149959087371826e-01
2.952949106693267822e-01
2.816203832626342773e-01
3.427784740924835205e-01
