8.640154004096984863e-01
8.640154004096984863e-01
8.640154004096984863e-01
8.640154004096984863e-01
8.640154004096984863e-01
8.640100359916687012e-01
8.640154004096984863e-01
8.640154004096984863e-01
8.640154004096984863e-01
8.640154004096984863e-01
8.319679498672485352e-01
8.640154004096984863e-01
8.640154004096984863e-01
8.640154004096984863e-01
8.640154004096984863e-01
8.640154004096984863e-01
8.640154004096984863e-01
8.640154004096984863e-01
8.567085862159729004e-01
8.640154004096984863e-01
8.640154004096984863e-01
8.640154004096984863e-01
8.640154004096984863e-01
8.640154004096984863e-01
8.640154004096984863e-01
8.640154004096984863e-01
8.640154004096984863e-01
8.640154004096984863e-01
8.640154004096984863e-01
8.640154004096984863e-01
8.640154004096984863e-01
8.631888031959533691e-01
8.626368641853332520e-01
7.000529170036315918e-01
8.640154004096984863e-01
8.640154004096984863e-01
8.640154004096984863e-01
8.640154004096984863e-01
8.640154004096984863e-01
8.640154004096984863e-01
8.640154004096984863e-01
8.640154004096984863e-01
8.640154004096984863e-01
8.640030026435852051e-01
8.640154004096984863e-01
8.640154004096984863e-01
8.640154004096984863e-01
8.640154004096984863e-01
3.872871100902557373e-01
8.640154004096984863e-01
8.640154004096984863e-01
8.640154004096984863e-01
8.640154004096984863e-01
3.872871100902557373e-01
8.640154004096984863e-01
8.640154004096984863e-01
8.640154004096984863e-01
8.640154004096984863e-01
8.640154004096984863e-01
8.640154004096984863e-01
8.640154004096984863e-01
8.640154004096984863e-01
8.640154004096984863e-01
8.640154004096984863e-01
8.640154004096984863e-01
3.872871100902557373e-01
8.640154004096984863e-01
8.640154004096984863e-01
8.640154004096984863e-01
8.640154004096984863e-01
8.640154004096984863e-01
8.640154004096984863e-01
8.640154004096984863e-01
8.640154004096984863e-01
8.640154004096984863e-01
3.872871100902557373e-01
3.872871100902557373e-01
3.872871100902557373e-01
3.872871100902557373e-01
3.872871100902557373e-01
3.872871100902557373e-01
3.872871100902557373e-01
3.872871100902557373e-01
3.872871100902557373e-01
3.872871100902557373e-01
3.872871100902557373e-01
3.872871100902557373e-01
3.872871100902557373e-01
3.872871100902557373e-01
3.872871100902557373e-01
3.872871100902557373e-01
3.872871100902557373e-01
3.872871100902557373e-01
3.872871100902557373e-01
3.872871100902557373e-01
3.872871100902557373e-01
3.872871100902557373e-01
3.872871100902557373e-01
3.872871100902557373e-01
3.872871100902557373e-01
3.872871100902557373e-01
3.872871100902557373e-01
3.872871100902557373e-01
3.872871100902557373e-01
3.872871100902557373e-01
3.872871100902557373e-01
3.872871100902557373e-01
3.872871100902557373e-01
3.872871100902557373e-01
3.872871100902557373e-01
3.872871100902557373e-01
3.872871100902557373e-01
3.872871100902557373e-01
3.872871100902557373e-01
3.872871100902557373e-01
3.872871100902557373e-01
3.872871100902557373e-01
3.872871100902557373e-01
3.872871100902557373e-01
3.872871100902557373e-01
3.872871100902557373e-01
3.872871100902557373e-01
3.872871100902557373e-01
3.872871100902557373e-01
3.872871100902557373e-01
3.872871100902557373e-01
3.872871100902557373e-01
3.872871100902557373e-01
3.872871100902557373e-01
3.872871100902557373e-01
3.872871100902557373e-01
3.872871100902557373e-01
3.872871100902557373e-01
3.872871100902557373e-01
3.872871100902557373e-01
3.872871100902557373e-01
3.872871100902557373e-01
3.872871100902557373e-01
3.872871100902557373e-01
3.872871100902557373e-01
3.872871100902557373e-01
3.872871100902557373e-01
3.872871100902557373e-01
3.872871100902557373e-01
3.872871100902557373e-01
3.872871100902557373e-01
3.872871100902557373e-01
3.872871100902557373e-01
3.872871100902557373e-01
3.872871100902557373e-01
3.872871100902557373e-01
3.872871100902557373e-01
3.872871100902557373e-01
3.872871100902557373e-01
3.872871100902557373e-01
3.872871100902557373e-01
3.872871100902557373e-01
3.872871100902557373e-01
3.872871100902557373e-01
3.872871100902557373e-01
3.872871100902557373e-01
3.872871100902557373e-01
3.872871100902557373e-01
3.872871100902557373e-01
3.872871100902557373e-01
3.872871100902557373e-01
3.872871100902557373e-01
3.872871100902557373e-01
3.872871100902557373e-01
3.872871100902557373e-01
3.872871100902557373e-01
3.872871100902557373e-01
3.872871100902557373e-01
3.872871100902557373e-01
3.872871100902557373e-01
3.872871100902557373e-01
3.872871100902557373e-01
3.872871100902557373e-01
3.872871100902557373e-01
3.872871100902557373e-01
3.872871100902557373e-01
3.872871100902557373e-01
3.872871100902557373e-01
3.872871100902557373e-01
3.872871100902557373e-01
3.872871100902557373e-01
3.872871100902557373e-01
3.872871100902557373e-01
3.872871100902557373e-01
3.872871100902557373e-01
3.872871100902557373e-01
3.872871100902557373e-01
3.872871100902557373e-01
3.872871100902557373e-01
3.872871100902557373e-01
3.872871100902557373e-01
3.872871100902557373e-01
3.872871100902557373e-01
3.872871100902557373e-01
3.872871100902557373e-01
3.872871100902557373e-01
3.872871100902557373e-01
3.872871100902557373e-01
3.872871100902557373e-01
3.872871100902557373e-01
3.872871100902557373e-01
3.872871100902557373e-01
3.872871100902557373e-01
3.872871100902557373e-01
3.872871100902557373e-01
3.872871100902557373e-01
3.872871100902557373e-01
3.872871100902557373e-01
3.872871100902557373e-01
3.872871100902557373e-01
3.872871100902557373e-01
3.872871100902557373e-01
3.872871100902557373e-01
3.872871100902557373e-01
3.872871100902557373e-01
3.872871100902557373e-01
3.872871100902557373e-01
3.872871100902557373e-01
3.872871100902557373e-01
3.872871100902557373e-01
3.872871100902557373e-01
3.872871100902557373e-01
3.872871100902557373e-01
3.872871100902557373e-01
3.872871100902557373e-01
3.872871100902557373e-01
3.872871100902557373e-01
3.872871100902557373e-01
3.872871100902557373e-01
3.872871100902557373e-01
3.872871100902557373e-01
3.872871100902557373e-01
3.872871100902557373e-01
3.872871100902557373e-01
3.872871100902557373e-01
3.872871100902557373e-01
3.872871100902557373e-01
3.872871100902557373e-01
3.872871100902557373e-01
3.872871100902557373e-01
3.872871100902557373e-01
8.640154004096984863e-01
8.640154004096984863e-01
8.640154004096984863e-01
3.872871100902557373e-01
3.872871100902557373e-01
8.640154004096984863e-01
7.259384393692016602e-01
8.640154004096984863e-01
3.872871100902557373e-01
8.640154004096984863e-01
8.640154004096984863e-01
7.259384393692016602e-01
8.640154004096984863e-01
8.640154004096984863e-01
8.640154004096984863e-01
8.640154004096984863e-01
3.872871100902557373e-01
3.872871100902557373e-01
3.872871100902557373e-01
8.640154004096984863e-01
8.640154004096984863e-01
8.640154004096984863e-01
3.872871100902557373e-01
8.640154004096984863e-01
8.640154004096984863e-01
8.640154004096984863e-01
3.872871100902557373e-01
8.350727558135986328e-01
8.640154004096984863e-01
8.640154004096984863e-01
8.640154004096984863e-01
8.640154004096984863e-01
8.640154004096984863e-01
8.640154004096984863e-01
8.640154004096984863e-01
8.640154004096984863e-01
3.872871100902557373e-01
3.872871100902557373e-01
3.872871100902557373e-01
8.640154004096984863e-01
8.640154004096984863e-01
8.640154004096984863e-01
8.640154004096984863e-01
8.640154004096984863e-01
8.640154004096984863e-01
8.640154004096984863e-01
3.872871100902557373e-01
3.872871100902557373e-01
8.640154004096984863e-01
8.640154004096984863e-01
8.640154004096984863e-01
8.640154004096984863e-01
8.640154004096984863e-01
8.640154004096984863e-01
8.640154004096984863e-01
8.640154004096984863e-01
8.640154004096984863e-01
3.872871100902557373e-01
3.872871100902557373e-01
8.640154004096984863e-01
7.259384393692016602e-01
3.872871100902557373e-01
8.640154004096984863e-01
8.640154004096984863e-01
3.872871100902557373e-01
8.638216257095336914e-01
3.872871100902557373e-01
8.640154004096984863e-01
8.640154004096984863e-01
8.640154004096984863e-01
3.872871100902557373e-01
8.640154004096984863e-01
8.640154004096984863e-01
3.872871100902557373e-01
3.872871100902557373e-01
8.640154004096984863e-01
3.872871100902557373e-01
8.369118571281433105e-01
3.872871100902557373e-01
3.872871100902557373e-01
8.640154004096984863e-01
3.872871100902557373e-01
3.872871100902557373e-01
8.640154004096984863e-01
3.872871100902557373e-01
3.872871100902557373e-01
3.872871100902557373e-01
3.872871100902557373e-01
3.872871100902557373e-01
8.640154004096984863e-01
8.640154004096984863e-01
3.872871100902557373e-01
3.872871100902557373e-01
3.872871100902557373e-01
8.640154004096984863e-01
3.872871100902557373e-01
3.872871100902557373e-01
8.640154004096984863e-01
3.872871100902557373e-01
3.872871100902557373e-01
3.872871100902557373e-01
8.640154004096984863e-01
8.640154004096984863e-01
3.872871100902557373e-01
8.640154004096984863e-01
3.872871100902557373e-01
8.640154004096984863e-01
3.872871100902557373e-01
3.872871100902557373e-01
3.872871100902557373e-01
3.872871100902557373e-01
3.872871100902557373e-01
8.640154004096984863e-01
3.872871100902557373e-01
3.872871100902557373e-01
3.872871100902557373e-01
3.872871100902557373e-01
3.872871100902557373e-01
3.872871100902557373e-01
3.872871100902557373e-01
3.872871100902557373e-01
3.872871100902557373e-01
3.872871100902557373e-01
3.872871100902557373e-01
3.872871100902557373e-01
3.872871100902557373e-01
3.872871100902557373e-01
3.872871100902557373e-01
3.872871100902557373e-01
3.872871100902557373e-01
3.872871100902557373e-01
3.872871100902557373e-01
3.872871100902557373e-01
3.872871100902557373e-01
3.872871100902557373e-01
3.872871100902557373e-01
3.872871100902557373e-01
3.872871100902557373e-01
3.872871100902557373e-01
3.872871100902557373e-01
3.872871100902557373e-01
3.872871100902557373e-01
3.872871100902557373e-01
3.872871100902557373e-01
3.872871100902557373e-01
3.872871100902557373e-01
3.872871100902557373e-01
3.872871100902557373e-01
3.872871100902557373e-01
3.872871100902557373e-01
3.872871100902557373e-01
3.872871100902557373e-01
3.872871100902557373e-01
3.872871100902557373e-01
3.872871100902557373e-01
3.872871100902557373e-01
3.872871100902557373e-01
3.872871100902557373e-01
3.872871100902557373e-01
3.872871100902557373e-01
3.872871100902557373e-01
3.872871100902557373e-01
3.872871100902557373e-01
3.872871100902557373e-01
3.872871100902557373e-01
3.872871100902557373e-01
3.872871100902557373e-01
3.872871100902557373e-01
3.872871100902557373e-01
3.872871100902557373e-01
3.872871100902557373e-01
3.872871100902557373e-01
3.872871100902557373e-01
3.872871100902557373e-01
3.872871100902557373e-01
3.872871100902557373e-01
3.872871100902557373e-01
3.872871100902557373e-01
3.872871100902557373e-01
3.872871100902557373e-01
8.640154004096984863e-01
8.640154004096984863e-01
8.640123009681701660e-01
3.872871100902557373e-01
8.640154004096984863e-01
8.640154004096984863e-01
8.640154004096984863e-01
8.640154004096984863e-01
8.640154004096984863e-01
8.640154004096984863e-01
8.640149831771850586e-01
8.640154004096984863e-01
8.640154004096984863e-01
8.640154004096984863e-01
8.640154004096984863e-01
8.640154004096984863e-01
8.640154004096984863e-01
8.640154004096984863e-01
7.503597140312194824e-01
8.640154004096984863e-01
8.640154004096984863e-01
8.640154004096984863e-01
8.640154004096984863e-01
8.640154004096984863e-01
8.640154004096984863e-01
8.640154004096984863e-01
8.640154004096984863e-01
3.872871100902557373e-01
8.640154004096984863e-01
8.640154004096984863e-01
8.640043735504150391e-01
8.640154004096984863e-01
8.640154004096984863e-01
8.640154004096984863e-01
8.640154004096984863e-01
8.640154004096984863e-01
8.640154004096984863e-01
8.640034794807434082e-01
8.640154004096984863e-01
8.640154004096984863e-01
7.331248521804809570e-01
8.640154004096984863e-01
8.640154004096984863e-01
8.640154004096984863e-01
3.872871100902557373e-01
8.464351892471313477e-01
8.640154004096984863e-01
8.640154004096984863e-01
8.640154004096984863e-01
8.640154004096984863e-01
8.640154004096984863e-01
8.640154004096984863e-01
8.640154004096984863e-01
3.872871100902557373e-01
8.640154004096984863e-01
8.640154004096984863e-01
8.640154004096984863e-01
8.640154004096984863e-01
8.640154004096984863e-01
8.640154004096984863e-01
8.640154004096984863e-01
8.640154004096984863e-01
8.640154004096984863e-01
8.423373103141784668e-01
8.343009948730468750e-01
8.640154004096984863e-01
8.640154004096984863e-01
8.640154004096984863e-01
3.872871100902557373e-01
8.640154004096984863e-01
3.872871100902557373e-01
8.640154004096984863e-01
8.640154004096984863e-01
8.629195094108581543e-01
8.640152215957641602e-01
3.872871100902557373e-01
3.872871100902557373e-01
3.872871100902557373e-01
3.872871100902557373e-01
3.872871100902557373e-01
3.872871100902557373e-01
3.872871100902557373e-01
8.638015389442443848e-01
3.872871100902557373e-01
3.872871100902557373e-01
3.872871100902557373e-01
3.872871100902557373e-01
3.872871100902557373e-01
3.872871100902557373e-01
3.872871100902557373e-01
3.872871100902557373e-01
3.872871100902557373e-01
3.872871100902557373e-01
3.872871100902557373e-01
3.872871100902557373e-01
3.872871100902557373e-01
3.872871100902557373e-01
3.872871100902557373e-01
3.872871100902557373e-01
3.872871100902557373e-01
3.872871100902557373e-01
8.640154004096984863e-01
3.872871100902557373e-01
8.638963699340820312e-01
8.640154004096984863e-01
3.872871100902557373e-01
3.872871100902557373e-01
3.872871100902557373e-01
3.872871100902557373e-01
8.576366305351257324e-01
3.872871100902557373e-01
3.872871100902557373e-01
3.872871100902557373e-01
3.872871100902557373e-01
3.872871100902557373e-01
3.872871100902557373e-01
3.872871100902557373e-01
3.872871100902557373e-01
8.635812401771545410e-01
3.872871100902557373e-01
3.872871100902557373e-01
3.872871100902557373e-01
8.398011922836303711e-01
3.872871100902557373e-01
3.872871100902557373e-01
3.872871100902557373e-01
3.872871100902557373e-01
3.872871100902557373e-01
3.872871100902557373e-01
8.576366305351257324e-01
3.872871100902557373e-01
3.872871100902557373e-01
8.576366305351257324e-01
3.872871100902557373e-01
3.872871100902557373e-01
3.872871100902557373e-01
3.872871100902557373e-01
3.872871100902557373e-01
3.872871100902557373e-01
3.872871100902557373e-01
3.872871100902557373e-01
3.872871100902557373e-01
3.872871100902557373e-01
3.872871100902557373e-01
3.872871100902557373e-01
3.872871100902557373e-01
3.872871100902557373e-01
3.872871100902557373e-01
3.872871100902557373e-01
3.872871100902557373e-01
3.872871100902557373e-01
3.872871100902557373e-01
3.872871100902557373e-01
3.872871100902557373e-01
3.872871100902557373e-01
3.872871100902557373e-01
3.872871100902557373e-01
3.872871100902557373e-01
3.872871100902557373e-01
3.872871100902557373e-01
3.872871100902557373e-01
3.872871100902557373e-01
3.872871100902557373e-01
3.872871100902557373e-01
3.872871100902557373e-01
3.872871100902557373e-01
3.872871100902557373e-01
3.872871100902557373e-01
3.872871100902557373e-01
3.872871100902557373e-01
3.872871100902557373e-01
3.872871100902557373e-01
3.872871100902557373e-01
3.872871100902557373e-01
3.872871100902557373e-01
3.872871100902557373e-01
3.872871100902557373e-01
3.872871100902557373e-01
3.872871100902557373e-01
3.872871100902557373e-01
3.872871100902557373e-01
3.872871100902557373e-01
3.872871100902557373e-01
3.872871100902557373e-01
3.872871100902557373e-01
3.872871100902557373e-01
3.872871100902557373e-01
3.872871100902557373e-01
3.872871100902557373e-01
3.872871100902557373e-01
3.872871100902557373e-01
3.872871100902557373e-01
3.872871100902557373e-01
3.872871100902557373e-01
3.872871100902557373e-01
3.872871100902557373e-01
3.872871100902557373e-01
3.872871100902557373e-01
3.872871100902557373e-01
3.872871100902557373e-01
3.872871100902557373e-01
3.872871100902557373e-01
3.872871100902557373e-01
3.872871100902557373e-01
3.872871100902557373e-01
3.872871100902557373e-01
3.872871100902557373e-01
3.872871100902557373e-01
3.872871100902557373e-01
3.872871100902557373e-01
3.872871100902557373e-01
8.640154004096984863e-01
3.872871100902557373e-01
3.872871100902557373e-01
3.872871100902557373e-01
3.872871100902557373e-01
3.872871100902557373e-01
3.872871100902557373e-01
8.640154004096984863e-01
3.872871100902557373e-01
3.872871100902557373e-01
3.872871100902557373e-01
3.872871100902557373e-01
3.872871100902557373e-01
3.872871100902557373e-01
3.872871100902557373e-01
8.600211739540100098e-01
3.872871100902557373e-01
3.872871100902557373e-01
3.872871100902557373e-01
8.640154004096984863e-01
3.872871100902557373e-01
3.872871100902557373e-01
3.872871100902557373e-01
3.872871100902557373e-01
3.872871100902557373e-01
3.872871100902557373e-01
3.872871100902557373e-01
3.872871100902557373e-01
3.872871100902557373e-01
3.872871100902557373e-01
3.872871100902557373e-01
3.872871100902557373e-01
3.872871100902557373e-01
8.640069365501403809e-01
3.872871100902557373e-01
3.872871100902557373e-01
8.640154004096984863e-01
8.640154004096984863e-01
3.872871100902557373e-01
3.872871100902557373e-01
3.872871100902557373e-01
3.872871100902557373e-01
3.872871100902557373e-01
3.872871100902557373e-01
3.872871100902557373e-01
3.872871100902557373e-01
3.872871100902557373e-01
3.872871100902557373e-01
3.872871100902557373e-01
8.639659881591796875e-01
3.872871100902557373e-01
3.872871100902557373e-01
3.872871100902557373e-01
3.872871100902557373e-01
3.872871100902557373e-01
3.872871100902557373e-01
3.872871100902557373e-01
3.872871100902557373e-01
3.872871100902557373e-01
8.640154004096984863e-01
3.872871100902557373e-01
3.872871100902557373e-01
8.640154004096984863e-01
3.872871100902557373e-01
3.872871100902557373e-01
3.872871100902557373e-01
3.872871100902557373e-01
3.872871100902557373e-01
3.872871100902557373e-01
3.872871100902557373e-01
3.872871100902557373e-01
3.872871100902557373e-01
3.872871100902557373e-01
3.872871100902557373e-01
3.872871100902557373e-01
3.872871100902557373e-01
3.872871100902557373e-01
3.872871100902557373e-01
3.872871100902557373e-01
3.872871100902557373e-01
3.872871100902557373e-01
3.872871100902557373e-01
3.872871100902557373e-01
3.872871100902557373e-01
3.872871100902557373e-01
3.872871100902557373e-01
3.872871100902557373e-01
3.872871100902557373e-01
3.872871100902557373e-01
3.872871100902557373e-01
3.872871100902557373e-01
3.872871100902557373e-01
3.872871100902557373e-01
3.872871100902557373e-01
3.872871100902557373e-01
3.872871100902557373e-01
3.872871100902557373e-01
3.872871100902557373e-01
3.872871100902557373e-01
3.872871100902557373e-01
3.872871100902557373e-01
3.872871100902557373e-01
3.872871100902557373e-01
3.872871100902557373e-01
3.872871100902557373e-01
3.872871100902557373e-01
3.872871100902557373e-01
3.872871100902557373e-01
3.872871100902557373e-01
3.872871100902557373e-01
3.872871100902557373e-01
3.872871100902557373e-01
3.872871100902557373e-01
3.872871100902557373e-01
3.872871100902557373e-01
3.872871100902557373e-01
3.872871100902557373e-01
3.872871100902557373e-01
3.872871100902557373e-01
3.872871100902557373e-01
3.872871100902557373e-01
3.872871100902557373e-01
3.872871100902557373e-01
3.872871100902557373e-01
3.872871100902557373e-01
3.872871100902557373e-01
3.872871100902557373e-01
3.872871100902557373e-01
3.872871100902557373e-01
3.872871100902557373e-01
3.872871100902557373e-01
3.872871100902557373e-01
3.872871100902557373e-01
3.872871100902557373e-01
3.872871100902557373e-01
3.872871100902557373e-01
3.872871100902557373e-01
3.872871100902557373e-01
3.872871100902557373e-01
3.872871100902557373e-01
3.872871100902557373e-01
3.872871100902557373e-01
3.872871100902557373e-01
3.872871100902557373e-01
3.872871100902557373e-01
3.872871100902557373e-01
3.872871100902557373e-01
3.872871100902557373e-01
3.872871100902557373e-01
3.872871100902557373e-01
3.872871100902557373e-01
3.872871100902557373e-01
3.872871100902557373e-01
3.872871100902557373e-01
3.872871100902557373e-01
3.872871100902557373e-01
3.872871100902557373e-01
3.872871100902557373e-01
3.872871100902557373e-01
3.872871100902557373e-01
3.872871100902557373e-01
3.872871100902557373e-01
3.872871100902557373e-01
3.872871100902557373e-01
3.872871100902557373e-01
3.872871100902557373e-01
3.872871100902557373e-01
3.872871100902557373e-01
3.872871100902557373e-01
3.872871100902557373e-01
3.872871100902557373e-01
3.872871100902557373e-01
3.872871100902557373e-01
3.872871100902557373e-01
3.872871100902557373e-01
3.872871100902557373e-01
3.872871100902557373e-01
3.872871100902557373e-01
3.872871100902557373e-01
3.872871100902557373e-01
3.872871100902557373e-01
3.872871100902557373e-01
3.872871100902557373e-01
3.872871100902557373e-01
3.872871100902557373e-01
3.872871100902557373e-01
3.872871100902557373e-01
3.872871100902557373e-01
3.872871100902557373e-01
3.872871100902557373e-01
3.872871100902557373e-01
3.872871100902557373e-01
3.872871100902557373e-01
3.872871100902557373e-01
3.872871100902557373e-01
3.872871100902557373e-01
3.872871100902557373e-01
3.872871100902557373e-01
3.872871100902557373e-01
3.872871100902557373e-01
3.872871100902557373e-01
3.872871100902557373e-01
3.872871100902557373e-01
3.872871100902557373e-01
3.872871100902557373e-01
3.872871100902557373e-01
3.872871100902557373e-01
3.872871100902557373e-01
3.872871100902557373e-01
3.872871100902557373e-01
3.872871100902557373e-01
3.872871100902557373e-01
3.872871100902557373e-01
3.872871100902557373e-01
3.872871100902557373e-01
3.872871100902557373e-01
3.872871100902557373e-01
3.872871100902557373e-01
3.872871100902557373e-01
3.872871100902557373e-01
3.872871100902557373e-01
3.872871100902557373e-01
3.872871100902557373e-01
3.872871100902557373e-01
3.872871100902557373e-01
3.872871100902557373e-01
3.872871100902557373e-01
3.872871100902557373e-01
3.872871100902557373e-01
3.872871100902557373e-01
3.872871100902557373e-01
3.872871100902557373e-01
3.872871100902557373e-01
3.872871100902557373e-01
3.872871100902557373e-01
3.872871100902557373e-01
3.872871100902557373e-01
3.872871100902557373e-01
3.872871100902557373e-01
3.872871100902557373e-01
3.872871100902557373e-01
3.872871100902557373e-01
3.872871100902557373e-01
3.872871100902557373e-01
3.872871100902557373e-01
3.872871100902557373e-01
3.872871100902557373e-01
3.872871100902557373e-01
3.872871100902557373e-01
3.872871100902557373e-01
3.872871100902557373e-01
3.872871100902557373e-01
3.872871100902557373e-01
3.872871100902557373e-01
3.872871100902557373e-01
3.872871100902557373e-01
3.872871100902557373e-01
3.872871100902557373e-01
3.872871100902557373e-01
3.872871100902557373e-01
3.872871100902557373e-01
3.872871100902557373e-01
3.872871100902557373e-01
3.872871100902557373e-01
3.872871100902557373e-01
3.872871100902557373e-01
3.872871100902557373e-01
3.872871100902557373e-01
3.872871100902557373e-01
3.872871100902557373e-01
3.872871100902557373e-01
3.872871100902557373e-01
3.872871100902557373e-01
3.872871100902557373e-01
3.872871100902557373e-01
3.872871100902557373e-01
3.872871100902557373e-01
3.872871100902557373e-01
3.872871100902557373e-01
3.872871100902557373e-01
3.872871100902557373e-01
3.872871100902557373e-01
3.872871100902557373e-01
3.872871100902557373e-01
3.872871100902557373e-01
3.872871100902557373e-01
3.872871100902557373e-01
3.872871100902557373e-01
3.872871100902557373e-01
3.872871100902557373e-01
3.872871100902557373e-01
3.872871100902557373e-01
3.872871100902557373e-01
3.872871100902557373e-01
3.872871100902557373e-01
3.872871100902557373e-01
3.872871100902557373e-01
3.872871100902557373e-01
3.872871100902557373e-01
3.872871100902557373e-01
3.872871100902557373e-01
3.872871100902557373e-01
3.872871100902557373e-01
3.872871100902557373e-01
3.872871100902557373e-01
3.872871100902557373e-01
3.872871100902557373e-01
3.872871100902557373e-01
3.872871100902557373e-01
3.872871100902557373e-01
3.872871100902557373e-01
3.872871100902557373e-01
3.872871100902557373e-01
3.872871100902557373e-01
3.872871100902557373e-01
3.872871100902557373e-01
3.872871100902557373e-01
3.872871100902557373e-01
3.872871100902557373e-01
3.872871100902557373e-01
3.872871100902557373e-01
3.872871100902557373e-01
3.872871100902557373e-01
3.872871100902557373e-01
3.872871100902557373e-01
3.872871100902557373e-01
3.872871100902557373e-01
3.872871100902557373e-01
3.872871100902557373e-01
3.872871100902557373e-01
3.872871100902557373e-01
3.872871100902557373e-01
3.872871100902557373e-01
3.872871100902557373e-01
3.872871100902557373e-01
3.872871100902557373e-01
3.872871100902557373e-01
3.872871100902557373e-01
8.579649329185485840e-01
3.872871100902557373e-01
3.872871100902557373e-01
3.872871100902557373e-01
3.872871100902557373e-01
3.872871100902557373e-01
3.872871100902557373e-01
3.872871100902557373e-01
3.872871100902557373e-01
3.872871100902557373e-01
3.872871100902557373e-01
8.640154004096984863e-01
3.872871100902557373e-01
3.872871100902557373e-01
3.872871100902557373e-01
3.872871100902557373e-01
3.872871100902557373e-01
8.639826774597167969e-01
3.872871100902557373e-01
3.872871100902557373e-01
3.872871100902557373e-01
3.872871100902557373e-01
3.872871100902557373e-01
8.639758825302124023e-01
3.872871100902557373e-01
3.872871100902557373e-01
3.872871100902557373e-01
3.872871100902557373e-01
3.872871100902557373e-01
3.872871100902557373e-01
3.872871100902557373e-01
3.872871100902557373e-01
3.872871100902557373e-01
3.872871100902557373e-01
3.872871100902557373e-01
7.585746049880981445e-01
8.622292876243591309e-01
3.872871100902557373e-01
3.872871100902557373e-01
3.872871100902557373e-01
3.872871100902557373e-01
3.872871100902557373e-01
3.872871100902557373e-01
3.872871100902557373e-01
3.872871100902557373e-01
3.872871100902557373e-01
3.872871100902557373e-01
3.872871100902557373e-01
8.584988117218017578e-01
8.639799952507019043e-01
3.872871100902557373e-01
3.872871100902557373e-01
3.872871100902557373e-01
3.872871100902557373e-01
3.872871100902557373e-01
3.872871100902557373e-01
3.872871100902557373e-01
