4.837236702442169189e-01
4.190998077392578125e-01
4.674159884452819824e-01
5.293195843696594238e-01
4.940561950206756592e-01
5.115543007850646973e-01
5.414614677429199219e-01
5.047210454940795898e-01
5.100195407867431641e-01
4.609728157520294189e-01
5.410341024398803711e-01
5.068687796592712402e-01
5.132150650024414062e-01
5.069788694381713867e-01
5.094988346099853516e-01
4.828094840049743652e-01
5.080865621566772461e-01
5.170812010765075684e-01
5.175443887710571289e-01
4.851140081882476807e-01
5.284017920494079590e-01
4.811517894268035889e-01
5.215380787849426270e-01
5.113106369972229004e-01
5.418524146080017090e-01
5.093132853507995605e-01
4.845399856567382812e-01
5.212945938110351562e-01
5.044806003570556641e-01
5.214409828186035156e-01
4.357443153858184814e-01
5.244714617729187012e-01
5.398690700531005859e-01
5.161931514739990234e-01
4.825606346130371094e-01
5.260973572731018066e-01
4.504052996635437012e-01
5.052282214164733887e-01
5.227532386779785156e-01
5.223032832145690918e-01
5.225769877433776855e-01
5.220732092857360840e-01
5.292733311653137207e-01
5.209967494010925293e-01
5.076469182968139648e-01
4.929753243923187256e-01
5.145159363746643066e-01
4.869503378868103027e-01
4.798749685287475586e-01
4.888437092304229736e-01
5.222303271293640137e-01
5.002064704895019531e-01
5.261266827583312988e-01
3.980728983879089355e-01
5.325981974601745605e-01
5.035334229469299316e-01
5.074940323829650879e-01
5.277406573295593262e-01
5.015894770622253418e-01
4.559797346591949463e-01
5.849531888961791992e-01
4.959176778793334961e-01
5.089986324310302734e-01
4.993952810764312744e-01
5.620052814483642578e-01
4.547711312770843506e-01
5.177347064018249512e-01
4.998401999473571777e-01
4.912126958370208740e-01
5.087559819221496582e-01
5.015027523040771484e-01
5.167213678359985352e-01
5.072417259216308594e-01
5.122713446617126465e-01
5.039807558059692383e-01
3.954005241394042969e-01
5.003733038902282715e-01
5.305110812187194824e-01
3.848215639591217041e-01
5.265132188796997070e-01
5.397107601165771484e-01
4.563403129577636719e-01
5.484846830368041992e-01
4.143553376197814941e-01
5.236479043960571289e-01
5.117674469947814941e-01
4.492816030979156494e-01
5.373318195343017578e-01
4.168134033679962158e-01
3.927471339702606201e-01
3.899945616722106934e-01
4.105119109153747559e-01
5.107383131980895996e-01
4.114492833614349365e-01
4.953650534152984619e-01
5.312852263450622559e-01
4.009096622467041016e-01
5.093811750411987305e-01
5.113692283630371094e-01
4.590272009372711182e-01
5.788129568099975586e-01
5.210261344909667969e-01
4.707543551921844482e-01
5.318267941474914551e-01
5.024419426918029785e-01
3.996865153312683105e-01
3.175854086875915527e-01
4.204038977622985840e-01
5.338228344917297363e-01
5.452026128768920898e-01
4.900925159454345703e-01
3.885259330272674561e-01
4.861807823181152344e-01
4.792604744434356689e-01
4.243455827236175537e-01
5.192579030990600586e-01
4.572540521621704102e-01
4.071871638298034668e-01
3.987693488597869873e-01
4.618384242057800293e-01
5.181891322135925293e-01
4.353053867816925049e-01
5.334980487823486328e-01
4.867759644985198975e-01
3.914031088352203369e-01
5.561235547065734863e-01
3.770774304866790771e-01
4.018625020980834961e-01
5.380063056945800781e-01
5.406376123428344727e-01
5.576015114784240723e-01
5.388901829719543457e-01
3.771202266216278076e-01
5.060350298881530762e-01
4.953087270259857178e-01
3.919351398944854736e-01
5.331994891166687012e-01
5.793851613998413086e-01
4.072726666927337646e-01
5.565156340599060059e-01
5.193048715591430664e-01
4.891427159309387207e-01
4.947122931480407715e-01
5.270103812217712402e-01
4.688700139522552490e-01
3.883419334888458252e-01
5.379875302314758301e-01
4.035800397396087646e-01
5.401107668876647949e-01
5.203197598457336426e-01
4.868439733982086182e-01
5.040528774261474609e-01
4.915887415409088135e-01
4.793328642845153809e-01
4.651573300361633301e-01
5.465359687805175781e-01
4.563738107681274414e-01
5.029921531677246094e-01
5.392065644264221191e-01
4.702104926109313965e-01
4.482143223285675049e-01
5.775510668754577637e-01
4.374863803386688232e-01
4.577911496162414551e-01
4.490387439727783203e-01
4.821596741676330566e-01
5.040221810340881348e-01
4.962627887725830078e-01
4.953390359878540039e-01
5.090884566307067871e-01
4.150977730751037598e-01
3.679385781288146973e-01
5.068818926811218262e-01
4.525892138481140137e-01
3.663752377033233643e-01
4.510732889175415039e-01
4.207047522068023682e-01
3.426848351955413818e-01
4.804886877536773682e-01
4.348718225955963135e-01
5.025718212127685547e-01
4.389526844024658203e-01
4.545002877712249756e-01
4.894886612892150879e-01
4.573016464710235596e-01
4.144617617130279541e-01
5.094110369682312012e-01
5.023117065429687500e-01
4.247336685657501221e-01
4.878579378128051758e-01
5.244041681289672852e-01
4.841001927852630615e-01
4.192631244659423828e-01
4.088006913661956787e-01
4.476016461849212646e-01
4.208413958549499512e-01
3.649621903896331787e-01
3.909821510314941406e-01
4.069278240203857422e-01
3.404363691806793213e-01
3.423601984977722168e-01
4.699246585369110107e-01
5.099821090698242188e-01
4.099384844303131104e-01
3.840296864509582520e-01
4.008132219314575195e-01
5.248046517372131348e-01
4.446966946125030518e-01
4.416927695274353027e-01
4.370900094509124756e-01
3.936293721199035645e-01
4.318997859954833984e-01
4.415136873722076416e-01
3.928427398204803467e-01
5.080151557922363281e-01
4.125715494155883789e-01
3.755305707454681396e-01
4.584694504737854004e-01
3.721454441547393799e-01
4.329544603824615479e-01
4.170435667037963867e-01
4.258768558502197266e-01
4.185808897018432617e-01
5.054361820220947266e-01
3.940561115741729736e-01
3.974058926105499268e-01
5.038768649101257324e-01
4.252837598323822021e-01
3.343457579612731934e-01
4.469560980796813965e-01
4.053330719470977783e-01
4.660660922527313232e-01
4.401231408119201660e-01
5.442048311233520508e-01
3.900494575500488281e-01
4.689812660217285156e-01
4.862786233425140381e-01
4.364339411258697510e-01
2.984733879566192627e-01
3.789413869380950928e-01
4.367750883102416992e-01
3.793483078479766846e-01
5.107562541961669922e-01
3.186697363853454590e-01
5.044134855270385742e-01
4.582051336765289307e-01
5.472363829612731934e-01
5.043697953224182129e-01
5.343531966209411621e-01
5.474202632904052734e-01
5.262522697448730469e-01
5.112846493721008301e-01
5.269002914428710938e-01
5.285118222236633301e-01
5.616115331649780273e-01
4.749492108821868896e-01
5.368567705154418945e-01
4.168607890605926514e-01
4.879763424396514893e-01
4.949112534523010254e-01
5.134924650192260742e-01
5.241737961769104004e-01
5.420978069305419922e-01
5.088148713111877441e-01
5.218863487243652344e-01
5.189129710197448730e-01
4.853839278221130371e-01
5.204879045486450195e-01
5.148354172706604004e-01
4.985761046409606934e-01
5.174570083618164062e-01
4.867244958877563477e-01
5.188042521476745605e-01
5.150147080421447754e-01
5.116996765136718750e-01
5.299293398857116699e-01
4.935415983200073242e-01
5.392197966575622559e-01
5.270203351974487305e-01
5.115478038787841797e-01
4.723441302776336670e-01
5.292791724205017090e-01
5.801530480384826660e-01
5.278671979904174805e-01
5.040076971054077148e-01
5.135185122489929199e-01
5.337147116661071777e-01
4.823991060256958008e-01
5.593131780624389648e-01
5.209730267524719238e-01
5.090066194534301758e-01
5.240637660026550293e-01
4.990626275539398193e-01
5.034483075141906738e-01
5.269502997398376465e-01
5.492141246795654297e-01
5.207960009574890137e-01
5.265278220176696777e-01
5.170432329177856445e-01
5.035321712493896484e-01
5.411211252212524414e-01
4.864847958087921143e-01
5.324526429176330566e-01
4.818055331707000732e-01
4.895185828208923340e-01
5.018268227577209473e-01
5.091637372970581055e-01
5.073450803756713867e-01
5.809065699577331543e-01
4.919489920139312744e-01
5.257177948951721191e-01
5.066506862640380859e-01
5.399546027183532715e-01
4.956099689006805420e-01
5.180934667587280273e-01
5.294743776321411133e-01
4.907959103584289551e-01
4.939174950122833252e-01
5.200839638710021973e-01
5.610598921775817871e-01
5.591613650321960449e-01
5.369411110877990723e-01
5.380362272262573242e-01
5.471944212913513184e-01
5.367842316627502441e-01
5.660913586616516113e-01
5.030359625816345215e-01
5.993519425392150879e-01
5.730813145637512207e-01
4.725028574466705322e-01
5.775520801544189453e-01
5.698553323745727539e-01
5.351814031600952148e-01
5.675959587097167969e-01
5.475656390190124512e-01
5.340207219123840332e-01
5.187445282936096191e-01
5.516109466552734375e-01
5.928183794021606445e-01
5.631151199340820312e-01
5.388659834861755371e-01
5.791983604431152344e-01
5.274749994277954102e-01
5.184847116470336914e-01
5.615155100822448730e-01
5.622589588165283203e-01
5.605577826499938965e-01
5.134821534156799316e-01
5.369411110877990723e-01
5.742760300636291504e-01
5.114777684211730957e-01
5.304880738258361816e-01
5.414047837257385254e-01
5.463007092475891113e-01
5.159999728202819824e-01
5.120283365249633789e-01
5.385297536849975586e-01
5.171571373939514160e-01
5.072785615921020508e-01
5.065602660179138184e-01
5.080980658531188965e-01
5.186364054679870605e-01
5.144782662391662598e-01
5.386930108070373535e-01
5.570617318153381348e-01
5.503928661346435547e-01
5.134587883949279785e-01
4.980693161487579346e-01
5.513581037521362305e-01
5.625424981117248535e-01
5.161842107772827148e-01
5.143913626670837402e-01
5.344781875610351562e-01
5.609870553016662598e-01
5.036093592643737793e-01
5.199676156044006348e-01
5.326691269874572754e-01
4.864894151687622070e-01
5.161730051040649414e-01
4.911217987537384033e-01
5.644375085830688477e-01
5.072699189186096191e-01
4.883078932762145996e-01
5.061728358268737793e-01
5.012373328208923340e-01
4.628664851188659668e-01
5.007348656654357910e-01
5.365797877311706543e-01
5.859438180923461914e-01
5.199153423309326172e-01
5.184044241905212402e-01
4.947890341281890869e-01
4.982172846794128418e-01
4.977623224258422852e-01
5.017400979995727539e-01
5.180205702781677246e-01
5.327189564704895020e-01
4.560743272304534912e-01
4.766103029251098633e-01
5.526236891746520996e-01
4.887373149394989014e-01
4.807595610618591309e-01
4.748424887657165527e-01
5.534865856170654297e-01
5.515789389610290527e-01
5.186665654182434082e-01
5.173799395561218262e-01
5.420085191726684570e-01
4.790551364421844482e-01
4.906093180179595947e-01
5.169326663017272949e-01
5.722866058349609375e-01
5.053452253341674805e-01
5.208290815353393555e-01
5.125800371170043945e-01
5.200702548027038574e-01
5.139439105987548828e-01
4.613908529281616211e-01
4.911588430404663086e-01
5.098267793655395508e-01
5.315923690795898438e-01
5.547906160354614258e-01
5.022789239883422852e-01
4.985256791114807129e-01
5.351755619049072266e-01
5.192793607711791992e-01
5.205283164978027344e-01
5.235083103179931641e-01
5.216584205627441406e-01
4.942429661750793457e-01
3.723196685314178467e-01
5.024324059486389160e-01
5.080602765083312988e-01
5.066539645195007324e-01
5.221959352493286133e-01
5.585298538208007812e-01
4.580427706241607666e-01
4.755170643329620361e-01
4.928204417228698730e-01
5.073954463005065918e-01
5.209296345710754395e-01
5.264692306518554688e-01
5.216682553291320801e-01
5.079845190048217773e-01
5.577217340469360352e-01
5.276816487312316895e-01
5.241996645927429199e-01
5.236704349517822266e-01
5.156999230384826660e-01
5.779796838760375977e-01
5.016227960586547852e-01
5.118795633316040039e-01
4.421198070049285889e-01
4.943526089191436768e-01
5.201696753501892090e-01
5.415529012680053711e-01
4.907308518886566162e-01
5.181920528411865234e-01
5.436205863952636719e-01
4.349911510944366455e-01
5.117527842521667480e-01
5.061529874801635742e-01
4.939200580120086670e-01
5.490542054176330566e-01
5.713862776756286621e-01
5.127668380737304688e-01
4.946486055850982666e-01
5.021902918815612793e-01
5.154407024383544922e-01
4.977411031723022461e-01
5.436766743659973145e-01
5.311073064804077148e-01
5.210165977478027344e-01
5.161375403404235840e-01
4.800412654876708984e-01
5.883125662803649902e-01
4.851410090923309326e-01
5.532633662223815918e-01
4.902496039867401123e-01
5.678968429565429688e-01
5.243831276893615723e-01
5.577421188354492188e-01
5.201866626739501953e-01
5.692266821861267090e-01
5.134567022323608398e-01
5.301718115806579590e-01
5.095126628875732422e-01
5.362161397933959961e-01
4.833095073699951172e-01
4.747432172298431396e-01
5.166442990303039551e-01
5.242381095886230469e-01
4.988977313041687012e-01
5.331804752349853516e-01
4.952936470508575439e-01
5.190308094024658203e-01
5.165790319442749023e-01
4.879221916198730469e-01
5.793634653091430664e-01
5.121521353721618652e-01
3.663717806339263916e-01
4.653341174125671387e-01
5.129991173744201660e-01
4.318736791610717773e-01
5.110278725624084473e-01
5.288781523704528809e-01
5.137614011764526367e-01
3.813191652297973633e-01
4.143183231353759766e-01
5.327858924865722656e-01
3.989653587341308594e-01
4.084673821926116943e-01
5.079222917556762695e-01
5.158253908157348633e-01
4.218977987766265869e-01
4.480358362197875977e-01
5.580309033393859863e-01
2.998171150684356689e-01
4.863839745521545410e-01
3.602434992790222168e-01
3.705998063087463379e-01
3.665530681610107422e-01
4.345948994159698486e-01
4.894655346870422363e-01
4.175700545310974121e-01
5.236859321594238281e-01
5.258123874664306641e-01
4.111078083515167236e-01
4.722258150577545166e-01
4.330390989780426025e-01
4.939170479774475098e-01
3.796550035476684570e-01
4.793707132339477539e-01
4.612539708614349365e-01
4.016110897064208984e-01
3.896176517009735107e-01
3.883967101573944092e-01
4.440292716026306152e-01
3.167228400707244873e-01
5.046146512031555176e-01
3.201062977313995361e-01
4.269182085990905762e-01
3.290885388851165771e-01
4.644907414913177490e-01
3.478931784629821777e-01
4.799100160598754883e-01
3.067404925823211670e-01
3.308887183666229248e-01
5.326865911483764648e-01
5.099460482597351074e-01
5.061929821968078613e-01
5.046146512031555176e-01
4.754900038242340088e-01
4.686346054077148438e-01
3.762333691120147705e-01
5.050988793373107910e-01
3.194581568241119385e-01
3.970564901828765869e-01
3.946402072906494141e-01
3.510619997978210449e-01
3.951655030250549316e-01
3.998352587223052979e-01
3.374064564704895020e-01
4.148259460926055908e-01
3.689769506454467773e-01
5.186004042625427246e-01
5.082606077194213867e-01
4.278360903263092041e-01
4.870885610580444336e-01
3.836208581924438477e-01
4.977057874202728271e-01
5.036905407905578613e-01
5.160815715789794922e-01
2.917647063732147217e-01
5.110316276550292969e-01
3.743268549442291260e-01
2.995041906833648682e-01
3.946655392646789551e-01
3.884611129760742188e-01
3.776246905326843262e-01
3.021651804447174072e-01
3.313094675540924072e-01
3.949173390865325928e-01
2.843800783157348633e-01
3.208245337009429932e-01
2.812195420265197754e-01
4.014078378677368164e-01
3.312665820121765137e-01
3.829734027385711670e-01
3.834310770034790039e-01
3.631523251533508301e-01
4.572205543518066406e-01
3.313094675540924072e-01
3.974614441394805908e-01
3.052301406860351562e-01
3.406052887439727783e-01
3.539350032806396484e-01
3.052301406860351562e-01
3.922775089740753174e-01
3.745878040790557861e-01
3.047529757022857666e-01
3.949173390865325928e-01
3.289402127265930176e-01
2.856713533401489258e-01
3.069684505462646484e-01
3.677179515361785889e-01
3.727282285690307617e-01
4.006692171096801758e-01
3.398719429969787598e-01
3.312665820121765137e-01
3.027274608612060547e-01
2.568728327751159668e-01
3.027274608612060547e-01
4.293540716171264648e-01
3.085921704769134521e-01
3.969204127788543701e-01
2.843800783157348633e-01
4.325577914714813232e-01
3.791416585445404053e-01
2.999518811702728271e-01
3.736238777637481689e-01
3.052301406860351562e-01
3.085921704769134521e-01
2.980016469955444336e-01
3.917303681373596191e-01
2.977052927017211914e-01
3.883043229579925537e-01
3.917303681373596191e-01
3.069684505462646484e-01
3.969204127788543701e-01
2.568728327751159668e-01
3.075396716594696045e-01
3.912179768085479736e-01
3.475732505321502686e-01
3.820192515850067139e-01
3.900603055953979492e-01
2.809498012065887451e-01
3.791416585445404053e-01
3.827590942382812500e-01
3.949173390865325928e-01
2.907150983810424805e-01
4.057616293430328369e-01
3.038196265697479248e-01
3.398719429969787598e-01
3.128758966922760010e-01
4.500006437301635742e-01
3.895232081413269043e-01
3.870936036109924316e-01
2.770264446735382080e-01
3.208245337009429932e-01
4.229710102081298828e-01
4.284651875495910645e-01
3.863376379013061523e-01
4.070191383361816406e-01
3.880309462547302246e-01
3.777009844779968262e-01
4.070191383361816406e-01
3.949821591377258301e-01
4.894846081733703613e-01
4.741900563240051270e-01
4.644436240196228027e-01
4.900807440280914307e-01
4.636384546756744385e-01
4.158499240875244141e-01
4.460208714008331299e-01
4.606060385704040527e-01
4.666970968246459961e-01
4.628444612026214600e-01
4.665353000164031982e-01
3.644617199897766113e-01
3.270430266857147217e-01
3.045753240585327148e-01
3.568676114082336426e-01
4.064250290393829346e-01
3.434397876262664795e-01
3.653594851493835449e-01
3.557177782058715820e-01
3.889249265193939209e-01
3.866614103317260742e-01
4.721226990222930908e-01
3.033881783485412598e-01
4.117379486560821533e-01
4.186759889125823975e-01
3.542090952396392822e-01
4.021132290363311768e-01
4.056584239006042480e-01
3.726074397563934326e-01
4.173296391963958740e-01
4.085676074028015137e-01
3.299111723899841309e-01
3.496444523334503174e-01
3.491698801517486572e-01
3.529930710792541504e-01
2.704073190689086914e-01
4.297416210174560547e-01
3.320395946502685547e-01
4.270966947078704834e-01
3.718219995498657227e-01
4.212571382522583008e-01
4.554669559001922607e-01
3.426296710968017578e-01
3.807697892189025879e-01
3.844182193279266357e-01
4.421077966690063477e-01
3.511165976524353027e-01
3.831000030040740967e-01
3.607602119445800781e-01
4.481659531593322754e-01
4.351977407932281494e-01
3.353668749332427979e-01
3.357979953289031982e-01
2.861346602439880371e-01
3.622842729091644287e-01
3.907961547374725342e-01
3.521916270256042480e-01
4.022079706192016602e-01
2.853473126888275146e-01
4.266103506088256836e-01
3.613329827785491943e-01
4.958432614803314209e-01
3.665939271450042725e-01
3.436358869075775146e-01
3.615531921386718750e-01
3.766437470912933350e-01
3.771730959415435791e-01
4.043837785720825195e-01
3.740804791450500488e-01
3.327259123325347900e-01
4.042697846889495850e-01
3.851008415222167969e-01
4.293996989727020264e-01
3.876731395721435547e-01
4.449473321437835693e-01
4.315573275089263916e-01
3.748268187046051025e-01
4.813242852687835693e-01
3.413766026496887207e-01
3.371656239032745361e-01
4.995293915271759033e-01
5.074831247329711914e-01
4.902787208557128906e-01
4.714110195636749268e-01
3.964486718177795410e-01
4.507942795753479004e-01
4.638316035270690918e-01
4.291158020496368408e-01
3.606481850147247314e-01
5.070939064025878906e-01
5.267776846885681152e-01
4.733651578426361084e-01
5.085447430610656738e-01
3.725653588771820068e-01
4.612548053264617920e-01
4.975352287292480469e-01
4.934616982936859131e-01
5.085401535034179688e-01
4.965031147003173828e-01
4.923806190490722656e-01
5.024554729461669922e-01
4.581938683986663818e-01
5.396621823310852051e-01
4.541764557361602783e-01
4.592688083648681641e-01
4.669591486454010010e-01
5.262087583541870117e-01
4.814280271530151367e-01
5.071299672126770020e-01
4.924420714378356934e-01
4.255498051643371582e-01
4.685292541980743408e-01
4.022594988346099854e-01
4.890691637992858887e-01
3.831179440021514893e-01
4.671471416950225830e-01
3.714336752891540527e-01
4.827542901039123535e-01
5.065262913703918457e-01
4.884945452213287354e-01
4.280507564544677734e-01
4.738622009754180908e-01
4.515549540519714355e-01
4.702116549015045166e-01
3.671823740005493164e-01
5.049317479133605957e-01
3.764723837375640869e-01
5.211942791938781738e-01
4.618265330791473389e-01
5.117436051368713379e-01
4.965520799160003662e-01
5.051380991935729980e-01
5.378361344337463379e-01
5.390135645866394043e-01
5.037256479263305664e-01
3.957803249359130859e-01
5.438750982284545898e-01
5.168474912643432617e-01
5.278800129890441895e-01
4.919113814830780029e-01
3.803292810916900635e-01
4.331289827823638916e-01
4.879554510116577148e-01
5.093649625778198242e-01
4.798372983932495117e-01
5.238173007965087891e-01
4.572348594665527344e-01
4.807229638099670410e-01
5.072157979011535645e-01
4.211775660514831543e-01
5.300350785255432129e-01
5.213427543640136719e-01
4.413187503814697266e-01
3.309012949466705322e-01
4.583659768104553223e-01
5.003497004508972168e-01
5.256713032722473145e-01
4.768684804439544678e-01
4.780592918395996094e-01
4.506286978721618652e-01
5.097007751464843750e-01
4.794841706752777100e-01
3.438990414142608643e-01
4.884668886661529541e-01
5.254929661750793457e-01
4.931308925151824951e-01
4.885901510715484619e-01
5.312456488609313965e-01
4.485743641853332520e-01
4.410243034362792969e-01
4.959808886051177979e-01
4.452067911624908447e-01
4.665777087211608887e-01
4.399491548538208008e-01
5.043675899505615234e-01
4.206337928771972656e-01
5.509997010231018066e-01
4.205118715763092041e-01
4.790269434452056885e-01
4.559690654277801514e-01
5.003842711448669434e-01
5.421713590621948242e-01
4.849076867103576660e-01
4.649479091167449951e-01
5.029187202453613281e-01
4.184550940990447998e-01
4.018595814704895020e-01
4.852544963359832764e-01
5.313593149185180664e-01
4.852895140647888184e-01
4.437314867973327637e-01
5.277775526046752930e-01
4.647581577301025391e-01
3.294485211372375488e-01
5.320988297462463379e-01
4.412534832954406738e-01
4.822923839092254639e-01
4.462220072746276855e-01
4.129764735698699951e-01
4.210505187511444092e-01
4.950540065765380859e-01
4.752873182296752930e-01
5.082098841667175293e-01
5.241376161575317383e-01
4.136721193790435791e-01
4.702382385730743408e-01
4.124674499034881592e-01
4.784685969352722168e-01
4.652169048786163330e-01
4.590034782886505127e-01
4.584819674491882324e-01
4.342413842678070068e-01
4.747200608253479004e-01
5.063609480857849121e-01
4.910273551940917969e-01
4.598198831081390381e-01
4.514938592910766602e-01
4.877602458000183105e-01
4.828783869743347168e-01
4.932317137718200684e-01
4.265166223049163818e-01
4.677861034870147705e-01
4.963303208351135254e-01
5.239173769950866699e-01
4.989112019538879395e-01
5.050204992294311523e-01
4.272885918617248535e-01
5.143685340881347656e-01
4.962490499019622803e-01
4.950019419193267822e-01
4.960438907146453857e-01
5.003191828727722168e-01
5.113483071327209473e-01
4.650904238224029541e-01
4.412759542465209961e-01
4.257446229457855225e-01
4.827421307563781738e-01
4.858018755912780762e-01
5.108274817466735840e-01
4.554975032806396484e-01
4.939802289009094238e-01
4.807130396366119385e-01
4.378972351551055908e-01
4.982310235500335693e-01
4.667100906372070312e-01
4.947565495967864990e-01
4.600508809089660645e-01
5.123311877250671387e-01
3.630943000316619873e-01
4.691582620143890381e-01
4.240211844444274902e-01
4.409591257572174072e-01
4.734432697296142578e-01
5.412682890892028809e-01
4.502699673175811768e-01
5.243229269981384277e-01
3.779807984828948975e-01
5.046704411506652832e-01
3.141813278198242188e-01
4.497782289981842041e-01
4.148269295692443848e-01
5.279175639152526855e-01
4.985202252864837646e-01
4.944113492965698242e-01
4.700229167938232422e-01
3.974485397338867188e-01
3.874624669551849365e-01
3.450568914413452148e-01
5.061756372451782227e-01
4.893520474433898926e-01
3.181796371936798096e-01
3.516966402530670166e-01
3.642536103725433350e-01
4.090923368930816650e-01
4.631274044513702393e-01
4.026858806610107422e-01
4.690249562263488770e-01
3.176274597644805908e-01
4.013010561466217041e-01
5.112023353576660156e-01
4.873126149177551270e-01
2.911351919174194336e-01
4.438483715057373047e-01
5.141635537147521973e-01
4.017180204391479492e-01
3.999744355678558350e-01
4.499738514423370361e-01
5.113546848297119141e-01
4.101716279983520508e-01
3.212157487869262695e-01
5.300509333610534668e-01
3.423255980014801025e-01
5.111529827117919922e-01
4.439308047294616699e-01
4.967279732227325439e-01
4.426012039184570312e-01
4.542259275913238525e-01
4.095153808593750000e-01
4.432760477066040039e-01
4.939618408679962158e-01
3.098570406436920166e-01
5.137411952018737793e-01
4.308411777019500732e-01
4.889135062694549561e-01
4.408880770206451416e-01
4.380528926849365234e-01
4.534772038459777832e-01
4.372014999389648438e-01
5.253236889839172363e-01
5.079527497291564941e-01
5.138735771179199219e-01
3.683954179286956787e-01
4.082412719726562500e-01
5.063471794128417969e-01
5.111448168754577637e-01
4.939519464969635010e-01
4.366407692432403564e-01
3.263448476791381836e-01
4.845002293586730957e-01
3.354350030422210693e-01
4.877429008483886719e-01
4.765762388706207275e-01
3.914352655410766602e-01
4.445804357528686523e-01
5.067533850669860840e-01
5.192751288414001465e-01
4.146710634231567383e-01
2.911283671855926514e-01
5.117288231849670410e-01
4.587338864803314209e-01
4.874059855937957764e-01
3.368242979049682617e-01
