9.991347193717956543e-01
9.999412298202514648e-01
9.536346197128295898e-01
5.780487656593322754e-01
4.505261182785034180e-01
9.997642636299133301e-01
6.986028552055358887e-01
5.873064398765563965e-01
5.444555878639221191e-01
9.997194409370422363e-01
9.998627901077270508e-01
3.997462689876556396e-01
9.953497648239135742e-01
9.920561909675598145e-01
6.888214945793151855e-01
5.801808834075927734e-01
9.948687553405761719e-01
9.833775758743286133e-01
5.991262793540954590e-01
8.789493441581726074e-01
5.891974568367004395e-01
9.878094196319580078e-01
5.179885625839233398e-01
9.986128807067871094e-01
7.123357653617858887e-01
9.835065603256225586e-01
9.946531057357788086e-01
9.925202131271362305e-01
9.366734027862548828e-01
5.348322987556457520e-01
9.993650317192077637e-01
5.437465310096740723e-01
9.955486059188842773e-01
9.993532299995422363e-01
9.999938011169433594e-01
9.978239536285400391e-01
9.999998807907104492e-01
9.989080429077148438e-01
5.390040874481201172e-01
9.735168814659118652e-01
4.996701776981353760e-01
6.809263229370117188e-01
9.989354014396667480e-01
6.061131954193115234e-01
5.663123130798339844e-01
5.486489534378051758e-01
6.706503629684448242e-01
5.209061503410339355e-01
9.556135535240173340e-01
3.844251930713653564e-01
9.912292957305908203e-01
5.129362940788269043e-01
5.367166996002197266e-01
9.994694590568542480e-01
6.878947019577026367e-01
5.075939893722534180e-01
9.887257218360900879e-01
5.172865986824035645e-01
4.718016982078552246e-01
9.999969005584716797e-01
9.999655485153198242e-01
9.990773200988769531e-01
9.696496725082397461e-01
4.971106946468353271e-01
9.662382602691650391e-01
6.327463388442993164e-01
5.417789220809936523e-01
9.947072267532348633e-01
6.462678909301757812e-01
5.380008816719055176e-01
9.981868863105773926e-01
9.741026759147644043e-01
5.690289139747619629e-01
4.636828601360321045e-01
9.870492815971374512e-01
6.882845163345336914e-01
8.786277770996093750e-01
8.603751063346862793e-01
9.995255470275878906e-01
9.105215072631835938e-01
8.428372144699096680e-01
9.839243888854980469e-01
9.222224950790405273e-01
6.442883610725402832e-01
8.862052559852600098e-01
8.889429569244384766e-01
9.998556375503540039e-01
8.996867537498474121e-01
9.996088147163391113e-01
6.302736997604370117e-01
9.996716976165771484e-01
9.996052384376525879e-01
8.650338053703308105e-01
9.941254854202270508e-01
9.978206157684326172e-01
9.998301267623901367e-01
9.982793331146240234e-01
9.982174038887023926e-01
8.770812749862670898e-01
8.125371336936950684e-01
8.916609287261962891e-01
9.963854551315307617e-01
7.963359951972961426e-01
9.143788218498229980e-01
9.786567091941833496e-01
9.993730187416076660e-01
9.965619444847106934e-01
6.777727007865905762e-01
8.806242346763610840e-01
8.601026535034179688e-01
9.889918565750122070e-01
6.762230396270751953e-01
8.402945399284362793e-01
8.401132225990295410e-01
9.992475509643554688e-01
8.494287133216857910e-01
6.909297704696655273e-01
9.999933242797851562e-01
9.953961968421936035e-01
9.982720613479614258e-01
9.655714035034179688e-01
9.999634027481079102e-01
9.920272231101989746e-01
8.701137304306030273e-01
9.991739392280578613e-01
9.061803817749023438e-01
9.997646212577819824e-01
7.095023393630981445e-01
9.878877997398376465e-01
9.991374015808105469e-01
9.991281628608703613e-01
9.897449612617492676e-01
9.911269545555114746e-01
8.655439615249633789e-01
9.988648891448974609e-01
6.817017197608947754e-01
9.993162155151367188e-01
9.992432594299316406e-01
9.988930821418762207e-01
9.815922379493713379e-01
8.390334844589233398e-01
9.990409016609191895e-01
9.931513071060180664e-01
9.110637903213500977e-01
9.998966455459594727e-01
6.809313297271728516e-01
8.879138827323913574e-01
6.715865135192871094e-01
9.935296177864074707e-01
9.824601411819458008e-01
9.961435794830322266e-01
3.729815781116485596e-01
9.993875026702880859e-01
4.754289984703063965e-01
9.999724626541137695e-01
9.953188300132751465e-01
9.997944235801696777e-01
9.992647767066955566e-01
9.981163740158081055e-01
4.328840076923370361e-01
3.603051006793975830e-01
7.542609572410583496e-01
4.082601666450500488e-01
9.988350272178649902e-01
9.999402761459350586e-01
9.812505841255187988e-01
4.455901086330413818e-01
4.007722735404968262e-01
9.990611672401428223e-01
4.685310423374176025e-01
3.993711173534393311e-01
9.990575909614562988e-01
5.630058646202087402e-01
9.902085065841674805e-01
9.885340332984924316e-01
5.449033379554748535e-01
9.695113897323608398e-01
3.691173791885375977e-01
5.774508714675903320e-01
9.955196380615234375e-01
5.260008573532104492e-01
4.823525547981262207e-01
9.654243588447570801e-01
5.242602229118347168e-01
9.905573129653930664e-01
9.999562501907348633e-01
6.129126548767089844e-01
4.913270771503448486e-01
9.917112588882446289e-01
9.998738765716552734e-01
4.861521720886230469e-01
5.215575098991394043e-01
9.937667846679687500e-01
9.922195672988891602e-01
4.844616353511810303e-01
9.999952316284179688e-01
4.727829694747924805e-01
5.079711079597473145e-01
4.310923218727111816e-01
9.998062252998352051e-01
4.069093167781829834e-01
9.999959468841552734e-01
5.458162426948547363e-01
9.942530989646911621e-01
9.992743134498596191e-01
5.076715946197509766e-01
5.119986534118652344e-01
4.852328300476074219e-01
9.998983144760131836e-01
5.094754695892333984e-01
4.456246495246887207e-01
6.035202741622924805e-01
5.229573249816894531e-01
9.848083257675170898e-01
9.995558857917785645e-01
9.973726272583007812e-01
9.998819828033447266e-01
5.570623278617858887e-01
9.986425042152404785e-01
9.917878508567810059e-01
9.839317798614501953e-01
9.994794726371765137e-01
9.990555644035339355e-01
6.021959781646728516e-01
9.955027699470520020e-01
5.582655668258666992e-01
5.959439873695373535e-01
5.007204413414001465e-01
9.999939203262329102e-01
9.724999070167541504e-01
4.566869139671325684e-01
5.174000263214111328e-01
5.175728797912597656e-01
9.681515097618103027e-01
9.688790440559387207e-01
9.986965060234069824e-01
6.316878199577331543e-01
9.996874332427978516e-01
9.998703002929687500e-01
9.998438358306884766e-01
5.056825280189514160e-01
9.994854927062988281e-01
6.018514633178710938e-01
9.996706247329711914e-01
6.094179153442382812e-01
5.080393552780151367e-01
6.415647268295288086e-01
9.999707937240600586e-01
5.894876122474670410e-01
6.111224889755249023e-01
5.793362259864807129e-01
5.894092321395874023e-01
6.268223524093627930e-01
9.999903440475463867e-01
6.531396508216857910e-01
9.997506737709045410e-01
9.994279742240905762e-01
9.980549812316894531e-01
9.989345669746398926e-01
5.053320527076721191e-01
9.996814727783203125e-01
5.480600595474243164e-01
6.346955299377441406e-01
5.815931558609008789e-01
9.924716949462890625e-01
5.433828234672546387e-01
9.993721842765808105e-01
9.952898025512695312e-01
5.966989994049072266e-01
9.960470795631408691e-01
5.954059958457946777e-01
9.980435371398925781e-01
9.999983310699462891e-01
9.999330043792724609e-01
9.999798536300659180e-01
5.768446922302246094e-01
5.314523577690124512e-01
5.584195852279663086e-01
5.481066703796386719e-01
6.079931855201721191e-01
9.999760389328002930e-01
6.114087104797363281e-01
6.573148965835571289e-01
6.981036067008972168e-01
9.996114373207092285e-01
9.970498085021972656e-01
6.401140093803405762e-01
9.977473616600036621e-01
9.999339580535888672e-01
5.943045616149902344e-01
4.890232384204864502e-01
5.879367589950561523e-01
7.419926524162292480e-01
9.987140893936157227e-01
9.971690773963928223e-01
5.895573496818542480e-01
9.984880685806274414e-01
5.433813929557800293e-01
5.442234277725219727e-01
9.745235443115234375e-01
5.710598826408386230e-01
9.908999204635620117e-01
5.879629254341125488e-01
5.468937754631042480e-01
9.935154914855957031e-01
9.997755885124206543e-01
5.176119804382324219e-01
9.943345785140991211e-01
9.967478513717651367e-01
5.474829077720642090e-01
4.250963330268859863e-01
5.127285122871398926e-01
9.993907213211059570e-01
9.999952316284179688e-01
6.091726422309875488e-01
5.906541943550109863e-01
9.975543618202209473e-01
5.992874503135681152e-01
9.951394796371459961e-01
9.998903274536132812e-01
5.201150774955749512e-01
6.462243199348449707e-01
9.990105628967285156e-01
5.485712289810180664e-01
6.061637401580810547e-01
8.157194852828979492e-01
4.114048779010772705e-01
7.492521405220031738e-01
9.161812067031860352e-01
1.000000000000000000e+00
9.978722333908081055e-01
9.995360374450683594e-01
2.193536609411239624e-01
5.714471936225891113e-01
6.619929671287536621e-01
6.477658152580261230e-01
5.548309087753295898e-01
6.701751351356506348e-01
9.189538955688476562e-01
7.914418578147888184e-01
9.996005892753601074e-01
9.992741942405700684e-01
4.355053305625915527e-01
9.579533934593200684e-01
5.494369268417358398e-01
7.729900479316711426e-01
8.064289093017578125e-01
6.209648251533508301e-01
6.462243199348449707e-01
9.999226331710815430e-01
9.998281002044677734e-01
7.556518912315368652e-01
6.650144457817077637e-01
8.020162582397460938e-01
4.301372766494750977e-01
9.994192123413085938e-01
6.370028853416442871e-01
6.071532368659973145e-01
9.999415874481201172e-01
5.267302989959716797e-01
9.999641180038452148e-01
4.485923945903778076e-01
3.745257258415222168e-01
9.988781809806823730e-01
5.751818418502807617e-01
6.734864711761474609e-01
5.782122015953063965e-01
9.989708662033081055e-01
6.168894171714782715e-01
7.044675946235656738e-01
9.999541044235229492e-01
9.915448427200317383e-01
8.068646788597106934e-01
8.545437455177307129e-01
5.852970480918884277e-01
6.252079010009765625e-01
9.580571055412292480e-01
9.894767999649047852e-01
6.109859347343444824e-01
5.695671439170837402e-01
9.006251096725463867e-01
6.142355203628540039e-01
6.246648430824279785e-01
4.823352694511413574e-01
9.817386269569396973e-01
5.443543195724487305e-01
6.489724516868591309e-01
6.907171010971069336e-01
7.957075834274291992e-01
5.364934802055358887e-01
6.370985507965087891e-01
5.304356217384338379e-01
5.355924367904663086e-01
5.486496090888977051e-01
5.769079327583312988e-01
6.616169810295104980e-01
7.064657807350158691e-01
9.932450652122497559e-01
2.467082142829895020e-01
6.856391429901123047e-01
5.475201010704040527e-01
9.954002499580383301e-01
9.577538967132568359e-01
7.578270435333251953e-01
7.399195432662963867e-01
9.723291397094726562e-01
6.052984595298767090e-01
7.204024195671081543e-01
4.533659219741821289e-01
9.985669255256652832e-01
6.786994338035583496e-01
7.396889328956604004e-01
5.561404824256896973e-01
5.437297224998474121e-01
5.961926579475402832e-01
5.786886811256408691e-01
5.550073981285095215e-01
4.671937823295593262e-01
9.963287711143493652e-01
6.957486867904663086e-01
5.885668396949768066e-01
6.956745386123657227e-01
5.369303822517395020e-01
5.675045847892761230e-01
7.285241484642028809e-01
4.477705955505371094e-01
5.261380076408386230e-01
9.918404817581176758e-01
9.999018907546997070e-01
9.999938011169433594e-01
9.547657370567321777e-01
9.837728142738342285e-01
9.964352846145629883e-01
4.467679560184478760e-01
6.545132398605346680e-01
5.460144281387329102e-01
9.998873472213745117e-01
9.999753236770629883e-01
9.839128851890563965e-01
4.918396174907684326e-01
5.376539826393127441e-01
8.351012468338012695e-01
5.180388092994689941e-01
5.137342214584350586e-01
6.548246741294860840e-01
9.860464930534362793e-01
9.904396533966064453e-01
9.394846558570861816e-01
9.506452679634094238e-01
5.015736222267150879e-01
5.687295794486999512e-01
4.547770321369171143e-01
9.999870061874389648e-01
5.079359412193298340e-01
4.551237523555755615e-01
9.910048246383666992e-01
9.203937053680419922e-01
5.025436282157897949e-01
5.742731094360351562e-01
9.920445680618286133e-01
4.646638035774230957e-01
9.964684247970581055e-01
4.350360929965972900e-01
6.662690043449401855e-01
5.007613301277160645e-01
4.465202391147613525e-01
9.991115927696228027e-01
5.977536439895629883e-01
4.487712383270263672e-01
9.997565150260925293e-01
9.751783609390258789e-01
5.422908067703247070e-01
5.235925316810607910e-01
5.615751743316650391e-01
9.985550045967102051e-01
6.011219024658203125e-01
9.793325662612915039e-01
9.993991851806640625e-01
4.317871928215026855e-01
6.971843242645263672e-01
5.397083163261413574e-01
4.621865451335906982e-01
9.971766471862792969e-01
4.797416627407073975e-01
5.127685666084289551e-01
7.450821399688720703e-01
9.938433170318603516e-01
4.485749304294586182e-01
9.886664152145385742e-01
1.000000000000000000e+00
9.995234012603759766e-01
5.511726140975952148e-01
9.848431348800659180e-01
9.923736453056335449e-01
9.998477697372436523e-01
6.670782566070556641e-01
9.999935626983642578e-01
4.818896055221557617e-01
5.075399875640869141e-01
4.992257356643676758e-01
4.654931724071502686e-01
6.349149346351623535e-02
3.552908003330230713e-01
5.123320221900939941e-01
2.561634182929992676e-01
5.634262785315513611e-02
3.465400040149688721e-01
5.683109760284423828e-01
4.539017379283905029e-01
6.222081929445266724e-02
2.087301611900329590e-01
9.077049493789672852e-01
3.153743445873260498e-01
4.738425314426422119e-01
5.265685319900512695e-01
3.187157809734344482e-01
4.462568163871765137e-01
3.688603043556213379e-01
3.874678611755371094e-01
2.612928748130798340e-01
4.267680048942565918e-01
1.698308736085891724e-01
6.037995815277099609e-01
4.916619360446929932e-01
2.943545281887054443e-01
7.733711004257202148e-01
1.078979149460792542e-01
3.581377565860748291e-01
3.224356770515441895e-01
4.868666455149650574e-02
1.311614215373992920e-01
5.305777788162231445e-01
6.115109324455261230e-01
3.343558907508850098e-01
2.650086581707000732e-01
5.133801102638244629e-01
6.108222603797912598e-01
5.438425540924072266e-01
5.126332044601440430e-01
2.132247537374496460e-01
2.639066874980926514e-01
5.310346484184265137e-01
3.659084439277648926e-01
3.793739080429077148e-01
5.685006380081176758e-01
2.117904871702194214e-01
3.409047126770019531e-01
4.434692263603210449e-01
2.459430247545242310e-01
3.585903644561767578e-01
4.866114854812622070e-01
2.356531620025634766e-01
4.636100232601165771e-01
1.589208096265792847e-01
3.707838654518127441e-01
3.495483994483947754e-01
2.202267497777938843e-01
4.896954298019409180e-01
4.398154020309448242e-01
7.145775854587554932e-02
2.366952896118164062e-01
4.269346594810485840e-01
5.028973817825317383e-01
5.230007767677307129e-01
3.703367710113525391e-01
3.468201458454132080e-01
4.230327010154724121e-01
5.250050425529479980e-01
4.914203882217407227e-01
4.201386272907257080e-01
2.964166104793548584e-01
3.830141127109527588e-01
2.398702204227447510e-01
4.268994331359863281e-01
1.723182648420333862e-01
2.361479550600051880e-01
9.872596710920333862e-02
8.374398946762084961e-02
1.919455826282501221e-01
2.480327934026718140e-01
8.782258629798889160e-02
2.480327934026718140e-01
1.325254440307617188e-01
5.049560070037841797e-01
1.212977394461631775e-01
8.195424079895019531e-02
3.884062170982360840e-01
1.851149052381515503e-01
2.403923720121383667e-01
2.707121670246124268e-01
3.771875798702239990e-01
3.155087232589721680e-01
1.325254440307617188e-01
2.428220957517623901e-01
3.562891483306884766e-01
1.074404492974281311e-01
1.869479566812515259e-01
5.825520157814025879e-01
1.325254440307617188e-01
1.074404492974281311e-01
9.003105014562606812e-02
7.487892359495162964e-02
1.246920377016067505e-01
1.178646758198738098e-01
5.417109280824661255e-02
6.065832972526550293e-01
1.891693621873855591e-01
2.490007728338241577e-01
8.374398946762084961e-02
4.081940948963165283e-01
2.728949785232543945e-01
2.312480956315994263e-01
2.312480956315994263e-01
6.071472167968750000e-02
1.044696941971778870e-01
9.872596710920333862e-02
6.071472167968750000e-02
3.771875798702239990e-01
3.436133563518524170e-01
1.074404492974281311e-01
8.195424079895019531e-02
5.462934970855712891e-01
8.401905000209808350e-02
5.129975676536560059e-01
4.773044884204864502e-01
9.003105014562606812e-02
7.110706567764282227e-01
1.326594650745391846e-01
2.480327934026718140e-01
4.081940948963165283e-01
4.081940948963165283e-01
1.385650634765625000e-01
2.394209951162338257e-01
8.195424079895019531e-02
4.347902834415435791e-01
2.304947078227996826e-01
9.494530409574508667e-02
1.668002456426620483e-01
4.102191627025604248e-01
1.545137465000152588e-01
7.487892359495162964e-02
6.116419434547424316e-01
1.414879262447357178e-01
8.782258629798889160e-02
4.353576600551605225e-01
3.295010626316070557e-01
8.864939212799072266e-02
3.076175749301910400e-01
2.753346562385559082e-01
1.322973966598510742e-01
4.276461601257324219e-01
2.324501276016235352e-01
4.484227299690246582e-01
2.080588042736053467e-01
1.158834099769592285e-01
2.456251531839370728e-01
4.007217288017272949e-01
4.657362103462219238e-01
3.392411768436431885e-01
3.477437198162078857e-01
1.328469961881637573e-01
2.321839928627014160e-01
4.251227974891662598e-01
3.441688418388366699e-01
1.987844407558441162e-01
4.088529646396636963e-01
6.114428639411926270e-01
3.568129539489746094e-01
3.388811349868774414e-01
4.570501148700714111e-01
3.469791412353515625e-01
1.405475139617919922e-01
4.922112822532653809e-01
3.795005679130554199e-01
5.295829772949218750e-01
2.996216416358947754e-01
4.294982552528381348e-01
4.447979331016540527e-01
4.349065423011779785e-01
5.114819407463073730e-01
4.763441979885101318e-01
3.704241514205932617e-01
5.005335211753845215e-01
4.752839803695678711e-01
5.199136734008789062e-01
4.659965038299560547e-01
4.324961006641387939e-01
2.777450382709503174e-01
4.832039475440979004e-01
5.307055711746215820e-01
4.254721999168395996e-01
4.639652073383331299e-01
3.702190220355987549e-01
4.385429024696350098e-01
1.048120930790901184e-01
4.343912303447723389e-01
4.630073606967926025e-01
4.168447852134704590e-01
2.689485251903533936e-01
4.266822934150695801e-01
4.933493733406066895e-01
4.501703679561614990e-01
2.075275331735610962e-01
3.589905500411987305e-01
3.895617723464965820e-01
4.210506975650787354e-01
4.638878703117370605e-01
4.459957778453826904e-01
3.542178571224212646e-01
5.265119075775146484e-01
3.509564399719238281e-01
1.801579445600509644e-01
4.878557324409484863e-01
4.113219380378723145e-01
3.332087397575378418e-01
4.138713181018829346e-01
3.412282466888427734e-01
4.712866246700286865e-01
5.145523548126220703e-01
4.458357393741607666e-01
3.888117969036102295e-01
6.538732647895812988e-01
3.925047218799591064e-01
3.972892463207244873e-01
4.578546583652496338e-01
5.253925919532775879e-01
3.841030001640319824e-01
5.436375737190246582e-01
4.818908870220184326e-01
5.918195843696594238e-01
5.276294946670532227e-01
5.212393403053283691e-01
4.207300245761871338e-01
4.593684077262878418e-01
5.093274116516113281e-01
4.130794703960418701e-01
4.750677049160003662e-01
5.420891642570495605e-01
4.880936145782470703e-01
3.831002116203308105e-01
5.555981397628784180e-01
3.511956632137298584e-01
5.377612113952636719e-01
5.174466371536254883e-01
6.194632053375244141e-01
5.569392442703247070e-01
5.981999039649963379e-01
5.958144664764404297e-01
4.602055251598358154e-01
4.849724471569061279e-01
4.890145361423492432e-01
3.823252022266387939e-01
4.689418375492095947e-01
5.773072242736816406e-01
4.863847196102142334e-01
1.303606182336807251e-01
5.203291177749633789e-01
5.022271275520324707e-01
5.237208008766174316e-01
5.727446675300598145e-01
6.748628616333007812e-01
5.537725687026977539e-01
5.409515500068664551e-01
5.075523853302001953e-01
5.285087823867797852e-01
5.269173979759216309e-01
4.670127332210540771e-01
5.069997310638427734e-01
6.047272682189941406e-01
4.554646313190460205e-01
4.605217278003692627e-01
3.878544569015502930e-01
4.650594890117645264e-01
6.214868426322937012e-01
4.765792489051818848e-01
5.213524103164672852e-01
5.662077665328979492e-01
3.667626082897186279e-01
2.598081529140472412e-01
5.237902402877807617e-01
6.429640054702758789e-01
4.711143374443054199e-01
2.300404161214828491e-01
4.667314291000366211e-01
5.387627482414245605e-01
6.121222376823425293e-01
5.889530777931213379e-01
6.138058304786682129e-01
5.361357927322387695e-01
6.436926722526550293e-01
5.830918550491333008e-01
5.355952978134155273e-01
1.735620349645614624e-01
3.115285933017730713e-01
4.411325454711914062e-01
4.542700052261352539e-01
4.800785183906555176e-01
3.605906069278717041e-01
5.959352254867553711e-01
4.921437501907348633e-01
4.987937808036804199e-01
2.208521962165832520e-01
5.733448863029479980e-01
5.129877328872680664e-01
4.911031723022460938e-01
5.052462220191955566e-01
5.443322658538818359e-01
5.569437146186828613e-01
3.888823688030242920e-01
5.808738470077514648e-01
4.529778957366943359e-01
4.875362813472747803e-01
6.076232194900512695e-01
5.466010570526123047e-01
5.184965729713439941e-01
5.010802745819091797e-01
3.507555425167083740e-01
4.522553458809852600e-02
7.939690351486206055e-02
1.654686629772186279e-01
4.227856993675231934e-01
5.287345871329307556e-02
1.617974191904067993e-01
5.960260629653930664e-01
3.231739699840545654e-01
3.316692411899566650e-01
2.007358372211456299e-01
3.468742370605468750e-01
6.876632571220397949e-02
6.008867025375366211e-01
2.300564646720886230e-01
6.353979557752609253e-02
1.294052898883819580e-01
1.669493913650512695e-01
2.019152492284774780e-01
2.792020142078399658e-02
3.392044603824615479e-01
2.902792096138000488e-01
3.575044497847557068e-02
1.032941490411758423e-01
5.061075091361999512e-01
1.177846565842628479e-01
5.463613867759704590e-01
3.248778283596038818e-01
1.068334951996803284e-01
2.264816313982009888e-01
3.763261437416076660e-01
4.435621201992034912e-01
2.114399820566177368e-01
1.690620034933090210e-01
2.778870426118373871e-02
4.146082699298858643e-01
2.787243127822875977e-01
4.566702544689178467e-01
1.618167161941528320e-01
7.703128457069396973e-02
2.572820782661437988e-01
2.699853777885437012e-01
1.474711149930953979e-01
1.445032954216003418e-01
1.118934005498886108e-01
5.916222333908081055e-01
2.576264142990112305e-01
1.961283683776855469e-01
4.685611426830291748e-01
4.296034574508666992e-01
5.258008241653442383e-01
5.342137813568115234e-01
4.405741691589355469e-01
5.498460531234741211e-01
3.775378763675689697e-01
5.389970541000366211e-01
4.515775740146636963e-01
5.842404365539550781e-01
7.146680951118469238e-01
4.317378699779510498e-01
3.289322853088378906e-01
2.632360756397247314e-01
5.046659111976623535e-01
5.316820740699768066e-01
3.920876085758209229e-01
4.678080081939697266e-01
6.330285072326660156e-01
4.985833466053009033e-01
5.375847816467285156e-01
5.194212794303894043e-01
4.327257573604583740e-01
2.636817395687103271e-01
4.015899300575256348e-01
2.042991667985916138e-01
5.323812365531921387e-01
4.295053184032440186e-01
5.895793437957763672e-01
4.685257077217102051e-01
4.328258335590362549e-01
4.372022449970245361e-01
4.845280647277832031e-01
6.922819018363952637e-01
5.892064571380615234e-01
4.327225089073181152e-01
5.464831590652465820e-01
5.293577313423156738e-01
5.367019772529602051e-01
7.508697509765625000e-01
5.152473449707031250e-01
5.436162352561950684e-01
4.908969402313232422e-01
4.172705113887786865e-01
4.100309014320373535e-01
4.682044684886932373e-01
4.313554465770721436e-01
4.845341444015502930e-01
3.155434727668762207e-01
5.095561146736145020e-01
5.453908443450927734e-01
5.614594221115112305e-01
6.604062914848327637e-01
5.518954396247863770e-01
5.404650568962097168e-01
5.937621593475341797e-01
2.261448055505752563e-01
4.379170835018157959e-01
5.510604381561279297e-01
5.100642442703247070e-01
4.781520664691925049e-01
2.867773771286010742e-01
2.155966609716415405e-01
4.258891046047210693e-01
3.505335152149200439e-01
7.203774154186248779e-02
2.300215959548950195e-01
4.202241897583007812e-01
3.776945471763610840e-01
4.863267838954925537e-01
6.444962620735168457e-01
2.153635174036026001e-01
5.242575407028198242e-01
1.559380739927291870e-01
3.943092823028564453e-01
5.324194431304931641e-01
1.760813295841217041e-01
2.270634919404983521e-01
3.567754626274108887e-01
4.089587926864624023e-01
3.335207402706146240e-01
4.029031097888946533e-01
5.260803103446960449e-01
5.726675391197204590e-01
5.733369588851928711e-01
4.266968667507171631e-01
4.946201741695404053e-01
2.079518586397171021e-01
2.955898940563201904e-01
5.860769003629684448e-02
4.499667584896087646e-01
1.028106510639190674e-01
5.428308248519897461e-01
4.537091851234436035e-01
4.476884901523590088e-01
4.332446157932281494e-01
1.095795333385467529e-01
2.923541069030761719e-01
4.533371031284332275e-01
2.635553777217864990e-01
4.795983135700225830e-01
3.568280637264251709e-01
2.492615133523941040e-01
2.753114998340606689e-01
3.884907960891723633e-01
3.051142990589141846e-01
2.259390950202941895e-01
3.681415915489196777e-01
4.975439012050628662e-01
2.576739490032196045e-01
9.224342554807662964e-02
3.613410592079162598e-01
3.750551640987396240e-01
4.782267510890960693e-01
3.211890757083892822e-01
3.288596868515014648e-01
3.454975783824920654e-01
2.722437381744384766e-01
3.753738105297088623e-01
3.902802765369415283e-01
4.921118915081024170e-01
4.911116957664489746e-01
2.315053194761276245e-01
5.267316102981567383e-01
7.715397328138351440e-02
9.849156439304351807e-02
3.712816238403320312e-01
3.731480240821838379e-01
5.345043540000915527e-02
2.592862248420715332e-01
1.961804181337356567e-01
5.528004169464111328e-01
1.052453182637691498e-03
3.155124485492706299e-01
1.758957356214523315e-01
3.265377283096313477e-01
