8.764650225639343262e-01
8.764650225639343262e-01
8.764650225639343262e-01
8.764650225639343262e-01
8.764650225639343262e-01
8.764557838439941406e-01
8.764650225639343262e-01
8.764650225639343262e-01
8.764650225639343262e-01
8.764650225639343262e-01
8.155209422111511230e-01
8.764650225639343262e-01
8.764650225639343262e-01
8.764650225639343262e-01
8.764650225639343262e-01
8.764650225639343262e-01
8.764650225639343262e-01
8.764650225639343262e-01
8.634357452392578125e-01
8.764650225639343262e-01
8.764650225639343262e-01
8.764650225639343262e-01
8.764650225639343262e-01
8.764650225639343262e-01
8.764650225639343262e-01
8.764650225639343262e-01
8.764650225639343262e-01
8.764650225639343262e-01
8.764650225639343262e-01
8.764650225639343262e-01
8.764650225639343262e-01
8.750149011611938477e-01
8.740427494049072266e-01
5.312973260879516602e-01
8.764650225639343262e-01
8.764650225639343262e-01
8.764650225639343262e-01
8.764650225639343262e-01
8.764650225639343262e-01
8.764650225639343262e-01
8.764650225639343262e-01
8.764650225639343262e-01
8.764650225639343262e-01
8.764433860778808594e-01
8.764650225639343262e-01
8.764650225639343262e-01
8.764650225639343262e-01
8.764650225639343262e-01
4.199068248271942139e-01
8.764650225639343262e-01
8.764650225639343262e-01
8.764650225639343262e-01
8.764650225639343262e-01
4.199068248271942139e-01
8.764650225639343262e-01
8.764650225639343262e-01
8.764650225639343262e-01
8.764650225639343262e-01
8.764650225639343262e-01
8.764650225639343262e-01
8.764650225639343262e-01
8.764650225639343262e-01
8.764650225639343262e-01
8.764650225639343262e-01
8.764650225639343262e-01
4.199068248271942139e-01
8.764650225639343262e-01
8.764650225639343262e-01
8.764650225639343262e-01
8.764650225639343262e-01
8.764650225639343262e-01
8.764650225639343262e-01
8.764650225639343262e-01
8.764650225639343262e-01
8.764650225639343262e-01
4.199068248271942139e-01
4.199068248271942139e-01
4.199068248271942139e-01
4.199068248271942139e-01
4.199068248271942139e-01
4.199068248271942139e-01
4.199068248271942139e-01
4.199068248271942139e-01
4.199068248271942139e-01
4.199068248271942139e-01
4.199068248271942139e-01
4.199068248271942139e-01
4.199068248271942139e-01
4.199068248271942139e-01
4.199068248271942139e-01
4.199068248271942139e-01
4.199068248271942139e-01
4.199068248271942139e-01
4.199068248271942139e-01
4.199068248271942139e-01
4.199068248271942139e-01
4.199068248271942139e-01
4.199068248271942139e-01
4.199068248271942139e-01
4.199068248271942139e-01
4.199068248271942139e-01
4.199068248271942139e-01
4.199068248271942139e-01
4.199068248271942139e-01
4.199068248271942139e-01
4.199068248271942139e-01
4.199068248271942139e-01
4.199068248271942139e-01
4.199068248271942139e-01
4.199068248271942139e-01
4.199068248271942139e-01
4.199068248271942139e-01
4.199068248271942139e-01
4.199068248271942139e-01
4.199068248271942139e-01
4.199068248271942139e-01
4.199068248271942139e-01
4.199068248271942139e-01
4.199068248271942139e-01
4.199068248271942139e-01
4.199068248271942139e-01
4.199068248271942139e-01
4.199068248271942139e-01
4.199068248271942139e-01
4.199068248271942139e-01
4.199068248271942139e-01
4.199068248271942139e-01
4.199068248271942139e-01
4.199068248271942139e-01
4.199068248271942139e-01
4.199068248271942139e-01
4.199068248271942139e-01
4.199068248271942139e-01
4.199068248271942139e-01
4.199068248271942139e-01
4.199068248271942139e-01
4.199068248271942139e-01
4.199068248271942139e-01
4.199068248271942139e-01
4.199068248271942139e-01
4.199068248271942139e-01
4.199068248271942139e-01
4.199068248271942139e-01
4.199068248271942139e-01
4.199068248271942139e-01
4.199068248271942139e-01
4.199068248271942139e-01
4.199068248271942139e-01
4.199068248271942139e-01
4.199068248271942139e-01
4.199068248271942139e-01
4.199068248271942139e-01
4.199068248271942139e-01
4.199068248271942139e-01
4.199068248271942139e-01
4.199068248271942139e-01
4.199068248271942139e-01
4.199068248271942139e-01
4.199068248271942139e-01
4.199068248271942139e-01
4.199068248271942139e-01
4.199068248271942139e-01
4.199068248271942139e-01
4.199068248271942139e-01
4.199068248271942139e-01
4.199068248271942139e-01
4.199068248271942139e-01
4.199068248271942139e-01
4.199068248271942139e-01
4.199068248271942139e-01
4.199068248271942139e-01
4.199068248271942139e-01
4.199068248271942139e-01
4.199068248271942139e-01
4.199068248271942139e-01
4.199068248271942139e-01
4.199068248271942139e-01
4.199068248271942139e-01
4.199068248271942139e-01
4.199068248271942139e-01
4.199068248271942139e-01
4.199068248271942139e-01
4.199068248271942139e-01
4.199068248271942139e-01
4.199068248271942139e-01
4.199068248271942139e-01
4.199068248271942139e-01
4.199068248271942139e-01
4.199068248271942139e-01
4.199068248271942139e-01
4.199068248271942139e-01
4.199068248271942139e-01
4.199068248271942139e-01
4.199068248271942139e-01
4.199068248271942139e-01
4.199068248271942139e-01
4.199068248271942139e-01
4.199068248271942139e-01
4.199068248271942139e-01
4.199068248271942139e-01
4.199068248271942139e-01
4.199068248271942139e-01
4.199068248271942139e-01
4.199068248271942139e-01
4.199068248271942139e-01
4.199068248271942139e-01
4.199068248271942139e-01
4.199068248271942139e-01
4.199068248271942139e-01
4.199068248271942139e-01
4.199068248271942139e-01
4.199068248271942139e-01
4.199068248271942139e-01
4.199068248271942139e-01
4.199068248271942139e-01
4.199068248271942139e-01
4.199068248271942139e-01
4.199068248271942139e-01
4.199068248271942139e-01
4.199068248271942139e-01
4.199068248271942139e-01
4.199068248271942139e-01
4.199068248271942139e-01
4.199068248271942139e-01
4.199068248271942139e-01
4.199068248271942139e-01
4.199068248271942139e-01
4.199068248271942139e-01
4.199068248271942139e-01
4.199068248271942139e-01
4.199068248271942139e-01
4.199068248271942139e-01
4.199068248271942139e-01
4.199068248271942139e-01
4.199068248271942139e-01
4.199068248271942139e-01
4.199068248271942139e-01
4.199068248271942139e-01
4.199068248271942139e-01
4.199068248271942139e-01
4.199068248271942139e-01
4.199068248271942139e-01
4.199068248271942139e-01
4.199068248271942139e-01
4.199068248271942139e-01
4.199068248271942139e-01
8.764650225639343262e-01
8.764650225639343262e-01
8.764650225639343262e-01
4.199068248271942139e-01
4.199068248271942139e-01
8.764650225639343262e-01
5.811209082603454590e-01
8.764650225639343262e-01
4.199068248271942139e-01
8.764650225639343262e-01
8.764650225639343262e-01
5.811209082603454590e-01
8.764650225639343262e-01
8.764650225639343262e-01
8.764650225639343262e-01
8.764650225639343262e-01
4.199068248271942139e-01
4.199068248271942139e-01
4.199068248271942139e-01
8.764650225639343262e-01
8.764650225639343262e-01
8.764650225639343262e-01
4.199068248271942139e-01
8.764650225639343262e-01
8.764650225639343262e-01
8.764650225639343262e-01
4.199068248271942139e-01
8.217819333076477051e-01
8.764650225639343262e-01
8.764650225639343262e-01
8.764650225639343262e-01
8.764650225639343262e-01
8.764650225639343262e-01
8.764650225639343262e-01
8.764650225639343262e-01
8.764650225639343262e-01
4.199068248271942139e-01
4.199068248271942139e-01
4.199068248271942139e-01
8.764650225639343262e-01
8.764650225639343262e-01
8.764650225639343262e-01
8.764650225639343262e-01
8.764650225639343262e-01
8.764650225639343262e-01
8.764650225639343262e-01
4.199068248271942139e-01
4.199068248271942139e-01
8.764650225639343262e-01
8.764650225639343262e-01
8.764650225639343262e-01
8.764650225639343262e-01
8.764650225639343262e-01
8.764650225639343262e-01
8.764650225639343262e-01
8.764650225639343262e-01
8.764650225639343262e-01
4.199068248271942139e-01
4.199068248271942139e-01
8.764650225639343262e-01
5.811209082603454590e-01
4.199068248271942139e-01
8.764650225639343262e-01
8.764650225639343262e-01
4.199068248271942139e-01
8.761255741119384766e-01
4.199068248271942139e-01
8.764650225639343262e-01
8.764650225639343262e-01
8.764650225639343262e-01
4.199068248271942139e-01
8.764650225639343262e-01
8.764650225639343262e-01
4.199068248271942139e-01
4.199068248271942139e-01
8.764650225639343262e-01
4.199068248271942139e-01
8.254576921463012695e-01
4.199068248271942139e-01
4.199068248271942139e-01
8.764650225639343262e-01
4.199068248271942139e-01
4.199068248271942139e-01
8.764650225639343262e-01
4.199068248271942139e-01
4.199068248271942139e-01
4.199068248271942139e-01
4.199068248271942139e-01
4.199068248271942139e-01
8.764650225639343262e-01
8.764650225639343262e-01
4.199068248271942139e-01
4.199068248271942139e-01
4.199068248271942139e-01
8.764650225639343262e-01
4.199068248271942139e-01
4.199068248271942139e-01
8.764650225639343262e-01
4.199068248271942139e-01
4.199068248271942139e-01
4.199068248271942139e-01
8.764650225639343262e-01
8.764650225639343262e-01
4.199068248271942139e-01
8.764650225639343262e-01
4.199068248271942139e-01
8.764650225639343262e-01
4.199068248271942139e-01
4.199068248271942139e-01
4.199068248271942139e-01
4.199068248271942139e-01
4.199068248271942139e-01
8.764650225639343262e-01
4.199068248271942139e-01
4.199068248271942139e-01
4.199068248271942139e-01
4.199068248271942139e-01
4.199068248271942139e-01
4.199068248271942139e-01
4.199068248271942139e-01
4.199068248271942139e-01
4.199068248271942139e-01
4.199068248271942139e-01
4.199068248271942139e-01
4.199068248271942139e-01
4.199068248271942139e-01
4.199068248271942139e-01
4.199068248271942139e-01
4.199068248271942139e-01
4.199068248271942139e-01
4.199068248271942139e-01
4.199068248271942139e-01
4.199068248271942139e-01
4.199068248271942139e-01
4.199068248271942139e-01
4.199068248271942139e-01
4.199068248271942139e-01
4.199068248271942139e-01
4.199068248271942139e-01
4.199068248271942139e-01
4.199068248271942139e-01
4.199068248271942139e-01
4.199068248271942139e-01
4.199068248271942139e-01
4.199068248271942139e-01
4.199068248271942139e-01
4.199068248271942139e-01
4.199068248271942139e-01
4.199068248271942139e-01
4.199068248271942139e-01
4.199068248271942139e-01
4.199068248271942139e-01
4.199068248271942139e-01
4.199068248271942139e-01
4.199068248271942139e-01
4.199068248271942139e-01
4.199068248271942139e-01
4.199068248271942139e-01
4.199068248271942139e-01
4.199068248271942139e-01
4.199068248271942139e-01
4.199068248271942139e-01
4.199068248271942139e-01
4.199068248271942139e-01
4.199068248271942139e-01
4.199068248271942139e-01
4.199068248271942139e-01
4.199068248271942139e-01
4.199068248271942139e-01
4.199068248271942139e-01
4.199068248271942139e-01
4.199068248271942139e-01
4.199068248271942139e-01
4.199068248271942139e-01
4.199068248271942139e-01
4.199068248271942139e-01
4.199068248271942139e-01
4.199068248271942139e-01
4.199068248271942139e-01
4.199068248271942139e-01
8.764650225639343262e-01
8.764650225639343262e-01
8.764595985412597656e-01
4.199068248271942139e-01
8.764650225639343262e-01
8.764650225639343262e-01
8.764650225639343262e-01
8.764650225639343262e-01
8.764650225639343262e-01
8.764650225639343262e-01
8.764640688896179199e-01
8.764650225639343262e-01
8.764650225639343262e-01
8.764650225639343262e-01
8.764650225639343262e-01
8.764650225639343262e-01
8.764650225639343262e-01
8.764650225639343262e-01
6.340360641479492188e-01
8.764650225639343262e-01
8.764650225639343262e-01
8.764650225639343262e-01
8.764650225639343262e-01
8.764650225639343262e-01
8.764650225639343262e-01
8.764650225639343262e-01
8.764650225639343262e-01
4.199068248271942139e-01
8.764650225639343262e-01
8.764650225639343262e-01
8.764454722404479980e-01
8.764650225639343262e-01
8.764650225639343262e-01
8.764650225639343262e-01
8.764650225639343262e-01
8.764650225639343262e-01
8.764650225639343262e-01
8.764441013336181641e-01
8.764650225639343262e-01
8.764650225639343262e-01
5.965703129768371582e-01
8.764650225639343262e-01
8.764650225639343262e-01
8.764650225639343262e-01
4.199068248271942139e-01
8.441646695137023926e-01
8.764650225639343262e-01
8.764650225639343262e-01
8.764650225639343262e-01
8.764650225639343262e-01
8.764650225639343262e-01
8.764650225639343262e-01
8.764650225639343262e-01
4.199068248271942139e-01
8.764650225639343262e-01
8.764650225639343262e-01
8.764650225639343262e-01
8.764650225639343262e-01
8.764650225639343262e-01
8.764650225639343262e-01
8.764650225639343262e-01
8.764650225639343262e-01
8.764650225639343262e-01
8.361997008323669434e-01
8.202322721481323242e-01
8.764650225639343262e-01
8.764650225639343262e-01
8.764650225639343262e-01
4.199068248271942139e-01
8.764650225639343262e-01
4.199068248271942139e-01
8.764650225639343262e-01
8.764650225639343262e-01
8.745410442352294922e-01
4.199068248271942139e-01
4.199068248271942139e-01
4.199068248271942139e-01
8.716139793395996094e-01
4.199068248271942139e-01
4.199068248271942139e-01
8.327786922454833984e-01
4.199068248271942139e-01
4.199068248271942139e-01
8.752353191375732422e-01
4.199068248271942139e-01
4.199068248271942139e-01
8.764107823371887207e-01
4.199068248271942139e-01
4.199068248271942139e-01
4.199068248271942139e-01
4.199068248271942139e-01
6.310610771179199219e-01
8.735148906707763672e-01
4.199068248271942139e-01
4.199068248271942139e-01
4.199068248271942139e-01
4.199068248271942139e-01
4.199068248271942139e-01
4.199068248271942139e-01
6.002479791641235352e-01
4.199068248271942139e-01
4.199068248271942139e-01
4.199068248271942139e-01
4.199068248271942139e-01
8.715733885765075684e-01
4.199068248271942139e-01
4.199068248271942139e-01
4.199068248271942139e-01
4.199068248271942139e-01
8.764650225639343262e-01
8.750901222229003906e-01
8.764454722404479980e-01
8.757973909378051758e-01
4.199068248271942139e-01
8.764650225639343262e-01
4.199068248271942139e-01
4.199068248271942139e-01
8.763665556907653809e-01
5.862054228782653809e-01
4.199068248271942139e-01
4.199068248271942139e-01
4.199068248271942139e-01
4.199068248271942139e-01
4.199068248271942139e-01
4.199068248271942139e-01
6.294328570365905762e-01
8.749567270278930664e-01
4.199068248271942139e-01
4.199068248271942139e-01
4.199068248271942139e-01
8.674669861793518066e-01
4.199068248271942139e-01
4.199068248271942139e-01
6.956156492233276367e-01
8.364344835281372070e-01
4.199068248271942139e-01
4.199068248271942139e-01
4.199068248271942139e-01
8.630404472351074219e-01
4.199068248271942139e-01
4.199068248271942139e-01
8.762446641921997070e-01
4.199068248271942139e-01
4.199068248271942139e-01
8.755575418472290039e-01
4.199068248271942139e-01
4.199068248271942139e-01
4.199068248271942139e-01
7.115319967269897461e-01
4.199068248271942139e-01
4.199068248271942139e-01
4.199068248271942139e-01
4.199068248271942139e-01
4.199068248271942139e-01
4.199068248271942139e-01
4.199068248271942139e-01
4.199068248271942139e-01
4.199068248271942139e-01
4.199068248271942139e-01
4.199068248271942139e-01
4.199068248271942139e-01
4.199068248271942139e-01
4.199068248271942139e-01
4.199068248271942139e-01
4.199068248271942139e-01
4.199068248271942139e-01
4.199068248271942139e-01
4.199068248271942139e-01
4.199068248271942139e-01
4.199068248271942139e-01
4.199068248271942139e-01
4.199068248271942139e-01
4.199068248271942139e-01
4.199068248271942139e-01
4.199068248271942139e-01
4.199068248271942139e-01
4.199068248271942139e-01
4.199068248271942139e-01
4.199068248271942139e-01
4.199068248271942139e-01
4.199068248271942139e-01
4.199068248271942139e-01
4.199068248271942139e-01
4.199068248271942139e-01
4.199068248271942139e-01
4.199068248271942139e-01
4.199068248271942139e-01
4.199068248271942139e-01
4.199068248271942139e-01
4.199068248271942139e-01
4.199068248271942139e-01
4.199068248271942139e-01
4.199068248271942139e-01
4.199068248271942139e-01
4.199068248271942139e-01
4.199068248271942139e-01
4.199068248271942139e-01
4.199068248271942139e-01
4.199068248271942139e-01
4.199068248271942139e-01
4.199068248271942139e-01
4.199068248271942139e-01
4.199068248271942139e-01
4.199068248271942139e-01
4.199068248271942139e-01
4.199068248271942139e-01
4.199068248271942139e-01
4.199068248271942139e-01
4.199068248271942139e-01
4.199068248271942139e-01
4.199068248271942139e-01
4.199068248271942139e-01
4.199068248271942139e-01
4.199068248271942139e-01
4.199068248271942139e-01
4.199068248271942139e-01
4.199068248271942139e-01
4.199068248271942139e-01
4.199068248271942139e-01
4.199068248271942139e-01
4.199068248271942139e-01
4.199068248271942139e-01
4.199068248271942139e-01
4.199068248271942139e-01
4.199068248271942139e-01
4.199068248271942139e-01
4.199068248271942139e-01
4.199068248271942139e-01
4.199068248271942139e-01
4.199068248271942139e-01
4.199068248271942139e-01
4.199068248271942139e-01
4.199068248271942139e-01
4.199068248271942139e-01
4.199068248271942139e-01
4.199068248271942139e-01
4.199068248271942139e-01
4.199068248271942139e-01
4.199068248271942139e-01
4.199068248271942139e-01
4.199068248271942139e-01
4.199068248271942139e-01
4.199068248271942139e-01
4.199068248271942139e-01
4.199068248271942139e-01
4.199068248271942139e-01
4.199068248271942139e-01
4.199068248271942139e-01
4.199068248271942139e-01
4.199068248271942139e-01
4.199068248271942139e-01
4.199068248271942139e-01
4.199068248271942139e-01
4.199068248271942139e-01
4.199068248271942139e-01
4.199068248271942139e-01
4.199068248271942139e-01
4.199068248271942139e-01
4.199068248271942139e-01
4.199068248271942139e-01
4.199068248271942139e-01
4.199068248271942139e-01
4.199068248271942139e-01
4.199068248271942139e-01
4.199068248271942139e-01
4.199068248271942139e-01
4.199068248271942139e-01
4.199068248271942139e-01
4.199068248271942139e-01
4.199068248271942139e-01
4.199068248271942139e-01
4.199068248271942139e-01
4.199068248271942139e-01
4.199068248271942139e-01
4.199068248271942139e-01
4.199068248271942139e-01
4.199068248271942139e-01
4.199068248271942139e-01
4.199068248271942139e-01
4.199068248271942139e-01
4.199068248271942139e-01
4.199068248271942139e-01
4.199068248271942139e-01
4.199068248271942139e-01
4.199068248271942139e-01
4.199068248271942139e-01
4.199068248271942139e-01
4.199068248271942139e-01
4.199068248271942139e-01
4.199068248271942139e-01
4.199068248271942139e-01
4.199068248271942139e-01
4.199068248271942139e-01
4.199068248271942139e-01
4.199068248271942139e-01
4.199068248271942139e-01
4.199068248271942139e-01
4.199068248271942139e-01
4.199068248271942139e-01
4.199068248271942139e-01
4.199068248271942139e-01
4.199068248271942139e-01
4.199068248271942139e-01
4.199068248271942139e-01
4.199068248271942139e-01
4.199068248271942139e-01
4.199068248271942139e-01
4.199068248271942139e-01
4.199068248271942139e-01
4.199068248271942139e-01
4.199068248271942139e-01
4.199068248271942139e-01
4.199068248271942139e-01
4.199068248271942139e-01
4.199068248271942139e-01
4.199068248271942139e-01
4.199068248271942139e-01
4.199068248271942139e-01
4.199068248271942139e-01
4.199068248271942139e-01
4.199068248271942139e-01
4.199068248271942139e-01
4.199068248271942139e-01
4.199068248271942139e-01
4.199068248271942139e-01
4.199068248271942139e-01
4.199068248271942139e-01
4.199068248271942139e-01
4.199068248271942139e-01
4.199068248271942139e-01
5.811209082603454590e-01
4.199068248271942139e-01
4.199068248271942139e-01
4.199068248271942139e-01
8.616209626197814941e-01
4.199068248271942139e-01
4.199068248271942139e-01
4.199068248271942139e-01
4.199068248271942139e-01
4.199068248271942139e-01
4.199068248271942139e-01
4.199068248271942139e-01
4.199068248271942139e-01
4.199068248271942139e-01
4.199068248271942139e-01
4.199068248271942139e-01
4.199068248271942139e-01
4.199068248271942139e-01
5.811209082603454590e-01
4.199068248271942139e-01
4.199068248271942139e-01
4.199068248271942139e-01
4.199068248271942139e-01
4.199068248271942139e-01
4.199068248271942139e-01
4.199068248271942139e-01
4.199068248271942139e-01
4.199068248271942139e-01
4.199068248271942139e-01
4.199068248271942139e-01
4.199068248271942139e-01
4.199068248271942139e-01
4.199068248271942139e-01
4.199068248271942139e-01
4.199068248271942139e-01
4.199068248271942139e-01
4.199068248271942139e-01
4.199068248271942139e-01
4.199068248271942139e-01
4.199068248271942139e-01
4.199068248271942139e-01
4.199068248271942139e-01
4.199068248271942139e-01
4.199068248271942139e-01
4.199068248271942139e-01
4.199068248271942139e-01
4.199068248271942139e-01
4.199068248271942139e-01
4.199068248271942139e-01
4.199068248271942139e-01
4.199068248271942139e-01
4.199068248271942139e-01
4.199068248271942139e-01
4.199068248271942139e-01
4.199068248271942139e-01
4.199068248271942139e-01
4.199068248271942139e-01
4.199068248271942139e-01
4.199068248271942139e-01
4.199068248271942139e-01
4.199068248271942139e-01
4.199068248271942139e-01
4.199068248271942139e-01
4.199068248271942139e-01
4.199068248271942139e-01
4.199068248271942139e-01
4.199068248271942139e-01
4.199068248271942139e-01
4.199068248271942139e-01
4.199068248271942139e-01
4.199068248271942139e-01
4.199068248271942139e-01
4.199068248271942139e-01
4.199068248271942139e-01
4.199068248271942139e-01
4.199068248271942139e-01
4.199068248271942139e-01
4.199068248271942139e-01
4.199068248271942139e-01
4.199068248271942139e-01
4.199068248271942139e-01
4.199068248271942139e-01
4.199068248271942139e-01
4.199068248271942139e-01
4.199068248271942139e-01
4.199068248271942139e-01
8.254576921463012695e-01
4.199068248271942139e-01
4.199068248271942139e-01
4.199068248271942139e-01
4.199068248271942139e-01
4.199068248271942139e-01
4.199068248271942139e-01
4.199068248271942139e-01
4.199068248271942139e-01
4.199068248271942139e-01
4.199068248271942139e-01
4.199068248271942139e-01
4.199068248271942139e-01
4.199068248271942139e-01
4.199068248271942139e-01
4.199068248271942139e-01
4.199068248271942139e-01
4.199068248271942139e-01
4.199068248271942139e-01
4.199068248271942139e-01
4.199068248271942139e-01
4.199068248271942139e-01
4.199068248271942139e-01
4.199068248271942139e-01
4.199068248271942139e-01
4.199068248271942139e-01
4.199068248271942139e-01
4.199068248271942139e-01
4.199068248271942139e-01
4.199068248271942139e-01
4.199068248271942139e-01
4.199068248271942139e-01
4.199068248271942139e-01
4.199068248271942139e-01
4.199068248271942139e-01
4.199068248271942139e-01
4.199068248271942139e-01
4.199068248271942139e-01
4.199068248271942139e-01
4.199068248271942139e-01
4.199068248271942139e-01
4.199068248271942139e-01
4.199068248271942139e-01
4.199068248271942139e-01
4.199068248271942139e-01
4.199068248271942139e-01
4.199068248271942139e-01
4.199068248271942139e-01
4.199068248271942139e-01
4.199068248271942139e-01
4.199068248271942139e-01
4.199068248271942139e-01
4.199068248271942139e-01
4.199068248271942139e-01
4.199068248271942139e-01
4.199068248271942139e-01
4.199068248271942139e-01
4.199068248271942139e-01
4.199068248271942139e-01
4.199068248271942139e-01
4.199068248271942139e-01
4.199068248271942139e-01
4.199068248271942139e-01
4.199068248271942139e-01
4.199068248271942139e-01
4.199068248271942139e-01
4.199068248271942139e-01
4.199068248271942139e-01
4.199068248271942139e-01
4.199068248271942139e-01
4.199068248271942139e-01
4.199068248271942139e-01
4.199068248271942139e-01
4.199068248271942139e-01
4.199068248271942139e-01
4.199068248271942139e-01
4.199068248271942139e-01
4.199068248271942139e-01
4.199068248271942139e-01
4.199068248271942139e-01
4.199068248271942139e-01
4.199068248271942139e-01
4.199068248271942139e-01
4.199068248271942139e-01
4.199068248271942139e-01
4.199068248271942139e-01
8.639599680900573730e-01
4.199068248271942139e-01
4.199068248271942139e-01
4.199068248271942139e-01
4.199068248271942139e-01
4.199068248271942139e-01
4.199068248271942139e-01
4.199068248271942139e-01
4.199068248271942139e-01
4.199068248271942139e-01
5.692824125289916992e-01
4.199068248271942139e-01
4.199068248271942139e-01
8.745939731597900391e-01
4.199068248271942139e-01
4.199068248271942139e-01
8.363118171691894531e-01
8.264519572257995605e-01
8.764650225639343262e-01
4.199068248271942139e-01
4.199068248271942139e-01
4.199068248271942139e-01
4.199068248271942139e-01
8.764650225639343262e-01
6.488088369369506836e-01
4.199068248271942139e-01
4.199068248271942139e-01
4.199068248271942139e-01
6.488088369369506836e-01
4.199068248271942139e-01
4.199068248271942139e-01
4.199068248271942139e-01
4.199068248271942139e-01
4.199068248271942139e-01
4.199068248271942139e-01
4.199068248271942139e-01
8.658399581909179688e-01
5.965703129768371582e-01
4.199068248271942139e-01
8.264519572257995605e-01
6.340360641479492188e-01
4.199068248271942139e-01
4.199068248271942139e-01
4.199068248271942139e-01
4.199068248271942139e-01
4.199068248271942139e-01
4.199068248271942139e-01
4.199068248271942139e-01
4.199068248271942139e-01
4.199068248271942139e-01
4.199068248271942139e-01
5.965703129768371582e-01
4.199068248271942139e-01
4.199068248271942139e-01
4.199068248271942139e-01
5.965703129768371582e-01
4.199068248271942139e-01
4.199068248271942139e-01
8.355050683021545410e-01
4.199068248271942139e-01
4.199068248271942139e-01
4.199068248271942139e-01
4.199068248271942139e-01
4.199068248271942139e-01
5.745309591293334961e-01
4.199068248271942139e-01
4.199068248271942139e-01
4.199068248271942139e-01
4.199068248271942139e-01
4.199068248271942139e-01
4.199068248271942139e-01
