6.590019464492797852e-01
5.814390778541564941e-01
5.404490232467651367e-01
6.148114204406738281e-01
6.476502418518066406e-01
6.484552621841430664e-01
6.263161301612854004e-01
7.007698416709899902e-01
6.500180959701538086e-01
6.031360626220703125e-01
5.840554237365722656e-01
6.988373994827270508e-01
6.559016704559326172e-01
6.592740416526794434e-01
5.512530207633972168e-01
5.871827602386474609e-01
6.562696695327758789e-01
6.264956593513488770e-01
6.037144660949707031e-01
6.285809874534606934e-01
6.550568342208862305e-01
4.794725477695465088e-01
6.795161962509155273e-01
6.940459609031677246e-01
5.922476649284362793e-01
6.629540920257568359e-01
6.198383569717407227e-01
6.075761914253234863e-01
6.250342130661010742e-01
6.626449823379516602e-01
5.151314139366149902e-01
6.471984386444091797e-01
6.020623445510864258e-01
6.591976881027221680e-01
5.451636314392089844e-01
6.292190551757812500e-01
6.725609302520751953e-01
6.700060963630676270e-01
6.532444953918457031e-01
6.239957213401794434e-01
6.203969717025756836e-01
5.997282862663269043e-01
5.783973336219787598e-01
6.148852109909057617e-01
6.768718361854553223e-01
6.515827775001525879e-01
6.569696068763732910e-01
5.216306447982788086e-01
5.521599054336547852e-01
6.698249578475952148e-01
6.668060421943664551e-01
6.787973046302795410e-01
5.881161093711853027e-01
6.690396070480346680e-01
6.398569941520690918e-01
4.801708757877349854e-01
6.268521547317504883e-01
6.929893493652343750e-01
6.539598107337951660e-01
5.567753314971923828e-01
4.780575037002563477e-01
6.665210127830505371e-01
6.172941327095031738e-01
6.917901039123535156e-01
6.767256855964660645e-01
5.293766856193542480e-01
6.786413788795471191e-01
6.270484924316406250e-01
5.091475844383239746e-01
6.077165603637695312e-01
5.870085954666137695e-01
6.596121191978454590e-01
6.423920989036560059e-01
6.709243059158325195e-01
6.664853096008300781e-01
6.746960878372192383e-01
6.250888705253601074e-01
6.771423220634460449e-01
6.581444740295410156e-01
6.772436499595642090e-01
6.408241987228393555e-01
6.573818325996398926e-01
6.854274272918701172e-01
6.225541234016418457e-01
6.765629649162292480e-01
6.113654375076293945e-01
6.119883060455322266e-01
6.636418700218200684e-01
6.612633466720581055e-01
6.768186092376708984e-01
6.186599135398864746e-01
6.777759790420532227e-01
6.900500655174255371e-01
6.771672368049621582e-01
6.441646218299865723e-01
6.790182590484619141e-01
6.769788861274719238e-01
6.268781423568725586e-01
7.016764879226684570e-01
6.616809368133544922e-01
6.505410075187683105e-01
6.642261743545532227e-01
6.856985092163085938e-01
6.617558598518371582e-01
6.872929930686950684e-01
6.826581358909606934e-01
6.042114496231079102e-01
6.670625805854797363e-01
6.342989206314086914e-01
6.227769851684570312e-01
6.598829627037048340e-01
6.374791860580444336e-01
7.113353013992309570e-01
6.597240567207336426e-01
6.869422793388366699e-01
6.163586378097534180e-01
6.768251657485961914e-01
6.699492931365966797e-01
6.904010772705078125e-01
6.545933485031127930e-01
6.308616995811462402e-01
6.430798172950744629e-01
6.628363728523254395e-01
6.814384460449218750e-01
6.627966761589050293e-01
6.608698964118957520e-01
5.973106622695922852e-01
6.688208580017089844e-01
6.833066940307617188e-01
6.858921647071838379e-01
6.508331298828125000e-01
6.687420010566711426e-01
6.712732911109924316e-01
6.747931838035583496e-01
6.805010437965393066e-01
6.834712624549865723e-01
6.162923574447631836e-01
6.423858404159545898e-01
6.693009734153747559e-01
6.280145049095153809e-01
5.958140492439270020e-01
6.487087607383728027e-01
6.396780014038085938e-01
6.687167882919311523e-01
6.378609538078308105e-01
6.581242084503173828e-01
7.069840431213378906e-01
5.755335688591003418e-01
6.582287549972534180e-01
6.626448035240173340e-01
4.878098368644714355e-01
4.006657302379608154e-01
5.335621237754821777e-01
5.071069598197937012e-01
4.730827212333679199e-01
5.099728107452392578e-01
4.414664208889007568e-01
4.803010821342468262e-01
5.157122611999511719e-01
4.802024662494659424e-01
4.907310605049133301e-01
5.441751480102539062e-01
4.075565934181213379e-01
5.357252359390258789e-01
4.547206461429595947e-01
5.358836650848388672e-01
5.128517746925354004e-01
5.240740180015563965e-01
5.233417153358459473e-01
5.252847075462341309e-01
7.242468595504760742e-01
6.728432774543762207e-01
6.321142911911010742e-01
6.716024875640869141e-01
6.168897747993469238e-01
6.070913076400756836e-01
6.767492294311523438e-01
6.409063935279846191e-01
6.773467659950256348e-01
6.838647127151489258e-01
7.175607681274414062e-01
6.858370900154113770e-01
6.632790565490722656e-01
7.054112553596496582e-01
6.806925535202026367e-01
6.787286400794982910e-01
6.877365112304687500e-01
6.901889443397521973e-01
6.496934294700622559e-01
5.598066449165344238e-01
5.877051353454589844e-01
6.714572310447692871e-01
6.788269877433776855e-01
6.397150754928588867e-01
6.764601469039916992e-01
6.488350033760070801e-01
6.274517178535461426e-01
6.053666472434997559e-01
6.554273962974548340e-01
6.670432090759277344e-01
6.762820482254028320e-01
6.510861515998840332e-01
7.211174368858337402e-01
6.644968390464782715e-01
6.711679697036743164e-01
6.372168660163879395e-01
6.888113617897033691e-01
6.910771131515502930e-01
6.886623501777648926e-01
6.524754762649536133e-01
6.797729134559631348e-01
6.291513442993164062e-01
6.875222921371459961e-01
6.766429543495178223e-01
7.047284245491027832e-01
7.027328610420227051e-01
6.893003582954406738e-01
6.565163135528564453e-01
6.002629995346069336e-01
6.802234053611755371e-01
6.348090767860412598e-01
6.325845122337341309e-01
6.834454536437988281e-01
6.836721301078796387e-01
7.112579941749572754e-01
6.246445775032043457e-01
6.841032505035400391e-01
7.015039324760437012e-01
6.569194793701171875e-01
6.480291485786437988e-01
6.713410615921020508e-01
6.671954989433288574e-01
7.086070179939270020e-01
6.529584527015686035e-01
6.572915315628051758e-01
6.722089052200317383e-01
6.403270959854125977e-01
6.762266755104064941e-01
6.266227960586547852e-01
6.469678282737731934e-01
7.466133832931518555e-01
6.360098719596862793e-01
6.635140180587768555e-01
6.512811779975891113e-01
7.287147045135498047e-01
7.547031044960021973e-01
7.489494085311889648e-01
7.348671555519104004e-01
7.391565442085266113e-01
7.500796914100646973e-01
7.512883543968200684e-01
7.217068672180175781e-01
7.608513236045837402e-01
7.142501473426818848e-01
7.498025894165039062e-01
7.368122339248657227e-01
7.151375412940979004e-01
5.266626477241516113e-01
7.396950125694274902e-01
7.380329370498657227e-01
7.353310585021972656e-01
7.184734940528869629e-01
7.242633700370788574e-01
7.479568719863891602e-01
7.335620522499084473e-01
6.762914657592773438e-01
7.219321727752685547e-01
7.370998263359069824e-01
7.345963120460510254e-01
7.414387464523315430e-01
7.390748262405395508e-01
7.097437977790832520e-01
7.580494284629821777e-01
6.792671084403991699e-01
7.211447358131408691e-01
7.336686849594116211e-01
7.161106467247009277e-01
7.331043481826782227e-01
7.272309660911560059e-01
6.938588619232177734e-01
7.259902358055114746e-01
7.213880419731140137e-01
6.827729344367980957e-01
6.458336114883422852e-01
7.363374233245849609e-01
7.245154976844787598e-01
7.369678020477294922e-01
7.160888314247131348e-01
7.270342111587524414e-01
7.275735139846801758e-01
7.002531886100769043e-01
7.273434996604919434e-01
7.264539003372192383e-01
7.015603184700012207e-01
7.318017482757568359e-01
7.626898884773254395e-01
7.484449744224548340e-01
7.331110239028930664e-01
7.164887785911560059e-01
7.449136376380920410e-01
6.800820827484130859e-01
7.354395389556884766e-01
7.554703354835510254e-01
7.351776361465454102e-01
6.938177943229675293e-01
7.142551541328430176e-01
7.283967733383178711e-01
7.259701490402221680e-01
7.472100257873535156e-01
7.297081947326660156e-01
7.748247385025024414e-01
7.449495792388916016e-01
6.978148221969604492e-01
7.279872894287109375e-01
7.228647470474243164e-01
7.389856576919555664e-01
7.337942123413085938e-01
7.604525685310363770e-01
7.243261933326721191e-01
5.868147015571594238e-01
6.342002749443054199e-01
6.865606904029846191e-01
5.911716222763061523e-01
7.084592580795288086e-01
6.705440878868103027e-01
5.898183584213256836e-01
6.678683757781982422e-01
5.329631567001342773e-01
6.153833270072937012e-01
7.020386457443237305e-01
3.365155458450317383e-01
6.263070106506347656e-01
5.910407304763793945e-01
5.290246605873107910e-01
6.754940152168273926e-01
7.152128815650939941e-01
6.384564042091369629e-01
6.564232110977172852e-01
5.989559292793273926e-01
6.440309882164001465e-01
5.943567752838134766e-01
6.600086092948913574e-01
6.656734943389892578e-01
4.460146725177764893e-01
6.657755374908447266e-01
6.582314372062683105e-01
5.821243524551391602e-01
6.282099485397338867e-01
6.865606904029846191e-01
6.704534888267517090e-01
4.635791778564453125e-01
5.702185034751892090e-01
6.468033194541931152e-01
5.984292030334472656e-01
6.008427739143371582e-01
6.746166944503784180e-01
7.215538620948791504e-01
6.404939293861389160e-01
6.706739068031311035e-01
6.540003418922424316e-01
5.903411507606506348e-01
6.982347965240478516e-01
5.907496809959411621e-01
6.510028839111328125e-01
4.564107060432434082e-01
6.523921489715576172e-01
6.904792189598083496e-01
6.911138296127319336e-01
5.648283958435058594e-01
4.881094396114349365e-01
6.760512590408325195e-01
7.353502511978149414e-01
6.859716176986694336e-01
6.643077135086059570e-01
7.072756886482238770e-01
7.098938822746276855e-01
7.074391245841979980e-01
6.435733437538146973e-01
7.029315233230590820e-01
6.646050810813903809e-01
6.745297312736511230e-01
6.119999289512634277e-01
6.758374571800231934e-01
5.605026483535766602e-01
6.349099278450012207e-01
7.019355297088623047e-01
6.850478649139404297e-01
7.103370428085327148e-01
5.764911174774169922e-01
6.386724710464477539e-01
6.867768168449401855e-01
6.823431253433227539e-01
6.990167498588562012e-01
5.910258889198303223e-01
6.949301958084106445e-01
6.458594202995300293e-01
6.649214029312133789e-01
6.951631903648376465e-01
7.072707414627075195e-01
4.899546205997467041e-01
7.061930894851684570e-01
6.340376138687133789e-01
6.933739185333251953e-01
5.836735367774963379e-01
6.549667119979858398e-01
7.304130196571350098e-01
6.578364372253417969e-01
7.295417189598083496e-01
7.047825455665588379e-01
7.160967588424682617e-01
6.630952358245849609e-01
6.364271044731140137e-01
6.684662103652954102e-01
5.048871040344238281e-01
6.822534203529357910e-01
5.555123686790466309e-01
7.138085365295410156e-01
6.587100625038146973e-01
7.177635431289672852e-01
6.680376529693603516e-01
6.783905029296875000e-01
5.954678654670715332e-01
6.516268849372863770e-01
7.190170884132385254e-01
6.438283324241638184e-01
6.554816961288452148e-01
6.052539348602294922e-01
6.824120879173278809e-01
5.599598288536071777e-01
6.308379769325256348e-01
5.128144025802612305e-01
5.823284983634948730e-01
6.429611444473266602e-01
6.455280184745788574e-01
4.932682216167449951e-01
5.326362252235412598e-01
5.767967104911804199e-01
6.524999141693115234e-01
6.420155763626098633e-01
6.298459768295288086e-01
6.095455884933471680e-01
6.758724451065063477e-01
5.882063508033752441e-01
6.330229043960571289e-01
5.726612210273742676e-01
6.318145394325256348e-01
6.783920526504516602e-01
6.487233638763427734e-01
6.411723494529724121e-01
5.807218551635742188e-01
6.636023521423339844e-01
6.626156568527221680e-01
6.551753282546997070e-01
5.983603596687316895e-01
6.835241317749023438e-01
5.456759929656982422e-01
6.357300281524658203e-01
6.908406019210815430e-01
6.233784556388854980e-01
5.536484718322753906e-01
6.705538034439086914e-01
6.708239316940307617e-01
6.480613350868225098e-01
5.886328220367431641e-01
5.806924104690551758e-01
6.158089041709899902e-01
5.966993570327758789e-01
6.276479959487915039e-01
6.712176203727722168e-01
6.705127358436584473e-01
6.284670829772949219e-01
6.335966587066650391e-01
6.943845748901367188e-01
6.727500557899475098e-01
6.702989935874938965e-01
6.046773791313171387e-01
4.434962868690490723e-01
6.204406023025512695e-01
6.908630728721618652e-01
6.031814217567443848e-01
6.071323752403259277e-01
6.789330840110778809e-01
5.385764241218566895e-01
5.926194190979003906e-01
6.616739034652709961e-01
5.706281065940856934e-01
5.676977634429931641e-01
6.004416346549987793e-01
6.124861240386962891e-01
5.439221858978271484e-01
6.565397977828979492e-01
6.642571091651916504e-01
6.133452653884887695e-01
5.249651670455932617e-01
6.318966150283813477e-01
6.028881072998046875e-01
5.138192772865295410e-01
6.182450056076049805e-01
5.867936611175537109e-01
6.705075502395629883e-01
5.553073287010192871e-01
3.814268484711647034e-02
2.087914757430553436e-02
2.155041135847568512e-02
1.983868032693862915e-01
7.511950284242630005e-02
7.209743559360504150e-02
1.629552990198135376e-01
5.477435588836669922e-01
6.665243953466415405e-02
6.014897488057613373e-03
2.338596433401107788e-02
1.585181057453155518e-01
6.072581745684146881e-03
1.428754180669784546e-01
3.569727065041661263e-03
3.233292326331138611e-02
1.047785300761461258e-02
4.059370141476392746e-03
1.546659767627716064e-01
8.457016944885253906e-02
6.355637218803167343e-03
2.839789353311061859e-02
2.024527937173843384e-01
8.501540124416351318e-02
7.776273041963577271e-02
1.324143111705780029e-01
6.709799170494079590e-01
4.864309448748826981e-03
6.116467714309692383e-01
5.738466382026672363e-01
1.489126533269882202e-01
3.705261275172233582e-02
1.198809873312711716e-02
4.358156397938728333e-02
6.378890872001647949e-01
1.327886134386062622e-01
5.852331873029470444e-03
6.322507560253143311e-02
1.106528565287590027e-01
6.621248275041580200e-02
1.533169299364089966e-01
7.637782394886016846e-02
1.667638868093490601e-02
5.620279908180236816e-01
3.076313622295856476e-02
1.987738907337188721e-01
7.091704756021499634e-02
6.142341494560241699e-01
2.808536775410175323e-02
2.409629337489604950e-02
3.148738062009215355e-03
7.007008790969848633e-02
1.784448772668838501e-01
7.272917032241821289e-02
4.509516358375549316e-01
8.742122910916805267e-03
3.665538504719734192e-03
6.300457715988159180e-01
2.437528036534786224e-02
7.382431626319885254e-02
1.913893818855285645e-01
5.204039812088012695e-01
2.284803539514541626e-01
2.821012437343597412e-01
1.697769612073898315e-01
3.932709619402885437e-02
2.131793648004531860e-01
1.179798617959022522e-01
2.561185956001281738e-01
2.852984964847564697e-01
2.412453442811965942e-01
2.476826123893260956e-02
3.024809956550598145e-01
3.490050435066223145e-01
2.881897799670696259e-02
2.543083429336547852e-01
3.058636188507080078e-01
4.956574141979217529e-01
3.935457020998001099e-02
4.626271128654479980e-02
2.928774356842041016e-01
2.564267218112945557e-01
2.887205183506011963e-01
2.151124775409698486e-01
2.189146429300308228e-01
1.503712832927703857e-01
2.448276430368423462e-02
6.114339083433151245e-02
5.084193348884582520e-01
1.719328314065933228e-01
2.654440999031066895e-01
3.628552705049514771e-02
1.587614119052886963e-01
2.766048908233642578e-01
3.283906728029251099e-02
1.776610910892486572e-01
1.566602140665054321e-01
4.534820914268493652e-01
3.647669553756713867e-01
2.488632202148437500e-01
3.068729639053344727e-01
1.721208393573760986e-01
2.856026031076908112e-02
3.118490874767303467e-01
1.603968888521194458e-01
2.400236576795578003e-01
3.640220686793327332e-02
2.396062761545181274e-01
2.716184854507446289e-01
3.081254959106445312e-01
4.036524593830108643e-01
2.792539298534393311e-01
3.022071421146392822e-01
2.367808371782302856e-01
1.304510980844497681e-01
3.499255701899528503e-02
3.413967192173004150e-01
4.393379986286163330e-01
2.765464782714843750e-01
3.469990789890289307e-01
4.265801310539245605e-01
3.927727043628692627e-01
5.186708569526672363e-01
4.143329560756683350e-01
4.084346592426300049e-01
1.520507186651229858e-01
1.648363471031188965e-01
4.910175204277038574e-01
1.376774311065673828e-01
3.976464867591857910e-01
1.582654118537902832e-01
1.338566988706588745e-01
5.017574429512023926e-01
3.699792921543121338e-01
3.850525915622711182e-01
5.275329351425170898e-01
3.201649188995361328e-01
2.759170345962047577e-02
1.639929413795471191e-02
1.278642332181334496e-03
4.432311281561851501e-02
8.769951760768890381e-03
4.498971253633499146e-02
2.374698221683502197e-01
2.205288410186767578e-02
2.256925031542778015e-02
5.690032616257667542e-03
2.002994064241647720e-03
1.526461914181709290e-02
2.850359492003917694e-02
2.161068143323063850e-03
2.541876733303070068e-01
2.011745795607566833e-02
5.103860422968864441e-02
1.071322709321975708e-02
4.017840325832366943e-01
2.018903940916061401e-02
3.457072749733924866e-02
9.881939040496945381e-04
3.113940916955471039e-02
5.627582781016826630e-03
1.522006466984748840e-02
9.177012369036674500e-03
9.723461233079433441e-03
1.200038287788629532e-02
6.246108561754226685e-03
7.014609128236770630e-02
4.525239393115043640e-02
1.305549987591803074e-03
2.292181104421615601e-01
2.771595865488052368e-02
4.082530364394187927e-02
3.015359938144683838e-01
3.200272619724273682e-01
8.311677374877035618e-04
5.230215564370155334e-02
4.479355737566947937e-02
2.047912217676639557e-02
6.637647002935409546e-02
3.210546448826789856e-02
4.398559406399726868e-02
1.358776935376226902e-03
1.707163825631141663e-02
1.354391220957040787e-03
6.200695037841796875e-02
3.358921408653259277e-01
8.151759393513202667e-03
1.452651172876358032e-01
1.696437597274780273e-02
8.622041344642639160e-02
7.970439037308096886e-04
1.402086671441793442e-02
2.918303199112415314e-02
7.406644523143768311e-03
4.297812469303607941e-03
2.646009325981140137e-01
6.610243115574121475e-03
8.229023776948451996e-03
2.355834394693374634e-01
7.714072708040475845e-03
2.385487407445907593e-02
5.783259868621826172e-02
1.064338441938161850e-02
3.784723579883575439e-02
1.182470936328172684e-02
2.837331965565681458e-02
2.639346942305564880e-02
3.338334616273641586e-03
5.089632049202919006e-02
3.186791017651557922e-02
1.296413689851760864e-02
1.499497797340154648e-03
3.155647590756416321e-02
4.497762769460678101e-03
8.199961856007575989e-03
1.006175484508275986e-02
3.237294033169746399e-03
4.101726692169904709e-03
4.958549514412879944e-02
4.601899068802595139e-03
6.556166918016970158e-04
9.941833093762397766e-03
1.932891830801963806e-02
2.456472255289554596e-02
1.778141409158706665e-02
4.091985896229743958e-02
8.757476462051272392e-04
7.990378653630614281e-04
9.061530232429504395e-03
4.358935169875621796e-03
1.312274113297462463e-02
4.458561167120933533e-02
2.535627037286758423e-02
1.267466694116592407e-02
5.592028424143791199e-02
1.100519672036170959e-02
4.784411285072565079e-03
5.466589331626892090e-02
3.887672349810600281e-02
2.465720474720001221e-02
2.430563792586326599e-03
1.773409731686115265e-02
5.653540045022964478e-02
2.232543006539344788e-02
3.881395235657691956e-02
4.190241172909736633e-02
3.602232038974761963e-02
5.744641181081533432e-03
1.466309651732444763e-02
3.820532467216253281e-03
1.174211036413908005e-02
6.545965559780597687e-03
4.995521903038024902e-02
4.346461966633796692e-02
1.296540629118680954e-02
1.959049701690673828e-02
1.717348955571651459e-02
2.028007619082927704e-02
3.793242946267127991e-02
4.901738092303276062e-02
2.239379845559597015e-02
1.918270438909530640e-02
1.852643862366676331e-02
2.517380379140377045e-02
1.594942295923829079e-03
4.190652817487716675e-02
1.315467953681945801e-01
7.723957300186157227e-02
2.043079026043415070e-02
9.977766126394271851e-02
9.422250092029571533e-02
5.438690632581710815e-02
1.602143198251724243e-01
3.209394812583923340e-01
1.125065162777900696e-01
1.581010669469833374e-01
7.711610198020935059e-02
4.017331823706626892e-02
3.453350067138671875e-01
3.657199740409851074e-01
1.103140637278556824e-01
1.321354806423187256e-01
1.512014716863632202e-01
1.343251764774322510e-01
3.185623586177825928e-01
2.361041679978370667e-02
6.172090023756027222e-02
8.977067470550537109e-02
3.670313954353332520e-01
2.062590867280960083e-01
1.800068616867065430e-01
3.935615122318267822e-01
1.225975826382637024e-01
1.225963756442070007e-01
1.550038605928421021e-01
1.929315924644470215e-01
2.645355276763439178e-02
1.257093995809555054e-01
1.542331129312515259e-01
3.050882928073406219e-02
3.502231091260910034e-02
1.228894218802452087e-01
3.391091898083686829e-02
1.632078588008880615e-01
5.517803877592086792e-02
1.830586791038513184e-01
1.740311682224273682e-01
3.797625601291656494e-01
3.187990486621856689e-01
2.072703987360000610e-01
3.101374506950378418e-01
1.718926429748535156e-01
1.868038773536682129e-01
1.843328475952148438e-01
1.532230228185653687e-01
1.171759814023971558e-01
2.936621904373168945e-01
1.961900293827056885e-01
1.688215434551239014e-01
8.297647535800933838e-02
7.658067345619201660e-02
3.766898512840270996e-01
1.460034698247909546e-01
1.318535059690475464e-01
1.383124142885208130e-01
1.494913697242736816e-01
7.074653357267379761e-02
3.113101422786712646e-01
3.131093084812164307e-01
2.740837335586547852e-01
1.347160190343856812e-01
2.420103698968887329e-01
1.545070558786392212e-01
2.369620949029922485e-01
3.783594071865081787e-01
5.671610683202743530e-02
2.490254044532775879e-01
1.332611143589019775e-01
1.442444026470184326e-01
2.510626912117004395e-01
2.343958169221878052e-01
3.465169966220855713e-01
8.877955377101898193e-02
1.893610805273056030e-01
7.237292826175689697e-02
1.168712675571441650e-01
6.449442356824874878e-02
3.445227742195129395e-01
3.160387873649597168e-01
3.806392848491668701e-01
1.282263398170471191e-01
1.467882245779037476e-01
2.439117282629013062e-01
6.974127888679504395e-02
2.221992015838623047e-01
1.307290047407150269e-01
2.070873379707336426e-01
1.614876389503479004e-01
4.705331325531005859e-01
3.679254353046417236e-01
2.510522007942199707e-01
2.985096275806427002e-01
3.148140907287597656e-01
2.416889071464538574e-01
1.914116591215133667e-01
2.973195314407348633e-01
1.605429798364639282e-01
1.236952170729637146e-01
2.311590909957885742e-01
1.655190587043762207e-01
2.397561073303222656e-01
2.683555185794830322e-01
1.076683774590492249e-01
2.988201975822448730e-01
7.528538256883621216e-02
3.836579024791717529e-01
3.232545852661132812e-01
2.873062789440155029e-01
2.854969799518585205e-01
1.448945850133895874e-01
1.691241413354873657e-01
2.062634229660034180e-01
6.761210411787033081e-02
7.834468781948089600e-02
2.583799660205841064e-01
1.654478460550308228e-01
5.106897652149200439e-02
4.994739592075347900e-01
3.450282216072082520e-01
1.981824785470962524e-01
2.461603134870529175e-01
3.880365490913391113e-01
4.063386619091033936e-01
3.291173577308654785e-01
2.654758691787719727e-01
3.998790979385375977e-01
1.194642409682273865e-01
3.740193843841552734e-01
4.171107709407806396e-01
3.347992300987243652e-01
8.602932840585708618e-02
2.669005990028381348e-01
4.788769483566284180e-01
9.002480655908584595e-02
1.488958597183227539e-01
3.111813068389892578e-01
2.800221443176269531e-01
3.523732721805572510e-01
3.370213806629180908e-01
3.344869017601013184e-01
3.851651847362518311e-01
3.145421147346496582e-01
3.593374788761138916e-01
3.992944657802581787e-01
2.912431359291076660e-01
4.787251949310302734e-01
3.981029987335205078e-01
2.689703106880187988e-01
3.335542678833007812e-01
3.594903349876403809e-01
4.102595448493957520e-01
2.259281128644943237e-01
3.448257148265838623e-01
4.426858425140380859e-01
2.848314940929412842e-01
3.377910256385803223e-01
2.737419903278350830e-01
2.445288747549057007e-01
3.599199950695037842e-01
2.316335439682006836e-01
3.792814910411834717e-01
2.496482580900192261e-01
3.551805317401885986e-01
4.664017260074615479e-01
4.584861695766448975e-01
5.103641748428344727e-01
3.506429791450500488e-01
4.901077747344970703e-01
2.920677065849304199e-01
3.619050085544586182e-01
2.888860702514648438e-01
2.215460240840911865e-01
3.605426847934722900e-01
3.130177557468414307e-01
2.847089767456054688e-01
6.141215562820434570e-01
2.931335270404815674e-01
5.663900971412658691e-01
3.489126861095428467e-01
4.597233235836029053e-01
3.491381704807281494e-01
4.270389676094055176e-01
2.687852382659912109e-01
2.676678299903869629e-01
4.723121225833892822e-01
6.032815575599670410e-01
1.933175921440124512e-01
4.629175066947937012e-01
2.865993976593017578e-01
3.192903399467468262e-01
6.123346090316772461e-01
4.778677523136138916e-01
3.416047692298889160e-01
4.510304033756256104e-01
2.762621641159057617e-01
4.022867977619171143e-01
2.873756289482116699e-01
2.277769744396209717e-01
1.487200558185577393e-01
1.247126422822475433e-02
1.542184352874755859e-01
4.448369145393371582e-02
4.204954579472541809e-02
1.896939612925052643e-02
6.686297655105590820e-01
2.022798061370849609e-01
9.490032680332660675e-03
6.033845245838165283e-02
9.948230534791946411e-02
4.040202498435974121e-02
7.212429493665695190e-02
4.090649262070655823e-02
1.939398609101772308e-02
1.303254216909408569e-01
5.428055301308631897e-03
6.612570881843566895e-01
1.148955151438713074e-01
8.581449091434478760e-02
5.828892439603805542e-02
2.429579012095928192e-02
8.234302513301372528e-03
5.686838030815124512e-01
1.021856069564819336e-01
4.108748584985733032e-02
2.087054029107093811e-02
1.979030072689056396e-01
7.996933907270431519e-02
6.678712368011474609e-01
1.228817626833915710e-01
7.413017097860574722e-03
3.160358592867851257e-02
6.399553418159484863e-01
1.175467073917388916e-01
4.030985012650489807e-02
1.403793841600418091e-01
2.326168864965438843e-01
1.403079330921173096e-01
9.097847342491149902e-02
4.400799795985221863e-02
5.969950556755065918e-01
4.869275093078613281e-01
6.184061765670776367e-01
1.182379014790058136e-02
7.003302872180938721e-02
4.348721820861101151e-03
4.789929371327161789e-03
1.242620050907135010e-01
6.024324335157871246e-03
1.006752252578735352e-02
1.780997067689895630e-01
3.492473624646663666e-03
6.973962765187025070e-03
6.748763918876647949e-01
6.121158003807067871e-01
1.450459510087966919e-01
1.371686905622482300e-01
7.851299829781055450e-03
5.435709357261657715e-01
1.561237573623657227e-01
5.415189079940319061e-03
2.308908663690090179e-02
