9.882941246032714844e-01
9.999344348907470703e-01
9.859325289726257324e-01
7.241078615188598633e-01
3.271721601486206055e-01
9.971807003021240234e-01
8.180394768714904785e-01
6.809631586074829102e-01
6.815653443336486816e-01
9.865458011627197266e-01
9.962569475173950195e-01
5.200932621955871582e-01
9.970049262046813965e-01
9.725269675254821777e-01
4.187864661216735840e-01
7.684199810028076172e-01
9.709089994430541992e-01
9.605882763862609863e-01
6.482487320899963379e-01
9.901846647262573242e-01
5.578537583351135254e-01
9.838141202926635742e-01
7.367377281188964844e-01
9.880561828613281250e-01
8.953449130058288574e-01
9.708740115165710449e-01
7.834574580192565918e-01
9.957442879676818848e-01
9.728551506996154785e-01
4.513423442840576172e-01
9.986442923545837402e-01
6.568493247032165527e-01
9.941289424896240234e-01
9.888259172439575195e-01
9.946168065071105957e-01
9.892382621765136719e-01
9.692599177360534668e-01
9.969285130500793457e-01
7.405234575271606445e-01
9.837861657142639160e-01
6.833045482635498047e-01
6.857953071594238281e-01
9.940908551216125488e-01
5.882394313812255859e-01
8.092456459999084473e-01
7.546941637992858887e-01
6.687942147254943848e-01
6.476696133613586426e-01
9.542964100837707520e-01
7.239331007003784180e-01
9.817590713500976562e-01
6.177644729614257812e-01
7.088330388069152832e-01
9.890267252922058105e-01
6.914103627204895020e-01
6.073343753814697266e-01
9.792171716690063477e-01
6.015217900276184082e-01
5.123918652534484863e-01
9.871763586997985840e-01
9.888105392456054688e-01
9.917854666709899902e-01
9.889051914215087891e-01
5.251668095588684082e-01
9.827776551246643066e-01
7.016562223434448242e-01
6.095086932182312012e-01
9.562008976936340332e-01
1.846800744533538818e-01
4.530869722366333008e-01
9.820437431335449219e-01
9.812402129173278809e-01
6.608544588088989258e-01
4.716894328594207764e-01
9.668221473693847656e-01
9.743379354476928711e-01
9.673534035682678223e-01
9.910839796066284180e-01
9.995334148406982422e-01
9.846003651618957520e-01
9.547145366668701172e-01
9.971383810043334961e-01
9.840583205223083496e-01
9.620698094367980957e-01
9.809383153915405273e-01
9.720693826675415039e-01
9.998156428337097168e-01
9.902878999710083008e-01
9.984899759292602539e-01
9.891290068626403809e-01
9.989073276519775391e-01
9.995712637901306152e-01
9.854218959808349609e-01
9.989632368087768555e-01
9.915777444839477539e-01
9.997918009757995605e-01
9.979873895645141602e-01
9.984276294708251953e-01
9.828847646713256836e-01
9.645947813987731934e-01
9.797223210334777832e-01
9.984381794929504395e-01
9.849387407302856445e-01
9.839116930961608887e-01
9.950887560844421387e-01
9.998818635940551758e-01
9.996355772018432617e-01
9.827356338500976562e-01
9.788860678672790527e-01
9.739428758621215820e-01
9.955778121948242188e-01
9.806300997734069824e-01
9.868181943893432617e-01
9.821346998214721680e-01
9.990292787551879883e-01
9.484842419624328613e-01
9.698932766914367676e-01
9.998534917831420898e-01
9.995973706245422363e-01
9.998922348022460938e-01
9.918837547302246094e-01
9.997341036796569824e-01
9.981266856193542480e-01
9.883084297180175781e-01
9.998472929000854492e-01
9.756027460098266602e-01
9.995895028114318848e-01
9.794171452522277832e-01
9.977959394454956055e-01
9.997830986976623535e-01
9.934747815132141113e-01
9.964336156845092773e-01
9.986175298690795898e-01
9.908944368362426758e-01
9.996250867843627930e-01
9.702970385551452637e-01
9.994297623634338379e-01
9.952440857887268066e-01
9.995695948600769043e-01
9.839141368865966797e-01
9.904875159263610840e-01
9.999983310699462891e-01
9.964331388473510742e-01
9.874043464660644531e-01
9.998843669891357422e-01
9.601888060569763184e-01
9.698629975318908691e-01
9.910237789154052734e-01
9.994600415229797363e-01
9.997673630714416504e-01
9.995961785316467285e-01
9.937121868133544922e-01
9.989694356918334961e-01
9.981263279914855957e-01
9.965193271636962891e-01
9.948512911796569824e-01
9.988712668418884277e-01
9.997659325599670410e-01
9.983952641487121582e-01
9.978557229042053223e-01
9.914364218711853027e-01
9.990870952606201172e-01
9.672823548316955566e-01
9.994361996650695801e-01
9.990843534469604492e-01
9.992120265960693359e-01
9.972878694534301758e-01
9.983133077621459961e-01
9.994201660156250000e-01
9.974561333656311035e-01
9.147523045539855957e-01
9.957858920097351074e-01
9.940736889839172363e-01
9.956264495849609375e-01
9.913654327392578125e-01
9.695842266082763672e-01
9.853323101997375488e-01
9.706335067749023438e-01
9.787116646766662598e-01
9.933573603630065918e-01
9.525648355484008789e-01
9.747714400291442871e-01
9.967404007911682129e-01
9.418382048606872559e-01
9.992858767509460449e-01
9.987951517105102539e-01
9.820631742477416992e-01
9.787827730178833008e-01
9.418080449104309082e-01
9.944931268692016602e-01
8.821387290954589844e-01
9.745783209800720215e-01
9.907661676406860352e-01
9.992831349372863770e-01
9.440766572952270508e-01
9.988717436790466309e-01
8.337528705596923828e-01
9.575521945953369141e-01
9.326823949813842773e-01
9.978380799293518066e-01
9.936302304267883301e-01
9.997983574867248535e-01
9.836358428001403809e-01
9.984337687492370605e-01
9.991834759712219238e-01
9.727993011474609375e-01
9.441534280776977539e-01
9.711248874664306641e-01
9.990517497062683105e-01
9.815275073051452637e-01
8.901461958885192871e-01
9.751974940299987793e-01
9.712849259376525879e-01
9.776524305343627930e-01
9.997699856758117676e-01
9.773265719413757324e-01
9.849767684936523438e-01
9.740586876869201660e-01
9.877726435661315918e-01
9.955381155014038086e-01
9.445853829383850098e-01
9.929928779602050781e-01
9.972606897354125977e-01
9.900481700897216797e-01
9.991264939308166504e-01
9.703605771064758301e-01
9.850251078605651855e-01
9.340370297431945801e-01
9.990737438201904297e-01
9.971407651901245117e-01
9.676151275634765625e-01
9.572654366493225098e-01
8.592311143875122070e-01
9.603660106658935547e-01
9.864952564239501953e-01
9.939166903495788574e-01
9.857388734817504883e-01
9.804869294166564941e-01
9.979034662246704102e-01
9.972156286239624023e-01
9.841205477714538574e-01
9.828740358352661133e-01
9.799853563308715820e-01
9.810707569122314453e-01
9.883300065994262695e-01
9.609056115150451660e-01
9.793629646301269531e-01
9.957224130630493164e-01
9.824001789093017578e-01
9.726138710975646973e-01
9.847341775894165039e-01
9.863118529319763184e-01
9.919357299804687500e-01
9.943807721138000488e-01
9.851444959640502930e-01
9.895427227020263672e-01
9.877278804779052734e-01
9.995874762535095215e-01
9.965867996215820312e-01
9.733277559280395508e-01
9.973022937774658203e-01
9.735822677612304688e-01
9.945741295814514160e-01
9.860146045684814453e-01
9.869886636734008789e-01
8.592426180839538574e-01
9.980806112289428711e-01
9.889021515846252441e-01
9.913530945777893066e-01
9.946686625480651855e-01
9.627561569213867188e-01
9.974264502525329590e-01
9.995300769805908203e-01
9.905809760093688965e-01
9.981020092964172363e-01
9.814103841781616211e-01
9.831079840660095215e-01
9.830697774887084961e-01
9.550465941429138184e-01
9.825703501701354980e-01
9.922845363616943359e-01
9.672026038169860840e-01
9.957263469696044922e-01
9.674863815307617188e-01
9.975271821022033691e-01
9.957669973373413086e-01
9.917185306549072266e-01
9.945281147956848145e-01
9.958961009979248047e-01
9.800912737846374512e-01
9.818494915962219238e-01
9.205178022384643555e-01
9.902184605598449707e-01
9.994575381278991699e-01
9.873908162117004395e-01
9.857401251792907715e-01
9.921975731849670410e-01
9.587987661361694336e-01
9.780398011207580566e-01
9.918825030326843262e-01
9.881735444068908691e-01
9.997555613517761230e-01
9.848406910896301270e-01
9.932991266250610352e-01
9.996021389961242676e-01
9.964391589164733887e-01
9.733672142028808594e-01
9.980698227882385254e-01
9.926354289054870605e-01
9.803047776222229004e-01
9.768481254577636719e-01
9.237858057022094727e-01
9.943463206291198730e-01
9.954519867897033691e-01
9.868452548980712891e-01
9.803503751754760742e-01
9.969592094421386719e-01
9.942218661308288574e-01
9.620707035064697266e-01
9.847460985183715820e-01
9.882551431655883789e-01
9.276954531669616699e-01
9.972946047782897949e-01
9.747330546379089355e-01
9.441004395484924316e-01
9.859996438026428223e-01
9.830665588378906250e-01
9.712172150611877441e-01
9.908820390701293945e-01
9.959686994552612305e-01
9.891288876533508301e-01
9.966645836830139160e-01
9.493649005889892578e-01
9.601376056671142578e-01
9.485929012298583984e-01
9.733613133430480957e-01
9.648597240447998047e-01
9.825196266174316406e-01
9.928917884826660156e-01
9.830297827720642090e-01
9.994661211967468262e-01
9.971364736557006836e-01
9.789173603057861328e-01
9.904626011848449707e-01
9.171870350837707520e-01
9.811044931411743164e-01
9.874197840690612793e-01
9.489954113960266113e-01
9.276954531669616699e-01
9.977415800094604492e-01
9.951789379119873047e-01
9.501953721046447754e-01
9.643300771713256836e-01
9.864653944969177246e-01
9.724412560462951660e-01
9.619236588478088379e-01
9.727399945259094238e-01
9.514043331146240234e-01
9.751406908035278320e-01
9.663475751876831055e-01
9.903051853179931641e-01
9.816778302192687988e-01
9.447709321975708008e-01
9.896948337554931641e-01
9.798873662948608398e-01
9.571236968040466309e-01
9.962319731712341309e-01
9.996508359909057617e-01
9.963650703430175781e-01
9.977546334266662598e-01
9.990054965019226074e-01
9.994476437568664551e-01
9.988400340080261230e-01
9.987592697143554688e-01
9.877173304557800293e-01
9.888936877250671387e-01
9.999160766601562500e-01
9.998264908790588379e-01
9.882738590240478516e-01
9.848308563232421875e-01
9.975410699844360352e-01
9.916395545005798340e-01
9.934507608413696289e-01
9.966564178466796875e-01
9.990960359573364258e-01
8.150085210800170898e-01
9.890367388725280762e-01
9.966695904731750488e-01
9.985192418098449707e-01
9.961044788360595703e-01
9.965808987617492676e-01
9.608678817749023438e-01
9.831148386001586914e-01
9.719725251197814941e-01
9.927288293838500977e-01
9.964432120323181152e-01
9.991796612739562988e-01
9.968302845954895020e-01
9.910852313041687012e-01
9.988364577293395996e-01
9.508219957351684570e-01
9.999899864196777344e-01
9.930233955383300781e-01
9.988272786140441895e-01
9.971212744712829590e-01
9.995013475418090820e-01
9.976468682289123535e-01
9.916880726814270020e-01
9.560556411743164062e-01
9.999057054519653320e-01
9.884023070335388184e-01
9.971503615379333496e-01
9.759778976440429688e-01
9.982833862304687500e-01
9.892163276672363281e-01
9.933398365974426270e-01
9.958084821701049805e-01
9.848795533180236816e-01
9.994069337844848633e-01
9.945521950721740723e-01
9.781844019889831543e-01
9.989990592002868652e-01
9.957937002182006836e-01
9.697597622871398926e-01
9.983454942703247070e-01
5.684058070182800293e-01
6.829537749290466309e-01
9.937526583671569824e-01
9.996038079261779785e-01
9.872387051582336426e-01
9.908858537673950195e-01
9.792748093605041504e-01
9.730895757675170898e-01
6.126655936241149902e-01
9.491051435470581055e-01
9.098549485206604004e-01
9.986560344696044922e-01
9.988860487937927246e-01
9.909568428993225098e-01
4.453447759151458740e-01
6.901996135711669922e-01
9.872506856918334961e-01
8.355684280395507812e-01
6.345522403717041016e-01
9.475311636924743652e-01
9.595854878425598145e-01
9.850735068321228027e-01
9.838468432426452637e-01
9.394029378890991211e-01
8.790372014045715332e-01
8.889772295951843262e-01
8.262308835983276367e-01
9.983458518981933594e-01
6.906331181526184082e-01
6.243192553520202637e-01
9.693322181701660156e-01
9.923422932624816895e-01
8.988895416259765625e-01
8.595367074012756348e-01
9.983326792716979980e-01
6.715098023414611816e-01
9.977726340293884277e-01
7.834460139274597168e-01
8.808047175407409668e-01
9.373421072959899902e-01
6.555611491203308105e-01
9.868360757827758789e-01
4.472464323043823242e-01
7.586808204650878906e-01
8.791547417640686035e-01
9.938806295394897461e-01
8.865344524383544922e-01
7.714229822158813477e-01
8.038107752799987793e-01
9.978153705596923828e-01
9.085177779197692871e-01
9.733670949935913086e-01
9.982340335845947266e-01
6.192103028297424316e-01
9.589741230010986328e-01
8.139380812644958496e-01
8.669298887252807617e-01
9.965131878852844238e-01
9.241032004356384277e-01
7.561339735984802246e-01
4.231276810169219971e-01
9.627104401588439941e-01
9.211701154708862305e-01
9.784698486328125000e-01
9.986914992332458496e-01
9.940860271453857422e-01
6.944574713706970215e-01
9.777145385742187500e-01
9.827527999877929688e-01
9.907020330429077148e-01
5.698027014732360840e-01
9.871146678924560547e-01
4.646185040473937988e-01
9.240693449974060059e-01
7.011691331863403320e-01
2.998262345790863037e-01
4.538571834564208984e-01
7.208404713310301304e-04
1.381584326736629009e-03
6.811869330704212189e-03
1.798043400049209595e-02
8.035471662878990173e-03
9.111492894589900970e-03
3.558658808469772339e-02
6.779721975326538086e-01
7.120264926925301552e-04
1.210020622238516808e-03
3.528785109519958496e-01
2.496551871299743652e-01
2.488894201815128326e-02
3.564603999257087708e-02
2.892168164253234863e-01
1.645037978887557983e-01
3.641186058521270752e-01
3.522513508796691895e-01
9.090065956115722656e-03
3.913549184799194336e-01
8.138480596244335175e-03
9.214588440954685211e-03
5.444599986076354980e-01
1.737449318170547485e-01
6.855915486812591553e-02
3.779105842113494873e-01
2.751907100901007652e-03
5.075877904891967773e-01
1.311244368553161621e-01
4.021030664443969727e-01
1.385189010761678219e-03
1.192197948694229126e-01
2.914341092109680176e-01
6.097025796771049500e-02
1.792374299839138985e-03
6.290039047598838806e-03
5.660077556967735291e-03
1.755847595632076263e-03
4.457425698637962341e-02
1.167503222823143005e-01
7.756324112415313721e-02
2.558906003832817078e-02
9.869943372905254364e-03
5.651183053851127625e-02
4.532610774040222168e-01
3.917818516492843628e-02
2.446749422233551741e-04
7.037248928099870682e-03
1.860239310190081596e-03
1.836857348680496216e-01
2.562334062531590462e-03
7.899175980128347874e-04
3.076067194342613220e-03
5.880424380302429199e-01
1.740596070885658264e-02
4.515947774052619934e-02
1.568241715431213379e-01
1.067170035094022751e-02
3.558837925083935261e-04
2.856567800045013428e-01
5.645261611789464951e-03
2.514442801475524902e-01
9.876012802124023438e-02
8.838626742362976074e-01
1.147157922387123108e-01
1.266051456332206726e-02
4.938691854476928711e-01
4.451391752809286118e-03
6.136838812381029129e-03
3.771964227780699730e-03
9.076327551156282425e-04
1.673488616943359375e-01
1.280776709318161011e-01
9.063637852668762207e-01
1.249064877629280090e-01
3.947519231587648392e-03
8.201367259025573730e-01
8.709098398685455322e-02
4.715109989047050476e-02
1.235065758228302002e-01
3.468286944553256035e-03
2.259522229433059692e-01
7.357977330684661865e-02
5.158687829971313477e-01
2.324815373867750168e-03
1.423457078635692596e-02
1.419490948319435120e-02
2.810534238815307617e-01
1.131884902715682983e-01
4.642125964164733887e-02
5.411132797598838806e-02
1.005253046751022339e-01
5.455362424254417419e-02
8.127374649047851562e-01
1.125025749206542969e-01
2.297017723321914673e-03
7.499058544635772705e-02
2.983788587152957916e-02
7.620651274919509888e-02
5.885706283152103424e-03
3.856066614389419556e-02
1.923698000609874725e-04
1.467665135860443115e-01
3.667109645903110504e-03
1.730037183733657002e-04
5.516759753227233887e-01
1.459778994321823120e-01
2.570511959493160248e-02
2.546397037804126740e-03
6.617119908332824707e-02
1.224222127348184586e-02
6.321066990494728088e-03
1.396609121002256870e-03
1.293953806161880493e-01
5.041207987233065069e-05
3.020098805427551270e-02
9.373947978019714355e-03
5.735694169998168945e-01
4.091640710830688477e-01
1.962860114872455597e-02
3.524928819388151169e-03
5.614260435104370117e-01
9.138097520917654037e-04
3.669993281364440918e-01
5.394467711448669434e-02
3.715192079544067383e-01
4.839623719453811646e-02
3.994813859462738037e-01
1.404699869453907013e-03
2.136462554335594177e-02
5.479183513671159744e-03
2.156104594469070435e-01
4.473071021493524313e-04
2.111222594976425171e-01
9.969220496714115143e-03
2.799511551856994629e-01
2.078932225704193115e-01
1.741434563882648945e-03
2.455276437103748322e-03
1.027555391192436218e-02
1.517644996056333184e-04
3.343592882156372070e-01
1.289470680058002472e-02
1.459403336048126221e-01
6.087932270020246506e-03
2.323354780673980713e-02
7.255300134420394897e-02
2.393807470798492432e-01
4.686503112316131592e-02
3.865782171487808228e-02
2.478744136169552803e-03
8.178702555596828461e-03
8.635580539703369141e-03
1.979113789275288582e-03
7.640912532806396484e-01
8.568353950977325439e-03
1.035444787703454494e-03
1.009983196854591370e-02
1.756293117068707943e-03
1.251415442675352097e-02
5.146391689777374268e-02
9.244984947144985199e-03
9.937264025211334229e-02
2.697588503360748291e-01
4.921814203262329102e-01
1.290888059884309769e-02
1.746525056660175323e-02
2.809991873800754547e-02
1.953660324215888977e-02
5.949398502707481384e-02
2.284507732838392258e-03
4.592119716107845306e-03
1.379866003990173340e-01
2.631427906453609467e-02
1.986797749996185303e-01
7.785595953464508057e-04
1.880529453046619892e-04
2.523539662361145020e-01
7.317674346268177032e-03
1.087082736194133759e-02
2.887939661741256714e-02
2.521180920302867889e-02
1.670782081782817841e-02
4.943704232573509216e-02
2.575674839317798615e-02
4.221503157168626785e-03
1.282305549830198288e-02
2.189130485057830811e-01
4.035694524645805359e-03
7.996720378287136555e-04
9.844843298196792603e-04
3.246457315981388092e-03
3.345784842967987061e-01
8.279753965325653553e-04
4.018449038267135620e-02
1.174859236925840378e-03
5.037434864789247513e-03
2.423832751810550690e-02
2.937419712543487549e-01
7.194983959197998047e-02
5.452512502670288086e-01
1.302425283938646317e-03
4.575487691909074783e-04
6.350010037422180176e-01
4.393538460135459900e-02
1.517397724092006683e-02
2.924882248044013977e-02
1.261046418221667409e-04
5.382544174790382385e-02
2.933817207813262939e-01
2.622679993510246277e-02
4.429151490330696106e-02
1.165039837360382080e-03
3.477506935596466064e-01
4.371002316474914551e-03
2.822576207108795643e-04
1.628734320402145386e-01
2.030323259532451630e-02
1.678743399679660797e-02
1.012788340449333191e-01
2.272619679570198059e-02
2.421810058876872063e-03
7.476995699107646942e-03
2.939747869968414307e-01
1.355158351361751556e-02
6.895853579044342041e-02
5.758034996688365936e-03
1.625380851328372955e-02
5.681663379073143005e-02
1.869175466708838940e-03
1.061151847243309021e-01
7.677247282117605209e-03
3.108665533363819122e-02
2.338226884603500366e-01
2.096319757401943207e-02
7.345454767346382141e-03
1.563820391893386841e-01
1.970795542001724243e-02
3.059605369344353676e-03
3.378315269947052002e-02
8.516050130128860474e-02
1.397129148244857788e-03
5.677136126905679703e-03
9.872206300497055054e-02
1.527764946222305298e-01
8.177442476153373718e-03
7.873152196407318115e-02
3.286674836999736726e-05
1.838228106498718262e-02
1.420874595642089844e-01
6.344904657453298569e-03
1.980690509080886841e-01
6.430247332900762558e-03
1.984795182943344116e-02
8.907058835029602051e-02
4.327023401856422424e-03
7.887198030948638916e-02
3.096869587898254395e-02
5.747891496866941452e-03
1.722190231084823608e-01
3.135519800707697868e-03
3.770045340061187744e-01
2.224731817841529846e-02
8.047803305089473724e-03
7.748483866453170776e-02
1.518100383691489697e-03
2.827151911333203316e-04
8.765156567096710205e-02
1.305867917835712433e-02
6.633955985307693481e-02
4.848608747124671936e-03
1.552192028611898422e-02
8.535341024398803711e-01
1.118964105844497681e-01
5.791349336504936218e-03
1.662432216107845306e-02
1.248251460492610931e-02
3.496344760060310364e-02
3.629442676901817322e-02
4.319526627659797668e-02
2.025588154792785645e-01
1.407899260520935059e-01
1.165355071425437927e-01
2.916556410491466522e-02
1.090859696269035339e-01
4.152371734380722046e-02
1.169890910387039185e-01
8.906276896595954895e-03
5.846412107348442078e-02
1.191275473684072495e-02
2.110321074724197388e-01
1.720239967107772827e-02
1.403379589319229126e-01
6.100889667868614197e-02
1.565742641687393188e-01
8.436315506696701050e-02
2.900207415223121643e-02
4.679179191589355469e-01
1.265768706798553467e-01
6.003148108720779419e-02
2.532694302499294281e-02
6.158879026770591736e-02
9.396963287144899368e-04
1.677707023918628693e-02
3.786873072385787964e-02
1.272076517343521118e-01
2.681704610586166382e-02
3.842987492680549622e-02
9.867181070148944855e-03
1.778314635157585144e-02
3.448705747723579407e-02
5.416316539049148560e-02
2.492087148129940033e-02
1.782427579164505005e-01
4.808702506124973297e-03
1.132252626121044159e-02
5.596331879496574402e-02
4.260795712471008301e-01
1.390423476696014404e-01
1.299605518579483032e-01
2.609417587518692017e-02
6.053179129958152771e-02
2.019907832145690918e-01
6.312130019068717957e-03
3.145932778716087341e-02
1.853814348578453064e-02
3.663329184055328369e-01
1.741760969161987305e-01
5.031062755733728409e-03
3.256309628486633301e-01
3.754218807443976402e-03
7.268499583005905151e-02
7.813526317477226257e-03
3.359104394912719727e-01
6.409969180822372437e-02
2.105895662680268288e-03
2.508778572082519531e-01
1.019148714840412140e-02
3.342280536890029907e-02
8.332637138664722443e-03
1.800696179270744324e-02
2.515736781060695648e-02
3.125444054603576660e-02
5.065893754363059998e-02
2.588901855051517487e-02
1.678948104381561279e-02
4.619536048267036676e-05
1.967169530689716339e-02
4.414299130439758301e-02
3.365371143445372581e-03
1.856724545359611511e-02
1.847702860832214355e-01
6.302927732467651367e-01
1.337273865938186646e-01
7.860032469034194946e-02
2.294850535690784454e-02
9.302078932523727417e-02
6.701230406761169434e-01
3.105726465582847595e-02
5.686718504875898361e-03
2.698850631713867188e-02
1.898141391575336456e-02
1.168093178421258926e-02
2.364927902817726135e-03
1.282192021608352661e-02
1.393711566925048828e-01
1.674624532461166382e-01
8.190698176622390747e-02
4.138866439461708069e-02
2.502633072435855865e-02
9.103360585868358612e-03
8.243646472692489624e-02
2.018915303051471710e-02
3.104289770126342773e-01
1.226511523127555847e-01
1.504338439553976059e-02
2.970954868942499161e-03
2.899664395954459906e-04
3.126514144241809845e-03
1.920833834446966648e-03
7.907358407974243164e-01
4.403521493077278137e-02
9.356630593538284302e-02
3.207925241440534592e-03
8.994046598672866821e-02
8.369297720491886139e-03
1.976918056607246399e-02
2.547833025455474854e-01
1.134872809052467346e-02
2.974272891879081726e-02
1.897364296019077301e-02
2.418585307896137238e-02
2.425975352525711060e-02
4.269809275865554810e-02
4.701462748926132917e-04
1.282626530155539513e-03
3.409352526068687439e-02
1.193814538419246674e-02
6.473328173160552979e-02
2.207576781511306763e-01
1.372041297145187855e-03
1.083070784807205200e-02
3.790833353996276855e-01
2.326576737686991692e-03
4.209075588732957840e-03
1.933722943067550659e-02
7.048261165618896484e-01
3.592306980863213539e-03
1.786433509550988674e-03
7.479604333639144897e-03
4.536395892500877380e-02
1.122217345982789993e-02
1.407528109848499298e-02
4.026902914047241211e-01
1.066529974341392517e-01
2.899423986673355103e-02
4.578761458396911621e-01
4.727896153926849365e-01
2.667340636253356934e-02
1.211813315749168396e-01
4.357110243290662766e-03
2.867521904408931732e-02
1.695688464678823948e-03
7.558317184448242188e-01
4.970497637987136841e-02
7.785072922706604004e-02
1.238195691257715225e-03
1.661616712808609009e-01
4.626873414963483810e-03
2.485685981810092926e-02
6.282696500420570374e-03
7.289275527000427246e-04
5.483472719788551331e-03
8.466676808893680573e-03
6.346185225993394852e-03
7.843612134456634521e-02
4.594966769218444824e-03
2.630628831684589386e-02
3.959007561206817627e-02
6.962693482637405396e-02
3.274591863155364990e-01
5.667714774608612061e-02
1.475097518414258957e-02
4.253239836543798447e-03
2.139238454401493073e-02
1.865957975387573242e-01
5.334012582898139954e-02
6.192084550857543945e-01
4.830716922879219055e-02
4.819189384579658508e-02
6.904027611017227173e-02
1.713155210018157959e-02
1.294901520013809204e-01
5.085663869976997375e-02
1.360479649156332016e-02
1.344635151326656342e-02
9.644052945077419281e-03
1.756294746883213520e-03
2.529056975618004799e-03
7.027852814644575119e-03
1.042837500572204590e-01
5.170001462101936340e-02
2.722161822021007538e-03
6.769829243421554565e-02
4.752579927444458008e-01
8.084958195686340332e-01
1.404246722813695669e-04
4.004445374011993408e-01
6.013218164443969727e-01
1.328629404306411743e-01
6.563613563776016235e-02
1.467722747474908829e-02
2.013088315725326538e-01
2.122806906700134277e-01
1.891825795173645020e-01
1.950908481376245618e-04
9.048238280229270458e-04
2.331720292568206787e-01
1.513952016830444336e-02
9.666070938110351562e-01
3.865888416767120361e-01
2.391770333051681519e-01
3.172411024570465088e-02
3.285181522369384766e-02
7.089155912399291992e-02
2.128860503435134888e-01
1.388605535030364990e-01
3.426690399646759033e-02
1.465124934911727905e-01
1.320813409984111786e-02
7.699459791183471680e-02
8.439576625823974609e-02
1.200259383767843246e-02
5.089672654867172241e-02
1.064609154127538204e-03
2.962486147880554199e-01
2.295155311003327370e-03
7.401615381240844727e-02
3.122296370565891266e-02
9.554119314998388290e-04
2.976543502882122993e-03
2.280763983726501465e-01
2.167679555714130402e-02
7.021297514438629150e-02
4.139613592997193336e-04
9.120082855224609375e-02
3.969150483608245850e-01
2.160063385963439941e-01
1.760012656450271606e-02
6.616155505180358887e-01
6.043256074190139771e-02
2.559262700378894806e-02
1.893357932567596436e-02
3.906646966934204102e-01
2.008986473083496094e-02
6.367161870002746582e-01
8.832596987485885620e-02
5.497523816302418709e-04
2.416852563619613647e-01
2.164309173822402954e-01
3.278207732364535332e-04
1.072292104363441467e-01
4.669271409511566162e-03
6.318530533462762833e-03
5.558429956436157227e-01
1.552040688693523407e-03
6.902821362018585205e-03
2.771108411252498627e-02
2.774935681372880936e-03
2.778823375701904297e-01
1.147247385233640671e-02
3.750803007278591394e-04
7.813245058059692383e-03
1.929354108870029449e-02
1.913198828697204590e-01
1.430761367082595825e-01
1.000398397445678711e-02
6.438093725591897964e-03
1.591616123914718628e-01
4.012737888842821121e-03
2.809847891330718994e-02
5.490527749061584473e-01
1.381813455373048782e-02
9.888642281293869019e-02
2.306211180984973907e-02
2.175426483154296875e-02
9.344998979941010475e-04
1.524096820503473282e-03
4.243060052394866943e-01
1.505397260189056396e-02
8.440609276294708252e-02
3.349306061863899231e-02
8.494660258293151855e-03
3.214072901755571365e-03
3.600794076919555664e-01
3.382248878479003906e-01
5.125990137457847595e-03
9.836684912443161011e-03
1.752127194777131081e-03
