9.998382329940795898e-01
9.960779547691345215e-01
9.741554856300354004e-01
8.416225910186767578e-01
8.416225910186767578e-01
8.719419240951538086e-01
8.416225910186767578e-01
8.416225910186767578e-01
8.416225910186767578e-01
9.940769672393798828e-01
9.941540360450744629e-01
8.416225910186767578e-01
9.958861470222473145e-01
9.923937320709228516e-01
8.416225910186767578e-01
8.416225910186767578e-01
9.994803071022033691e-01
9.981598258018493652e-01
8.246408700942993164e-01
9.687859416007995605e-01
8.416225910186767578e-01
9.808485507965087891e-01
8.416225910186767578e-01
9.956055283546447754e-01
8.416225910186767578e-01
9.727654457092285156e-01
9.559192061424255371e-01
9.977783560752868652e-01
9.978315234184265137e-01
8.416225910186767578e-01
9.822925925254821777e-01
8.397393226623535156e-01
9.962034821510314941e-01
9.855340719223022461e-01
9.933556318283081055e-01
9.941971302032470703e-01
9.979398846626281738e-01
9.988713860511779785e-01
8.416225910186767578e-01
9.859049916267395020e-01
8.416225910186767578e-01
8.416225910186767578e-01
9.851089715957641602e-01
8.415943980216979980e-01
8.416225910186767578e-01
8.416225910186767578e-01
8.416225910186767578e-01
8.416225910186767578e-01
9.428852796554565430e-01
8.416225910186767578e-01
9.904898405075073242e-01
8.416225910186767578e-01
8.416225910186767578e-01
9.969106316566467285e-01
8.416225910186767578e-01
8.416225910186767578e-01
9.863763451576232910e-01
8.416225910186767578e-01
8.416225910186767578e-01
9.955320358276367188e-01
9.996666908264160156e-01
9.851940274238586426e-01
9.818028807640075684e-01
8.416225910186767578e-01
9.906464815139770508e-01
2.791911065578460693e-01
8.416225910186767578e-01
9.988779425621032715e-01
8.416225910186767578e-01
8.416225910186767578e-01
9.829582571983337402e-01
9.976841211318969727e-01
8.416225910186767578e-01
8.416225910186767578e-01
9.828267097473144531e-01
2.791911065578460693e-01
2.791911065578460693e-01
2.791911065578460693e-01
9.983785152435302734e-01
2.791911065578460693e-01
2.791911065578460693e-01
9.911851286888122559e-01
2.791911065578460693e-01
2.791911065578460693e-01
2.791911065578460693e-01
2.791911065578460693e-01
9.998368024826049805e-01
2.791911065578460693e-01
9.987725615501403809e-01
2.791911065578460693e-01
9.970460534095764160e-01
9.989602565765380859e-01
2.791911065578460693e-01
9.981208443641662598e-01
9.994412064552307129e-01
9.994521737098693848e-01
9.899618625640869141e-01
9.992110729217529297e-01
2.791911065578460693e-01
2.791911065578460693e-01
2.791911065578460693e-01
9.952123165130615234e-01
2.791911065578460693e-01
2.791911065578460693e-01
9.467699527740478516e-01
9.965922236442565918e-01
9.957349300384521484e-01
2.791911065578460693e-01
2.791911065578460693e-01
2.791911065578460693e-01
9.884726405143737793e-01
2.791911065578460693e-01
2.791911065578460693e-01
2.791911065578460693e-01
9.983508586883544922e-01
2.791911065578460693e-01
2.791911065578460693e-01
9.994533658027648926e-01
9.895753860473632812e-01
9.899371862411499023e-01
9.779350161552429199e-01
9.994887113571166992e-01
9.926353096961975098e-01
2.791911065578460693e-01
9.969974756240844727e-01
2.791911065578460693e-01
9.990252256393432617e-01
2.791911065578460693e-01
9.821432232856750488e-01
9.665325880050659180e-01
9.996057152748107910e-01
9.914377331733703613e-01
9.961755275726318359e-01
2.791911065578460693e-01
9.987652301788330078e-01
2.791911065578460693e-01
9.995137453079223633e-01
9.979481101036071777e-01
9.995934367179870605e-01
9.940150380134582520e-01
2.791911065578460693e-01
9.868766069412231445e-01
9.920476078987121582e-01
2.791911065578460693e-01
9.972795844078063965e-01
2.791911065578460693e-01
2.791911065578460693e-01
2.791911065578460693e-01
9.960699081420898438e-01
9.979330301284790039e-01
9.988734126091003418e-01
2.791911065578460693e-01
9.999628067016601562e-01
2.791911065578460693e-01
9.974072575569152832e-01
9.944633841514587402e-01
9.909080266952514648e-01
9.953964352607727051e-01
7.459536790847778320e-01
2.791911065578460693e-01
2.791911065578460693e-01
2.791911065578460693e-01
2.791911065578460693e-01
9.976032376289367676e-01
9.838036298751831055e-01
9.688237309455871582e-01
2.791911065578460693e-01
2.791911065578460693e-01
9.862774014472961426e-01
2.791911065578460693e-01
2.791911065578460693e-01
9.886261820793151855e-01
2.791911065578460693e-01
9.895519614219665527e-01
9.981976151466369629e-01
2.791911065578460693e-01
9.041181206703186035e-01
2.791911065578460693e-01
2.791911065578460693e-01
9.909798502922058105e-01
2.791911065578460693e-01
2.791911065578460693e-01
9.695836305618286133e-01
2.791911065578460693e-01
9.940307736396789551e-01
9.857315421104431152e-01
2.791911065578460693e-01
2.791911065578460693e-01
9.872746467590332031e-01
9.995232820510864258e-01
2.791911065578460693e-01
2.791911065578460693e-01
9.865968823432922363e-01
9.807829260826110840e-01
2.791911065578460693e-01
9.930366873741149902e-01
2.791911065578460693e-01
2.791911065578460693e-01
2.791911065578460693e-01
9.990922212600708008e-01
2.791911065578460693e-01
9.998230338096618652e-01
2.791911065578460693e-01
9.995823502540588379e-01
9.949319958686828613e-01
2.791911065578460693e-01
2.791911065578460693e-01
2.791911065578460693e-01
9.994229078292846680e-01
2.791911065578460693e-01
2.791911065578460693e-01
2.791911065578460693e-01
2.791911065578460693e-01
9.271814227104187012e-01
9.984409213066101074e-01
9.828575849533081055e-01
9.909900426864624023e-01
2.791911065578460693e-01
8.172244429588317871e-01
9.979454874992370605e-01
9.830135703086853027e-01
9.777091741561889648e-01
9.993694424629211426e-01
2.791911065578460693e-01
9.979895353317260742e-01
2.791911065578460693e-01
2.791911065578460693e-01
2.791911065578460693e-01
9.996918439865112305e-01
9.980810880661010742e-01
2.791911065578460693e-01
2.791911065578460693e-01
2.791911065578460693e-01
9.931328892707824707e-01
9.998464584350585938e-01
9.951186180114746094e-01
2.791911065578460693e-01
9.863647222518920898e-01
9.992766976356506348e-01
9.989230036735534668e-01
2.791911065578460693e-01
9.868207573890686035e-01
2.791911065578460693e-01
9.970974922180175781e-01
2.791911065578460693e-01
2.791911065578460693e-01
8.416225910186767578e-01
9.995930790901184082e-01
8.416225910186767578e-01
2.791911065578460693e-01
2.791911065578460693e-01
8.416225910186767578e-01
4.828037619590759277e-01
9.948698282241821289e-01
2.791911065578460693e-01
9.943764209747314453e-01
9.961720108985900879e-01
8.652547001838684082e-01
9.951000809669494629e-01
8.416225910186767578e-01
9.915940761566162109e-01
8.416225910186767578e-01
2.791911065578460693e-01
2.791911065578460693e-01
9.537107348442077637e-01
8.416225910186767578e-01
9.888124465942382812e-01
9.938043355941772461e-01
2.791911065578460693e-01
9.944350719451904297e-01
8.416225910186767578e-01
9.872386455535888672e-01
9.988829493522644043e-01
9.207389950752258301e-01
9.980778694152832031e-01
8.416225910186767578e-01
8.416225910186767578e-01
8.416225910186767578e-01
8.416225910186767578e-01
8.416225910186767578e-01
9.998528957366943359e-01
8.416225910186767578e-01
2.791911065578460693e-01
2.791911065578460693e-01
8.935022354125976562e-01
9.883688688278198242e-01
8.416225910186767578e-01
9.872386455535888672e-01
9.995570778846740723e-01
8.416225910186767578e-01
8.416225910186767578e-01
8.416225910186767578e-01
2.791911065578460693e-01
9.995655417442321777e-01
9.411261081695556641e-01
8.416225910186767578e-01
9.925818443298339844e-01
8.416225910186767578e-01
8.416225910186767578e-01
9.768804311752319336e-01
8.416225910186767578e-01
9.924839138984680176e-01
8.416225910186767578e-01
2.791911065578460693e-01
8.908733725547790527e-01
9.995699524879455566e-01
4.828037619590759277e-01
9.799184799194335938e-01
9.917542934417724609e-01
8.416225910186767578e-01
2.791911065578460693e-01
8.411816358566284180e-01
9.914519786834716797e-01
9.979821443557739258e-01
8.416225910186767578e-01
8.416225910186767578e-01
9.886245727539062500e-01
8.416225910186767578e-01
9.993171691894531250e-01
9.990671277046203613e-01
2.791911065578460693e-01
8.416225910186767578e-01
9.999530315399169922e-01
7.751429677009582520e-01
2.791911065578460693e-01
2.791911065578460693e-01
8.416225910186767578e-01
2.791911065578460693e-01
2.791911065578460693e-01
9.790276885032653809e-01
9.980091452598571777e-01
9.948006868362426758e-01
2.791911065578460693e-01
2.791911065578460693e-01
2.791911065578460693e-01
8.416225910186767578e-01
8.416225910186767578e-01
2.791911065578460693e-01
2.791911065578460693e-01
2.791911065578460693e-01
9.994539618492126465e-01
9.837655425071716309e-01
2.791911065578460693e-01
9.854915142059326172e-01
2.791911065578460693e-01
2.791911065578460693e-01
2.791911065578460693e-01
8.416225910186767578e-01
8.416225910186767578e-01
9.942297935485839844e-01
9.994894266128540039e-01
2.791911065578460693e-01
8.416225910186767578e-01
2.791911065578460693e-01
2.791911065578460693e-01
9.985665678977966309e-01
2.791911065578460693e-01
2.791911065578460693e-01
9.946340322494506836e-01
2.791911065578460693e-01
9.967771172523498535e-01
2.791911065578460693e-01
2.791911065578460693e-01
9.985309839248657227e-01
2.791911065578460693e-01
2.791911065578460693e-01
2.791911065578460693e-01
9.992720484733581543e-01
2.791911065578460693e-01
2.791911065578460693e-01
1.000000000000000000e+00
9.975090026855468750e-01
2.791911065578460693e-01
2.791911065578460693e-01
2.791911065578460693e-01
2.791911065578460693e-01
9.898186326026916504e-01
9.905356764793395996e-01
2.791911065578460693e-01
2.791911065578460693e-01
2.791911065578460693e-01
2.791911065578460693e-01
2.791911065578460693e-01
2.791911065578460693e-01
9.903522133827209473e-01
2.791911065578460693e-01
2.791911065578460693e-01
2.791911065578460693e-01
2.791911065578460693e-01
2.791911065578460693e-01
2.791911065578460693e-01
2.791911065578460693e-01
2.791911065578460693e-01
2.791911065578460693e-01
2.791911065578460693e-01
2.791911065578460693e-01
2.791911065578460693e-01
9.701815843582153320e-01
2.791911065578460693e-01
2.791911065578460693e-01
2.791911065578460693e-01
9.990373849868774414e-01
9.480383396148681641e-01
2.791911065578460693e-01
2.791911065578460693e-01
9.945818781852722168e-01
2.791911065578460693e-01
2.791911065578460693e-01
2.791911065578460693e-01
9.864480495452880859e-01
2.791911065578460693e-01
2.791911065578460693e-01
2.791911065578460693e-01
2.791911065578460693e-01
2.791911065578460693e-01
2.791911065578460693e-01
2.791911065578460693e-01
2.791911065578460693e-01
9.945869445800781250e-01
2.791911065578460693e-01
2.791911065578460693e-01
2.791911065578460693e-01
2.791911065578460693e-01
2.791911065578460693e-01
2.791911065578460693e-01
2.791911065578460693e-01
8.416225910186767578e-01
9.997509121894836426e-01
9.430271983146667480e-01
9.997768998146057129e-01
9.958237409591674805e-01
9.969925880432128906e-01
9.976060390472412109e-01
8.416225910186767578e-01
8.416225910186767578e-01
8.416225910186767578e-01
9.820187091827392578e-01
9.991192221641540527e-01
9.991121888160705566e-01
8.416225910186767578e-01
8.416225910186767578e-01
8.724471330642700195e-01
8.416225910186767578e-01
8.416225910186767578e-01
5.404005050659179688e-01
9.886147975921630859e-01
9.896178841590881348e-01
9.241899847984313965e-01
9.802724719047546387e-01
8.416225910186767578e-01
8.416225910186767578e-01
8.416225910186767578e-01
9.865732192993164062e-01
2.791911065578460693e-01
8.416225910186767578e-01
9.494646787643432617e-01
9.787326455116271973e-01
8.416225910186767578e-01
8.416225910186767578e-01
9.929941296577453613e-01
8.416225910186767578e-01
9.999314546585083008e-01
8.416225910186767578e-01
8.415955901145935059e-01
8.416225910186767578e-01
8.416225910186767578e-01
9.852356910705566406e-01
8.416225910186767578e-01
8.416225910186767578e-01
9.991106390953063965e-01
9.872230291366577148e-01
7.994778156280517578e-01
8.416225910186767578e-01
8.416225910186767578e-01
9.745063185691833496e-01
8.416225910186767578e-01
9.920471906661987305e-01
9.970306158065795898e-01
8.416225910186767578e-01
2.791911065578460693e-01
8.416225910186767578e-01
8.416225910186767578e-01
9.286929965019226074e-01
8.416225910186767578e-01
8.416225910186767578e-01
8.416225910186767578e-01
9.462805986404418945e-01
8.416225910186767578e-01
9.553197026252746582e-01
9.995695948600769043e-01
9.762887954711914062e-01
8.416225910186767578e-01
9.565680027008056641e-01
9.386712908744812012e-01
9.993762373924255371e-01
8.416225910186767578e-01
9.999617338180541992e-01
8.416225910186767578e-01
8.416225910186767578e-01
8.391239643096923828e-01
2.791911065578460693e-01
2.791911065578460693e-01
2.791911065578460693e-01
2.791911065578460693e-01
2.791911065578460693e-01
2.876361273229122162e-02
8.415521383285522461e-01
2.791911065578460693e-01
2.791911065578460693e-01
3.885454498231410980e-03
8.401141762733459473e-01
6.507063657045364380e-02
5.009981989860534668e-01
2.791911065578460693e-01
2.791911065578460693e-01
2.791911065578460693e-01
8.410475850105285645e-01
8.416225910186767578e-01
8.416225910186767578e-01
2.791911065578460693e-01
2.791911065578460693e-01
2.791911065578460693e-01
2.791911065578460693e-01
2.791911065578460693e-01
2.791911065578460693e-01
2.163869142532348633e-02
2.791911065578460693e-01
4.365014433860778809e-01
2.791911065578460693e-01
2.791911065578460693e-01
2.791911065578460693e-01
2.791911065578460693e-01
2.791911065578460693e-01
2.791911065578460693e-01
2.791911065578460693e-01
2.791911065578460693e-01
5.031225085258483887e-01
8.246566057205200195e-01
2.791911065578460693e-01
7.440411299467086792e-02
2.791911065578460693e-01
8.416220545768737793e-01
4.556636810302734375e-01
5.031225085258483887e-01
2.791911065578460693e-01
1.065732166171073914e-01
7.743510417640209198e-03
2.791911065578460693e-01
2.791911065578460693e-01
8.353157043457031250e-01
2.791911065578460693e-01
2.791911065578460693e-01
2.791911065578460693e-01
2.791911065578460693e-01
2.791911065578460693e-01
2.791911065578460693e-01
2.791911065578460693e-01
2.791911065578460693e-01
2.791911065578460693e-01
2.791911065578460693e-01
6.015570368617773056e-03
2.791911065578460693e-01
2.791911065578460693e-01
2.791911065578460693e-01
8.390281200408935547e-01
2.791911065578460693e-01
2.791911065578460693e-01
8.399821519851684570e-01
2.791911065578460693e-01
2.791911065578460693e-01
6.110486984252929688e-01
2.791911065578460693e-01
2.791911065578460693e-01
5.217241048812866211e-01
1.520089805126190186e-01
2.791911065578460693e-01
2.791911065578460693e-01
2.791911065578460693e-01
2.791911065578460693e-01
2.791911065578460693e-01
2.791911065578460693e-01
2.791911065578460693e-01
2.791911065578460693e-01
2.791911065578460693e-01
2.791911065578460693e-01
2.791911065578460693e-01
2.791911065578460693e-01
2.791911065578460693e-01
2.791911065578460693e-01
2.791911065578460693e-01
2.791911065578460693e-01
2.791911065578460693e-01
2.791911065578460693e-01
2.791911065578460693e-01
2.791911065578460693e-01
2.791911065578460693e-01
2.791911065578460693e-01
2.791911065578460693e-01
2.791911065578460693e-01
2.791911065578460693e-01
2.791911065578460693e-01
2.791911065578460693e-01
2.791911065578460693e-01
2.791911065578460693e-01
2.791911065578460693e-01
2.791911065578460693e-01
2.791911065578460693e-01
2.791911065578460693e-01
2.791911065578460693e-01
2.791911065578460693e-01
2.791911065578460693e-01
2.791911065578460693e-01
2.791911065578460693e-01
2.791911065578460693e-01
2.791911065578460693e-01
2.791911065578460693e-01
2.791911065578460693e-01
2.791911065578460693e-01
2.791911065578460693e-01
2.791911065578460693e-01
2.791911065578460693e-01
2.791911065578460693e-01
2.791911065578460693e-01
2.791911065578460693e-01
2.791911065578460693e-01
2.791911065578460693e-01
1.329393088817596436e-01
2.791911065578460693e-01
2.791911065578460693e-01
2.791911065578460693e-01
2.791911065578460693e-01
2.791911065578460693e-01
2.791911065578460693e-01
2.791911065578460693e-01
2.791911065578460693e-01
2.791911065578460693e-01
2.791911065578460693e-01
2.791911065578460693e-01
2.791911065578460693e-01
2.791911065578460693e-01
2.791911065578460693e-01
2.791911065578460693e-01
2.791911065578460693e-01
2.791911065578460693e-01
2.791911065578460693e-01
2.791911065578460693e-01
2.791911065578460693e-01
2.791911065578460693e-01
2.791911065578460693e-01
2.791911065578460693e-01
2.791911065578460693e-01
2.791911065578460693e-01
2.791911065578460693e-01
2.791911065578460693e-01
2.791911065578460693e-01
2.791911065578460693e-01
2.791911065578460693e-01
5.926871672272682190e-02
2.791911065578460693e-01
2.791911065578460693e-01
2.791911065578460693e-01
2.791911065578460693e-01
2.791911065578460693e-01
2.791911065578460693e-01
2.791911065578460693e-01
2.791911065578460693e-01
2.791911065578460693e-01
2.791911065578460693e-01
2.791911065578460693e-01
2.791911065578460693e-01
2.791911065578460693e-01
2.791911065578460693e-01
2.791911065578460693e-01
2.791911065578460693e-01
2.791911065578460693e-01
4.132574200630187988e-01
2.791911065578460693e-01
2.791911065578460693e-01
2.791911065578460693e-01
2.791911065578460693e-01
2.791911065578460693e-01
2.791911065578460693e-01
2.791911065578460693e-01
2.791911065578460693e-01
2.791911065578460693e-01
2.791911065578460693e-01
2.791911065578460693e-01
2.791911065578460693e-01
2.791911065578460693e-01
2.791911065578460693e-01
2.791911065578460693e-01
2.791911065578460693e-01
2.791911065578460693e-01
2.791911065578460693e-01
2.791911065578460693e-01
2.791911065578460693e-01
2.791911065578460693e-01
2.791911065578460693e-01
2.791911065578460693e-01
2.791911065578460693e-01
2.791911065578460693e-01
2.791911065578460693e-01
2.791911065578460693e-01
2.791911065578460693e-01
2.791911065578460693e-01
2.791911065578460693e-01
2.791911065578460693e-01
2.791911065578460693e-01
2.791911065578460693e-01
2.791911065578460693e-01
2.791911065578460693e-01
2.791911065578460693e-01
2.791911065578460693e-01
2.791911065578460693e-01
2.791911065578460693e-01
2.791911065578460693e-01
2.791911065578460693e-01
2.791911065578460693e-01
2.791911065578460693e-01
2.791911065578460693e-01
2.791911065578460693e-01
2.791911065578460693e-01
2.791911065578460693e-01
2.791911065578460693e-01
2.791911065578460693e-01
2.791911065578460693e-01
2.791911065578460693e-01
2.791911065578460693e-01
2.791911065578460693e-01
2.791911065578460693e-01
2.791911065578460693e-01
2.791911065578460693e-01
2.791911065578460693e-01
2.791911065578460693e-01
2.791911065578460693e-01
2.791911065578460693e-01
2.791911065578460693e-01
2.791911065578460693e-01
2.791911065578460693e-01
2.791911065578460693e-01
2.791911065578460693e-01
2.791911065578460693e-01
2.791911065578460693e-01
2.791911065578460693e-01
2.791911065578460693e-01
2.791911065578460693e-01
2.791911065578460693e-01
2.791911065578460693e-01
2.791911065578460693e-01
2.791911065578460693e-01
2.791911065578460693e-01
2.791911065578460693e-01
2.791911065578460693e-01
2.791911065578460693e-01
2.791911065578460693e-01
2.791911065578460693e-01
2.791911065578460693e-01
2.791911065578460693e-01
2.791911065578460693e-01
2.791911065578460693e-01
2.791911065578460693e-01
2.791911065578460693e-01
2.791911065578460693e-01
2.791911065578460693e-01
2.791911065578460693e-01
2.791911065578460693e-01
2.791911065578460693e-01
2.791911065578460693e-01
2.791911065578460693e-01
2.791911065578460693e-01
2.791911065578460693e-01
2.791911065578460693e-01
2.791911065578460693e-01
2.791911065578460693e-01
2.791911065578460693e-01
2.791911065578460693e-01
2.791911065578460693e-01
2.791911065578460693e-01
5.123332515358924866e-02
2.791911065578460693e-01
2.791911065578460693e-01
2.791911065578460693e-01
2.791911065578460693e-01
2.791911065578460693e-01
2.791911065578460693e-01
2.791911065578460693e-01
4.828037619590759277e-01
2.791911065578460693e-01
2.791911065578460693e-01
2.791911065578460693e-01
2.791911065578460693e-01
2.791911065578460693e-01
2.154213935136795044e-01
2.791911065578460693e-01
2.791911065578460693e-01
2.791911065578460693e-01
2.791911065578460693e-01
2.791911065578460693e-01
2.791911065578460693e-01
2.791911065578460693e-01
2.791911065578460693e-01
3.502601757645606995e-02
2.791911065578460693e-01
2.791911065578460693e-01
2.791911065578460693e-01
2.791911065578460693e-01
2.791911065578460693e-01
4.318427741527557373e-01
2.791911065578460693e-01
2.791911065578460693e-01
2.791911065578460693e-01
2.791911065578460693e-01
2.791911065578460693e-01
8.222700953483581543e-01
2.791911065578460693e-01
2.791911065578460693e-01
2.791911065578460693e-01
2.791911065578460693e-01
2.791911065578460693e-01
2.791911065578460693e-01
2.791911065578460693e-01
2.791911065578460693e-01
2.791911065578460693e-01
2.791911065578460693e-01
2.791911065578460693e-01
2.791911065578460693e-01
2.791911065578460693e-01
2.791911065578460693e-01
2.791911065578460693e-01
2.791911065578460693e-01
2.791911065578460693e-01
2.791911065578460693e-01
2.791911065578460693e-01
2.791911065578460693e-01
2.791911065578460693e-01
2.791911065578460693e-01
2.791911065578460693e-01
2.791911065578460693e-01
2.791911065578460693e-01
2.791911065578460693e-01
2.791911065578460693e-01
2.791911065578460693e-01
2.791911065578460693e-01
2.791911065578460693e-01
7.751429677009582520e-01
2.791911065578460693e-01
2.791911065578460693e-01
2.791911065578460693e-01
2.791911065578460693e-01
2.791911065578460693e-01
2.791911065578460693e-01
2.791911065578460693e-01
2.791911065578460693e-01
2.791911065578460693e-01
2.791911065578460693e-01
2.791911065578460693e-01
2.791911065578460693e-01
2.791911065578460693e-01
2.791911065578460693e-01
2.791911065578460693e-01
2.791911065578460693e-01
2.791911065578460693e-01
2.791911065578460693e-01
2.791911065578460693e-01
2.791911065578460693e-01
2.791911065578460693e-01
2.791911065578460693e-01
2.791911065578460693e-01
2.791911065578460693e-01
2.791911065578460693e-01
2.791911065578460693e-01
2.791911065578460693e-01
2.791911065578460693e-01
2.791911065578460693e-01
2.791911065578460693e-01
2.791911065578460693e-01
4.091438651084899902e-02
2.791911065578460693e-01
2.791911065578460693e-01
2.791911065578460693e-01
2.791911065578460693e-01
2.791911065578460693e-01
2.791911065578460693e-01
2.791911065578460693e-01
2.791911065578460693e-01
2.791911065578460693e-01
2.791911065578460693e-01
2.791911065578460693e-01
2.791911065578460693e-01
2.791911065578460693e-01
2.791911065578460693e-01
2.791911065578460693e-01
2.791911065578460693e-01
2.791911065578460693e-01
2.791911065578460693e-01
2.791911065578460693e-01
2.791911065578460693e-01
2.791911065578460693e-01
2.791911065578460693e-01
2.791911065578460693e-01
2.791911065578460693e-01
2.791911065578460693e-01
2.791911065578460693e-01
2.791911065578460693e-01
2.791911065578460693e-01
2.791911065578460693e-01
2.791911065578460693e-01
2.791911065578460693e-01
2.791911065578460693e-01
2.791911065578460693e-01
2.791911065578460693e-01
2.791911065578460693e-01
2.791911065578460693e-01
2.791911065578460693e-01
2.791911065578460693e-01
2.791911065578460693e-01
2.791911065578460693e-01
2.791911065578460693e-01
2.791911065578460693e-01
2.791911065578460693e-01
2.791911065578460693e-01
2.791911065578460693e-01
2.791911065578460693e-01
2.791911065578460693e-01
2.791911065578460693e-01
2.791911065578460693e-01
2.791911065578460693e-01
2.791911065578460693e-01
2.791911065578460693e-01
2.791911065578460693e-01
2.791911065578460693e-01
2.791911065578460693e-01
2.791911065578460693e-01
2.791911065578460693e-01
7.929165959358215332e-01
2.791911065578460693e-01
7.698442339897155762e-01
5.569909811019897461e-01
2.791911065578460693e-01
2.791911065578460693e-01
2.791911065578460693e-01
7.932435870170593262e-01
5.216724872589111328e-01
2.791911065578460693e-01
2.791911065578460693e-01
2.791911065578460693e-01
2.791911065578460693e-01
7.761557698249816895e-01
2.791911065578460693e-01
2.791911065578460693e-01
2.791911065578460693e-01
2.791911065578460693e-01
4.759335517883300781e-01
2.791911065578460693e-01
4.759335517883300781e-01
2.791911065578460693e-01
2.791911065578460693e-01
2.791911065578460693e-01
2.791911065578460693e-01
2.791911065578460693e-01
2.791911065578460693e-01
5.756043270230293274e-02
4.572934806346893311e-01
2.791911065578460693e-01
2.791911065578460693e-01
2.791911065578460693e-01
2.791911065578460693e-01
4.836847186088562012e-01
2.791911065578460693e-01
2.791911065578460693e-01
2.791911065578460693e-01
2.791911065578460693e-01
2.791911065578460693e-01
2.791911065578460693e-01
4.991289675235748291e-01
2.791911065578460693e-01
2.791911065578460693e-01
2.791911065578460693e-01
2.791911065578460693e-01
2.791911065578460693e-01
2.791911065578460693e-01
2.791911065578460693e-01
4.704575538635253906e-01
2.791911065578460693e-01
2.791911065578460693e-01
2.791911065578460693e-01
2.791911065578460693e-01
4.704575538635253906e-01
2.791911065578460693e-01
7.885343581438064575e-02
2.791911065578460693e-01
2.791911065578460693e-01
1.599197685718536377e-01
1.151754930615425110e-01
2.791911065578460693e-01
4.991289675235748291e-01
3.643755614757537842e-02
2.791911065578460693e-01
2.791911065578460693e-01
7.101906538009643555e-01
