5.219015479087829590e-01
5.148320198059082031e-01
4.687958657741546631e-01
5.057418942451477051e-01
5.104365348815917969e-01
5.134114027023315430e-01
5.087488889694213867e-01
5.308581590652465820e-01
5.071744918823242188e-01
5.133060216903686523e-01
5.125108957290649414e-01
5.101903676986694336e-01
4.897966384887695312e-01
5.091403722763061523e-01
5.156350731849670410e-01
5.025587677955627441e-01
5.420884490013122559e-01
4.925224483013153076e-01
5.033451318740844727e-01
4.866980016231536865e-01
5.249282717704772949e-01
5.035111308097839355e-01
5.110423564910888672e-01
5.243541598320007324e-01
5.089269876480102539e-01
5.048597455024719238e-01
4.980741143226623535e-01
5.090513825416564941e-01
5.158569216728210449e-01
5.181699395179748535e-01
5.052770972251892090e-01
5.252674818038940430e-01
4.643294811248779297e-01
5.097518563270568848e-01
5.335945487022399902e-01
5.134184360504150391e-01
5.101301074028015137e-01
5.202632546424865723e-01
5.009312033653259277e-01
5.093895792961120605e-01
5.163027048110961914e-01
5.147913098335266113e-01
4.659376442432403564e-01
5.416415929794311523e-01
5.117225646972656250e-01
5.076271295547485352e-01
5.056762695312500000e-01
5.142710804939270020e-01
4.970659315586090088e-01
5.139777064323425293e-01
5.060282945632934570e-01
5.171347856521606445e-01
4.912300705909729004e-01
5.082895159721374512e-01
5.425466895103454590e-01
5.418038368225097656e-01
5.061416625976562500e-01
5.273415446281433105e-01
5.126977562904357910e-01
5.543877482414245605e-01
5.201066136360168457e-01
5.147143006324768066e-01
5.294589400291442871e-01
5.044240951538085938e-01
5.004141330718994141e-01
5.275610089302062988e-01
5.112360119819641113e-01
5.213260054588317871e-01
5.098676681518554688e-01
5.239428281784057617e-01
5.298677086830139160e-01
5.043296813964843750e-01
5.037698149681091309e-01
4.965644478797912598e-01
5.265657901763916016e-01
5.068405270576477051e-01
5.398157835006713867e-01
5.027657747268676758e-01
5.246296525001525879e-01
5.020595192909240723e-01
5.436017513275146484e-01
5.239205956459045410e-01
5.553859472274780273e-01
5.241123437881469727e-01
5.074393749237060547e-01
5.556191802024841309e-01
5.084475874900817871e-01
5.109729766845703125e-01
5.267859101295471191e-01
4.970523416996002197e-01
4.945518970489501953e-01
5.162954330444335938e-01
5.032863020896911621e-01
5.136511325836181641e-01
5.243530273437500000e-01
5.377074480056762695e-01
4.840069413185119629e-01
5.084894299507141113e-01
5.105768442153930664e-01
4.926414489746093750e-01
5.120543837547302246e-01
5.120669007301330566e-01
4.950706660747528076e-01
5.084612369537353516e-01
4.941641986370086670e-01
5.113053321838378906e-01
5.016067028045654297e-01
4.667049050331115723e-01
5.049110054969787598e-01
5.281281471252441406e-01
4.999498128890991211e-01
5.089164376258850098e-01
4.625307619571685791e-01
5.122728943824768066e-01
5.016373991966247559e-01
5.231484770774841309e-01
5.015664696693420410e-01
4.338441193103790283e-01
5.093659162521362305e-01
4.481330513954162598e-01
5.074596405029296875e-01
4.644263386726379395e-01
4.391589164733886719e-01
4.617683589458465576e-01
4.916577935218811035e-01
4.581545889377593994e-01
5.090886950492858887e-01
5.077137351036071777e-01
5.022377371788024902e-01
4.494782090187072754e-01
4.540888071060180664e-01
4.675134122371673584e-01
5.261825919151306152e-01
4.579423964023590088e-01
4.977519214153289795e-01
4.726222753524780273e-01
5.022750496864318848e-01
4.926813840866088867e-01
5.067908167839050293e-01
4.665328562259674072e-01
5.099272727966308594e-01
5.064201951026916504e-01
4.660074710845947266e-01
5.145705938339233398e-01
5.116679668426513672e-01
5.093016028404235840e-01
5.071994662284851074e-01
4.450213015079498291e-01
5.110810399055480957e-01
5.032031536102294922e-01
4.626239836215972900e-01
5.120518803596496582e-01
4.943148493766784668e-01
4.939183890819549561e-01
5.007740855216979980e-01
5.077646374702453613e-01
5.339072942733764648e-01
5.067121386528015137e-01
4.676426649093627930e-01
4.590511023998260498e-01
4.881046712398529053e-01
4.532970786094665527e-01
4.373956024646759033e-01
4.748082458972930908e-01
5.022873878479003906e-01
5.149441361427307129e-01
4.994542002677917480e-01
5.036644339561462402e-01
5.405244231224060059e-01
4.625531136989593506e-01
4.912240803241729736e-01
5.258894562721252441e-01
5.128639340400695801e-01
5.057252049446105957e-01
5.221245288848876953e-01
5.090256333351135254e-01
5.062221288681030273e-01
4.969120025634765625e-01
4.773696064949035645e-01
4.904373884201049805e-01
5.120456218719482422e-01
5.084058642387390137e-01
5.128506422042846680e-01
5.175357460975646973e-01
5.080085992813110352e-01
5.238773822784423828e-01
4.297867417335510254e-01
5.034680366516113281e-01
4.669490456581115723e-01
5.078189373016357422e-01
5.067880153656005859e-01
5.114589929580688477e-01
4.902558922767639160e-01
5.009158849716186523e-01
5.037089586257934570e-01
5.116968750953674316e-01
4.619596600532531738e-01
5.055059194564819336e-01
5.098184943199157715e-01
4.689945280551910400e-01
5.062242150306701660e-01
5.006330609321594238e-01
4.549473226070404053e-01
5.051359534263610840e-01
5.359916687011718750e-01
5.130175352096557617e-01
