9.626182913780212402e-01
9.880509376525878906e-01
9.620996117591857910e-01
7.549530267715454102e-01
7.549530267715454102e-01
9.713466763496398926e-01
7.549530267715454102e-01
7.549530267715454102e-01
7.549530267715454102e-01
9.649300575256347656e-01
9.817993044853210449e-01
7.549530267715454102e-01
9.929876923561096191e-01
7.101510763168334961e-01
7.549530267715454102e-01
7.549530267715454102e-01
9.821180105209350586e-01
9.779760241508483887e-01
7.448700666427612305e-01
9.852900505065917969e-01
7.549530267715454102e-01
9.277071356773376465e-01
7.549530267715454102e-01
9.521057605743408203e-01
7.549530267715454102e-01
9.755136966705322266e-01
6.548953056335449219e-01
9.723793864250183105e-01
9.601470828056335449e-01
7.549530267715454102e-01
9.784667491912841797e-01
7.538073658943176270e-01
9.110288619995117188e-01
9.870758652687072754e-01
9.906214475631713867e-01
9.698457121849060059e-01
9.686860442161560059e-01
9.577515721321105957e-01
7.549530267715454102e-01
6.968298554420471191e-01
7.549530267715454102e-01
7.549530267715454102e-01
9.714548587799072266e-01
7.549359202384948730e-01
7.549530267715454102e-01
7.549530267715454102e-01
7.549530267715454102e-01
7.549530267715454102e-01
9.147090315818786621e-01
7.549530267715454102e-01
9.629952311515808105e-01
7.549530267715454102e-01
7.549530267715454102e-01
3.576264083385467529e-01
7.549530267715454102e-01
7.549530267715454102e-01
6.608173847198486328e-01
7.549530267715454102e-01
7.549530267715454102e-01
9.863094091415405273e-01
9.980910420417785645e-01
9.773765802383422852e-01
9.893136620521545410e-01
7.549530267715454102e-01
8.995425105094909668e-01
3.360487818717956543e-01
7.549530267715454102e-01
9.896216392517089844e-01
7.549530267715454102e-01
7.549530267715454102e-01
9.799481630325317383e-01
9.986122846603393555e-01
7.549530267715454102e-01
7.549530267715454102e-01
9.906523227691650391e-01
3.360487818717956543e-01
3.360487818717956543e-01
3.360487818717956543e-01
9.746590852737426758e-01
3.360487818717956543e-01
3.360487818717956543e-01
5.588161945343017578e-01
3.360487818717956543e-01
3.360487818717956543e-01
3.360487818717956543e-01
3.360487818717956543e-01
9.558799862861633301e-01
3.360487818717956543e-01
7.551727294921875000e-01
3.360487818717956543e-01
9.574654102325439453e-01
6.085677742958068848e-01
3.360487818717956543e-01
9.585786461830139160e-01
9.572083950042724609e-01
9.590613842010498047e-01
9.728884696960449219e-01
9.985880255699157715e-01
3.360487818717956543e-01
3.360487818717956543e-01
3.360487818717956543e-01
9.010899066925048828e-01
3.360487818717956543e-01
3.360487818717956543e-01
9.711065888404846191e-01
6.534047126770019531e-01
9.577745199203491211e-01
3.360487818717956543e-01
3.360487818717956543e-01
3.360487818717956543e-01
9.577251076698303223e-01
3.360487818717956543e-01
3.360487818717956543e-01
3.360487818717956543e-01
9.624405503273010254e-01
3.360487818717956543e-01
3.360487818717956543e-01
9.739722609519958496e-01
9.684489369392395020e-01
9.963154196739196777e-01
5.340471267700195312e-01
9.742702245712280273e-01
9.299353957176208496e-01
3.360487818717956543e-01
9.926847219467163086e-01
3.360487818717956543e-01
9.938589930534362793e-01
3.360487818717956543e-01
9.311198592185974121e-01
9.961632490158081055e-01
9.748886823654174805e-01
9.686116576194763184e-01
9.457132816314697266e-01
3.360487818717956543e-01
6.171906590461730957e-01
3.360487818717956543e-01
5.062883496284484863e-01
9.793378114700317383e-01
9.930958151817321777e-01
8.971493840217590332e-01
3.360487818717956543e-01
9.924483299255371094e-01
9.339465498924255371e-01
3.360487818717956543e-01
9.897466897964477539e-01
3.360487818717956543e-01
3.360487818717956543e-01
3.360487818717956543e-01
6.458535194396972656e-01
8.627892136573791504e-01
9.521942734718322754e-01
3.360487818717956543e-01
9.265342950820922852e-01
3.360487818717956543e-01
9.490429759025573730e-01
9.399071931838989258e-01
9.706604480743408203e-01
8.102769255638122559e-01
7.344765067100524902e-01
3.360487818717956543e-01
3.360487818717956543e-01
3.360487818717956543e-01
3.360487818717956543e-01
4.921543896198272705e-01
9.287387728691101074e-01
9.500478506088256836e-01
3.360487818717956543e-01
3.360487818717956543e-01
9.578536152839660645e-01
3.360487818717956543e-01
3.360487818717956543e-01
9.732391238212585449e-01
3.360487818717956543e-01
4.448689520359039307e-01
9.370039105415344238e-01
3.360487818717956543e-01
9.748843908309936523e-01
3.360487818717956543e-01
3.360487818717956543e-01
9.674932956695556641e-01
3.360487818717956543e-01
3.360487818717956543e-01
9.476581215858459473e-01
3.360487818717956543e-01
9.918284416198730469e-01
9.927700161933898926e-01
3.360487818717956543e-01
3.360487818717956543e-01
8.974470496177673340e-01
5.192919969558715820e-01
3.360487818717956543e-01
3.360487818717956543e-01
9.650721549987792969e-01
9.917083382606506348e-01
3.360487818717956543e-01
9.927120208740234375e-01
3.360487818717956543e-01
3.360487818717956543e-01
3.360487818717956543e-01
4.621338844299316406e-01
3.360487818717956543e-01
9.674538969993591309e-01
3.360487818717956543e-01
9.971165657043457031e-01
9.912180304527282715e-01
3.360487818717956543e-01
3.360487818717956543e-01
3.360487818717956543e-01
5.974557995796203613e-01
3.360487818717956543e-01
3.360487818717956543e-01
3.360487818717956543e-01
3.360487818717956543e-01
9.482281804084777832e-01
9.937126040458679199e-01
9.596754908561706543e-01
9.777902364730834961e-01
3.360487818717956543e-01
3.453730940818786621e-01
9.768878221511840820e-01
9.873839616775512695e-01
9.755455851554870605e-01
9.595555067062377930e-01
3.360487818717956543e-01
9.827349781990051270e-01
3.360487818717956543e-01
3.360487818717956543e-01
3.360487818717956543e-01
9.840424060821533203e-01
9.424592256546020508e-01
3.360487818717956543e-01
3.360487818717956543e-01
3.360487818717956543e-01
9.776390194892883301e-01
5.236978530883789062e-01
9.596637487411499023e-01
3.360487818717956543e-01
9.828096032142639160e-01
9.765575528144836426e-01
9.180850982666015625e-01
3.360487818717956543e-01
9.871388077735900879e-01
3.360487818717956543e-01
9.381601810455322266e-01
3.360487818717956543e-01
3.360487818717956543e-01
7.549530267715454102e-01
9.788671731948852539e-01
7.549530267715454102e-01
3.360487818717956543e-01
3.360487818717956543e-01
7.549530267715454102e-01
5.918819904327392578e-01
6.113852262496948242e-01
3.360487818717956543e-01
9.533733129501342773e-01
9.635561704635620117e-01
7.063940167427062988e-01
9.765112996101379395e-01
7.549530267715454102e-01
9.952514171600341797e-01
7.549530267715454102e-01
3.360487818717956543e-01
3.360487818717956543e-01
9.775763154029846191e-01
7.549530267715454102e-01
9.381994009017944336e-01
6.944959163665771484e-01
3.360487818717956543e-01
8.581232428550720215e-01
7.549530267715454102e-01
9.678509235382080078e-01
9.677311182022094727e-01
9.628581404685974121e-01
5.822321176528930664e-01
7.549530267715454102e-01
7.549530267715454102e-01
7.549530267715454102e-01
7.549530267715454102e-01
7.549530267715454102e-01
9.623055458068847656e-01
7.549530267715454102e-01
3.360487818717956543e-01
3.360487818717956543e-01
9.899302721023559570e-01
9.629454612731933594e-01
7.549530267715454102e-01
9.678509235382080078e-01
9.915475249290466309e-01
7.549530267715454102e-01
7.549530267715454102e-01
7.549530267715454102e-01
3.360487818717956543e-01
9.553562998771667480e-01
9.214451313018798828e-01
7.549530267715454102e-01
6.647426486015319824e-01
7.549530267715454102e-01
7.549530267715454102e-01
6.054365634918212891e-01
7.549530267715454102e-01
9.265733957290649414e-01
7.549530267715454102e-01
3.360487818717956543e-01
9.614701867103576660e-01
9.570102095603942871e-01
5.918819904327392578e-01
9.808955788612365723e-01
9.802930951118469238e-01
7.549530267715454102e-01
3.360487818717956543e-01
7.546842098236083984e-01
8.142476677894592285e-01
9.548525810241699219e-01
7.549530267715454102e-01
7.549530267715454102e-01
9.763129949569702148e-01
7.549530267715454102e-01
4.512408375740051270e-01
5.133833289146423340e-01
3.360487818717956543e-01
7.549530267715454102e-01
9.744824171066284180e-01
7.183936834335327148e-01
3.360487818717956543e-01
3.360487818717956543e-01
7.549530267715454102e-01
3.360487818717956543e-01
3.360487818717956543e-01
9.917068481445312500e-01
5.845412015914916992e-01
9.708210229873657227e-01
3.360487818717956543e-01
3.360487818717956543e-01
3.360487818717956543e-01
7.549530267715454102e-01
7.549530267715454102e-01
3.360487818717956543e-01
3.360487818717956543e-01
3.360487818717956543e-01
9.611183404922485352e-01
9.693328142166137695e-01
3.360487818717956543e-01
9.312545657157897949e-01
3.360487818717956543e-01
3.360487818717956543e-01
3.360487818717956543e-01
7.549530267715454102e-01
7.549530267715454102e-01
9.607331752777099609e-01
9.951848387718200684e-01
3.360487818717956543e-01
7.549530267715454102e-01
3.360487818717956543e-01
3.360487818717956543e-01
9.736456871032714844e-01
3.360487818717956543e-01
3.360487818717956543e-01
9.659107923507690430e-01
3.360487818717956543e-01
9.819551110267639160e-01
3.360487818717956543e-01
3.360487818717956543e-01
9.329756498336791992e-01
3.360487818717956543e-01
3.360487818717956543e-01
3.360487818717956543e-01
8.873506784439086914e-01
3.360487818717956543e-01
3.360487818717956543e-01
9.872196912765502930e-01
9.829577803611755371e-01
3.360487818717956543e-01
3.360487818717956543e-01
3.360487818717956543e-01
3.360487818717956543e-01
9.490279555320739746e-01
6.480242609977722168e-01
3.360487818717956543e-01
3.360487818717956543e-01
3.360487818717956543e-01
3.360487818717956543e-01
3.360487818717956543e-01
3.360487818717956543e-01
9.866489768028259277e-01
3.360487818717956543e-01
3.360487818717956543e-01
3.360487818717956543e-01
3.360487818717956543e-01
3.360487818717956543e-01
3.360487818717956543e-01
3.360487818717956543e-01
3.360487818717956543e-01
3.360487818717956543e-01
3.360487818717956543e-01
3.360487818717956543e-01
3.360487818717956543e-01
9.701213240623474121e-01
3.360487818717956543e-01
3.360487818717956543e-01
3.360487818717956543e-01
9.602575302124023438e-01
9.105030298233032227e-01
3.360487818717956543e-01
3.360487818717956543e-01
9.263709783554077148e-01
3.360487818717956543e-01
3.360487818717956543e-01
3.360487818717956543e-01
9.049616456031799316e-01
3.360487818717956543e-01
3.360487818717956543e-01
3.360487818717956543e-01
3.360487818717956543e-01
3.360487818717956543e-01
3.360487818717956543e-01
3.360487818717956543e-01
3.360487818717956543e-01
9.973744153976440430e-01
3.360487818717956543e-01
3.360487818717956543e-01
3.360487818717956543e-01
3.360487818717956543e-01
3.360487818717956543e-01
3.360487818717956543e-01
3.360487818717956543e-01
7.549530267715454102e-01
9.693561196327209473e-01
9.770909547805786133e-01
4.701126217842102051e-01
6.662186384201049805e-01
9.933985471725463867e-01
9.886580109596252441e-01
7.549530267715454102e-01
7.549530267715454102e-01
7.549530267715454102e-01
7.058174014091491699e-01
9.870274662971496582e-01
9.816645383834838867e-01
7.549530267715454102e-01
7.549530267715454102e-01
9.346690773963928223e-01
7.549530267715454102e-01
7.549530267715454102e-01
6.166855096817016602e-01
9.535233974456787109e-01
9.927524328231811523e-01
9.628908634185791016e-01
9.452300071716308594e-01
7.549530267715454102e-01
7.549530267715454102e-01
7.549530267715454102e-01
9.170063138008117676e-01
3.360487818717956543e-01
7.549530267715454102e-01
9.531177878379821777e-01
9.397295117378234863e-01
7.549530267715454102e-01
7.549530267715454102e-01
9.573602676391601562e-01
7.549530267715454102e-01
6.228445768356323242e-01
7.549530267715454102e-01
7.549366354942321777e-01
7.549530267715454102e-01
7.549530267715454102e-01
8.837314844131469727e-01
7.549530267715454102e-01
7.549530267715454102e-01
9.866800904273986816e-01
9.365950822830200195e-01
7.309829592704772949e-01
7.549530267715454102e-01
7.549530267715454102e-01
9.833757281303405762e-01
7.549530267715454102e-01
9.601624608039855957e-01
9.940916895866394043e-01
7.549530267715454102e-01
3.360487818717956543e-01
7.549530267715454102e-01
7.549530267715454102e-01
9.865052103996276855e-01
7.549530267715454102e-01
7.549530267715454102e-01
7.549530267715454102e-01
9.686127901077270508e-01
7.549530267715454102e-01
6.715212464332580566e-01
6.333643794059753418e-01
9.699828028678894043e-01
7.549530267715454102e-01
9.900791645050048828e-01
9.692194461822509766e-01
9.508722424507141113e-01
7.549530267715454102e-01
9.669983386993408203e-01
7.549530267715454102e-01
7.549530267715454102e-01
7.534345984458923340e-01
3.360487818717956543e-01
6.326364278793334961e-01
3.360487818717956543e-01
3.360487818717956543e-01
3.360487818717956543e-01
3.360487818717956543e-01
3.360487818717956543e-01
3.360487818717956543e-01
3.360487818717956543e-01
3.360487818717956543e-01
2.898207604885101318e-01
3.360487818717956543e-01
3.360487818717956543e-01
3.360487818717956543e-01
3.613397479057312012e-01
3.360487818717956543e-01
3.360487818717956543e-01
3.360487818717956543e-01
5.999385714530944824e-01
3.360487818717956543e-01
3.360487818717956543e-01
3.360487818717956543e-01
3.360487818717956543e-01
3.360487818717956543e-01
3.360487818717956543e-01
3.360487818717956543e-01
3.360487818717956543e-01
3.360487818717956543e-01
3.360487818717956543e-01
3.360487818717956543e-01
3.360487818717956543e-01
3.360487818717956543e-01
3.360487818717956543e-01
3.360487818717956543e-01
3.360487818717956543e-01
3.360487818717956543e-01
3.360487818717956543e-01
3.360487818717956543e-01
3.360487818717956543e-01
3.360487818717956543e-01
3.360487818717956543e-01
3.360487818717956543e-01
3.360487818717956543e-01
3.360487818717956543e-01
3.360487818717956543e-01
3.360487818717956543e-01
3.360487818717956543e-01
3.360487818717956543e-01
3.360487818717956543e-01
3.360487818717956543e-01
3.360487818717956543e-01
3.360487818717956543e-01
3.360487818717956543e-01
3.360487818717956543e-01
3.217045366764068604e-01
3.360487818717956543e-01
3.360487818717956543e-01
3.360487818717956543e-01
3.360487818717956543e-01
3.360487818717956543e-01
4.767431318759918213e-01
3.182211220264434814e-01
3.360487818717956543e-01
3.360487818717956543e-01
3.360487818717956543e-01
3.360487818717956543e-01
3.360487818717956543e-01
3.360487818717956543e-01
3.360487818717956543e-01
3.360487818717956543e-01
3.360487818717956543e-01
3.360487818717956543e-01
3.360487818717956543e-01
3.360487818717956543e-01
3.360487818717956543e-01
3.360487818717956543e-01
3.360487818717956543e-01
3.360487818717956543e-01
3.360487818717956543e-01
3.360487818717956543e-01
3.360487818717956543e-01
3.360487818717956543e-01
3.360487818717956543e-01
3.360487818717956543e-01
3.360487818717956543e-01
6.145328283309936523e-01
3.360487818717956543e-01
3.360487818717956543e-01
3.360487818717956543e-01
2.561394274234771729e-01
3.360487818717956543e-01
3.360487818717956543e-01
3.360487818717956543e-01
3.360487818717956543e-01
3.360487818717956543e-01
3.360487818717956543e-01
3.360487818717956543e-01
3.360487818717956543e-01
2.734264433383941650e-01
3.360487818717956543e-01
3.360487818717956543e-01
7.549101114273071289e-01
3.360487818717956543e-01
3.360487818717956543e-01
3.360487818717956543e-01
3.360487818717956543e-01
3.360487818717956543e-01
7.549527883529663086e-01
3.360487818717956543e-01
3.360487818717956543e-01
3.360487818717956543e-01
3.360487818717956543e-01
3.360487818717956543e-01
3.360487818717956543e-01
3.360487818717956543e-01
3.360487818717956543e-01
3.360487818717956543e-01
3.360487818717956543e-01
3.360487818717956543e-01
3.360487818717956543e-01
3.360487818717956543e-01
3.360487818717956543e-01
3.360487818717956543e-01
3.360487818717956543e-01
3.360487818717956543e-01
3.360487818717956543e-01
3.360487818717956543e-01
3.360487818717956543e-01
3.360487818717956543e-01
3.360487818717956543e-01
3.360487818717956543e-01
3.360487818717956543e-01
3.360487818717956543e-01
3.360487818717956543e-01
3.360487818717956543e-01
3.360487818717956543e-01
3.360487818717956543e-01
3.360487818717956543e-01
3.360487818717956543e-01
3.360487818717956543e-01
3.360487818717956543e-01
3.360487818717956543e-01
3.360487818717956543e-01
3.360487818717956543e-01
3.360487818717956543e-01
3.360487818717956543e-01
3.360487818717956543e-01
3.360487818717956543e-01
3.360487818717956543e-01
3.403711020946502686e-01
3.360487818717956543e-01
3.360487818717956543e-01
3.360487818717956543e-01
3.360487818717956543e-01
3.360487818717956543e-01
3.360487818717956543e-01
3.360487818717956543e-01
3.360487818717956543e-01
3.360487818717956543e-01
3.360487818717956543e-01
3.360487818717956543e-01
3.360487818717956543e-01
3.360487818717956543e-01
3.360487818717956543e-01
3.360487818717956543e-01
3.360487818717956543e-01
3.360487818717956543e-01
3.360487818717956543e-01
3.360487818717956543e-01
3.360487818717956543e-01
3.360487818717956543e-01
3.360487818717956543e-01
3.360487818717956543e-01
6.088464260101318359e-01
3.360487818717956543e-01
3.360487818717956543e-01
3.360487818717956543e-01
3.360487818717956543e-01
3.360487818717956543e-01
3.360487818717956543e-01
3.360487818717956543e-01
3.360487818717956543e-01
3.360487818717956543e-01
4.420647323131561279e-01
7.549530267715454102e-01
7.101510763168334961e-01
7.549530267715454102e-01
7.549530267715454102e-01
6.548953056335449219e-01
9.110288619995117188e-01
7.549530267715454102e-01
6.968298554420471191e-01
7.549530267715454102e-01
3.576264083385467529e-01
6.608173847198486328e-01
7.549530267715454102e-01
7.549530267715454102e-01
5.588161945343017578e-01
7.551727294921875000e-01
6.085677742958068848e-01
3.360487818717956543e-01
3.360487818717956543e-01
6.534047126770019531e-01
5.340471267700195312e-01
3.360487818717956543e-01
3.360487818717956543e-01
6.171906590461730957e-01
5.062883496284484863e-01
3.360487818717956543e-01
6.458535194396972656e-01
7.344765067100524902e-01
4.921543896198272705e-01
3.360487818717956543e-01
4.448689520359039307e-01
3.360487818717956543e-01
5.192919969558715820e-01
4.621338844299316406e-01
3.360487818717956543e-01
3.360487818717956543e-01
5.974557995796203613e-01
3.360487818717956543e-01
3.453730940818786621e-01
3.360487818717956543e-01
3.360487818717956543e-01
5.236978530883789062e-01
5.918819904327392578e-01
6.113852262496948242e-01
7.063940167427062988e-01
6.944959163665771484e-01
5.822321176528930664e-01
7.549530267715454102e-01
7.549530267715454102e-01
7.549530267715454102e-01
6.647426486015319824e-01
6.054365634918212891e-01
7.549530267715454102e-01
8.142476677894592285e-01
4.512408375740051270e-01
5.133833289146423340e-01
3.360487818717956543e-01
5.845412015914916992e-01
3.360487818717956543e-01
7.549530267715454102e-01
3.360487818717956543e-01
3.360487818717956543e-01
8.873506784439086914e-01
6.480242609977722168e-01
3.360487818717956543e-01
3.360487818717956543e-01
3.360487818717956543e-01
3.360487818717956543e-01
3.360487818717956543e-01
3.360487818717956543e-01
4.701126217842102051e-01
6.662186384201049805e-01
7.058174014091491699e-01
7.549530267715454102e-01
3.360487818717956543e-01
6.228445768356323242e-01
7.549530267715454102e-01
7.549530267715454102e-01
7.549530267715454102e-01
6.715212464332580566e-01
6.333643794059753418e-01
7.549530267715454102e-01
7.549530267715454102e-01
7.511426806449890137e-01
7.549101114273071289e-01
3.360487818717956543e-01
3.360487818717956543e-01
3.360487818717956543e-01
3.360487818717956543e-01
3.360487818717956543e-01
4.757399857044219971e-01
7.548750638961791992e-01
3.360487818717956543e-01
7.479318976402282715e-01
7.256937623023986816e-01
3.360487818717956543e-01
3.360487818717956543e-01
3.360487818717956543e-01
3.360487818717956543e-01
3.360487818717956543e-01
3.360487818717956543e-01
3.360487818717956543e-01
3.360487818717956543e-01
3.360487818717956543e-01
3.360487818717956543e-01
3.360487818717956543e-01
3.360487818717956543e-01
3.360487818717956543e-01
3.360487818717956543e-01
3.360487818717956543e-01
3.360487818717956543e-01
3.360487818717956543e-01
3.360487818717956543e-01
3.360487818717956543e-01
3.360487818717956543e-01
3.360487818717956543e-01
3.360487818717956543e-01
3.360487818717956543e-01
3.360487818717956543e-01
3.360487818717956543e-01
3.360487818717956543e-01
3.360487818717956543e-01
3.360487818717956543e-01
3.360487818717956543e-01
3.360487818717956543e-01
3.360487818717956543e-01
3.360487818717956543e-01
3.360487818717956543e-01
3.360487818717956543e-01
7.435115575790405273e-01
3.360487818717956543e-01
3.360487818717956543e-01
5.918819904327392578e-01
3.360487818717956543e-01
3.360487818717956543e-01
3.360487818717956543e-01
3.360487818717956543e-01
3.360487818717956543e-01
3.360487818717956543e-01
3.360487818717956543e-01
3.360487818717956543e-01
3.360487818717956543e-01
3.360487818717956543e-01
3.360487818717956543e-01
3.360487818717956543e-01
3.360487818717956543e-01
3.360487818717956543e-01
3.360487818717956543e-01
3.360487818717956543e-01
3.360487818717956543e-01
3.360487818717956543e-01
3.360487818717956543e-01
3.360487818717956543e-01
3.360487818717956543e-01
3.360487818717956543e-01
3.360487818717956543e-01
3.360487818717956543e-01
3.360487818717956543e-01
3.360487818717956543e-01
3.360487818717956543e-01
3.360487818717956543e-01
3.360487818717956543e-01
3.360487818717956543e-01
3.360487818717956543e-01
3.360487818717956543e-01
6.235728859901428223e-01
3.360487818717956543e-01
3.360487818717956543e-01
3.360487818717956543e-01
3.360487818717956543e-01
3.360487818717956543e-01
3.360487818717956543e-01
3.360487818717956543e-01
3.360487818717956543e-01
7.529559135437011719e-01
3.360487818717956543e-01
3.360487818717956543e-01
3.360487818717956543e-01
3.360487818717956543e-01
3.360487818717956543e-01
3.360487818717956543e-01
3.360487818717956543e-01
6.008656024932861328e-01
7.493738532066345215e-01
3.360487818717956543e-01
3.360487818717956543e-01
3.360487818717956543e-01
3.360487818717956543e-01
3.360487818717956543e-01
3.360487818717956543e-01
3.360487818717956543e-01
3.360487818717956543e-01
3.360487818717956543e-01
3.360487818717956543e-01
3.360487818717956543e-01
3.360487818717956543e-01
3.360487818717956543e-01
3.360487818717956543e-01
3.360487818717956543e-01
3.360487818717956543e-01
3.360487818717956543e-01
3.360487818717956543e-01
3.360487818717956543e-01
3.360487818717956543e-01
3.360487818717956543e-01
3.360487818717956543e-01
3.360487818717956543e-01
3.360487818717956543e-01
2.107696533203125000e-01
3.360487818717956543e-01
3.360487818717956543e-01
3.360487818717956543e-01
3.302474617958068848e-01
3.360487818717956543e-01
3.360487818717956543e-01
3.360487818717956543e-01
3.360487818717956543e-01
3.360487818717956543e-01
7.435115575790405273e-01
3.360487818717956543e-01
3.360487818717956543e-01
3.360487818717956543e-01
3.360487818717956543e-01
3.360487818717956543e-01
3.373341858386993408e-01
3.360487818717956543e-01
3.360487818717956543e-01
3.360487818717956543e-01
3.360487818717956543e-01
3.360487818717956543e-01
3.360487818717956543e-01
3.360487818717956543e-01
3.360487818717956543e-01
3.360487818717956543e-01
3.360487818717956543e-01
3.360487818717956543e-01
3.360487818717956543e-01
3.360487818717956543e-01
3.360487818717956543e-01
3.360487818717956543e-01
3.360487818717956543e-01
3.360487818717956543e-01
3.360487818717956543e-01
3.360487818717956543e-01
3.360487818717956543e-01
5.991213321685791016e-01
3.360487818717956543e-01
3.360487818717956543e-01
3.360487818717956543e-01
3.360487818717956543e-01
3.360487818717956543e-01
5.862475037574768066e-01
7.190477252006530762e-01
3.360487818717956543e-01
3.360487818717956543e-01
3.360487818717956543e-01
3.360487818717956543e-01
3.360487818717956543e-01
3.360487818717956543e-01
3.360487818717956543e-01
7.547879815101623535e-01
3.360487818717956543e-01
3.360487818717956543e-01
3.360487818717956543e-01
3.360487818717956543e-01
3.360487818717956543e-01
3.360487818717956543e-01
3.360487818717956543e-01
3.360487818717956543e-01
3.360487818717956543e-01
3.360487818717956543e-01
3.360487818717956543e-01
3.360487818717956543e-01
3.360487818717956543e-01
3.360487818717956543e-01
3.360487818717956543e-01
3.360487818717956543e-01
3.360487818717956543e-01
3.360487818717956543e-01
3.360487818717956543e-01
3.360487818717956543e-01
7.549413442611694336e-01
3.360487818717956543e-01
3.360487818717956543e-01
3.360487818717956543e-01
3.360487818717956543e-01
3.360487818717956543e-01
3.360487818717956543e-01
3.360487818717956543e-01
3.360487818717956543e-01
3.360487818717956543e-01
3.360487818717956543e-01
3.360487818717956543e-01
3.360487818717956543e-01
3.360487818717956543e-01
3.360487818717956543e-01
3.360487818717956543e-01
3.360487818717956543e-01
3.360487818717956543e-01
3.360487818717956543e-01
3.360487818717956543e-01
3.360487818717956543e-01
3.360487818717956543e-01
3.360487818717956543e-01
3.360487818717956543e-01
3.360487818717956543e-01
3.360487818717956543e-01
3.360487818717956543e-01
3.360487818717956543e-01
3.360487818717956543e-01
3.360487818717956543e-01
3.360487818717956543e-01
3.360487818717956543e-01
3.360487818717956543e-01
3.360487818717956543e-01
3.360487818717956543e-01
3.360487818717956543e-01
3.360487818717956543e-01
3.360487818717956543e-01
3.360487818717956543e-01
3.360487818717956543e-01
3.360487818717956543e-01
3.360487818717956543e-01
3.360487818717956543e-01
3.360487818717956543e-01
3.360487818717956543e-01
3.360487818717956543e-01
3.360487818717956543e-01
3.360487818717956543e-01
3.360487818717956543e-01
3.360487818717956543e-01
3.360487818717956543e-01
3.360487818717956543e-01
3.360487818717956543e-01
3.360487818717956543e-01
7.549076080322265625e-01
7.548983097076416016e-01
3.360487818717956543e-01
3.360487818717956543e-01
7.524802088737487793e-01
3.360487818717956543e-01
3.360487818717956543e-01
