9.929273724555969238e-01
9.998344182968139648e-01
9.969834685325622559e-01
9.476918578147888184e-01
9.058948159217834473e-01
9.556900858879089355e-01
9.332135319709777832e-01
9.301389455795288086e-01
9.585328698158264160e-01
9.977715015411376953e-01
9.994358420372009277e-01
7.378868460655212402e-01
9.942730069160461426e-01
9.907963275909423828e-01
9.770433306694030762e-01
9.637898206710815430e-01
9.944902658462524414e-01
9.926906228065490723e-01
8.762407898902893066e-01
9.838699698448181152e-01
9.565998911857604980e-01
9.959545135498046875e-01
9.507848024368286133e-01
9.654419422149658203e-01
9.534152746200561523e-01
9.972397089004516602e-01
9.890066385269165039e-01
9.989223480224609375e-01
9.686673879623413086e-01
9.571378827095031738e-01
9.999061822891235352e-01
9.474811553955078125e-01
9.936700463294982910e-01
9.979198575019836426e-01
9.974870681762695312e-01
9.961149692535400391e-01
9.970902204513549805e-01
9.996937513351440430e-01
9.130983352661132812e-01
9.901347756385803223e-01
9.352556467056274414e-01
9.528629183769226074e-01
9.991329312324523926e-01
9.077496528625488281e-01
9.473244547843933105e-01
9.035226702690124512e-01
9.095154404640197754e-01
8.979197740554809570e-01
9.970971345901489258e-01
7.347849607467651367e-01
9.987921118736267090e-01
8.683752417564392090e-01
9.697299003601074219e-01
9.999381303787231445e-01
9.610916972160339355e-01
9.825537800788879395e-01
9.999674558639526367e-01
9.526241421699523926e-01
9.546516537666320801e-01
9.970210194587707520e-01
9.997195601463317871e-01
9.922209382057189941e-01
9.919637441635131836e-01
9.368243217468261719e-01
9.953653812408447266e-01
6.944705247879028320e-01
9.498222470283508301e-01
9.977408647537231445e-01
9.605265855789184570e-01
9.326812624931335449e-01
9.931574463844299316e-01
9.837157130241394043e-01
9.501313567161560059e-01
9.443399906158447266e-01
9.955773353576660156e-01
4.757467806339263916e-01
9.198738336563110352e-01
9.318485856056213379e-01
9.913040399551391602e-01
9.438509345054626465e-01
8.891348838806152344e-01
9.705929756164550781e-01
9.537027478218078613e-01
6.533639430999755859e-01
9.109769463539123535e-01
9.216480255126953125e-01
9.932437539100646973e-01
9.435669183731079102e-01
9.983110427856445312e-01
4.539785385131835938e-01
9.979287385940551758e-01
9.990412592887878418e-01
9.137400388717651367e-01
9.657952785491943359e-01
9.978506565093994141e-01
9.996467828750610352e-01
9.657721519470214844e-01
9.830853343009948730e-01
9.111024737358093262e-01
8.653652071952819824e-01
9.588690996170043945e-01
9.963634610176086426e-01
7.935042381286621094e-01
9.702280163764953613e-01
9.538109302520751953e-01
9.866073131561279297e-01
9.981106519699096680e-01
7.085008621215820312e-01
9.296408891677856445e-01
8.695488572120666504e-01
9.720335602760314941e-01
6.255995035171508789e-01
9.173310399055480957e-01
8.085673451423645020e-01
9.968648552894592285e-01
9.294990301132202148e-01
7.418254613876342773e-01
9.916235804557800293e-01
9.338735342025756836e-01
9.943568110466003418e-01
9.807327389717102051e-01
9.879191517829895020e-01
9.920902252197265625e-01
9.530344009399414062e-01
9.818300008773803711e-01
9.606114029884338379e-01
9.927742481231689453e-01
6.748887300491333008e-01
9.854115843772888184e-01
9.994134902954101562e-01
9.998179078102111816e-01
9.681941270828247070e-01
9.842924475669860840e-01
9.090932607650756836e-01
9.885886907577514648e-01
5.466054677963256836e-01
9.977972507476806641e-01
9.987012147903442383e-01
9.887182712554931641e-01
9.863756299018859863e-01
9.128801226615905762e-01
9.926511645317077637e-01
9.974217414855957031e-01
9.723424315452575684e-01
9.980825185775756836e-01
5.919777154922485352e-01
9.240478277206420898e-01
5.417316555976867676e-01
9.836992025375366211e-01
9.965372085571289062e-01
9.831211566925048828e-01
3.813549876213073730e-01
9.893025755882263184e-01
4.446119666099548340e-01
9.908798933029174805e-01
9.775800108909606934e-01
9.645846486091613770e-01
9.868980646133422852e-01
9.954963922500610352e-01
3.744077086448669434e-01
3.338078856468200684e-01
6.970232129096984863e-01
5.002218484878540039e-01
9.792124032974243164e-01
9.663233757019042969e-01
9.011614918708801270e-01
3.941744565963745117e-01
3.931384384632110596e-01
9.826608300209045410e-01
4.124904870986938477e-01
5.341774225234985352e-01
1.000000000000000000e+00
5.361919403076171875e-01
9.176387190818786621e-01
9.247170686721801758e-01
4.833280742168426514e-01
7.418648004531860352e-01
3.560292720794677734e-01
5.291670560836791992e-01
9.330036640167236328e-01
4.590358734130859375e-01
4.347128272056579590e-01
9.527551531791687012e-01
4.963313937187194824e-01
9.741869568824768066e-01
9.903632998466491699e-01
5.772481560707092285e-01
4.623754620552062988e-01
9.627724289894104004e-01
9.990863800048828125e-01
4.961369931697845459e-01
4.571514725685119629e-01
9.645887613296508789e-01
9.839490056037902832e-01
4.264954626560211182e-01
9.864116907119750977e-01
3.759443163871765137e-01
4.032743573188781738e-01
3.901842832565307617e-01
9.720292091369628906e-01
3.280849158763885498e-01
9.987473487854003906e-01
4.981622397899627686e-01
9.814277887344360352e-01
9.957020878791809082e-01
4.295722544193267822e-01
4.634325802326202393e-01
4.188864827156066895e-01
9.999699592590332031e-01
4.402426183223724365e-01
3.858324289321899414e-01
5.215052366256713867e-01
4.554154276847839355e-01
9.426192641258239746e-01
9.794545173645019531e-01
9.881505966186523438e-01
9.902595877647399902e-01
4.941985905170440674e-01
9.529470205307006836e-01
9.693776965141296387e-01
7.709340453147888184e-01
9.908007979393005371e-01
9.705467224121093750e-01
5.291845202445983887e-01
9.838501214981079102e-01
4.979003965854644775e-01
4.888297617435455322e-01
4.418441355228424072e-01
9.909315109252929688e-01
9.978804588317871094e-01
3.916217982769012451e-01
4.510922133922576904e-01
4.040061235427856445e-01
9.195552468299865723e-01
9.361562728881835938e-01
9.789176583290100098e-01
5.861695408821105957e-01
9.755222201347351074e-01
9.846231341361999512e-01
9.957172274589538574e-01
4.763351082801818848e-01
9.724730253219604492e-01
5.820542573928833008e-01
9.991408586502075195e-01
4.866347610950469971e-01
1.335929632186889648e-01
9.634217023849487305e-01
9.986550807952880859e-01
9.691919088363647461e-01
5.484607219696044922e-01
3.499150574207305908e-01
9.484993815422058105e-01
8.819504380226135254e-01
9.928418397903442383e-01
1.820398867130279541e-01
9.983898401260375977e-01
9.942850470542907715e-01
9.635178446769714355e-01
9.929002523422241211e-01
9.419551491737365723e-01
9.522113800048828125e-01
9.285453557968139648e-01
5.031304359436035156e-01
3.237554132938385010e-01
8.497016429901123047e-01
9.483175873756408691e-01
9.936040043830871582e-01
9.989477992057800293e-01
2.782324850559234619e-01
9.985049962997436523e-01
9.426707029342651367e-01
9.976673126220703125e-01
9.992268085479736328e-01
9.355077147483825684e-01
9.903940558433532715e-01
9.418566823005676270e-01
9.217811822891235352e-01
9.298631548881530762e-01
9.669594168663024902e-01
9.524714946746826172e-01
9.997375607490539551e-01
9.686344861984252930e-01
5.409721732139587402e-01
8.578637838363647461e-01
9.251611232757568359e-01
9.928029179573059082e-01
9.595039486885070801e-01
9.977654218673706055e-01
9.951791763305664062e-01
9.545288085937500000e-01
9.607482552528381348e-01
9.781786799430847168e-01
7.996261119842529297e-01
9.526708722114562988e-01
9.792473912239074707e-01
9.327375888824462891e-01
9.930726885795593262e-01
9.469166994094848633e-01
9.580523967742919922e-01
9.799944162368774414e-01
9.598067998886108398e-01
9.865127801895141602e-01
9.473009109497070312e-01
3.159590065479278564e-01
9.632167220115661621e-01
9.993732571601867676e-01
7.587370872497558594e-01
9.534305334091186523e-01
9.674098491668701172e-01
9.337747097015380859e-01
4.622371792793273926e-01
9.443373084068298340e-01
9.135370850563049316e-01
9.992891550064086914e-01
9.528689980506896973e-01
9.294111132621765137e-01
9.931014776229858398e-01
9.799448251724243164e-01
9.958145022392272949e-01
9.950926303863525391e-01
2.980846762657165527e-01
9.782484769821166992e-01
8.874796032905578613e-01
9.828782081604003906e-01
2.211861759424209595e-01
9.111927151679992676e-01
9.378918409347534180e-01
5.976364016532897949e-01
9.681592583656311035e-01
9.807448387145996094e-01
9.843152165412902832e-01
9.909788370132446289e-01
1.640989929437637329e-01
6.765592098236083984e-01
3.883388638496398926e-01
9.705124497413635254e-01
9.637648463249206543e-01
4.356486797332763672e-01
9.452576637268066406e-01
8.987005949020385742e-01
9.936129450798034668e-01
8.820098638534545898e-01
4.037225246429443359e-01
9.842339158058166504e-01
3.560507297515869141e-01
7.044627070426940918e-01
7.725111246109008789e-01
9.689754247665405273e-01
9.782484769821166992e-01
9.465643763542175293e-01
9.658461809158325195e-01
7.747271656990051270e-01
9.906064271926879883e-01
7.780656814575195312e-01
5.152815580368041992e-01
9.993425011634826660e-01
5.561269521713256836e-01
6.054809689521789551e-01
9.851394295692443848e-01
4.206799864768981934e-01
9.626508951187133789e-01
3.320260941982269287e-01
3.315027058124542236e-01
9.328058362007141113e-01
8.439851403236389160e-01
8.220719695091247559e-01
5.481940507888793945e-01
9.991944432258605957e-01
5.544512867927551270e-01
5.560795068740844727e-01
9.924462437629699707e-01
9.927565455436706543e-01
7.910231947898864746e-01
8.505472540855407715e-01
4.863766431808471680e-01
4.933436512947082520e-01
9.793167710304260254e-01
9.963338375091552734e-01
4.900156855583190918e-01
5.546380281448364258e-01
9.233794808387756348e-01
5.118730664253234863e-01
4.608092308044433594e-01
4.567185044288635254e-01
9.524682760238647461e-01
4.857878684997558594e-01
4.990811645984649658e-01
5.116462111473083496e-01
9.238707423210144043e-01
7.102855443954467773e-01
5.118135213851928711e-01
4.588200151920318604e-01
4.729139804840087891e-01
4.925987422466278076e-01
5.335084199905395508e-01
5.894551277160644531e-01
7.507625222206115723e-01
9.635240435600280762e-01
4.012506902217864990e-01
7.020385861396789551e-01
4.712614417076110840e-01
9.990702271461486816e-01
9.453116655349731445e-01
8.397343158721923828e-01
5.073260068893432617e-01
9.971888661384582520e-01
5.212977528572082520e-01
5.109848380088806152e-01
4.671824276447296143e-01
9.907462596893310547e-01
6.855730414390563965e-01
7.656037211418151855e-01
4.195417463779449463e-01
4.999834299087524414e-01
4.872631430625915527e-01
5.023007392883300781e-01
4.917109906673431396e-01
4.407399594783782959e-01
9.732696413993835449e-01
6.711862683296203613e-01
4.599236547946929932e-01
8.009974360466003418e-01
4.964093863964080811e-01
4.894635975360870361e-01
5.751888155937194824e-01
1.688848137855529785e-01
9.546881318092346191e-01
9.964079260826110840e-01
9.444103837013244629e-01
9.974045157432556152e-01
9.993141889572143555e-01
9.982312321662902832e-01
9.968582391738891602e-01
9.275311827659606934e-01
9.496093988418579102e-01
9.784867763519287109e-01
9.983489513397216797e-01
9.999996423721313477e-01
9.997460246086120605e-01
8.864560723304748535e-01
9.547653794288635254e-01
9.816893339157104492e-01
9.315456748008728027e-01
9.545993804931640625e-01
9.854961037635803223e-01
9.905005693435668945e-01
9.983608126640319824e-01
9.945002794265747070e-01
9.802519679069519043e-01
9.648680090904235840e-01
9.186519980430603027e-01
8.769066929817199707e-01
9.991914629936218262e-01
2.393555790185928345e-01
9.313223958015441895e-01
9.953472018241882324e-01
9.933987855911254883e-01
9.451419115066528320e-01
9.583342075347900391e-01
9.982162117958068848e-01
9.513087272644042969e-01
9.999064207077026367e-01
8.963846564292907715e-01
9.249526262283325195e-01
9.680963158607482910e-01
9.396281242370605469e-01
9.951079487800598145e-01
9.111337661743164062e-01
9.274148941040039062e-01
9.979352951049804688e-01
9.999982118606567383e-01
9.838257431983947754e-01
9.549818038940429688e-01
9.534487724304199219e-01
9.949367046356201172e-01
9.893167018890380859e-01
9.957774877548217773e-01
9.967238306999206543e-01
9.420275092124938965e-01
8.400143980979919434e-01
9.468745589256286621e-01
9.530537724494934082e-01
9.988585710525512695e-01
9.685308933258056641e-01
9.570088982582092285e-01
9.716149568557739258e-01
9.820798635482788086e-01
9.452372193336486816e-01
9.547728896141052246e-01
9.752268791198730469e-01
9.887691736221313477e-01
9.544839262962341309e-01
9.572751522064208984e-01
9.817968606948852539e-01
9.991876482963562012e-01
9.358347058296203613e-01
9.999264478683471680e-01
9.283200502395629883e-01
9.728484749794006348e-01
9.279083609580993652e-01
1.230231896042823792e-01
1.756116375327110291e-02
3.255329430103302002e-01
1.143964976072311401e-01
4.002858325839042664e-02
2.415496855974197388e-02
6.141917109489440918e-01
1.126346662640571594e-01
9.690011292695999146e-02
1.114046759903430939e-02
7.685446739196777344e-01
1.578594744205474854e-01
4.519836306571960449e-01
1.905865669250488281e-01
1.165177375078201294e-01
2.092321217060089111e-01
8.971431851387023926e-01
6.895395517349243164e-01
7.511369585990905762e-01
3.927253931760787964e-02
7.067366689443588257e-02
6.575481593608856201e-02
1.751158088445663452e-01
4.945188015699386597e-02
6.976581644266843796e-03
2.121290192008018494e-02
1.446716859936714172e-02
4.826209843158721924e-01
6.500437110662460327e-02
4.894192889332771301e-02
1.641986519098281860e-02
1.844155341386795044e-01
6.231639161705970764e-02
3.938097879290580750e-02
4.987388104200363159e-02
5.025884509086608887e-02
6.542986035346984863e-01
7.979684472084045410e-01
8.516949415206909180e-02
5.480501651763916016e-01
2.141564898192882538e-02
8.456948399543762207e-01
3.385818600654602051e-01
4.067939519882202148e-01
1.791934520006179810e-01
2.383415997028350830e-01
2.218713015317916870e-01
6.732903420925140381e-02
8.058743923902511597e-02
6.870023012161254883e-01
1.647958904504776001e-01
1.507781818509101868e-02
1.270301491022109985e-01
3.650955483317375183e-02
1.649908162653446198e-02
7.642929255962371826e-02
5.664915218949317932e-02
1.495987772941589355e-01
1.834748536348342896e-01
2.500880882143974304e-02
2.616829574108123779e-01
7.165632396936416626e-02
2.185471653938293457e-01
1.737693697214126587e-01
6.788055300712585449e-01
7.815604656934738159e-02
6.110069900751113892e-02
8.720261454582214355e-01
1.424854844808578491e-01
6.350093334913253784e-02
3.838669657707214355e-01
4.667124152183532715e-02
6.952431797981262207e-02
6.985632181167602539e-01
1.255988925695419312e-01
1.370629519224166870e-01
2.160640992224216461e-02
1.777880080044269562e-02
1.671592891216278076e-01
5.706675350666046143e-02
1.403825357556343079e-02
5.706675350666046143e-02
3.069714829325675964e-02
3.505849838256835938e-01
2.608304843306541443e-02
2.123595215380191803e-02
2.388825714588165283e-01
3.299922868609428406e-02
2.510600984096527100e-01
9.695504605770111084e-02
1.784524768590927124e-01
1.290083378553390503e-01
3.069714829325675964e-02
1.207932755351066589e-01
2.982655167579650879e-01
1.841613091528415680e-02
1.255033761262893677e-01
3.150505721569061279e-01
3.069714829325675964e-02
1.841613091528415680e-02
2.730063162744045258e-02
2.068207971751689911e-02
4.488942772150039673e-02
2.493856847286224365e-02
1.625922881066799164e-02
5.823881626129150391e-01
2.049541771411895752e-01
2.800780534744262695e-01
1.777880080044269562e-02
1.833614259958267212e-01
1.693878173828125000e-01
1.948127299547195435e-01
1.948127299547195435e-01
1.465817913413047791e-02
4.363226518034934998e-02
2.160640992224216461e-02
1.465817913413047791e-02
1.784524768590927124e-01
1.241315007209777832e-01
1.841613091528415680e-02
2.123595215380191803e-02
3.471310436725616455e-01
3.086920455098152161e-02
2.337418496608734131e-01
9.425225108861923218e-02
2.730063162744045258e-02
1.101961657404899597e-01
9.657658636569976807e-02
5.706675350666046143e-02
1.833614259958267212e-01
1.833614259958267212e-01
4.397077858448028564e-02
1.661623716354370117e-01
2.123595215380191803e-02
2.192116230726242065e-01
1.461116224527359009e-01
3.139076381921768188e-02
3.065629862248897552e-02
9.064404666423797607e-02
7.634404301643371582e-02
2.068207971751689911e-02
3.142051100730895996e-01
4.216517135500907898e-02
1.403825357556343079e-02
1.326959133148193359e-01
1.485138535499572754e-01
4.268496483564376831e-02
3.849727809429168701e-01
1.417254656553268433e-01
2.637296542525291443e-02
3.231840133666992188e-01
3.765927553176879883e-01
3.495610356330871582e-01
3.190345168113708496e-01
1.132800653576850891e-01
2.452896535396575928e-01
3.857667148113250732e-01
5.785687565803527832e-01
3.864788413047790527e-01
3.662196993827819824e-01
2.313816696405410767e-01
2.802956998348236084e-01
4.203799962997436523e-01
3.340629935264587402e-01
3.848408162593841553e-01
3.603719770908355713e-01
5.995659232139587402e-01
3.743426501750946045e-01
4.347691535949707031e-01
4.238287806510925293e-01
3.522793352603912354e-01
1.141326352953910828e-01
4.185545444488525391e-01
3.140848278999328613e-01
4.806125760078430176e-01
2.938208878040313721e-01
3.804549872875213623e-01
4.451496899127960205e-01
3.799729347229003906e-01
4.356357753276824951e-01
4.339527189731597900e-01
4.424921274185180664e-01
4.228850603103637695e-01
3.922118544578552246e-01
4.728256464004516602e-01
4.168026149272918701e-01
3.736738562583923340e-01
3.536973893642425537e-01
4.508017003536224365e-01
5.462961792945861816e-01
3.673762083053588867e-01
4.045776724815368652e-01
3.188035190105438232e-01
4.114001691341400146e-01
8.939443528652191162e-02
3.761865496635437012e-01
4.072401523590087891e-01
3.636485338211059570e-01
2.230348885059356689e-01
3.205894529819488525e-01
4.332387447357177734e-01
4.107054471969604492e-01
2.865914404392242432e-01
2.318416535854339600e-01
3.389488756656646729e-01
3.948900401592254639e-01
4.073598384857177734e-01
3.475147783756256104e-01
3.970342576503753662e-01
4.461185634136199951e-01
2.872838377952575684e-01
2.535442709922790527e-01
4.237296879291534424e-01
3.486545085906982422e-01
2.878500819206237793e-01
3.609232306480407715e-01
3.157536387443542480e-01
3.924513459205627441e-01
4.648786485195159912e-01
4.493498206138610840e-01
3.548550307750701904e-01
5.174427032470703125e-01
3.162562251091003418e-01
3.362920582294464111e-01
4.244910180568695068e-01
4.474394023418426514e-01
3.686378896236419678e-01
4.801963567733764648e-01
4.090301096439361572e-01
5.549058318138122559e-01
4.424142241477966309e-01
5.488987565040588379e-01
3.246974349021911621e-01
4.259639978408813477e-01
4.282990694046020508e-01
3.538942337036132812e-01
3.411536216735839844e-01
5.096254348754882812e-01
4.521987140178680420e-01
2.692149579524993896e-01
4.917005598545074463e-01
2.907459437847137451e-01
3.187460601329803467e-01
1.242619454860687256e-01
4.067684412002563477e-01
1.786554157733917236e-01
2.996113896369934082e-01
4.838081300258636475e-01
1.918613165616989136e-01
1.521247625350952148e-01
2.116345167160034180e-01
7.494466751813888550e-02
7.841101288795471191e-02
1.745555996894836426e-01
1.100667640566825867e-01
7.383641600608825684e-02
1.407452225685119629e-01
2.772528529167175293e-01
1.602804958820343018e-01
1.327811032533645630e-01
4.961965680122375488e-01
2.684429287910461426e-01
3.299505412578582764e-01
1.862970292568206787e-01
1.487846672534942627e-01
7.977515459060668945e-02
2.080893516540527344e-01
1.329741179943084717e-01
1.956164538860321045e-01
2.044450193643569946e-01
2.521809935569763184e-01
6.745513528585433960e-02
1.364741623401641846e-01
1.821039766073226929e-01
7.371166348457336426e-02
1.111477613449096680e-01
4.630790352821350098e-01
1.096946597099304199e-01
1.614158898591995239e-01
1.617707759141921997e-01
5.181654691696166992e-01
8.415182679891586304e-02
1.021554023027420044e-01
9.395861625671386719e-02
1.451775282621383667e-01
4.246633052825927734e-01
8.417050838470458984e-01
2.180738449096679688e-01
1.764267086982727051e-01
3.782124221324920654e-01
4.863592088222503662e-01
1.243143826723098755e-01
1.285022199153900146e-01
9.977617859840393066e-02
1.236483082175254822e-01
1.658548712730407715e-01
1.360118836164474487e-01
1.100455000996589661e-01
2.411260306835174561e-01
1.073371097445487976e-01
1.096147596836090088e-01
3.290216624736785889e-02
2.436864525079727173e-01
1.704365015029907227e-01
8.417163044214248657e-02
1.564133316278457642e-01
1.133888736367225647e-01
7.870165705680847168e-01
3.725447356700897217e-01
2.265737354755401611e-01
1.486218422651290894e-01
1.887114346027374268e-01
2.142639160156250000e-01
9.189863801002502441e-01
1.027819663286209106e-01
2.736919820308685303e-01
2.173251509666442871e-01
3.921327367424964905e-02
6.132525578141212463e-02
1.771561056375503540e-01
1.938110440969467163e-01
5.439360439777374268e-02
2.084457874298095703e-02
2.796442806720733643e-01
1.035467907786369324e-01
1.851571351289749146e-01
1.049456149339675903e-01
6.764747947454452515e-02
1.311538219451904297e-01
1.937295198440551758e-01
2.138762474060058594e-01
7.128579914569854736e-02
3.949402272701263428e-01
9.143663942813873291e-02
1.998466104269027710e-01
6.758633255958557129e-02
4.163788631558418274e-02
8.123072236776351929e-02
2.830179966986179352e-02
2.083864249289035797e-02
1.392538845539093018e-01
6.614243239164352417e-02
4.144361615180969238e-01
3.295713961124420166e-01
4.560564160346984863e-01
3.255032300949096680e-01
1.122359484434127808e-01
1.633486598730087280e-01
2.013549357652664185e-01
1.355341374874114990e-01
1.099451072514057159e-02
3.181633651256561279e-01
4.791027307510375977e-01
2.236300706863403320e-01
3.442395851016044617e-02
1.121701523661613464e-01
2.745361924171447754e-01
4.100775122642517090e-01
1.264622956514358521e-01
7.786256074905395508e-02
1.469591110944747925e-01
4.407410323619842529e-01
2.918320298194885254e-01
1.830302923917770386e-01
4.119879901409149170e-01
4.021984934806823730e-01
5.104676485061645508e-01
4.756511747837066650e-01
4.775970876216888428e-01
4.548329710960388184e-01
3.848258256912231445e-01
4.187280237674713135e-01
4.150108993053436279e-01
5.220472812652587891e-01
5.917683839797973633e-01
3.598234057426452637e-01
1.168220043182373047e-01
3.293440043926239014e-01
4.123583436012268066e-01
4.721880257129669189e-01
4.540087878704071045e-01
4.606808722019195557e-01
4.929229915142059326e-01
4.425505697727203369e-01
5.011130571365356445e-01
4.388800859451293945e-01
5.159406065940856934e-01
3.535200357437133789e-01
4.874826967716217041e-01
3.170817792415618896e-01
4.599306583404541016e-01
4.533596038818359375e-01
4.735288023948669434e-01
4.295209348201751709e-01
4.596078097820281982e-01
3.964707851409912109e-01
4.868810474872589111e-01
6.006611585617065430e-01
4.880132973194122314e-01
4.504896700382232666e-01
5.007146000862121582e-01
4.958108663558959961e-01
5.285895466804504395e-01
5.277485847473144531e-01
4.923579692840576172e-01
5.383399724960327148e-01
3.973184227943420410e-01
4.878539144992828369e-01
4.514571428298950195e-01
4.519828259944915771e-01
4.655934274196624756e-01
4.885176420211791992e-01
3.557265400886535645e-01
5.018209815025329590e-01
5.435090661048889160e-01
5.265642404556274414e-01
5.530540943145751953e-01
5.771847963333129883e-01
4.318943023681640625e-01
4.814356565475463867e-01
3.931164145469665527e-01
5.755410790443420410e-01
4.784833788871765137e-01
4.356619417667388916e-01
4.590502977371215820e-01
1.153022423386573792e-01
6.759349256753921509e-02
1.495324373245239258e-01
2.724548429250717163e-02
1.100460514426231384e-01
2.485004067420959473e-02
1.552172601222991943e-01
1.542352586984634399e-01
1.192419752478599548e-01
8.408560752868652344e-01
5.249353125691413879e-02
7.263227105140686035e-01
4.587576389312744141e-01
8.356069028377532959e-02
1.198374778032302856e-01
3.947675973176956177e-02
5.058919787406921387e-01
5.349050760269165039e-01
5.443797633051872253e-02
6.461494415998458862e-02
1.509915143251419067e-01
9.641592204570770264e-02
8.866531848907470703e-01
2.613407969474792480e-01
7.032635062932968140e-02
9.783827513456344604e-02
2.522224001586437225e-02
2.758864760398864746e-01
2.432770654559135437e-02
7.961043715476989746e-01
1.316210441291332245e-02
1.708616465330123901e-01
8.708075433969497681e-02
5.323275923728942871e-02
6.213384494185447693e-02
2.936023101210594177e-02
1.429768651723861694e-01
5.671890974044799805e-01
2.575445547699928284e-02
8.894556015729904175e-02
1.058177798986434937e-01
4.041857272386550903e-02
4.873475432395935059e-01
5.027099698781967163e-02
1.501315832138061523e-01
5.762705951929092407e-02
1.293801963329315186e-01
2.025245279073715210e-01
3.476205468177795410e-02
1.774825602769851685e-01
2.121102660894393921e-01
1.586294323205947876e-01
3.463394045829772949e-01
1.429982855916023254e-02
3.179936408996582031e-01
1.028123125433921814e-01
2.464319020509719849e-02
6.016203761100769043e-01
2.425185739994049072e-01
2.388129830360412598e-01
1.655788570642471313e-01
1.596094854176044464e-02
6.882274150848388672e-01
1.668405346572399139e-02
3.660152852535247803e-02
4.420684650540351868e-02
1.233051344752311707e-01
5.269692838191986084e-02
7.285633087158203125e-01
1.634581573307514191e-02
6.113432645797729492e-01
2.411999739706516266e-02
1.075345426797866821e-01
4.940047487616539001e-02
7.153267860412597656e-01
