8.630155920982360840e-01
8.144016861915588379e-01
8.806731104850769043e-01
7.709870338439941406e-01
2.463560253381729126e-01
9.417133331298828125e-01
4.702273607254028320e-01
6.925998926162719727e-01
5.861675143241882324e-01
9.349062442779541016e-01
9.784556031227111816e-01
3.920240104198455811e-01
9.936231970787048340e-01
5.402547121047973633e-01
4.500660300254821777e-01
3.419202566146850586e-01
9.686709642410278320e-01
9.482204914093017578e-01
4.085757732391357422e-01
9.446322321891784668e-01
8.252760171890258789e-01
9.839882254600524902e-01
7.536517977714538574e-01
9.681246876716613770e-01
7.415881752967834473e-01
9.512287974357604980e-01
4.881975650787353516e-01
9.293527007102966309e-01
9.623289704322814941e-01
4.080716073513031006e-01
9.645829796791076660e-01
6.567260026931762695e-01
4.919667541980743408e-01
9.658212065696716309e-01
9.136660099029541016e-01
9.381258487701416016e-01
9.798467159271240234e-01
9.760351181030273438e-01
2.513001561164855957e-01
4.872519075870513916e-01
7.270821332931518555e-01
2.219502031803131104e-01
9.729633927345275879e-01
4.637603163719177246e-01
7.446129918098449707e-01
3.811943829059600830e-01
5.192168354988098145e-01
4.760072827339172363e-01
9.580793976783752441e-01
3.649261593818664551e-01
9.665399789810180664e-01
4.453910887241363525e-01
8.741613626480102539e-01
5.196634531021118164e-01
7.357862591743469238e-01
5.464840531349182129e-01
5.299795866012573242e-01
7.274402379989624023e-01
3.566455841064453125e-01
9.661919474601745605e-01
9.853447079658508301e-01
9.091042876243591309e-01
9.877679944038391113e-01
2.123799920082092285e-01
9.412109255790710449e-01
6.778381466865539551e-01
5.759107470512390137e-01
9.678148627281188965e-01
1.930092275142669678e-01
7.535557150840759277e-01
9.070799946784973145e-01
9.887606501579284668e-01
6.977713108062744141e-01
2.475393116474151611e-01
9.832825064659118652e-01
4.635714888572692871e-01
6.025586724281311035e-01
8.441815972328186035e-01
8.377856016159057617e-01
8.406503200531005859e-01
6.825180053710937500e-01
5.026738047599792480e-01
8.545717000961303711e-01
5.856642723083496094e-01
8.317235112190246582e-01
7.801944613456726074e-01
9.193112850189208984e-01
8.542765378952026367e-01
4.646142721176147461e-01
7.318788766860961914e-01
8.807063102722167969e-01
4.965839982032775879e-01
8.263452053070068359e-01
9.021892547607421875e-01
9.003878235816955566e-01
8.402191996574401855e-01
9.033449292182922363e-01
9.890952706336975098e-01
6.415992975234985352e-01
6.482267975807189941e-01
3.140804767608642578e-01
9.169287681579589844e-01
7.420888543128967285e-01
4.919907748699188232e-01
9.241130948066711426e-01
4.905551671981811523e-01
9.492264986038208008e-01
6.187401413917541504e-01
8.193115592002868652e-01
6.924406290054321289e-01
9.829431772232055664e-01
4.953531920909881592e-01
7.677474021911621094e-01
7.901200056076049805e-01
9.708822369575500488e-01
4.771582484245300293e-01
6.639711856842041016e-01
8.864035010337829590e-01
9.486635923385620117e-01
9.613298177719116211e-01
5.047338008880615234e-01
9.115504026412963867e-01
9.468960762023925781e-01
6.616526842117309570e-01
9.720284938812255859e-01
4.554591178894042969e-01
9.882434010505676270e-01
5.036419034004211426e-01
9.364220499992370605e-01
9.106613397598266602e-01
9.344214797019958496e-01
9.147381186485290527e-01
9.113594293594360352e-01
3.587105274200439453e-01
4.914460182189941406e-01
5.896471142768859863e-01
5.276237726211547852e-01
9.194998145103454590e-01
9.824531078338623047e-01
9.115498661994934082e-01
8.458272218704223633e-01
9.506683349609375000e-01
8.725626468658447266e-01
5.880804657936096191e-01
9.612513780593872070e-01
4.554891884326934814e-01
7.513770461082458496e-01
7.510482668876647949e-01
5.153662562370300293e-01
8.985753655433654785e-01
9.412662386894226074e-01
8.102791905403137207e-01
9.920422434806823730e-01
8.456650972366333008e-01
9.889948964118957520e-01
9.851035475730895996e-01
9.728333950042724609e-01
9.776163101196289062e-01
4.966521561145782471e-01
8.711431622505187988e-01
7.812007665634155273e-01
8.858579397201538086e-01
8.473979830741882324e-01
4.949893355369567871e-01
9.865379333496093750e-01
9.753299355506896973e-01
7.319465279579162598e-01
5.330994725227355957e-01
9.789460301399230957e-01
7.736848592758178711e-01
5.358349084854125977e-01
8.163966536521911621e-01
4.611814320087432861e-01
4.971840083599090576e-01
9.148992896080017090e-01
4.873881936073303223e-01
9.579808115959167480e-01
3.552702963352203369e-01
6.179554462432861328e-01
9.388985633850097656e-01
7.293207049369812012e-01
7.048417329788208008e-01
9.615683555603027344e-01
6.354435086250305176e-01
9.742072224617004395e-01
9.910735487937927246e-01
7.768583297729492188e-01
5.796204805374145508e-01
9.667674303054809570e-01
5.788312554359436035e-01
7.881183028221130371e-01
6.861611604690551758e-01
9.781297445297241211e-01
8.341779708862304688e-01
4.903429150581359863e-01
9.339597821235656738e-01
5.197406411170959473e-01
6.551265716552734375e-01
5.667324066162109375e-01
4.926953911781311035e-01
4.304665327072143555e-01
9.502601623535156250e-01
7.110040187835693359e-01
9.133841991424560547e-01
9.666849970817565918e-01
5.628319382667541504e-01
6.648207902908325195e-01
3.885114192962646484e-01
4.931780695915222168e-01
4.870483875274658203e-01
5.067954659461975098e-01
4.496457874774932861e-01
5.720868706703186035e-01
9.351919293403625488e-01
9.931174516677856445e-01
8.211787939071655273e-01
7.901189327239990234e-01
3.431545495986938477e-01
4.929104447364807129e-01
9.773528575897216797e-01
9.868001937866210938e-01
9.331698417663574219e-01
9.732699394226074219e-01
6.876658797264099121e-01
9.904230833053588867e-01
5.728479027748107910e-01
7.388810515403747559e-01
5.915573835372924805e-01
9.898842573165893555e-01
9.247270822525024414e-01
3.600638508796691895e-01
5.393035411834716797e-01
5.301114916801452637e-01
9.474917650222778320e-01
5.152071714401245117e-01
9.925022125244140625e-01
6.969890594482421875e-01
9.837164878845214844e-01
8.650639057159423828e-01
9.776996374130249023e-01
7.847300171852111816e-01
8.033820986747741699e-01
7.016085982322692871e-01
9.476250410079956055e-01
7.724632024765014648e-01
3.027933537960052490e-01
7.524515390396118164e-01
9.918541908264160156e-01
7.239522933959960938e-01
7.460369467735290527e-01
7.153499722480773926e-01
5.413236618041992188e-01
6.043938398361206055e-01
4.909675121307373047e-01
7.737827897071838379e-01
9.558194279670715332e-01
9.276698827743530273e-01
7.550058960914611816e-01
9.156144857406616211e-01
3.383552730083465576e-01
9.659273028373718262e-01
5.948374867439270020e-01
7.231172323226928711e-01
5.103003382682800293e-01
9.593949913978576660e-01
4.126026034355163574e-01
8.369781970977783203e-01
4.924138188362121582e-01
7.272682785987854004e-01
8.101065754890441895e-01
6.849210262298583984e-01
9.810264706611633301e-01
8.596143126487731934e-01
9.065481424331665039e-01
5.624494552612304688e-01
3.988326787948608398e-01
6.370332241058349609e-01
6.315339803695678711e-01
6.870934367179870605e-01
6.353161931037902832e-01
9.097198843955993652e-01
5.950215458869934082e-01
8.143633008003234863e-01
7.281554937362670898e-01
9.926570057868957520e-01
8.014077544212341309e-01
7.511323094367980957e-01
9.790775179862976074e-01
9.808902740478515625e-01
6.786456108093261719e-01
3.343200087547302246e-01
7.602945566177368164e-01
8.403393030166625977e-01
9.864473342895507812e-01
8.696757555007934570e-01
6.886072754859924316e-01
5.010642409324645996e-01
4.499429166316986084e-01
5.991433262825012207e-01
4.856967329978942871e-01
6.483312249183654785e-01
7.309750318527221680e-01
6.468765139579772949e-01
4.345886707305908203e-01
9.898945689201354980e-01
9.769662022590637207e-01
5.496194958686828613e-01
9.975806474685668945e-01
9.856314659118652344e-01
5.136148333549499512e-01
6.398879289627075195e-01
4.063425064086914062e-01
4.995230138301849365e-01
9.359191656112670898e-01
7.484599351882934570e-01
6.314486861228942871e-01
9.327725172042846680e-01
5.765144824981689453e-01
4.952081441879272461e-01
4.881889820098876953e-01
6.804419755935668945e-01
8.506391644477844238e-01
9.896788597106933594e-01
7.909290194511413574e-01
5.523465275764465332e-01
9.102944135665893555e-01
7.946718931198120117e-01
7.367119789123535156e-01
8.644290566444396973e-01
9.886970520019531250e-01
5.048326849937438965e-01
9.959645271301269531e-01
6.008918881416320801e-01
8.581137657165527344e-01
7.791208624839782715e-01
7.073708772659301758e-01
7.744925022125244141e-01
8.345646858215332031e-01
8.774766921997070312e-01
8.804774284362792969e-01
9.727241992950439453e-01
9.755040407180786133e-01
7.937531471252441406e-01
9.745640754699707031e-01
7.114986181259155273e-01
8.752646446228027344e-01
8.589391112327575684e-01
6.513411998748779297e-01
8.506391644477844238e-01
9.173523783683776855e-01
9.775058031082153320e-01
7.213451862335205078e-01
5.506343245506286621e-01
8.685098290443420410e-01
4.470285177230834961e-01
8.882558941841125488e-01
8.747310042381286621e-01
8.133406639099121094e-01
9.312826991081237793e-01
7.466902136802673340e-01
9.716259241104125977e-01
3.970227241516113281e-01
4.756120145320892334e-01
9.518513679504394531e-01
4.774611294269561768e-01
7.692379355430603027e-01
8.812897801399230957e-01
7.829115986824035645e-01
8.990383744239807129e-01
7.898595929145812988e-01
9.966154694557189941e-01
9.868625402450561523e-01
8.238016963005065918e-01
8.308811783790588379e-01
5.873533487319946289e-01
7.554874420166015625e-01
9.970953464508056641e-01
4.942065179347991943e-01
7.606853842735290527e-01
7.613903880119323730e-01
7.128811478614807129e-01
7.054370641708374023e-01
8.621307611465454102e-01
8.438791632652282715e-01
9.794436693191528320e-01
6.712376475334167480e-01
5.336176156997680664e-01
8.965630531311035156e-01
8.727686405181884766e-01
8.260689377784729004e-01
8.545738458633422852e-01
5.947813987731933594e-01
4.271011352539062500e-01
5.213382840156555176e-01
5.242301821708679199e-01
8.968271613121032715e-01
7.939026951789855957e-01
9.735676050186157227e-01
7.825458049774169922e-01
8.505733609199523926e-01
6.594811677932739258e-01
9.966390132904052734e-01
9.004068374633789062e-01
9.018216729164123535e-01
8.490191698074340820e-01
9.637505412101745605e-01
8.595302700996398926e-01
8.803526163101196289e-01
6.796339750289916992e-01
8.827733993530273438e-01
4.887049496173858643e-01
7.001777887344360352e-01
6.293404102325439453e-01
8.584529161453247070e-01
8.189973831176757812e-01
9.164542555809020996e-01
8.114843964576721191e-01
3.847747147083282471e-01
9.956843852996826172e-01
8.348708152770996094e-01
5.516012907028198242e-01
8.462930321693420410e-01
5.590412020683288574e-01
7.053519487380981445e-01
8.020717501640319824e-01
5.000389814376831055e-01
5.617929697036743164e-01
9.152320623397827148e-01
9.689391255378723145e-01
4.875201582908630371e-01
4.105857312679290771e-01
9.879140257835388184e-01
9.873792529106140137e-01
4.042054712772369385e-01
9.271386861801147461e-01
8.708411455154418945e-01
4.857395887374877930e-01
9.368866086006164551e-01
9.648891091346740723e-01
3.725691437721252441e-01
7.403943538665771484e-01
9.643597602844238281e-01
7.336256504058837891e-01
5.163413882255554199e-01
8.929038047790527344e-01
9.684315323829650879e-01
9.891497492790222168e-01
9.522629380226135254e-01
9.288991093635559082e-01
8.687856197357177734e-01
8.391178846359252930e-01
4.746353924274444580e-01
9.145848751068115234e-01
2.095977067947387695e-01
7.191030979156494141e-01
9.604147076606750488e-01
9.483382105827331543e-01
6.978334188461303711e-01
7.514345049858093262e-01
9.622113108634948730e-01
4.855607748031616211e-01
5.075834393501281738e-01
5.702728033065795898e-01
5.973430275917053223e-01
7.663477063179016113e-01
6.180297732353210449e-01
9.051253795623779297e-01
3.840900361537933350e-01
6.042190790176391602e-01
9.951016306877136230e-01
9.400168657302856445e-01
7.939128875732421875e-01
6.214637160301208496e-01
8.011441826820373535e-01
9.895533323287963867e-01
8.577743172645568848e-01
9.477509260177612305e-01
9.794700145721435547e-01
6.155071854591369629e-01
9.229204058647155762e-01
5.344600081443786621e-01
9.184871912002563477e-01
9.762766361236572266e-01
6.057842969894409180e-01
6.514775156974792480e-01
2.795253694057464600e-01
9.742520451545715332e-01
8.092070817947387695e-01
4.994481205940246582e-01
4.904941916465759277e-01
9.675008654594421387e-01
6.678713560104370117e-01
9.977700710296630859e-01
9.752864241600036621e-01
9.563105702400207520e-01
2.168129831552505493e-01
9.734749794006347656e-01
2.639328837394714355e-01
8.951534032821655273e-01
6.075208783149719238e-01
1.777123287320137024e-02
6.472020149230957031e-01
1.019659936428070068e-01
1.011534631252288818e-01
3.395122708752751350e-03
6.943397689610719681e-03
4.414569959044456482e-02
1.089666225016117096e-02
1.890543499030172825e-03
2.184129655361175537e-01
9.458261728286743164e-02
3.804666176438331604e-02
1.351901050657033920e-02
1.430092379450798035e-02
6.685812026262283325e-02
1.203085482120513916e-01
5.746497958898544312e-02
2.913628518581390381e-02
5.000536888837814331e-02
6.276427302509546280e-03
5.286258645355701447e-03
8.022961020469665527e-02
1.510279136709868908e-03
1.808735355734825134e-02
6.348862498998641968e-02
5.144771933555603027e-02
4.075822420418262482e-03
1.006496846675872803e-01
2.751213684678077698e-02
6.990198511630296707e-03
1.356932800263166428e-02
1.397935207933187485e-02
1.193311717361211777e-02
1.186145097017288208e-02
1.323468517512083054e-03
8.942805230617523193e-03
7.331405580043792725e-02
3.507124492898583412e-03
6.328901275992393494e-03
4.503748938441276550e-02
7.212430238723754883e-03
2.097970992326736450e-02
1.261822879314422607e-02
1.674534007906913757e-02
1.449611186981201172e-01
2.627344569191336632e-03
8.901853859424591064e-02
2.266314812004566193e-03
4.359405022114515305e-03
1.276327413506805897e-03
1.639663986861705780e-02
1.015364751219749451e-01
3.707190975546836853e-02
1.624383032321929932e-02
2.046248503029346466e-02
1.423175446689128876e-02
1.568842306733131409e-02
6.843367964029312134e-02
7.869529537856578827e-03
8.083992451429367065e-02
7.199557870626449585e-02
3.503209352493286133e-02
6.824387609958648682e-02
2.458153478801250458e-02
3.436702862381935120e-02
1.772344298660755157e-02
3.708704141899943352e-03
3.150658309459686279e-02
8.853820711374282837e-02
7.307114079594612122e-03
5.250887479633092880e-03
7.225917279720306396e-02
4.807808436453342438e-03
2.303607203066349030e-02
2.647800743579864502e-01
1.562539115548133850e-02
2.079537138342857361e-02
3.032599203288555145e-02
1.554625295102596283e-02
2.891784161329269409e-02
3.590833768248558044e-02
3.780503198504447937e-02
2.257528249174356461e-03
1.814432442188262939e-02
2.923232130706310272e-02
1.996643692255020142e-01
4.357173666357994080e-02
6.834521773271262646e-04
8.955386467278003693e-03
1.066608279943466187e-01
7.275702431797981262e-03
1.788629963994026184e-02
1.971201784908771515e-02
2.191394381225109100e-02
1.173096057027578354e-02
2.488834434188902378e-04
2.220809459686279297e-03
7.816041260957717896e-02
4.666590094566345215e-01
7.961714267730712891e-02
5.938814021646976471e-03
1.028190478682518005e-01
1.394954323768615723e-02
2.243591845035552979e-01
2.417761459946632385e-02
2.132703363895416260e-01
5.410350486636161804e-02
3.867594599723815918e-01
2.278999611735343933e-02
2.109993845224380493e-01
2.652260661125183105e-01
2.709074690937995911e-02
2.171184420585632324e-01
8.760914951562881470e-02
1.155545562505722046e-01
5.312279611825942993e-02
1.201199442148208618e-01
2.412927150726318359e-02
7.616595178842544556e-02
2.012267857789993286e-01
1.200266741216182709e-02
5.449901521205902100e-02
6.296351552009582520e-02
8.760914951562881470e-02
7.639052718877792358e-02
2.026213854551315308e-01
1.138130500912666321e-01
2.467854321002960205e-01
5.173171758651733398e-01
1.910080164670944214e-01
2.074861824512481689e-01
3.358240127563476562e-01
4.957052171230316162e-01
1.374251693487167358e-01
3.892908394336700439e-01
5.345657467842102051e-01
2.001606076955795288e-01
1.381163895130157471e-01
2.268491685390472412e-01
1.632383018732070923e-01
4.161314368247985840e-01
2.298047095537185669e-01
3.473294973373413086e-01
2.158014029264450073e-01
1.575713604688644409e-01
2.574658989906311035e-01
2.531734108924865723e-01
3.273872733116149902e-01
1.932103484869003296e-01
4.828890860080718994e-01
1.528633534908294678e-01
5.066773295402526855e-01
1.481530368328094482e-01
2.813033163547515869e-01
1.646344512701034546e-01
1.140342652797698975e-01
6.174278631806373596e-02
4.933724701404571533e-01
2.054117769002914429e-01
1.723379641771316528e-01
1.027948558330535889e-01
1.351156234741210938e-01
5.410915017127990723e-01
2.380334138870239258e-01
6.629324704408645630e-02
1.390448510646820068e-01
6.450392007827758789e-01
1.874612122774124146e-01
1.012722775340080261e-01
1.340616941452026367e-01
1.084931641817092896e-01
2.405523136258125305e-02
7.194425165653228760e-02
9.036201238632202148e-02
1.149104386568069458e-01
7.973210513591766357e-02
2.818958461284637451e-01
3.635978102684020996e-01
1.367744654417037964e-01
6.644278019666671753e-02
4.432632774114608765e-02
3.517405986785888672e-01
2.149056196212768555e-01
4.917981028556823730e-01
5.861675143241882324e-01
5.402547121047973633e-01
4.500660300254821777e-01
3.419202566146850586e-01
4.881975650787353516e-01
4.919667541980743408e-01
2.513001561164855957e-01
4.872519075870513916e-01
2.219502031803131104e-01
5.196634531021118164e-01
5.299795866012573242e-01
3.566455841064453125e-01
2.475393116474151611e-01
5.026738047599792480e-01
4.646142721176147461e-01
4.965839982032775879e-01
6.415992975234985352e-01
3.140804767608642578e-01
4.905551671981811523e-01
5.047338008880615234e-01
4.554591178894042969e-01
3.587105274200439453e-01
4.914460182189941406e-01
5.276237726211547852e-01
5.880804657936096191e-01
5.153662562370300293e-01
4.966521561145782471e-01
4.949893355369567871e-01
4.611814320087432861e-01
4.971840083599090576e-01
4.873881936073303223e-01
5.788312554359436035e-01
4.926953911781311035e-01
4.304665327072143555e-01
3.885114192962646484e-01
4.931780695915222168e-01
3.431545495986938477e-01
4.929104447364807129e-01
3.600638508796691895e-01
5.301114916801452637e-01
5.152071714401245117e-01
6.043938398361206055e-01
4.909675121307373047e-01
7.550058960914611816e-01
4.924138188362121582e-01
5.624494552612304688e-01
3.988326787948608398e-01
6.370332241058349609e-01
6.786456108093261719e-01
5.010642409324645996e-01
4.856967329978942871e-01
6.468765139579772949e-01
4.995230138301849365e-01
4.952081441879272461e-01
4.881889820098876953e-01
5.523465275764465332e-01
5.048326849937438965e-01
6.008918881416320801e-01
5.506343245506286621e-01
3.970227241516113281e-01
4.774611294269561768e-01
7.829115986824035645e-01
4.942065179347991943e-01
7.128811478614807129e-01
5.336176156997680664e-01
4.271011352539062500e-01
5.242301821708679199e-01
3.847747147083282471e-01
5.516012907028198242e-01
4.875201582908630371e-01
4.105857312679290771e-01
4.857395887374877930e-01
3.725691437721252441e-01
2.095977067947387695e-01
5.075834393501281738e-01
5.344600081443786621e-01
6.057842969894409180e-01
2.795253694057464600e-01
4.994481205940246582e-01
4.904941916465759277e-01
2.168129831552505493e-01
2.639328837394714355e-01
6.292531490325927734e-01
1.028190478682518005e-01
1.065389662981033325e-01
2.082173079252243042e-01
2.417732179164886475e-01
3.746037185192108154e-01
5.329902842640876770e-02
5.300871133804321289e-01
2.383553832769393921e-01
4.369609355926513672e-01
2.119921892881393433e-01
6.652030348777770996e-02
2.570187747478485107e-01
1.479227840900421143e-01
7.686299830675125122e-02
1.110282763838768005e-01
2.140774764120578766e-02
1.026740018278360367e-02
9.698001295328140259e-02
4.739391803741455078e-02
9.569239616394042969e-02
1.427666470408439636e-02
4.667497426271438599e-02
4.528151080012321472e-02
8.291092701256275177e-03
4.373614862561225891e-02
8.977282047271728516e-02
2.795855104923248291e-01
2.430708706378936768e-01
5.521127209067344666e-02
1.013433188199996948e-01
4.857448637485504150e-01
5.088447332382202148e-01
1.602384299039840698e-01
3.226512372493743896e-01
3.361373543739318848e-01
9.548020362854003906e-02
6.659715175628662109e-01
3.901801407337188721e-01
1.732602864503860474e-01
2.999747395515441895e-01
1.791211366653442383e-01
5.316746234893798828e-01
2.213759124279022217e-01
6.657807230949401855e-01
1.410965174436569214e-01
2.042089104652404785e-01
6.980009078979492188e-01
3.217719495296478271e-01
2.740468978881835938e-01
1.170870512723922729e-01
4.555268585681915283e-01
2.653263211250305176e-01
4.582146182656288147e-02
8.267723023891448975e-02
2.128862291574478149e-01
2.096415460109710693e-01
1.329546421766281128e-01
1.080296412110328674e-01
2.988952100276947021e-01
1.651210486888885498e-01
4.358466565608978271e-01
1.870138794183731079e-01
2.492360025644302368e-01
5.946797132492065430e-01
4.555929079651832581e-02
1.190618202090263367e-01
4.706139564514160156e-01
2.968679368495941162e-01
2.585498690605163574e-01
2.618313133716583252e-01
1.557490974664688110e-01
1.138274520635604858e-01
2.040247917175292969e-01
1.818514317274093628e-01
9.247528761625289917e-02
4.350144863128662109e-01
5.785092711448669434e-01
2.756881415843963623e-01
2.388791143894195557e-01
1.078283935785293579e-01
2.621212601661682129e-01
2.931923419237136841e-02
4.596323892474174500e-02
9.652113914489746094e-02
1.287159621715545654e-01
2.803397774696350098e-01
2.897464670240879059e-02
1.313826143741607666e-01
8.773680776357650757e-02
2.861089445650577545e-02
5.246596336364746094e-01
8.949828892946243286e-02
6.960836052894592285e-02
4.063822701573371887e-02
1.646625399589538574e-01
1.408840864896774292e-01
1.180311664938926697e-01
6.452471017837524414e-02
1.366428732872009277e-01
1.551743447780609131e-01
6.972397118806838989e-02
3.174641728401184082e-01
2.215151488780975342e-02
6.271993368864059448e-02
2.247289568185806274e-02
5.312279611825942993e-02
1.461194455623626709e-01
4.573097079992294312e-02
2.822449244558811188e-02
1.359791308641433716e-02
7.528481632471084595e-02
7.119552046060562134e-02
5.232774466276168823e-02
3.528887778520584106e-02
1.613768562674522400e-02
9.019748121500015259e-02
6.677414178848266602e-01
1.510378718376159668e-01
4.080620408058166504e-01
5.660364627838134766e-01
2.942855954170227051e-01
2.071923017501831055e-01
3.644873499870300293e-01
1.791970431804656982e-01
3.617995083332061768e-01
3.256078064441680908e-01
2.100783437490463257e-01
4.267853498458862305e-01
4.844279885292053223e-01
1.646420806646347046e-01
2.986200153827667236e-01
3.918859064579010010e-01
1.982193142175674438e-01
1.666038334369659424e-01
2.042089104652404785e-01
8.257530629634857178e-02
9.142875671386718750e-02
3.132827579975128174e-01
2.049847692251205444e-01
1.635029017925262451e-01
4.984994530677795410e-01
1.393367648124694824e-01
1.310021281242370605e-01
3.409140408039093018e-01
3.250482678413391113e-01
1.278121918439865112e-01
5.274984240531921387e-01
3.009610772132873535e-01
6.713952869176864624e-02
3.464739322662353516e-01
2.223900705575942993e-01
2.843475341796875000e-01
1.050102934241294861e-01
1.012159511446952820e-01
3.884302377700805664e-01
1.102625280618667603e-01
4.443530440330505371e-01
1.954212225973606110e-02
5.066353827714920044e-03
1.370587293058633804e-02
8.472002297639846802e-02
1.229778006672859192e-01
1.148317754268646240e-01
7.620774954557418823e-02
3.404924646019935608e-02
1.548613887280225754e-02
6.628905981779098511e-02
2.491666525602340698e-01
7.963374257087707520e-02
1.908766329288482666e-01
6.591304205358028412e-03
1.855852827429771423e-02
5.645687505602836609e-02
8.346132002770900726e-03
1.228487491607666016e-01
1.031807344406843185e-02
2.015769332647323608e-01
2.014163881540298462e-02
3.928788751363754272e-02
3.819543868303298950e-03
3.199907485395669937e-03
4.556398838758468628e-02
1.081312298774719238e-01
8.857770264148712158e-02
5.089453980326652527e-02
3.170790150761604309e-02
6.495551019906997681e-02
7.376828789710998535e-02
3.552794083952903748e-02
2.767161279916763306e-02
7.223693281412124634e-02
3.165255486965179443e-02
5.814540665596723557e-03
4.772510379552841187e-03
5.378997884690761566e-03
1.202569250017404556e-02
1.299122627824544907e-02
7.191002368927001953e-02
3.678803145885467529e-02
4.057942703366279602e-02
2.813053689897060394e-02
1.263352949172258377e-02
4.440918937325477600e-02
3.448222205042839050e-02
4.205021634697914124e-02
1.314227562397718430e-02
2.775148022919893265e-03
2.631496824324131012e-02
3.980419039726257324e-02
8.596056140959262848e-03
2.200520783662796021e-02
2.282375656068325043e-02
8.002941496670246124e-03
8.398729376494884491e-03
1.447024848312139511e-02
1.051582247018814087e-01
4.117643460631370544e-02
3.152300044894218445e-02
7.273350656032562256e-02
1.669901795685291290e-02
3.541929647326469421e-02
2.840896695852279663e-02
8.999260514974594116e-02
1.695130020380020142e-01
5.874993279576301575e-02
4.041904956102371216e-02
4.783013090491294861e-02
1.609167009592056274e-01
6.203317269682884216e-02
1.443007141351699829e-01
1.418187469244003296e-01
4.301563650369644165e-02
5.275689437985420227e-02
6.560957431793212891e-02
1.612005233764648438e-01
8.672209829092025757e-02
4.719129577279090881e-02
3.620174899697303772e-02
8.214058354496955872e-03
6.070991232991218567e-02
1.817193627357482910e-02
1.846473664045333862e-02
6.368225812911987305e-02
5.296009033918380737e-02
2.578224055469036102e-02
2.326461859047412872e-02
5.967034399509429932e-02
2.315068244934082031e-02
1.210321858525276184e-02
3.203045204281806946e-02
1.504690386354923248e-02
2.563342452049255371e-01
7.405955344438552856e-02
2.526624500751495361e-01
8.653043955564498901e-02
1.301491409540176392e-01
1.641779788769781590e-03
7.424622774124145508e-03
