9.681360125541687012e-01
9.943319559097290039e-01
9.024965763092041016e-01
8.351713418960571289e-01
9.253176450729370117e-01
8.205451369285583496e-01
6.732869744300842285e-01
7.747948169708251953e-01
9.290019273757934570e-01
9.737929701805114746e-01
9.815467596054077148e-01
8.078613877296447754e-01
8.934664130210876465e-01
9.567303657531738281e-01
8.265154957771301270e-01
8.416810035705566406e-01
8.699467778205871582e-01
7.696697711944580078e-01
7.222186923027038574e-01
7.187708616256713867e-01
9.234786033630371094e-01
9.915518760681152344e-01
9.280742406845092773e-01
8.438903689384460449e-01
7.494243383407592773e-01
8.040998578071594238e-01
7.205316424369812012e-01
9.470983147621154785e-01
8.712744116783142090e-01
9.571817517280578613e-01
8.894767165184020996e-01
8.875079751014709473e-01
7.438830137252807617e-01
6.082121729850769043e-01
9.736305475234985352e-01
7.514852881431579590e-01
7.490004897117614746e-01
8.457419276237487793e-01
8.230974674224853516e-01
7.311933040618896484e-01
9.511985778808593750e-01
7.768290638923645020e-01
8.302235007286071777e-01
7.471974492073059082e-01
9.110444188117980957e-01
7.433942556381225586e-01
8.210462331771850586e-01
8.426191210746765137e-01
8.823993802070617676e-01
8.728973269462585449e-01
9.371294975280761719e-01
6.842254400253295898e-01
9.399302601814270020e-01
8.807116746902465820e-01
7.768745422363281250e-01
9.753913879394531250e-01
9.237642288208007812e-01
9.247471690177917480e-01
9.829725623130798340e-01
9.812077283859252930e-01
6.990717649459838867e-01
8.870792984962463379e-01
9.641858935356140137e-01
8.615468740463256836e-01
8.468374013900756836e-01
8.233083486557006836e-01
8.566536903381347656e-01
7.902846336364746094e-01
7.998813986778259277e-01
9.387846589088439941e-01
7.926627993583679199e-01
9.655817151069641113e-01
8.444271683692932129e-01
9.844999313354492188e-01
8.395969867706298828e-01
8.083812594413757324e-01
8.876347541809082031e-01
9.236896634101867676e-01
7.982027530670166016e-01
9.354254007339477539e-01
9.445567727088928223e-01
9.161316752433776855e-01
9.491813778877258301e-01
7.272263169288635254e-01
9.570372104644775391e-01
9.130569100379943848e-01
7.659662961959838867e-01
9.825286865234375000e-01
5.038738846778869629e-01
7.408143877983093262e-01
8.128070831298828125e-01
3.676720857620239258e-01
9.257278442382812500e-01
8.007388114929199219e-01
9.750930070877075195e-01
8.875416517257690430e-01
9.300058484077453613e-01
9.423453807830810547e-01
8.991298079490661621e-01
9.059402346611022949e-01
9.883220791816711426e-01
9.537228941917419434e-01
8.188928961753845215e-01
9.791157245635986328e-01
9.008810520172119141e-01
6.995601654052734375e-01
6.971908807754516602e-01
8.380111455917358398e-01
9.665136933326721191e-01
9.015052318572998047e-01
8.769093751907348633e-01
7.011928558349609375e-01
7.633166909217834473e-01
8.405575752258300781e-01
8.620101809501647949e-01
9.533309936523437500e-01
9.050111174583435059e-01
7.225675582885742188e-01
8.076907396316528320e-01
6.637446284294128418e-01
9.644786715507507324e-01
4.434387087821960449e-01
9.615012407302856445e-01
9.439877271652221680e-01
6.234544515609741211e-01
9.817154407501220703e-01
8.975102305412292480e-01
6.675510406494140625e-01
9.757905602455139160e-01
9.589629769325256348e-01
9.880829453468322754e-01
9.477013349533081055e-01
8.558269739151000977e-01
9.602795839309692383e-01
7.908336520195007324e-01
8.770025968551635742e-01
9.270178675651550293e-01
9.879648685455322266e-01
6.203398108482360840e-01
9.563326835632324219e-01
9.612677693367004395e-01
8.141068816184997559e-01
8.964250087738037109e-01
9.776310324668884277e-01
6.913717389106750488e-01
4.916225671768188477e-01
9.549353122711181641e-01
8.784704208374023438e-01
9.078318476676940918e-01
8.821197748184204102e-01
8.681538105010986328e-01
8.743319511413574219e-01
8.086592555046081543e-01
4.012070298194885254e-01
8.304365873336791992e-01
9.407749772071838379e-01
3.786067962646484375e-01
8.279407024383544922e-01
8.770272731781005859e-01
7.029595375061035156e-01
6.788640022277832031e-01
8.701208233833312988e-01
7.232897877693176270e-01
8.457291126251220703e-01
7.831891775131225586e-01
7.274276614189147949e-01
8.456825613975524902e-01
7.443670034408569336e-01
6.827975511550903320e-01
8.971301317214965820e-01
7.852352261543273926e-01
6.402972340583801270e-01
6.092569828033447266e-01
8.148602843284606934e-01
2.983750998973846436e-01
6.286394000053405762e-01
3.724502027034759521e-01
5.446572899818420410e-01
7.067795395851135254e-01
8.036579489707946777e-01
8.164350390434265137e-01
8.338729143142700195e-01
6.251459121704101562e-01
8.570424318313598633e-01
7.150422930717468262e-01
6.452389359474182129e-01
7.672743201255798340e-01
8.972501754760742188e-01
6.780648231506347656e-01
8.042632937431335449e-01
8.623457551002502441e-01
7.591211795806884766e-01
5.462730526924133301e-01
2.643427848815917969e-01
7.109252214431762695e-01
7.056356668472290039e-01
5.177471041679382324e-01
5.271407961845397949e-01
7.857988476753234863e-01
3.537940979003906250e-01
2.294349968433380127e-01
7.736760973930358887e-01
7.088055014610290527e-01
6.604320406913757324e-01
3.729893267154693604e-01
6.389758586883544922e-01
8.671863079071044922e-01
5.512747168540954590e-01
8.708913922309875488e-01
7.691687941551208496e-01
7.577753663063049316e-01
7.370619177818298340e-01
7.576289772987365723e-01
8.640913367271423340e-01
9.034125208854675293e-01
6.834844350814819336e-01
7.146948575973510742e-01
7.716245055198669434e-01
7.456545829772949219e-01
7.968226075172424316e-01
7.770856022834777832e-01
8.375619649887084961e-01
7.567228674888610840e-01
8.172433972358703613e-01
5.688833594322204590e-01
6.704785227775573730e-01
6.974236965179443359e-01
7.680873870849609375e-01
8.489972352981567383e-01
7.287032008171081543e-01
4.331806302070617676e-01
7.797507643699645996e-01
8.129525780677795410e-01
9.193896055221557617e-01
5.400295257568359375e-01
8.094292879104614258e-01
7.703106403350830078e-01
7.376548647880554199e-01
1.470697373151779175e-01
6.091335415840148926e-01
7.675684094429016113e-01
7.537584304809570312e-01
8.529051542282104492e-01
5.347277522087097168e-01
4.060535430908203125e-01
1.657800376415252686e-01
9.764007329940795898e-01
9.374302029609680176e-01
9.558953642845153809e-01
5.428220033645629883e-01
8.277626633644104004e-01
9.515670537948608398e-01
8.864291310310363770e-01
9.655597209930419922e-01
5.110520720481872559e-01
9.483288526535034180e-01
9.602726697921752930e-01
9.319176077842712402e-01
8.813146352767944336e-01
9.525658488273620605e-01
8.874790072441101074e-01
9.211077094078063965e-01
8.728870749473571777e-01
1.927962303161621094e-01
5.864912867546081543e-01
9.490326642990112305e-01
9.239554405212402344e-01
8.787201642990112305e-01
1.572393625974655151e-01
9.578831195831298828e-01
9.316267967224121094e-01
9.502285122871398926e-01
5.662931203842163086e-01
9.744710326194763184e-01
9.789247512817382812e-01
9.055742025375366211e-01
9.514944553375244141e-01
9.514998197555541992e-01
9.566624760627746582e-01
9.032978415489196777e-01
9.299607872962951660e-01
9.601774811744689941e-01
9.487121701240539551e-01
6.803152561187744141e-01
4.712949991226196289e-01
9.139081239700317383e-01
9.735690951347351074e-01
9.651211500167846680e-01
9.608548879623413086e-01
9.430664181709289551e-01
9.366153478622436523e-01
9.936224818229675293e-01
5.937336087226867676e-01
7.005183100700378418e-01
9.897754192352294922e-01
9.546475410461425781e-01
9.535704851150512695e-01
9.339806437492370605e-01
9.497405290603637695e-01
9.549673795700073242e-01
9.790703058242797852e-01
9.073810577392578125e-01
9.172007441520690918e-01
3.215984702110290527e-01
5.027201771736145020e-01
9.799024462699890137e-01
7.955350279808044434e-01
2.889854311943054199e-01
9.776089191436767578e-01
9.244704842567443848e-01
9.113577604293823242e-01
9.522404670715332031e-01
3.105306625366210938e-01
9.813036918640136719e-01
9.585021734237670898e-01
9.442570805549621582e-01
4.590434134006500244e-01
9.822643399238586426e-01
9.408896565437316895e-01
9.379172325134277344e-01
9.091433286666870117e-01
9.643067717552185059e-01
8.798639774322509766e-01
9.645887613296508789e-01
9.010824561119079590e-01
8.438799381256103516e-01
9.348464608192443848e-01
9.583997130393981934e-01
9.493413567543029785e-01
9.447426199913024902e-01
9.821419715881347656e-01
8.917402625083923340e-01
9.339340925216674805e-01
9.253451228141784668e-01
9.261199235916137695e-01
9.892218112945556641e-01
9.808016419410705566e-01
8.642940521240234375e-01
9.706253409385681152e-01
8.892846703529357910e-01
9.946442842483520508e-01
9.530214071273803711e-01
8.427382111549377441e-01
9.951386451721191406e-01
8.889215588569641113e-01
9.098283052444458008e-01
9.203227758407592773e-01
9.929162263870239258e-01
9.643067717552185059e-01
9.057230949401855469e-01
9.766390919685363770e-01
7.308564186096191406e-01
9.463980197906494141e-01
8.642120361328125000e-01
5.890141129493713379e-01
8.214498162269592285e-01
8.431065082550048828e-01
6.788367629051208496e-01
9.640157818794250488e-01
6.675098538398742676e-01
8.825675845146179199e-01
8.761219978332519531e-01
8.044819235801696777e-01
7.995091080665588379e-01
9.463784694671630859e-01
9.404996633529663086e-01
6.822669506072998047e-01
7.720727920532226562e-01
8.855796456336975098e-01
9.094688892364501953e-01
8.615163564682006836e-01
7.852445840835571289e-01
9.167814254760742188e-01
9.029948115348815918e-01
7.337562441825866699e-01
7.727595567703247070e-01
7.947741150856018066e-01
8.257997632026672363e-01
6.452674865722656250e-01
7.861548662185668945e-01
9.798191785812377930e-01
8.157155513763427734e-01
8.634772300720214844e-01
9.051238298416137695e-01
5.690268278121948242e-01
4.755185842514038086e-01
7.098486423492431641e-01
9.223005175590515137e-01
9.893497824668884277e-01
4.548313319683074951e-01
6.610863208770751953e-01
8.340379595756530762e-01
7.454504966735839844e-01
5.342524647712707520e-01
7.214466929435729980e-01
8.844251632690429688e-01
8.902074098587036133e-01
7.400257587432861328e-01
9.427972435951232910e-01
8.808316588401794434e-01
5.464489459991455078e-01
5.478148460388183594e-01
5.267070531845092773e-01
8.604791164398193359e-01
9.319277405738830566e-01
8.370132446289062500e-01
6.584766507148742676e-01
8.807798624038696289e-01
6.411822438240051270e-01
4.716026186943054199e-01
4.488111138343811035e-01
9.151490926742553711e-01
5.486525893211364746e-01
8.335267305374145508e-01
7.666038870811462402e-01
9.436327219009399414e-01
7.444826960563659668e-01
6.775131821632385254e-01
4.773002862930297852e-01
8.044838309288024902e-01
8.311427235603332520e-01
9.300630688667297363e-01
7.823811769485473633e-01
6.588139533996582031e-01
8.534415960311889648e-01
5.267493724822998047e-01
9.363949298858642578e-01
9.464561939239501953e-01
9.979345798492431641e-01
4.807487428188323975e-01
8.357131481170654297e-01
9.398621320724487305e-01
9.808579087257385254e-01
9.292688965797424316e-01
7.291283607482910156e-01
9.768914580345153809e-01
9.901245236396789551e-01
9.279686212539672852e-01
8.939784169197082520e-01
8.041470050811767578e-01
9.177868962287902832e-01
7.976164817810058594e-01
9.732673764228820801e-01
9.175578355789184570e-01
9.792855381965637207e-01
9.512318968772888184e-01
7.660980224609375000e-01
6.911290884017944336e-01
9.111781716346740723e-01
9.571105837821960449e-01
9.844517707824707031e-01
7.329453825950622559e-01
9.562029838562011719e-01
1.764257252216339111e-01
9.448642730712890625e-01
9.969603419303894043e-01
8.946059346199035645e-01
9.352028965950012207e-01
9.482001066207885742e-01
9.339129924774169922e-01
9.121432900428771973e-01
9.331036210060119629e-01
9.627751708030700684e-01
8.106217384338378906e-01
9.706326127052307129e-01
8.595185279846191406e-01
7.952776551246643066e-01
8.681348562240600586e-01
8.268514275550842285e-01
9.679535627365112305e-01
4.407572448253631592e-01
9.756470918655395508e-01
9.472485780715942383e-01
8.029597997665405273e-01
9.630848765373229980e-01
9.942518472671508789e-01
9.756284952163696289e-01
9.898191094398498535e-01
9.104387760162353516e-01
9.316782951354980469e-01
9.321879148483276367e-01
9.387931823730468750e-01
9.362397789955139160e-01
9.447675347328186035e-01
9.308224320411682129e-01
8.140290975570678711e-01
9.865098595619201660e-01
9.237318038940429688e-01
9.945561885833740234e-01
9.649773836135864258e-01
7.417942285537719727e-01
9.195532798767089844e-01
7.823303937911987305e-01
7.730252742767333984e-01
9.788944721221923828e-01
7.351394295692443848e-01
9.460883736610412598e-01
8.929312825202941895e-01
9.736730456352233887e-01
7.975372076034545898e-01
1.812513731420040131e-02
1.297418307512998581e-02
2.043285220861434937e-02
1.263699773699045181e-02
7.416147589683532715e-01
7.077804207801818848e-01
6.041651368141174316e-01
7.853518240153789520e-03
6.296352017670869827e-03
6.096881628036499023e-01
6.520880851894617081e-03
4.823575168848037720e-02
1.054202690720558167e-01
6.549431085586547852e-01
4.899722407571971416e-04
6.426644045859575272e-03
7.304771542549133301e-01
1.299322233535349369e-03
2.460051141679286957e-02
4.970162641257047653e-03
4.827657248824834824e-03
1.796415634453296661e-02
5.191266536712646484e-02
4.192561283707618713e-02
1.695237355306744576e-03
2.279898710548877716e-02
2.141677401959896088e-02
5.591176450252532959e-03
6.491538882255554199e-01
2.879410795867443085e-02
7.360550165176391602e-01
8.960462873801589012e-04
5.534172654151916504e-01
9.197903797030448914e-03
8.438413962721824646e-03
8.914723992347717285e-03
1.977287698537111282e-03
4.153761547058820724e-03
3.713080659508705139e-04
4.627479612827301025e-02
1.511770859360694885e-02
3.801174834370613098e-02
3.245992818847298622e-03
3.362366929650306702e-02
3.591934917494654655e-03
1.570318639278411865e-01
8.852096507325768471e-04
9.555272012948989868e-02
1.179680749773979187e-01
8.195576071739196777e-01
7.560247182846069336e-02
4.627479612827301025e-02
8.391670882701873779e-03
3.210402727127075195e-01
3.072160296142101288e-02
5.698016658425331116e-02
2.243109280243515968e-03
3.748390376567840576e-01
1.484869979321956635e-02
3.719005361199378967e-02
3.488913923501968384e-02
2.882702089846134186e-02
2.249353192746639252e-02
3.668273985385894775e-02
3.815934760496020317e-03
7.289549708366394043e-01
5.030256509780883789e-01
1.704403944313526154e-02
3.338281437754631042e-02
2.267576754093170166e-03
6.182807683944702148e-01
3.188987448811531067e-02
3.860413283109664917e-02
4.841373767703771591e-03
5.712633952498435974e-02
1.200214121490716934e-02
9.978202730417251587e-02
1.645689606666564941e-01
5.566039308905601501e-02
3.929221928119659424e-01
9.342261590063571930e-03
1.449579931795597076e-02
2.135438285768032074e-02
2.113929763436317444e-02
3.234953433275222778e-02
7.697369903326034546e-03
6.586027890443801880e-02
5.695999041199684143e-02
4.835864529013633728e-02
3.462490439414978027e-02
5.952918529510498047e-02
1.718248575925827026e-01
1.449579931795597076e-02
1.111270785331726074e-01
3.037917800247669220e-02
4.409092292189598083e-02
3.739725425839424133e-02
3.037917800247669220e-02
5.297105312347412109e-01
6.374286413192749023e-01
5.545676127076148987e-02
2.135438285768032074e-02
1.677729934453964233e-02
1.063378751277923584e-01
2.528743632137775421e-02
5.367314815521240234e-02
1.549610048532485962e-01
6.332924962043762207e-02
2.714113891124725342e-02
5.695999041199684143e-02
4.142908379435539246e-02
9.476671926677227020e-03
4.142908379435539246e-02
2.492309659719467163e-01
2.626972645521163940e-02
1.043108329176902771e-01
2.113929763436317444e-02
1.418648660182952881e-01
4.090099409222602844e-02
8.691751211881637573e-02
1.953546144068241119e-02
3.037917800247669220e-02
2.626972645521163940e-02
2.105270326137542725e-02
4.861235618591308594e-02
2.164128422737121582e-02
1.887385360896587372e-02
4.861235618591308594e-02
2.528743632137775421e-02
1.043108329176902771e-01
9.476671926677227020e-03
9.920009411871433258e-03
1.421543490141630173e-02
3.019599616527557373e-01
2.234622836112976074e-01
5.861983448266983032e-02
7.310484349727630615e-02
4.090099409222602844e-02
1.937601529061794281e-02
2.135438285768032074e-02
1.401722151786088943e-02
4.494437575340270996e-02
3.924932703375816345e-02
2.714113891124725342e-02
3.055470809340476990e-02
1.778554767370223999e-01
1.098827123641967773e-01
2.280863560736179352e-02
1.405196823179721832e-02
3.234953433275222778e-02
8.218579739332199097e-02
2.760858237743377686e-01
1.929497271776199341e-01
1.303977519273757935e-01
8.308690041303634644e-02
6.813404709100723267e-02
1.303977519273757935e-01
1.797568202018737793e-01
5.896798968315124512e-01
8.580999821424484253e-02
2.157805711030960083e-01
7.102677822113037109e-01
6.525575518608093262e-01
1.642573475837707520e-01
1.340455263853073120e-01
1.774097234010696411e-01
1.599867492914199829e-01
5.158879756927490234e-01
8.038689941167831421e-02
4.295872896909713745e-02
6.552192568778991699e-02
1.200736165046691895e-01
4.008730351924896240e-01
4.982345700263977051e-01
2.585594356060028076e-01
4.013187885284423828e-01
2.878550887107849121e-01
4.280877113342285156e-01
3.594296276569366455e-01
3.190747797489166260e-01
2.025907784700393677e-01
8.543518185615539551e-02
3.711611926555633545e-01
2.893014848232269287e-01
5.136352777481079102e-01
9.150292724370956421e-02
1.720722168684005737e-01
5.223247408866882324e-01
1.966299861669540405e-01
2.064036428928375244e-01
1.723990589380264282e-01
4.799159616231918335e-02
3.470274209976196289e-01
1.095904409885406494e-01
6.717167496681213379e-01
1.898570805788040161e-01
2.648260295391082764e-01
1.880683600902557373e-01
1.961430758237838745e-01
5.318095088005065918e-01
2.025362551212310791e-01
3.509686291217803955e-01
1.917364746332168579e-01
2.490135133266448975e-01
1.993860453367233276e-01
3.471655249595642090e-01
1.420657038688659668e-01
5.832142829895019531e-01
2.514491677284240723e-01
4.574183523654937744e-01
1.602120548486709595e-01
1.557608842849731445e-01
1.600723117589950562e-01
4.104869663715362549e-01
1.324322968721389771e-01
4.501335620880126953e-01
1.280114054679870605e-01
4.063961505889892578e-01
2.709940671920776367e-01
8.720484375953674316e-02
1.595145910978317261e-01
1.823929697275161743e-01
1.357600837945938110e-01
2.049456834793090820e-01
2.146846801042556763e-01
1.325836181640625000e-01
2.330787777900695801e-01
1.309175938367843628e-01
3.765529096126556396e-01
2.202679812908172607e-01
2.690516412258148193e-01
2.085869759321212769e-01
4.009310305118560791e-01
1.718443185091018677e-01
2.106769382953643799e-01
6.743562221527099609e-01
3.267210125923156738e-01
2.007127851247787476e-01
3.796062469482421875e-01
8.187176287174224854e-02
5.689651519060134888e-02
6.224141269922256470e-02
3.908658400177955627e-02
3.034050576388835907e-02
8.082816749811172485e-02
3.170479461550712585e-02
2.301867119967937469e-02
4.699560999870300293e-02
1.097084730863571167e-01
4.412713944911956787e-01
5.034305527806282043e-02
3.792200982570648193e-02
9.579632431268692017e-02
8.909430354833602905e-02
8.659046143293380737e-02
1.174755319952964783e-01
1.216900050640106201e-01
6.991599500179290771e-02
8.558449894189834595e-02
3.889126703143119812e-02
2.926077842712402344e-01
5.386459827423095703e-02
5.589551851153373718e-02
1.636572778224945068e-01
1.942275762557983398e-01
1.044879853725433350e-01
8.817454576492309570e-01
1.409406960010528564e-01
6.257901340723037720e-02
3.174676373600959778e-02
4.259537532925605774e-02
2.144081294536590576e-01
1.347404811531305313e-02
2.169330418109893799e-02
3.630057349801063538e-02
8.997529000043869019e-02
6.994658708572387695e-02
6.606952100992202759e-02
6.286580115556716919e-02
4.053202271461486816e-02
5.227976664900779724e-02
9.344696998596191406e-02
1.591900363564491272e-02
9.067820757627487183e-02
1.072568260133266449e-02
1.067505776882171631e-01
1.362777203321456909e-01
1.002546697854995728e-01
8.042778372764587402e-01
7.072466611862182617e-02
1.618587374687194824e-01
1.886389255523681641e-01
4.568355157971382141e-02
2.861574478447437286e-02
8.907354623079299927e-02
5.210014805197715759e-02
1.359292864799499512e-01
8.904509246349334717e-02
8.897864073514938354e-02
1.777563616633415222e-02
2.371986806392669678e-01
9.034000635147094727e-01
2.326797321438789368e-02
2.224836647510528564e-01
5.991924554109573364e-02
5.361674353480339050e-02
8.019896745681762695e-01
1.018249541521072388e-01
3.870982527732849121e-01
1.016148626804351807e-01
1.560988575220108032e-01
5.719311535358428955e-03
6.241500005125999451e-02
1.208116784691810608e-01
1.418939381837844849e-01
1.548933833837509155e-01
2.749046869575977325e-02
2.061860449612140656e-02
1.632889807224273682e-01
8.687101304531097412e-02
6.267229095101356506e-03
1.222445964813232422e-01
1.239563450217247009e-01
1.019134819507598877e-01
6.015243381261825562e-02
8.880447149276733398e-01
1.821704767644405365e-02
2.910098247230052948e-02
3.542195633053779602e-02
6.300170719623565674e-02
1.025110185146331787e-01
1.660278253257274628e-02
1.610190272331237793e-01
6.201697513461112976e-03
3.183134198188781738e-01
1.002706121653318405e-02
8.588903397321701050e-02
1.614932715892791748e-02
9.787329286336898804e-02
1.192900612950325012e-01
4.028263315558433533e-02
3.234475851058959961e-02
8.023159950971603394e-02
4.774877801537513733e-02
1.736598648130893707e-02
2.709376215934753418e-01
9.716571122407913208e-02
8.101816475391387939e-02
1.030671373009681702e-01
1.317871809005737305e-01
9.702879190444946289e-02
9.862327948212623596e-03
1.971615254878997803e-01
3.210304677486419678e-02
4.022682085633277893e-02
7.534748315811157227e-02
1.897851191461086273e-02
6.388802081346511841e-02
1.759825944900512695e-01
3.939856290817260742e-01
6.473227739334106445e-01
7.386430501937866211e-01
9.725726395845413208e-02
1.184823587536811829e-01
6.343460083007812500e-02
2.145277522504329681e-02
2.978194653987884521e-01
4.062899351119995117e-01
4.347229599952697754e-01
3.137905150651931763e-02
2.957701981067657471e-01
2.391271740198135376e-01
1.721050292253494263e-01
2.366213649511337280e-01
1.560360640287399292e-01
4.482439756393432617e-01
2.596631348133087158e-01
1.274588108062744141e-01
4.743535071611404419e-02
9.006006270647048950e-02
3.193094432353973389e-01
5.286455750465393066e-01
2.225072234869003296e-01
6.093906164169311523e-01
6.154211238026618958e-03
3.834272623062133789e-01
8.969235420227050781e-02
1.901127547025680542e-01
6.308092176914215088e-02
5.501790642738342285e-01
7.212262600660324097e-02
4.433593451976776123e-01
6.927179545164108276e-02
4.633676260709762573e-02
3.730964362621307373e-01
3.657732903957366943e-01
3.660253286361694336e-01
3.633975386619567871e-01
3.996248841285705566e-01
3.582630455493927002e-01
1.509869247674942017e-01
3.329277336597442627e-01
4.421454370021820068e-01
6.888415813446044922e-01
2.734585404396057129e-01
1.632547378540039062e-01
1.180644799023866653e-02
1.843218505382537842e-01
1.813583821058273315e-01
8.598645776510238647e-02
4.059341847896575928e-01
5.662646144628524780e-02
1.661476790904998779e-01
3.030238151550292969e-01
8.596982061862945557e-02
6.465746462345123291e-02
2.022023871541023254e-02
1.134393457323312759e-02
2.002822235226631165e-02
4.385086521506309509e-02
6.476349383592605591e-02
6.474857032299041748e-02
7.035610824823379517e-02
9.937953203916549683e-03
4.674875177443027496e-03
2.941094711422920227e-02
7.602921128273010254e-02
1.322312094271183014e-02
1.062045153230428696e-02
5.588401108980178833e-03
3.728559007868170738e-03
2.338143587112426758e-01
7.251626253128051758e-02
4.858551546931266785e-03
9.719484299421310425e-02
7.988822646439075470e-03
3.885493148118257523e-03
3.625910729169845581e-02
7.196237444877624512e-01
1.181617844849824905e-03
6.478110551834106445e-01
8.407047390937805176e-01
1.600677222013473511e-01
2.788237109780311584e-02
3.221858665347099304e-02
7.089681923389434814e-02
2.900416217744350433e-02
1.418902538716793060e-02
4.977055490016937256e-01
2.262708693742752075e-01
1.917390339076519012e-02
7.555905729532241821e-02
7.166141867637634277e-01
1.321692392230033875e-02
3.410002589225769043e-02
3.014134056866168976e-02
4.685258120298385620e-02
6.613629311323165894e-02
1.011913828551769257e-02
1.241189707070589066e-02
1.833850331604480743e-02
7.752642035484313965e-02
1.553628779947757721e-02
2.312367595732212067e-02
8.781848102807998657e-02
1.881011202931404114e-02
5.209805071353912354e-02
5.377825498580932617e-01
4.183948040008544922e-01
1.487032510340213776e-02
8.267367258667945862e-03
1.789364218711853027e-01
7.089051604270935059e-01
2.490388043224811554e-02
2.570197917520999908e-02
7.940718205645680428e-04
2.431975491344928741e-02
2.184911863878369331e-03
5.665879696607589722e-02
9.334641695022583008e-02
3.361657261848449707e-02
2.842479050159454346e-01
7.832565158605575562e-02
6.185290589928627014e-02
4.676279723644256592e-01
1.153484801761806011e-03
7.202427834272384644e-02
7.719209045171737671e-02
5.351870134472846985e-02
5.573771428316831589e-03
