8.975579738616943359e-01
9.825002551078796387e-01
9.499509930610656738e-01
8.843355178833007812e-01
9.035643935203552246e-01
8.771020770072937012e-01
8.182131648063659668e-01
7.699978351593017578e-01
9.254378080368041992e-01
9.654307961463928223e-01
9.846943020820617676e-01
9.028196334838867188e-01
8.772903084754943848e-01
9.342730641365051270e-01
9.179894924163818359e-01
8.623173832893371582e-01
9.076956510543823242e-01
7.994684576988220215e-01
7.873940467834472656e-01
8.112370967864990234e-01
9.179663658142089844e-01
9.892838597297668457e-01
9.441465735435485840e-01
8.482617735862731934e-01
8.556343317031860352e-01
8.399671912193298340e-01
7.827397584915161133e-01
9.458957910537719727e-01
8.840973973274230957e-01
9.271354079246520996e-01
9.457711577415466309e-01
8.979880809783935547e-01
8.157863616943359375e-01
6.064531803131103516e-01
9.546719789505004883e-01
8.043538331985473633e-01
7.942538857460021973e-01
8.448652625083923340e-01
8.616563677787780762e-01
7.974943518638610840e-01
9.141368865966796875e-01
8.723955750465393066e-01
9.097887277603149414e-01
7.585284113883972168e-01
9.152621030807495117e-01
7.601961493492126465e-01
8.605906367301940918e-01
8.440618515014648438e-01
8.919395804405212402e-01
8.443419933319091797e-01
9.392313957214355469e-01
7.031266689300537109e-01
9.425709247589111328e-01
9.048973321914672852e-01
8.694691658020019531e-01
9.744740724563598633e-01
9.053311347961425781e-01
9.295814633369445801e-01
9.609595537185668945e-01
9.706904888153076172e-01
8.544112443923950195e-01
8.620271086692810059e-01
9.713790416717529297e-01
8.870543837547302246e-01
9.128535389900207520e-01
8.601311445236206055e-01
8.816508650779724121e-01
8.312885761260986328e-01
8.767706155776977539e-01
9.484830498695373535e-01
8.795979619026184082e-01
9.365356564521789551e-01
8.748672008514404297e-01
9.718335866928100586e-01
8.575069308280944824e-01
8.709212541580200195e-01
9.387575387954711914e-01
9.450574517250061035e-01
8.503424525260925293e-01
9.691907763481140137e-01
9.453094601631164551e-01
9.511475563049316406e-01
9.667238593101501465e-01
8.709818124771118164e-01
9.716129302978515625e-01
9.542248845100402832e-01
8.726072311401367188e-01
9.829462766647338867e-01
6.925088763236999512e-01
8.605905175209045410e-01
8.643987774848937988e-01
7.964856624603271484e-01
9.577625393867492676e-01
8.710281252861022949e-01
9.798912405967712402e-01
9.430065155029296875e-01
8.839932680130004883e-01
9.585357308387756348e-01
9.245400428771972656e-01
9.461339116096496582e-01
9.809654355049133301e-01
9.498646259307861328e-01
8.725640177726745605e-01
9.828277826309204102e-01
9.507945179939270020e-01
8.612805604934692383e-01
8.441008329391479492e-01
8.596337437629699707e-01
9.714042544364929199e-01
9.571751356124877930e-01
9.174144268035888672e-01
8.316978812217712402e-01
9.056788682937622070e-01
9.233313798904418945e-01
9.246804714202880859e-01
9.522733092308044434e-01
9.389763474464416504e-01
7.924396991729736328e-01
8.603492975234985352e-01
8.545498847961425781e-01
9.802815914154052734e-01
7.418413758277893066e-01
9.751942157745361328e-01
9.658436179161071777e-01
8.676430583000183105e-01
9.830757379531860352e-01
8.326792120933532715e-01
8.571634888648986816e-01
9.543853402137756348e-01
9.645222425460815430e-01
9.825689792633056641e-01
9.435117244720458984e-01
8.806589245796203613e-01
9.678489565849304199e-01
8.814975023269653320e-01
8.804994225502014160e-01
9.368219375610351562e-01
9.874027967453002930e-01
8.232183456420898438e-01
9.684052467346191406e-01
9.614080190658569336e-01
8.769370317459106445e-01
9.312466979026794434e-01
9.768252372741699219e-01
8.616760969161987305e-01
7.653865814208984375e-01
9.691765904426574707e-01
8.359744548797607422e-01
9.531616568565368652e-01
9.351372122764587402e-01
8.304189443588256836e-01
7.862113714218139648e-01
8.213598132133483887e-01
8.291754722595214844e-01
8.503856658935546875e-01
8.989084959030151367e-01
6.528947949409484863e-01
7.615962624549865723e-01
8.647404313087463379e-01
7.575709223747253418e-01
6.935543417930603027e-01
9.356158375740051270e-01
7.642021179199218750e-01
8.523071408271789551e-01
6.772769093513488770e-01
7.491838932037353516e-01
8.269386887550354004e-01
7.496732473373413086e-01
7.383859753608703613e-01
8.545487523078918457e-01
6.115646362304687500e-01
7.019346952438354492e-01
6.794283986091613770e-01
6.752994656562805176e-01
4.351620376110076904e-01
5.287019610404968262e-01
5.310511589050292969e-01
4.740860760211944580e-01
5.779561400413513184e-01
6.566044688224792480e-01
5.818830132484436035e-01
6.173241138458251953e-01
5.820439457893371582e-01
6.503712534904479980e-01
6.022618412971496582e-01
5.855551362037658691e-01
6.361912488937377930e-01
6.582021117210388184e-01
6.000238060951232910e-01
7.178140282630920410e-01
7.189378142356872559e-01
6.012067794799804688e-01
5.551581978797912598e-01
5.037496089935302734e-01
5.646108388900756836e-01
7.002869248390197754e-01
5.579344630241394043e-01
5.530499219894409180e-01
6.207780838012695312e-01
6.539790034294128418e-01
3.807313144207000732e-01
6.107880473136901855e-01
5.677804946899414062e-01
6.835033297538757324e-01
5.027243494987487793e-01
6.134036779403686523e-01
7.347155809402465820e-01
5.940634608268737793e-01
6.624065637588500977e-01
5.711842775344848633e-01
5.860912799835205078e-01
6.470329761505126953e-01
6.276876330375671387e-01
7.710102200508117676e-01
6.591075658798217773e-01
7.245360016822814941e-01
5.945904254913330078e-01
6.421909332275390625e-01
6.606706380844116211e-01
7.433936595916748047e-01
6.699389219284057617e-01
6.683827042579650879e-01
5.365097522735595703e-01
6.084117293357849121e-01
5.705825090408325195e-01
5.740759968757629395e-01
5.256081819534301758e-01
5.302194952964782715e-01
7.137364149093627930e-01
6.646446585655212402e-01
5.077467560768127441e-01
6.761561036109924316e-01
5.511935949325561523e-01
7.295846939086914062e-01
6.252120733261108398e-01
5.977458953857421875e-01
6.205741167068481445e-01
5.891038775444030762e-01
3.941437304019927979e-01
6.001496315002441406e-01
5.651332139968872070e-01
6.853244304656982422e-01
6.783974170684814453e-01
5.642406344413757324e-01
5.165820717811584473e-01
2.918070554733276367e-01
9.407292604446411133e-01
8.438327312469482422e-01
8.928628563880920410e-01
7.164471745491027832e-01
7.273344397544860840e-01
8.760660290718078613e-01
6.724808216094970703e-01
9.136055111885070801e-01
6.045997738838195801e-01
8.631346225738525391e-01
9.290447831153869629e-01
8.705627918243408203e-01
8.100650310516357422e-01
8.775453567504882812e-01
8.341614007949829102e-01
8.925149440765380859e-01
6.921991705894470215e-01
2.304109483957290649e-01
6.581301093101501465e-01
8.824890255928039551e-01
8.572188019752502441e-01
8.590256571769714355e-01
3.068596422672271729e-01
8.774385452270507812e-01
8.438210487365722656e-01
9.442173242568969727e-01
7.412773966789245605e-01
9.135013222694396973e-01
9.433135390281677246e-01
8.624343276023864746e-01
8.812564611434936523e-01
9.392099380493164062e-01
9.195890426635742188e-01
9.009499549865722656e-01
8.815543651580810547e-01
9.157449007034301758e-01
7.716882824897766113e-01
8.575430512428283691e-01
7.004055380821228027e-01
8.719065785408020020e-01
9.177348017692565918e-01
9.317496418952941895e-01
9.344284534454345703e-01
9.033897519111633301e-01
8.942034244537353516e-01
9.787245392799377441e-01
6.512436866760253906e-01
6.336071491241455078e-01
9.390860795974731445e-01
9.550775885581970215e-01
9.411640167236328125e-01
8.803718090057373047e-01
8.888221979141235352e-01
8.606927990913391113e-01
9.151993989944458008e-01
8.435466885566711426e-01
8.941279053688049316e-01
6.950593590736389160e-01
5.581091642379760742e-01
9.454622268676757812e-01
6.615024805068969727e-01
6.913515329360961914e-01
9.135292768478393555e-01
8.401276469230651855e-01
7.900015711784362793e-01
8.891277909278869629e-01
3.447375297546386719e-01
9.429929852485656738e-01
8.929243087768554688e-01
9.229910373687744141e-01
7.028831243515014648e-01
9.161420464515686035e-01
8.982293605804443359e-01
9.518340826034545898e-01
8.926754593849182129e-01
9.528213739395141602e-01
9.294402599334716797e-01
9.711593985557556152e-01
9.104877114295959473e-01
9.533074498176574707e-01
9.585709571838378906e-01
9.348658323287963867e-01
9.814257621765136719e-01
9.299171566963195801e-01
9.869869947433471680e-01
8.973541259765625000e-01
9.309824705123901367e-01
9.581579566001892090e-01
9.361371397972106934e-01
9.874039888381958008e-01
9.728875160217285156e-01
8.769755363464355469e-01
9.793961048126220703e-01
9.351213574409484863e-01
9.920096397399902344e-01
9.294301271438598633e-01
8.839155435562133789e-01
9.927759170532226562e-01
8.650866746902465820e-01
9.196901321411132812e-01
9.575063586235046387e-01
9.877870678901672363e-01
9.528213739395141602e-01
9.243550300598144531e-01
9.576000571250915527e-01
7.189446091651916504e-01
9.654371142387390137e-01
9.098702669143676758e-01
8.602554202079772949e-01
8.561469316482543945e-01
8.927472829818725586e-01
8.266756534576416016e-01
9.727476239204406738e-01
8.814133405685424805e-01
9.361892938613891602e-01
8.753510117530822754e-01
8.056415915489196777e-01
8.676993250846862793e-01
9.349594116210937500e-01
9.357239603996276855e-01
7.469708323478698730e-01
6.528558135032653809e-01
9.413821101188659668e-01
9.256386756896972656e-01
7.760946154594421387e-01
6.822488307952880859e-01
9.241871237754821777e-01
9.472682476043701172e-01
7.206913232803344727e-01
8.436269760131835938e-01
8.357141017913818359e-01
8.980959653854370117e-01
6.630187034606933594e-01
7.818621397018432617e-01
9.745199084281921387e-01
8.250917792320251465e-01
7.886505722999572754e-01
8.238964676856994629e-01
7.017141580581665039e-01
5.122578740119934082e-01
6.913984417915344238e-01
8.882244825363159180e-01
9.831753969192504883e-01
5.895199775695800781e-01
8.009791970252990723e-01
8.515775799751281738e-01
7.590494751930236816e-01
6.710451841354370117e-01
8.389277458190917969e-01
8.868631720542907715e-01
8.549107909202575684e-01
6.876496076583862305e-01
8.477665185928344727e-01
8.925760984420776367e-01
6.782913208007812500e-01
5.058907270431518555e-01
5.075568556785583496e-01
8.495621681213378906e-01
9.141648411750793457e-01
8.823909759521484375e-01
7.979043722152709961e-01
9.042164087295532227e-01
7.315645813941955566e-01
5.785276293754577637e-01
5.072359442710876465e-01
8.917918801307678223e-01
5.658761262893676758e-01
8.427287340164184570e-01
6.955340504646301270e-01
8.198751211166381836e-01
7.215768098831176758e-01
6.566098332405090332e-01
5.642026066780090332e-01
9.006159305572509766e-01
8.592420220375061035e-01
8.507317304611206055e-01
7.667645215988159180e-01
5.428496003150939941e-01
8.954457044601440430e-01
8.151916861534118652e-01
9.130588769912719727e-01
9.413506388664245605e-01
9.944062232971191406e-01
6.895979046821594238e-01
8.635647892951965332e-01
9.163601994514465332e-01
9.634656310081481934e-01
9.680412411689758301e-01
7.818134427070617676e-01
9.765837192535400391e-01
9.811556339263916016e-01
9.135849475860595703e-01
8.949028253555297852e-01
8.342645168304443359e-01
9.128555059432983398e-01
8.149268627166748047e-01
9.309664368629455566e-01
9.125422239303588867e-01
9.808471798896789551e-01
9.430422782897949219e-01
8.515973687171936035e-01
7.880872488021850586e-01
9.560229182243347168e-01
9.795208573341369629e-01
9.387471675872802734e-01
7.497779130935668945e-01
9.346229434013366699e-01
2.016711086034774780e-01
9.715686440467834473e-01
9.894151687622070312e-01
8.958080410957336426e-01
9.208419919013977051e-01
9.640274047851562500e-01
9.225608706474304199e-01
9.207763075828552246e-01
9.579251408576965332e-01
9.515169858932495117e-01
8.772232532501220703e-01
9.752292633056640625e-01
8.858303427696228027e-01
7.430918812751770020e-01
8.973265886306762695e-01
8.545377254486083984e-01
9.585533142089843750e-01
8.569639921188354492e-01
9.667910337448120117e-01
9.475414156913757324e-01
8.853974938392639160e-01
9.435442090034484863e-01
9.945921301841735840e-01
9.669942259788513184e-01
9.592804312705993652e-01
9.075655937194824219e-01
9.770834445953369141e-01
9.434689879417419434e-01
9.672593474388122559e-01
9.220258593559265137e-01
9.694538116455078125e-01
9.371517300605773926e-01
9.200961589813232422e-01
9.836893677711486816e-01
9.258533120155334473e-01
9.892317652702331543e-01
9.549581408500671387e-01
7.946571707725524902e-01
9.127155542373657227e-01
7.655078768730163574e-01
8.850958943367004395e-01
9.623730182647705078e-01
8.489234447479248047e-01
9.181240200996398926e-01
9.146877527236938477e-01
9.842235445976257324e-01
8.322560787200927734e-01
6.787839531898498535e-02
4.454006999731063843e-02
2.771808765828609467e-02
6.421353667974472046e-02
7.898396849632263184e-01
8.083634972572326660e-01
5.743163228034973145e-01
1.326473429799079895e-02
2.533137612044811249e-02
7.193076014518737793e-01
1.604691334068775177e-02
1.904093474149703979e-01
1.120591461658477783e-01
7.548628449440002441e-01
3.545840969309210777e-03
3.693293035030364990e-02
8.686835765838623047e-01
2.856865292415022850e-03
3.485859557986259460e-02
1.353219337761402130e-02
1.215347740799188614e-02
2.001921646296977997e-02
1.755576133728027344e-01
1.580731868743896484e-01
8.592030033469200134e-03
3.894997015595436096e-02
5.060180276632308960e-02
2.051767148077487946e-02
6.537728905677795410e-01
8.736420422792434692e-02
7.688676714897155762e-01
5.878423806279897690e-03
6.001832485198974609e-01
2.744165435433387756e-02
4.258569329977035522e-02
2.849472686648368835e-02
2.568858442828059196e-03
6.306261289864778519e-03
6.519560120068490505e-04
8.649141341447830200e-02
3.359637781977653503e-02
7.918082177639007568e-02
6.006479263305664062e-03
1.543701738119125366e-01
1.197116728872060776e-02
3.333504498004913330e-01
6.575994193553924561e-04
1.814318001270294189e-01
2.669495344161987305e-01
9.225034713745117188e-01
1.310983151197433472e-01
8.649141341447830200e-02
7.557670772075653076e-02
6.812425255775451660e-01
4.940173029899597168e-02
5.686473101377487183e-02
7.993558421730995178e-03
4.263326823711395264e-01
1.972774788737297058e-02
2.119975239038467407e-01
2.080796658992767334e-01
1.522138863801956177e-01
2.494038827717304230e-02
4.033217430114746094e-01
1.264247763901948929e-02
7.939252853393554688e-01
6.558859348297119141e-01
9.935087710618972778e-02
1.121943965554237366e-01
4.046743735671043396e-03
6.645973920822143555e-01
3.412448614835739136e-02
3.025322556495666504e-01
1.086484920233488083e-02
2.392791956663131714e-01
3.814177587628364563e-02
2.400147020816802979e-01
4.993294477462768555e-01
1.327626854181289673e-01
7.732856869697570801e-01
3.524827584624290466e-02
6.861051172018051147e-02
1.023861020803451538e-01
5.120571702718734741e-02
6.813432276248931885e-02
2.208167687058448792e-02
1.720376759767532349e-01
1.244485080242156982e-01
1.470437496900558472e-01
1.464613676071166992e-01
1.643747389316558838e-01
4.472616612911224365e-01
6.861051172018051147e-02
2.565626502037048340e-01
1.633379608392715454e-01
2.107635438442230225e-01
1.596764177083969116e-01
1.633379608392715454e-01
8.151751756668090820e-01
8.503081798553466797e-01
3.707315027713775635e-01
1.023861020803451538e-01
9.728925675153732300e-02
2.484673857688903809e-01
5.604505166411399841e-02
1.714144200086593628e-01
4.995101094245910645e-01
2.247375994920730591e-01
5.427618324756622314e-02
1.244485080242156982e-01
2.360070198774337769e-01
1.670761033892631531e-02
2.360070198774337769e-01
5.425444245338439941e-01
6.001224741339683533e-02
4.015530049800872803e-01
5.120571702718734741e-02
3.980566561222076416e-01
1.219936609268188477e-01
2.009000927209854126e-01
7.414393872022628784e-02
1.633379608392715454e-01
6.001224741339683533e-02
3.808983415365219116e-02
1.529678553342819214e-01
5.709078907966613770e-02
4.095863550901412964e-02
1.529678553342819214e-01
5.604505166411399841e-02
4.015530049800872803e-01
1.670761033892631531e-02
2.867992036044597626e-02
8.604177087545394897e-02
7.029380798339843750e-01
6.272238492965698242e-01
3.057722747325897217e-01
1.465684771537780762e-01
1.219936609268188477e-01
8.870717138051986694e-02
1.023861020803451538e-01
3.037890419363975525e-02
1.074755340814590454e-01
1.196376085281372070e-01
5.427618324756622314e-02
8.310600370168685913e-02
5.325338840484619141e-01
5.004596114158630371e-01
9.033736586570739746e-02
2.719937637448310852e-02
6.813432276248931885e-02
5.000498890876770020e-01
5.889872312545776367e-01
4.402408599853515625e-01
6.264131069183349609e-01
5.000417828559875488e-01
4.558821022510528564e-01
6.264131069183349609e-01
5.109006762504577637e-01
7.382211685180664062e-01
3.719582557678222656e-01
7.071688175201416016e-01
7.790249586105346680e-01
7.512525916099548340e-01
6.341251134872436523e-01
7.622056007385253906e-01
5.469915866851806641e-01
5.578116178512573242e-01
7.280740737915039062e-01
4.096260070800781250e-01
3.947307467460632324e-01
4.507102668285369873e-01
4.812400043010711670e-01
5.822301506996154785e-01
5.131813883781433105e-01
4.534178376197814941e-01
5.186866521835327148e-01
4.733683168888092041e-01
5.251526832580566406e-01
5.768509507179260254e-01
4.790803492069244385e-01
4.161285459995269775e-01
4.419587254524230957e-01
4.821569919586181641e-01
5.078166723251342773e-01
5.415148138999938965e-01
4.497253298759460449e-01
5.887781381607055664e-01
6.200391650199890137e-01
4.358248710632324219e-01
4.380905628204345703e-01
4.953756332397460938e-01
3.526206016540527344e-01
5.172237753868103027e-01
3.009302914142608643e-01
5.645504593849182129e-01
4.427740275859832764e-01
4.623730182647705078e-01
4.346232116222381592e-01
4.856415987014770508e-01
6.334299445152282715e-01
4.685598313808441162e-01
5.337905287742614746e-01
4.686674773693084717e-01
5.016257166862487793e-01
4.911091625690460205e-01
5.274863243103027344e-01
4.291563630104064941e-01
5.708919763565063477e-01
5.141906738281250000e-01
6.054605245590209961e-01
4.884592592716217041e-01
4.377954900264739990e-01
4.886740446090698242e-01
5.362817645072937012e-01
4.496019184589385986e-01
4.905032515525817871e-01
4.160324931144714355e-01
5.711572170257568359e-01
6.118672490119934082e-01
6.007778048515319824e-01
4.544864296913146973e-01
4.220481216907501221e-01
3.799350559711456299e-01
4.311081767082214355e-01
4.818147122859954834e-01
4.194296598434448242e-01
4.472017586231231689e-01
4.731210172176361084e-01
5.206178426742553711e-01
4.463439583778381348e-01
5.069454312324523926e-01
4.408235251903533936e-01
5.092694759368896484e-01
4.563714861869812012e-01
4.478071331977844238e-01
6.377862691879272461e-01
5.651833415031433105e-01
4.205034375190734863e-01
5.870278477668762207e-01
2.828322350978851318e-01
1.909912377595901489e-01
5.718213319778442383e-02
6.080267950892448425e-02
6.307107210159301758e-02
3.853907585144042969e-01
6.363177299499511719e-02
1.813265681266784668e-02
1.785151511430740356e-01
1.416446268558502197e-01
3.783683478832244873e-01
8.509306609630584717e-02
3.034999035298824310e-02
2.116113156080245972e-01
1.504419445991516113e-01
1.877037733793258667e-01
2.055993676185607910e-01
4.371597170829772949e-01
2.349332123994827271e-01
3.102317154407501221e-01
7.789169996976852417e-02
6.134344339370727539e-01
1.329434514045715332e-01
4.788720235228538513e-02
5.584297776222229004e-01
3.085695505142211914e-01
1.664116531610488892e-01
8.312838077545166016e-01
7.048797011375427246e-01
8.812841027975082397e-02
5.472549796104431152e-02
5.260544270277023315e-02
4.309895932674407959e-01
2.742973156273365021e-02
8.642543107271194458e-02
6.278355419635772705e-02
1.072153374552726746e-01
1.045185104012489319e-01
1.437202394008636475e-01
9.458916634321212769e-02
1.017618328332901001e-01
1.026011854410171509e-01
9.915286302566528320e-02
3.398885577917098999e-02
3.055498600006103516e-01
1.487406343221664429e-02
4.456494748592376709e-01
1.857874542474746704e-01
2.729754745960235596e-01
6.469300985336303711e-01
1.524560749530792236e-01
2.159764617681503296e-01
2.874407172203063965e-01
8.405768126249313354e-02
4.462567344307899475e-02
7.532306909561157227e-01
2.046948522329330444e-01
2.193388193845748901e-01
1.317669004201889038e-01
7.585401833057403564e-02
2.444588020443916321e-02
6.983673572540283203e-01
8.128818273544311523e-01
4.445615038275718689e-02
4.972301125526428223e-01
1.178510412573814392e-01
1.745330989360809326e-01
6.362148523330688477e-01
1.099730432033538818e-01
6.784630417823791504e-01
2.380306124687194824e-01
1.741008162498474121e-01
2.211111225187778473e-02
1.278873831033706665e-01
1.264483630657196045e-01
7.050317525863647461e-01
7.352064251899719238e-01
1.113377735018730164e-01
3.049972094595432281e-02
2.049072533845901489e-01
2.060143947601318359e-01
3.434039652347564697e-02
5.966639518737792969e-01
5.425698757171630859e-01
3.731120228767395020e-01
2.904360592365264893e-01
9.538806080818176270e-01
7.876825332641601562e-02
1.096816062927246094e-01
2.218552529811859131e-01
2.278222143650054932e-01
4.095672070980072021e-01
7.531861960887908936e-02
3.372528254985809326e-01
1.737490668892860413e-02
4.903281629085540771e-01
2.241438999772071838e-02
3.943948149681091309e-01
1.395341455936431885e-01
4.808178544044494629e-01
6.018056869506835938e-01
1.710912138223648071e-01
1.429988145828247070e-01
2.558456063270568848e-01
1.493217051029205322e-01
4.408606141805648804e-02
3.472162187099456787e-01
1.806342303752899170e-01
3.549717366695404053e-01
3.362556397914886475e-01
4.739122986793518066e-01
5.146315693855285645e-01
5.356833711266517639e-02
5.646351575851440430e-01
8.735344558954238892e-02
1.470646560192108154e-01
1.534776836633682251e-01
1.475159078836441040e-01
2.564369440078735352e-01
5.108278393745422363e-01
5.795942544937133789e-01
5.842394828796386719e-01
8.662767410278320312e-01
4.166940450668334961e-01
3.095389008522033691e-01
2.074432820081710815e-01
2.216402143239974976e-01
6.612757444381713867e-01
5.850254297256469727e-01
5.947095751762390137e-01
1.554838418960571289e-01
3.516960740089416504e-01
4.316092133522033691e-01
4.460610449314117432e-01
7.093088626861572266e-01
3.581654131412506104e-01
7.173648476600646973e-01
5.941638946533203125e-01
5.319693684577941895e-01
7.790887355804443359e-02
5.665979385375976562e-01
6.086092591285705566e-01
5.723640918731689453e-01
4.002439081668853760e-01
7.215185165405273438e-01
8.945176750421524048e-02
7.528584599494934082e-01
4.176029562950134277e-01
5.142508745193481445e-01
4.408217966556549072e-01
5.731653571128845215e-01
3.578583002090454102e-01
5.910281538963317871e-01
3.472833037376403809e-01
2.857285439968109131e-01
4.913246631622314453e-01
7.108359932899475098e-01
6.716844439506530762e-01
6.556742191314697266e-01
6.232948899269104004e-01
7.461317777633666992e-01
4.963827133178710938e-01
7.297782897949218750e-01
6.892361044883728027e-01
7.390464544296264648e-01
5.570680499076843262e-01
5.304596424102783203e-01
5.467310175299644470e-02
7.083831429481506348e-01
4.995114803314208984e-01
3.429237306118011475e-01
6.112456321716308594e-01
6.026480793952941895e-01
4.678100049495697021e-01
6.724505424499511719e-01
2.314783036708831787e-01
1.191122680902481079e-01
1.038284599781036377e-01
7.785569876432418823e-02
7.286850363016128540e-02
1.342083364725112915e-01
2.408365607261657715e-01
6.978476047515869141e-02
9.664227068424224854e-02
8.661018311977386475e-02
8.898539468646049500e-03
7.570286840200424194e-02
1.334867030382156372e-01
4.570286348462104797e-02
1.452253293246030807e-02
1.090299058705568314e-02
9.728283621370792389e-03
4.163056612014770508e-01
8.676627278327941895e-02
8.511850610375404358e-03
1.797364950180053711e-01
9.544080123305320740e-03
1.132784411311149597e-02
4.788002371788024902e-02
7.271846532821655273e-01
1.128896488808095455e-03
8.015334010124206543e-01
8.986334800720214844e-01
3.310465216636657715e-01
1.107227504253387451e-01
1.005504205822944641e-01
2.145991921424865723e-01
1.058610379695892334e-01
4.872543737292289734e-02
4.743202030658721924e-01
2.481953948736190796e-01
5.532675981521606445e-02
9.828994423151016235e-02
8.102834224700927734e-01
5.316352471709251404e-02
3.627076745033264160e-02
1.082212328910827637e-01
1.761705875396728516e-01
5.463638901710510254e-01
1.389820780605077744e-02
1.924976557493209839e-01
5.337665230035781860e-02
1.206460371613502502e-01
1.950096897780895233e-02
6.189375370740890503e-02
1.859522312879562378e-01
2.141035497188568115e-01
1.354433447122573853e-01
4.347992837429046631e-01
5.122250914573669434e-01
4.728804528713226318e-02
4.749947041273117065e-02
4.877792894840240479e-01
6.612008810043334961e-01
6.039542704820632935e-02
1.502728909254074097e-01
1.087514916434884071e-03
1.780830174684524536e-01
3.051134524866938591e-03
1.008681356906890869e-01
1.357697099447250366e-01
4.258184134960174561e-02
3.519343137741088867e-01
1.340754181146621704e-01
7.852845638990402222e-02
5.788121819496154785e-01
4.848169628530740738e-03
3.997673392295837402e-01
1.184161826968193054e-01
1.396410316228866577e-01
1.240476220846176147e-02
