8.091074824333190918e-01
9.888508915901184082e-01
9.519239664077758789e-01
5.201597213745117188e-01
4.782770872116088867e-01
6.604937314987182617e-01
4.990921914577484131e-01
4.235189259052276611e-01
4.563560783863067627e-01
9.917071461677551270e-01
9.870720505714416504e-01
4.676412045955657959e-01
9.698312878608703613e-01
9.822083115577697754e-01
4.017204046249389648e-01
6.154890060424804688e-01
9.962730407714843750e-01
9.860454201698303223e-01
5.091397762298583984e-01
9.226636886596679688e-01
5.604051947593688965e-01
9.629139900207519531e-01
5.856391787528991699e-01
8.822927474975585938e-01
5.731874704360961914e-01
9.424660205841064453e-01
9.481632709503173828e-01
9.102057218551635742e-01
8.675873279571533203e-01
5.205792784690856934e-01
9.929950833320617676e-01
5.324869155883789062e-01
9.865306019783020020e-01
9.771829247474670410e-01
9.979750514030456543e-01
9.905238747596740723e-01
7.227500081062316895e-01
9.979538917541503906e-01
4.858016371726989746e-01
9.410946369171142578e-01
5.410581231117248535e-01
5.714632868766784668e-01
9.853913784027099609e-01
5.537540316581726074e-01
5.269252061843872070e-01
4.795812964439392090e-01
5.116464495658874512e-01
4.021262228488922119e-01
9.231473803520202637e-01
4.830175340175628662e-01
9.993485808372497559e-01
3.800212442874908447e-01
6.373804211616516113e-01
9.948156476020812988e-01
6.527869701385498047e-01
8.000841140747070312e-01
9.982648491859436035e-01
6.127008199691772461e-01
5.890148282051086426e-01
9.270758628845214844e-01
9.890506267547607422e-01
9.556078910827636719e-01
8.341314196586608887e-01
4.021507501602172852e-01
9.778987169265747070e-01
5.082163214683532715e-01
5.496514439582824707e-01
9.578669667243957520e-01
3.173806965351104736e-01
5.846821069717407227e-01
8.141856789588928223e-01
9.875871539115905762e-01
4.888385236263275146e-01
5.601188540458679199e-01
9.575760960578918457e-01
4.280424416065216064e-01
7.505105733871459961e-01
9.101230502128601074e-01
9.374979734420776367e-01
8.783010840415954590e-01
8.239277601242065430e-01
9.839162230491638184e-01
9.135289192199707031e-01
6.821583509445190430e-01
8.632613420486450195e-01
8.276330232620239258e-01
9.417098164558410645e-01
9.184325337409973145e-01
9.731930494308471680e-01
4.272487163543701172e-01
9.905068874359130859e-01
9.711435437202453613e-01
8.855375647544860840e-01
7.173222303390502930e-01
9.542168378829956055e-01
9.981562495231628418e-01
8.805097937583923340e-01
9.850454926490783691e-01
8.619574904441833496e-01
6.022223234176635742e-01
9.613515138626098633e-01
9.902466535568237305e-01
7.515232563018798828e-01
9.180625081062316895e-01
9.692324399948120117e-01
9.363797903060913086e-01
9.986415505409240723e-01
4.553583562374114990e-01
8.935313224792480469e-01
8.825411796569824219e-01
9.972857236862182617e-01
4.917463064193725586e-01
7.783266305923461914e-01
8.319646716117858887e-01
9.852580428123474121e-01
8.187090754508972168e-01
8.353658914566040039e-01
9.815620779991149902e-01
9.901055693626403809e-01
9.958332777023315430e-01
9.652107357978820801e-01
9.476761221885681152e-01
9.801454544067382812e-01
8.176181912422180176e-01
9.969568252563476562e-01
9.373321533203125000e-01
9.839926362037658691e-01
3.357475996017456055e-01
9.861136078834533691e-01
9.959475398063659668e-01
9.985179305076599121e-01
9.897224307060241699e-01
9.674651622772216797e-01
8.986737132072448730e-01
9.714095592498779297e-01
4.920317530632019043e-01
9.904959201812744141e-01
9.972828626632690430e-01
8.829953074455261230e-01
9.847379922866821289e-01
9.212659001350402832e-01
9.631140828132629395e-01
9.995951056480407715e-01
9.035357832908630371e-01
9.993552565574645996e-01
2.718033790588378906e-01
9.114463925361633301e-01
7.442753314971923828e-01
9.918146729469299316e-01
9.545122981071472168e-01
9.997081160545349121e-01
3.137032091617584229e-01
9.995210170745849609e-01
3.469580709934234619e-01
9.864472150802612305e-01
9.999961853027343750e-01
9.999911785125732422e-01
9.941940903663635254e-01
9.961230158805847168e-01
9.736215323209762573e-02
1.132694184780120850e-01
8.842966556549072266e-01
2.553125619888305664e-01
9.990935325622558594e-01
9.979467988014221191e-01
9.967253208160400391e-01
3.917490839958190918e-01
2.376632541418075562e-01
9.991693496704101562e-01
3.820408880710601807e-01
3.590864837169647217e-01
9.996120333671569824e-01
4.723668992519378662e-01
9.804025888442993164e-01
8.704040050506591797e-01
2.816778123378753662e-01
9.932984709739685059e-01
2.305461764335632324e-01
3.849705755710601807e-01
9.118524193763732910e-01
4.082486331462860107e-01
2.562153935432434082e-01
9.178845286369323730e-01
4.170036017894744873e-01
9.984375834465026855e-01
9.998353719711303711e-01
4.679393172264099121e-01
2.459676563739776611e-01
9.982561469078063965e-01
9.994943141937255859e-01
4.063910543918609619e-01
3.795994818210601807e-01
9.679370522499084473e-01
9.999673366546630859e-01
3.883446455001831055e-01
9.952110648155212402e-01
1.439566016197204590e-01
2.760852873325347900e-01
2.554025948047637939e-01
9.956226944923400879e-01
4.843988269567489624e-02
9.961548447608947754e-01
4.119138419628143311e-01
9.942979216575622559e-01
9.446834921836853027e-01
1.782336980104446411e-01
5.456092953681945801e-01
2.389694601297378540e-01
9.784290194511413574e-01
2.987231910228729248e-01
1.936255246400833130e-01
1.649965643882751465e-01
3.525101542472839355e-01
9.898832440376281738e-01
9.655219316482543945e-01
9.776127934455871582e-01
9.823902845382690430e-01
2.622593343257904053e-01
9.759364128112792969e-01
9.607222676277160645e-01
8.844628930091857910e-01
8.384256362915039062e-01
9.682055115699768066e-01
3.822864592075347900e-01
9.925476908683776855e-01
2.454526424407958984e-01
4.403932094573974609e-01
2.165613025426864624e-01
9.567546844482421875e-01
9.910919070243835449e-01
9.067630022764205933e-02
3.993359804153442383e-01
3.030645847320556641e-01
8.995842933654785156e-01
8.182223439216613770e-01
9.514325857162475586e-01
3.792976140975952148e-01
9.973782300949096680e-01
9.781222343444824219e-01
9.911540150642395020e-01
3.578285574913024902e-01
1.000000000000000000e+00
4.609110057353973389e-01
9.594185352325439453e-01
3.567955791950225830e-01
8.810888230800628662e-02
5.888006091117858887e-01
9.998220801353454590e-01
5.358219146728515625e-01
5.699777007102966309e-01
5.372754335403442383e-01
4.865579307079315186e-01
5.153555274009704590e-01
9.320893883705139160e-01
6.524652838706970215e-01
9.998120665550231934e-01
9.977759718894958496e-01
9.999936819076538086e-01
9.900127649307250977e-01
4.240794479846954346e-01
9.977884292602539062e-01
5.055550932884216309e-01
5.311448574066162109e-01
4.672048091888427734e-01
9.785137772560119629e-01
3.979724347591400146e-01
9.560534358024597168e-01
9.986084103584289551e-01
5.236501693725585938e-01
9.893246293067932129e-01
4.440721273422241211e-01
9.926498532295227051e-01
9.584237933158874512e-01
9.985706806182861328e-01
9.865128993988037109e-01
5.563809871673583984e-01
3.944600820541381836e-01
4.866591393947601318e-01
5.086908340454101562e-01
5.652828812599182129e-01
9.983097314834594727e-01
5.353063941001892090e-01
6.769282221794128418e-01
5.904101133346557617e-01
9.967923760414123535e-01
9.800423979759216309e-01
6.080206632614135742e-01
9.903466105461120605e-01
9.949805140495300293e-01
5.091152787208557129e-01
4.057934284210205078e-01
4.994712173938751221e-01
4.237468242645263672e-01
9.995521903038024902e-01
9.914723038673400879e-01
5.527772903442382812e-01
9.968248605728149414e-01
5.041876435279846191e-01
4.750077426433563232e-01
9.938027858734130859e-01
5.957386493682861328e-01
9.837353229522705078e-01
5.171192884445190430e-01
2.736609876155853271e-01
9.960994720458984375e-01
8.438658714294433594e-01
4.663568139076232910e-01
9.985249638557434082e-01
9.977284073829650879e-01
2.108476608991622925e-01
4.583367705345153809e-01
4.457992613315582275e-01
9.720531702041625977e-01
9.519661664962768555e-01
5.220001935958862305e-01
5.114856362342834473e-01
9.908816814422607422e-01
4.378767013549804688e-01
9.799973964691162109e-01
9.986811280250549316e-01
7.769694328308105469e-01
6.626474857330322266e-01
9.997435212135314941e-01
3.995568454265594482e-01
7.031081914901733398e-01
8.327805995941162109e-01
5.147159099578857422e-01
9.071599841117858887e-01
9.217649698257446289e-01
9.999842643737792969e-01
9.992079138755798340e-01
9.995742440223693848e-01
6.913490295410156250e-01
8.638470768928527832e-01
6.978384852409362793e-01
6.960450410842895508e-01
6.347912549972534180e-01
6.842440962791442871e-01
9.233101606369018555e-01
8.189702033996582031e-01
9.997900128364562988e-01
9.988998174667358398e-01
6.247472763061523438e-01
9.997128844261169434e-01
6.523851752281188965e-01
6.455456018447875977e-01
8.502600789070129395e-01
5.991951823234558105e-01
6.626474857330322266e-01
9.984924793243408203e-01
9.979990124702453613e-01
4.093337059020996094e-01
5.280783772468566895e-01
7.365183234214782715e-01
4.569575786590576172e-01
9.959741234779357910e-01
6.741031408309936523e-01
5.653498172760009766e-01
9.998096823692321777e-01
3.732929527759552002e-01
9.996225833892822266e-01
6.510347723960876465e-01
5.457267165184020996e-01
9.995102882385253906e-01
8.686316013336181641e-01
6.397153139114379883e-01
6.582893133163452148e-01
9.992941617965698242e-01
9.250484704971313477e-01
8.762110471725463867e-01
8.910221457481384277e-01
9.613974690437316895e-01
8.631681203842163086e-01
9.408247470855712891e-01
2.896682918071746826e-01
8.216421604156494141e-01
9.936728477478027344e-01
9.999982118606567383e-01
7.727607488632202148e-01
5.150009989738464355e-01
9.606822133064270020e-01
4.399232566356658936e-01
3.667025566101074219e-01
5.893000364303588867e-01
9.987760186195373535e-01
1.727264672517776489e-01
5.974378585815429688e-01
8.451107144355773926e-01
9.762529730796813965e-01
9.505309909582138062e-02
7.791016697883605957e-01
5.209956169128417969e-01
4.201825261116027832e-01
4.909760057926177979e-01
5.915390253067016602e-01
7.248626351356506348e-01
8.045992255210876465e-01
9.897889494895935059e-01
4.008045196533203125e-01
8.848538994789123535e-01
6.267594099044799805e-01
9.684158563613891602e-01
9.998006224632263184e-01
8.242000341415405273e-01
9.204261898994445801e-01
9.976832866668701172e-01
7.722294926643371582e-01
9.104951024055480957e-01
4.916416406631469727e-01
9.997789263725280762e-01
2.962271273136138916e-01
9.333490729331970215e-01
7.293435931205749512e-01
6.752456426620483398e-01
6.302029490470886230e-01
6.310061216354370117e-01
6.116775870323181152e-01
2.038445621728897095e-01
9.990148544311523438e-01
7.632074356079101562e-01
7.594170570373535156e-01
7.241700291633605957e-01
5.096086859703063965e-01
1.975770592689514160e-01
7.273918986320495605e-01
5.487082004547119141e-01
5.486759543418884277e-01
9.652246236801147461e-01
9.609941244125366211e-01
9.646427035331726074e-01
9.992056488990783691e-01
9.995156526565551758e-01
9.228817820549011230e-01
4.573432803153991699e-01
5.164316296577453613e-01
8.647789955139160156e-01
9.987986087799072266e-01
9.984822869300842285e-01
9.679904580116271973e-01
5.246312618255615234e-01
4.732392728328704834e-01
9.893430471420288086e-01
5.263230800628662109e-01
4.934982657432556152e-01
6.330465674400329590e-01
9.887558817863464355e-01
9.990308284759521484e-01
9.454391002655029297e-01
7.612019181251525879e-01
8.928919434547424316e-01
4.210771918296813965e-01
5.626252889633178711e-01
9.368851184844970703e-01
3.592995405197143555e-01
5.488873124122619629e-01
9.492300748825073242e-01
9.903358221054077148e-01
5.477433800697326660e-01
5.869126319885253906e-01
1.000000000000000000e+00
4.915796518325805664e-01
9.992320537567138672e-01
5.172514319419860840e-01
6.070168614387512207e-01
8.689454197883605957e-01
5.293319225311279297e-01
9.977703094482421875e-01
3.740701377391815186e-01
5.665743350982666016e-01
9.884133934974670410e-01
9.759397506713867188e-01
7.594804763793945312e-01
5.233108401298522949e-01
4.456573426723480225e-01
9.970201849937438965e-01
8.544389009475708008e-01
9.929143190383911133e-01
9.529575705528259277e-01
5.188693404197692871e-01
5.760654807090759277e-01
5.758728981018066406e-01
6.804558038711547852e-01
9.890152812004089355e-01
8.091687560081481934e-01
4.700065255165100098e-01
4.623798429965972900e-01
8.372206091880798340e-01
8.188588023185729980e-01
9.898041486740112305e-01
9.851353764533996582e-01
9.830287694931030273e-01
5.642495751380920410e-01
9.813201427459716797e-01
9.807696342468261719e-01
9.996191263198852539e-01
4.669470191001892090e-01
9.970731735229492188e-01
5.084601640701293945e-01
9.165259003639221191e-01
5.060390830039978027e-01
1.576328463852405548e-02
3.651338517665863037e-01
1.284622699022293091e-01
2.634748071432113647e-02
1.683041155338287354e-01
5.804979205131530762e-01
4.742445349693298340e-01
9.534492157399654388e-03
2.579055353999137878e-02
2.416689097881317139e-01
1.379756480455398560e-01
4.817222058773040771e-02
4.509994685649871826e-01
4.868617355823516846e-01
3.936474025249481201e-02
7.910616695880889893e-02
6.700246334075927734e-01
3.129634261131286621e-02
4.009810090065002441e-01
3.942805901169776917e-02
1.691119074821472168e-01
4.034084826707839966e-02
6.975092738866806030e-02
3.989453911781311035e-01
3.221087157726287842e-02
4.782790541648864746e-01
3.351252675056457520e-01
5.633945018053054810e-02
7.488498836755752563e-02
9.068021178245544434e-02
1.133710145950317383e-01
3.621189296245574951e-02
2.574615478515625000e-01
2.584414482116699219e-01
1.315063331276178360e-03
2.725737355649471283e-02
1.262528300285339355e-01
1.774125173687934875e-02
4.201650992035865784e-02
4.151122272014617920e-01
8.153957314789295197e-03
9.410857409238815308e-02
6.064401473850011826e-03
3.241030573844909668e-01
9.016945841722190380e-04
4.024705588817596436e-01
1.713646575808525085e-02
2.771330298855900764e-03
6.658497452735900879e-01
5.494292378425598145e-01
5.672515630722045898e-01
4.151122272014617920e-01
3.530183434486389160e-01
1.454833894968032837e-01
9.576142579317092896e-02
3.569436967372894287e-01
8.079769322648644447e-04
9.168577194213867188e-02
4.120047986507415771e-01
8.202187716960906982e-02
8.751508593559265137e-02
5.332511663436889648e-02
7.566890865564346313e-02
1.010994613170623779e-01
4.602229595184326172e-02
3.243703246116638184e-01
4.727967828512191772e-02
1.435058116912841797e-01
4.918002784252166748e-01
7.490770518779754639e-02
2.020135223865509033e-01
4.437547326087951660e-01
5.141661763191223145e-01
2.113554801326245070e-04
5.101723074913024902e-01
2.345539815723896027e-02
2.554015442728996277e-02
2.838714122772216797e-01
3.607493638992309570e-02
3.360632956027984619e-01
2.760670892894268036e-02
6.061723828315734863e-02
1.217769756913185120e-01
1.664681918919086456e-02
6.089044734835624695e-02
5.627876147627830505e-03
1.700033992528915405e-01
3.178532049059867859e-02
3.707369044423103333e-02
2.822127938270568848e-02
2.366332150995731354e-02
1.615469157695770264e-01
6.061723828315734863e-02
4.102766513824462891e-02
4.605238512158393860e-02
1.814795136451721191e-01
5.779262632131576538e-03
4.605238512158393860e-02
2.861633300781250000e-01
2.627471685409545898e-01
2.820874378085136414e-02
1.217769756913185120e-01
4.070542007684707642e-02
8.535626344382762909e-03
2.423083037137985229e-02
2.070529386401176453e-02
8.058241754770278931e-02
4.921418055891990662e-02
1.253030449151992798e-01
3.178532049059867859e-02
3.356242924928665161e-02
1.547683496028184891e-03
3.356242924928665161e-02
1.646140217781066895e-01
2.744371630251407623e-02
1.136169657111167908e-01
1.664681918919086456e-02
1.274282038211822510e-01
5.693985894322395325e-02
3.499702736735343933e-02
1.061316281557083130e-01
4.605238512158393860e-02
2.744371630251407623e-02
2.538869157433509827e-02
3.029196895658969879e-02
2.381454035639762878e-02
1.586285233497619629e-02
3.029196895658969879e-02
2.423083037137985229e-02
1.136169657111167908e-01
1.547683496028184891e-03
2.829351834952831268e-02
8.988601155579090118e-03
1.699349284172058105e-01
1.227856129407882690e-01
3.572661057114601135e-02
7.216894067823886871e-03
5.693985894322395325e-02
1.813714392483234406e-02
1.217769756913185120e-01
1.616828516125679016e-02
5.697607621550559998e-02
5.153394490480422974e-02
1.253030449151992798e-01
3.579704836010932922e-02
1.635692715644836426e-01
2.010154724121093750e-01
2.206871099770069122e-02
3.985456191003322601e-03
6.089044734835624695e-02
9.926028549671173096e-02
2.258333191275596619e-02
2.643777988851070404e-03
1.464591734111309052e-02
1.633484102785587311e-02
2.004982158541679382e-02
1.464591734111309052e-02
8.188281953334808350e-02
3.271511793136596680e-01
8.804490417242050171e-02
8.508329093456268311e-02
1.596177518367767334e-01
6.579783558845520020e-02
8.148088306188583374e-02
1.594886928796768188e-01
7.930704206228256226e-02
2.214751206338405609e-02
1.312638223171234131e-01
9.727562963962554932e-02
5.988637730479240417e-02
4.041973873972892761e-02
5.777996964752674103e-03
1.701797246932983398e-01
1.171254068613052368e-01
1.135172415524721146e-02
1.795165985822677612e-02
2.360203675925731659e-02
4.442558065056800842e-02
9.416407346725463867e-02
3.518829047679901123e-01
6.780452094972133636e-03
4.500843212008476257e-02
2.564434334635734558e-02
6.054870784282684326e-02
2.572342753410339355e-01
4.804819822311401367e-02
1.243044584989547729e-01
1.481234580278396606e-01
1.348510086536407471e-01
4.256369080394506454e-03
2.270642109215259552e-02
4.503288865089416504e-02
6.515086442232131958e-02
9.135098662227392197e-04
2.537918984889984131e-01
2.291486784815788269e-02
1.173689439892768860e-01
2.898541465401649475e-02
9.293615818023681641e-02
3.800635635852813721e-01
9.301752783358097076e-03
2.652175724506378174e-02
8.893638849258422852e-02
9.124451130628585815e-02
5.959679186344146729e-02
1.236472129821777344e-01
6.482982635498046875e-02
2.254312038421630859e-01
1.472243964672088623e-01
6.837780028581619263e-02
2.206017263233661652e-02
4.168539773672819138e-03
5.694908276200294495e-02
9.786003082990646362e-02
7.346934825181961060e-02
6.442712247371673584e-02
1.652710372582077980e-03
9.436865895986557007e-02
3.960947319865226746e-02
2.950094044208526611e-01
1.499058455228805542e-01
1.087376009672880173e-02
7.481465488672256470e-02
1.649653017520904541e-01
3.826057538390159607e-02
5.568162724375724792e-02
1.573561429977416992e-01
4.244839400053024292e-02
7.528113573789596558e-02
1.898157149553298950e-01
2.662348747253417969e-01
6.140087917447090149e-02
2.298120856285095215e-01
3.345156610012054443e-01
1.352279037237167358e-01
4.121145904064178467e-01
6.633560359477996826e-02
4.196277260780334473e-02
4.675365388393402100e-01
2.572560310363769531e-01
3.158700764179229736e-01
2.341555655002593994e-01
1.532650552690029144e-02
8.683948963880538940e-02
1.590903550386428833e-01
1.157767325639724731e-01
7.229689508676528931e-03
2.942206859588623047e-01
4.728419780731201172e-01
2.552688717842102051e-01
4.630873203277587891e-01
1.047770492732524872e-02
1.819596141576766968e-01
2.243780791759490967e-01
4.493233561515808105e-01
4.218132793903350830e-01
3.886224329471588135e-01
3.528361022472381592e-01
4.575469791889190674e-01
9.723152965307235718e-02
5.421245098114013672e-01
1.418756991624832153e-01
8.580068498849868774e-02
1.914352476596832275e-01
4.985435903072357178e-01
2.429593205451965332e-01
3.992852270603179932e-01
3.758355081081390381e-01
8.464159443974494934e-03
6.944712996482849121e-02
2.072934433817863464e-02
2.502338290214538574e-01
1.745644770562648773e-02
6.324381381273269653e-02
7.246897555887699127e-03
2.279895246028900146e-01
3.217653930187225342e-01
3.348366916179656982e-01
4.065031185746192932e-02
9.919685870409011841e-02
4.091364890336990356e-02
2.688390910625457764e-01
5.419970490038394928e-03
3.941265344619750977e-01
3.552765585482120514e-03
4.318918287754058838e-01
2.060572504997253418e-01
3.808985650539398193e-01
3.555371761322021484e-01
2.019998133182525635e-01
5.446917414665222168e-01
6.072501540184020996e-01
1.725523471832275391e-01
1.603709161281585693e-02
5.097388625144958496e-01
4.675326943397521973e-01
5.081881284713745117e-01
4.568466842174530029e-01
1.539686974138021469e-02
3.273915499448776245e-02
3.402990400791168213e-01
3.753288388252258301e-01
1.922605931758880615e-01
4.848502278327941895e-01
1.576280742883682251e-01
3.782149851322174072e-01
4.184396564960479736e-01
1.450515445321798325e-02
3.091495037078857422e-01
4.563224315643310547e-01
1.014116033911705017e-01
2.132001146674156189e-02
8.886568993330001831e-02
3.938708901405334473e-01
4.071486294269561768e-01
2.235193103551864624e-01
7.681420445442199707e-02
1.859801262617111206e-02
8.600424230098724365e-02
1.273062229156494141e-01
9.550401591695845127e-04
3.450334072113037109e-01
5.622614622116088867e-01
3.980441391468048096e-01
3.456788063049316406e-01
3.359356522560119629e-01
1.230438947677612305e-01
2.441660314798355103e-02
5.407189950346946716e-02
1.364110857248306274e-01
3.075153827667236328e-01
2.497333101928234100e-02
2.417659908533096313e-01
1.452305726706981659e-02
5.734006166458129883e-01
3.089684061706066132e-02
9.171387553215026855e-02
1.037767231464385986e-01
5.443958640098571777e-01
3.965542614459991455e-01
2.549608945846557617e-01
1.771544218063354492e-01
4.660996496677398682e-01
2.292826026678085327e-02
1.246874965727329254e-02
1.642071902751922607e-01
1.005782410502433777e-01
2.187994420528411865e-01
2.509717643260955811e-01
3.154415190219879150e-01
1.974099874496459961e-01
6.076124263927340508e-04
5.541101098060607910e-01
1.347456276416778564e-01
1.574493348598480225e-01
4.903616383671760559e-02
2.085141651332378387e-02
4.252960905432701111e-02
1.726630479097366333e-01
3.674849271774291992e-01
1.678891628980636597e-01
7.168739438056945801e-01
4.008973389863967896e-02
5.262279510498046875e-02
1.011793967336416245e-02
1.055555418133735657e-01
2.760012745857238770e-01
3.349259197711944580e-01
1.732004582881927490e-01
3.429524227976799011e-02
9.560871869325637817e-02
8.482577651739120483e-02
9.309276193380355835e-02
2.291177064180374146e-01
3.140433132648468018e-02
2.998821735382080078e-01
2.752936482429504395e-01
3.282271027565002441e-01
1.278399955481290817e-03
1.646247655153274536e-01
5.291996002197265625e-01
4.685082435607910156e-01
5.107542499899864197e-02
6.407468914985656738e-01
8.542294614017009735e-03
5.875570774078369141e-01
8.536651730537414551e-03
1.087459325790405273e-01
1.927773505449295044e-01
6.597735285758972168e-01
4.715440273284912109e-01
3.510311543941497803e-01
3.195323515683412552e-03
8.599109016358852386e-03
1.453106105327606201e-01
3.920511305332183838e-01
5.572499036788940430e-01
3.049920499324798584e-01
6.562480330467224121e-01
1.783097982406616211e-01
2.470493316650390625e-02
5.120753049850463867e-01
3.230485022068023682e-01
4.703231155872344971e-01
4.399738907814025879e-01
2.604864835739135742e-01
1.181438332423567772e-03
2.620253562927246094e-01
3.776977583765983582e-02
3.313192352652549744e-02
2.789888083934783936e-01
8.515964150428771973e-01
1.962167620658874512e-01
7.714826464653015137e-01
2.399694873020052910e-03
1.009640544652938843e-01
1.262448378838598728e-03
5.638968944549560547e-02
4.324003309011459351e-02
3.123104572296142578e-01
2.144617140293121338e-01
4.815539419651031494e-01
1.982146501541137695e-01
4.611576441675424576e-03
8.637888822704553604e-04
2.043534768745303154e-03
4.519104361534118652e-01
1.369102597236633301e-01
2.155201882123947144e-02
1.836019568145275116e-02
1.757862791419029236e-02
2.103629522025585175e-02
2.417802065610885620e-02
9.700379520654678345e-02
3.612056970596313477e-01
1.913968822918832302e-03
1.411948204040527344e-01
5.239145755767822266e-01
4.747184813022613525e-01
1.257897587493062019e-03
5.633336678147315979e-02
4.856134951114654541e-01
2.206019312143325806e-02
3.491471707820892334e-02
1.429026871919631958e-01
4.772195816040039062e-01
3.632510825991630554e-02
2.510807709768414497e-03
1.305726617574691772e-01
1.071240846067667007e-02
2.436656206846237183e-01
2.557329833507537842e-01
4.138711988925933838e-01
9.020725637674331665e-02
2.122185975313186646e-01
1.106788031756877899e-02
4.787414520978927612e-02
2.101271897554397583e-01
3.043340402655303478e-04
3.146063983440399170e-01
6.423176825046539307e-02
4.409503638744354248e-01
6.944752484560012817e-02
6.747622042894363403e-02
1.918776892125606537e-02
2.868732251226902008e-02
2.606508731842041016e-01
3.785039186477661133e-01
3.411700129508972168e-01
2.177288522943854332e-03
1.148527371697127819e-03
5.641821026802062988e-01
5.453981757164001465e-01
3.659349083900451660e-01
4.409967735409736633e-02
5.932444240897893906e-03
1.096653267741203308e-01
4.485173150897026062e-02
4.550901651382446289e-01
4.389266371726989746e-01
2.231818586587905884e-01
1.109568104147911072e-01
4.974982142448425293e-01
5.387549996376037598e-01
1.409004777669906616e-01
1.730721327476203442e-03
3.720669448375701904e-01
2.862620949745178223e-01
4.593472182750701904e-01
1.983938855119049549e-04
