9.942037463188171387e-01
9.994426369667053223e-01
9.800285100936889648e-01
3.505763709545135498e-01
3.505763709545135498e-01
6.372351050376892090e-01
3.505763709545135498e-01
3.505763709545135498e-01
3.505763709545135498e-01
9.841176271438598633e-01
8.932436108589172363e-01
3.505763709545135498e-01
9.904168844223022461e-01
9.871678948402404785e-01
3.505763709545135498e-01
3.505763709545135498e-01
9.776787757873535156e-01
9.725576043128967285e-01
3.505763709545135498e-01
9.935256242752075195e-01
3.505763709545135498e-01
9.800587296485900879e-01
3.505763709545135498e-01
9.839485287666320801e-01
3.505763709545135498e-01
9.500941038131713867e-01
9.770541787147521973e-01
9.922841191291809082e-01
9.941624999046325684e-01
3.505763709545135498e-01
9.918709993362426758e-01
3.505763709545135498e-01
9.458584785461425781e-01
9.953075051307678223e-01
9.929244518280029297e-01
9.947233200073242188e-01
9.648386240005493164e-01
9.998304843902587891e-01
3.505763709545135498e-01
9.848266839981079102e-01
3.505763709545135498e-01
3.505763709545135498e-01
9.979653358459472656e-01
3.505763709545135498e-01
3.505763709545135498e-01
3.505763709545135498e-01
3.505763709545135498e-01
3.505763709545135498e-01
9.793956279754638672e-01
3.505763709545135498e-01
9.990453124046325684e-01
3.505763709545135498e-01
3.505763709545135498e-01
9.958934783935546875e-01
3.505763709545135498e-01
3.505763709545135498e-01
9.999902248382568359e-01
3.505763709545135498e-01
3.505763709545135498e-01
9.868618249893188477e-01
9.989215135574340820e-01
9.912595152854919434e-01
9.873838424682617188e-01
3.505763709545135498e-01
9.623652696609497070e-01
3.505763709545135498e-01
3.505763709545135498e-01
9.721686244010925293e-01
3.505763709545135498e-01
3.505763709545135498e-01
9.796992540359497070e-01
9.989569187164306641e-01
3.505763709545135498e-01
3.505763709545135498e-01
9.409634470939636230e-01
3.505763709545135498e-01
3.505763709545135498e-01
3.505763709545135498e-01
9.908176660537719727e-01
3.505763709545135498e-01
3.505763709545135498e-01
9.975837469100952148e-01
3.505763709545135498e-01
3.505763709545135498e-01
3.505763709545135498e-01
3.505763709545135498e-01
9.986194372177124023e-01
3.505763709545135498e-01
9.949516057968139648e-01
3.505763709545135498e-01
9.973310232162475586e-01
9.880460500717163086e-01
3.505763709545135498e-01
9.940071105957031250e-01
9.941323399543762207e-01
9.975578784942626953e-01
9.804783463478088379e-01
9.957894682884216309e-01
3.505763709545135498e-01
3.505763709545135498e-01
3.505763709545135498e-01
9.905382394790649414e-01
3.505763709545135498e-01
3.505763709545135498e-01
9.974511265754699707e-01
9.928010702133178711e-01
9.997028708457946777e-01
3.505763709545135498e-01
3.505763709545135498e-01
3.505763709545135498e-01
9.870971441268920898e-01
3.505763709545135498e-01
3.505763709545135498e-01
3.505763709545135498e-01
9.976382255554199219e-01
3.505763709545135498e-01
3.505763709545135498e-01
9.992011189460754395e-01
9.916387200355529785e-01
9.986095428466796875e-01
9.903228282928466797e-01
9.976969361305236816e-01
9.965391159057617188e-01
3.505763709545135498e-01
9.988089799880981445e-01
3.505763709545135498e-01
9.944344162940979004e-01
3.505763709545135498e-01
9.957879185676574707e-01
9.939762353897094727e-01
9.985306262969970703e-01
9.924934506416320801e-01
9.909329414367675781e-01
3.505763709545135498e-01
9.967342615127563477e-01
3.505763709545135498e-01
9.967886209487915039e-01
9.974054694175720215e-01
9.991469383239746094e-01
9.888336658477783203e-01
3.505763709545135498e-01
9.886354207992553711e-01
9.721176028251647949e-01
3.505763709545135498e-01
9.962267875671386719e-01
3.505763709545135498e-01
3.505763709545135498e-01
3.505763709545135498e-01
9.779797792434692383e-01
9.894390702247619629e-01
9.799667000770568848e-01
3.505763709545135498e-01
9.746656417846679688e-01
3.505763709545135498e-01
9.938684105873107910e-01
9.932352900505065918e-01
9.776700139045715332e-01
9.994682669639587402e-01
9.946333169937133789e-01
3.505763709545135498e-01
3.505763709545135498e-01
3.505763709545135498e-01
3.505763709545135498e-01
9.941684007644653320e-01
9.143032431602478027e-01
9.953064322471618652e-01
3.505763709545135498e-01
3.505763709545135498e-01
9.952889680862426758e-01
3.505763709545135498e-01
3.505763709545135498e-01
9.966624975204467773e-01
3.505763709545135498e-01
9.981095790863037109e-01
9.887784123420715332e-01
3.505763709545135498e-01
9.997354149818420410e-01
3.505763709545135498e-01
3.505763709545135498e-01
9.961290359497070312e-01
3.505763709545135498e-01
3.505763709545135498e-01
9.581979513168334961e-01
3.505763709545135498e-01
9.986029267311096191e-01
9.903194904327392578e-01
3.505763709545135498e-01
3.505763709545135498e-01
9.913085699081420898e-01
9.602368474006652832e-01
3.505763709545135498e-01
3.505763709545135498e-01
9.980677962303161621e-01
9.871610403060913086e-01
3.505763709545135498e-01
9.982343912124633789e-01
3.505763709545135498e-01
3.505763709545135498e-01
3.505763709545135498e-01
9.925640225410461426e-01
3.505763709545135498e-01
9.947086572647094727e-01
3.505763709545135498e-01
9.898042678833007812e-01
9.964692592620849609e-01
3.505763709545135498e-01
3.505763709545135498e-01
3.505763709545135498e-01
9.990519881248474121e-01
3.505763709545135498e-01
3.505763709545135498e-01
3.505763709545135498e-01
3.505763709545135498e-01
9.977293610572814941e-01
9.994912147521972656e-01
9.947422742843627930e-01
9.941036105155944824e-01
3.505763709545135498e-01
9.998225569725036621e-01
9.943511486053466797e-01
9.953224062919616699e-01
9.808716773986816406e-01
9.665525555610656738e-01
3.505763709545135498e-01
9.977343082427978516e-01
3.505763709545135498e-01
3.505763709545135498e-01
3.505763709545135498e-01
9.648113250732421875e-01
9.796069860458374023e-01
3.505763709545135498e-01
3.505763709545135498e-01
3.505763709545135498e-01
9.932271838188171387e-01
9.399645328521728516e-01
9.982576966285705566e-01
3.505763709545135498e-01
9.997999072074890137e-01
9.980878233909606934e-01
9.928990602493286133e-01
3.505763709545135498e-01
9.999479055404663086e-01
3.505763709545135498e-01
9.979630708694458008e-01
3.505763709545135498e-01
3.505763709545135498e-01
3.505763709545135498e-01
9.987448453903198242e-01
3.505763709545135498e-01
3.505763709545135498e-01
3.505763709545135498e-01
3.505763709545135498e-01
3.505763709545135498e-01
9.884021878242492676e-01
3.505763709545135498e-01
9.993641972541809082e-01
9.938124418258666992e-01
9.867606163024902344e-01
9.907782077789306641e-01
3.505763709545135498e-01
9.976223111152648926e-01
3.505763709545135498e-01
3.505763709545135498e-01
3.505763709545135498e-01
9.744560718536376953e-01
3.505763709545135498e-01
9.976378679275512695e-01
8.817374110221862793e-01
3.505763709545135498e-01
9.813398718833923340e-01
3.505763709545135498e-01
9.470999240875244141e-01
9.851621985435485840e-01
9.819260239601135254e-01
9.924341440200805664e-01
3.505763709545135498e-01
3.505763709545135498e-01
3.505763709545135498e-01
3.505763709545135498e-01
3.505763709545135498e-01
9.944012761116027832e-01
3.505763709545135498e-01
3.505763709545135498e-01
3.505763709545135498e-01
9.937175512313842773e-01
9.596524238586425781e-01
3.505763709545135498e-01
9.470999240875244141e-01
9.950332641601562500e-01
3.505763709545135498e-01
3.505763709545135498e-01
3.505763709545135498e-01
3.505763709545135498e-01
9.844464659690856934e-01
9.316359758377075195e-01
3.505763709545135498e-01
9.932258725166320801e-01
3.505763709545135498e-01
3.505763709545135498e-01
9.858189821243286133e-01
3.505763709545135498e-01
9.892976284027099609e-01
3.505763709545135498e-01
3.505763709545135498e-01
9.926053285598754883e-01
9.911076426506042480e-01
3.505763709545135498e-01
9.816699028015136719e-01
9.743946194648742676e-01
3.505763709545135498e-01
3.505763709545135498e-01
3.505763709545135498e-01
9.898020625114440918e-01
9.872328042984008789e-01
3.505763709545135498e-01
3.505763709545135498e-01
9.548591971397399902e-01
3.505763709545135498e-01
8.712045550346374512e-01
9.959694147109985352e-01
3.505763709545135498e-01
3.505763709545135498e-01
9.787209033966064453e-01
3.505763709545135498e-01
3.505763709545135498e-01
3.505763709545135498e-01
3.505763709545135498e-01
3.505763709545135498e-01
3.505763709545135498e-01
9.975035786628723145e-01
9.930225014686584473e-01
9.835869669914245605e-01
3.505763709545135498e-01
3.505763709545135498e-01
3.505763709545135498e-01
3.505763709545135498e-01
3.505763709545135498e-01
3.505763709545135498e-01
3.505763709545135498e-01
3.505763709545135498e-01
9.935100674629211426e-01
9.913767576217651367e-01
3.505763709545135498e-01
9.854228496551513672e-01
3.505763709545135498e-01
3.505763709545135498e-01
3.505763709545135498e-01
3.505763709545135498e-01
3.505763709545135498e-01
9.907093048095703125e-01
9.980545043945312500e-01
3.505763709545135498e-01
3.505763709545135498e-01
3.505763709545135498e-01
3.505763709545135498e-01
9.225961565971374512e-01
3.505763709545135498e-01
3.505763709545135498e-01
9.702939987182617188e-01
3.505763709545135498e-01
9.980965256690979004e-01
3.505763709545135498e-01
3.505763709545135498e-01
9.955612421035766602e-01
3.505763709545135498e-01
3.505763709545135498e-01
3.505763709545135498e-01
9.999819993972778320e-01
3.505763709545135498e-01
3.505763709545135498e-01
9.915082454681396484e-01
9.889279603958129883e-01
3.505763709545135498e-01
3.505763709545135498e-01
3.505763709545135498e-01
3.505763709545135498e-01
9.919402003288269043e-01
9.590643644332885742e-01
3.505763709545135498e-01
3.505763709545135498e-01
3.505763709545135498e-01
3.505763709545135498e-01
3.505763709545135498e-01
3.505763709545135498e-01
9.809412956237792969e-01
3.505763709545135498e-01
3.505763709545135498e-01
3.505763709545135498e-01
3.505763709545135498e-01
3.505763709545135498e-01
3.505763709545135498e-01
3.505763709545135498e-01
3.505763709545135498e-01
3.505763709545135498e-01
3.505763709545135498e-01
3.505763709545135498e-01
3.505763709545135498e-01
9.818360805511474609e-01
3.505763709545135498e-01
3.505763709545135498e-01
3.505763709545135498e-01
9.980939030647277832e-01
9.949295520782470703e-01
3.505763709545135498e-01
3.505763709545135498e-01
9.859452843666076660e-01
3.505763709545135498e-01
3.505763709545135498e-01
3.505763709545135498e-01
9.894155263900756836e-01
3.505763709545135498e-01
3.505763709545135498e-01
3.505763709545135498e-01
3.505763709545135498e-01
3.505763709545135498e-01
3.505763709545135498e-01
3.505763709545135498e-01
3.505763709545135498e-01
9.668710231781005859e-01
3.505763709545135498e-01
3.505763709545135498e-01
3.505763709545135498e-01
3.505763709545135498e-01
3.505763709545135498e-01
3.505763709545135498e-01
3.505763709545135498e-01
3.505763709545135498e-01
9.901633858680725098e-01
9.781515598297119141e-01
9.926562905311584473e-01
9.559211730957031250e-01
9.948834776878356934e-01
9.947749376296997070e-01
3.505763709545135498e-01
3.505763709545135498e-01
3.505763709545135498e-01
9.982228875160217285e-01
9.986137151718139648e-01
9.914482831954956055e-01
3.505763709545135498e-01
3.505763709545135498e-01
9.819435477256774902e-01
3.505763709545135498e-01
3.505763709545135498e-01
3.505763709545135498e-01
9.434929490089416504e-01
9.496625661849975586e-01
9.252408146858215332e-01
9.052120447158813477e-01
3.505763709545135498e-01
3.505763709545135498e-01
3.505763709545135498e-01
9.921973347663879395e-01
3.505763709545135498e-01
3.505763709545135498e-01
9.952138662338256836e-01
8.540490269660949707e-01
3.505763709545135498e-01
3.505763709545135498e-01
9.951491951942443848e-01
3.505763709545135498e-01
9.363928437232971191e-01
3.505763709545135498e-01
3.505763709545135498e-01
3.505763709545135498e-01
3.505763709545135498e-01
9.334053397178649902e-01
3.505763709545135498e-01
3.505763709545135498e-01
9.961848855018615723e-01
9.988542795181274414e-01
3.505763709545135498e-01
3.505763709545135498e-01
3.505763709545135498e-01
9.834987521171569824e-01
3.505763709545135498e-01
9.772119522094726562e-01
9.739258885383605957e-01
3.505763709545135498e-01
3.505763709545135498e-01
3.505763709545135498e-01
3.505763709545135498e-01
9.909579753875732422e-01
3.505763709545135498e-01
3.505763709545135498e-01
3.505763709545135498e-01
9.914578795433044434e-01
3.505763709545135498e-01
9.721864461898803711e-01
9.893913269042968750e-01
9.745212793350219727e-01
3.505763709545135498e-01
9.997767806053161621e-01
9.959194660186767578e-01
9.946846365928649902e-01
3.505763709545135498e-01
6.288352012634277344e-01
3.505763709545135498e-01
3.505763709545135498e-01
3.505763709545135498e-01
3.505763709545135498e-01
3.505763709545135498e-01
3.505763709545135498e-01
3.505763709545135498e-01
3.505763709545135498e-01
3.505763709545135498e-01
3.505763709545135498e-01
3.505763709545135498e-01
3.505763709545135498e-01
3.505763709545135498e-01
3.505763709545135498e-01
3.505763709545135498e-01
1.329058408737182617e-01
3.505763709545135498e-01
3.505763709545135498e-01
3.505763709545135498e-01
3.505763709545135498e-01
3.505763709545135498e-01
3.505763709545135498e-01
3.505763709545135498e-01
3.505763709545135498e-01
3.505763709545135498e-01
3.505763709545135498e-01
3.505763709545135498e-01
3.505763709545135498e-01
3.505763709545135498e-01
3.505763709545135498e-01
3.505763709545135498e-01
3.505763709545135498e-01
3.505763709545135498e-01
3.505763709545135498e-01
1.398046314716339111e-01
3.505763709545135498e-01
3.505763709545135498e-01
3.505763709545135498e-01
3.505763709545135498e-01
3.505763709545135498e-01
6.288352012634277344e-01
3.505763709545135498e-01
3.505763709545135498e-01
3.505763709545135498e-01
3.505763709545135498e-01
3.505763709545135498e-01
3.505763709545135498e-01
3.505763709545135498e-01
3.505763709545135498e-01
8.096287399530410767e-02
3.505763709545135498e-01
3.505763709545135498e-01
3.505763709545135498e-01
3.505763709545135498e-01
3.505763709545135498e-01
3.505763709545135498e-01
3.505763709545135498e-01
3.505763709545135498e-01
3.505763709545135498e-01
3.505763709545135498e-01
3.505763709545135498e-01
3.505763709545135498e-01
3.505763709545135498e-01
3.505763709545135498e-01
3.505763709545135498e-01
3.505763709545135498e-01
3.505763709545135498e-01
3.505763709545135498e-01
3.505763709545135498e-01
3.505763709545135498e-01
3.505763709545135498e-01
3.505763709545135498e-01
3.505763709545135498e-01
3.505763709545135498e-01
3.505763709545135498e-01
3.505763709545135498e-01
3.505763709545135498e-01
3.505763709545135498e-01
3.505763709545135498e-01
2.941865660250186920e-02
3.505763709545135498e-01
3.505763709545135498e-01
3.505763709545135498e-01
3.505763709545135498e-01
3.505763709545135498e-01
3.505763709545135498e-01
3.505763709545135498e-01
3.505763709545135498e-01
3.505763709545135498e-01
3.505763709545135498e-01
3.505763709545135498e-01
3.505763709545135498e-01
3.505763709545135498e-01
3.505763709545135498e-01
3.505763709545135498e-01
3.505763709545135498e-01
6.554489731788635254e-01
3.505763709545135498e-01
3.505763709545135498e-01
3.505763709545135498e-01
3.505763709545135498e-01
3.505763709545135498e-01
3.505763709545135498e-01
3.505763709545135498e-01
3.505763709545135498e-01
2.439037710428237915e-01
3.505763709545135498e-01
3.505763709545135498e-01
3.505763709545135498e-01
3.505763709545135498e-01
3.505763709545135498e-01
3.505763709545135498e-01
3.505763709545135498e-01
3.505763709545135498e-01
3.505763709545135498e-01
3.505763709545135498e-01
3.505763709545135498e-01
3.505763709545135498e-01
3.505763709545135498e-01
3.505763709545135498e-01
3.505763709545135498e-01
3.505763709545135498e-01
3.505763709545135498e-01
3.505763709545135498e-01
3.505763709545135498e-01
3.505763709545135498e-01
3.505763709545135498e-01
3.505763709545135498e-01
3.505763709545135498e-01
3.505763709545135498e-01
3.505763709545135498e-01
3.505763709545135498e-01
3.505763709545135498e-01
3.505763709545135498e-01
3.505763709545135498e-01
3.505763709545135498e-01
3.505763709545135498e-01
3.505763709545135498e-01
3.505763709545135498e-01
3.505763709545135498e-01
3.505763709545135498e-01
3.505763709545135498e-01
3.505763709545135498e-01
3.505763709545135498e-01
3.505763709545135498e-01
3.505763709545135498e-01
3.505763709545135498e-01
3.505763709545135498e-01
3.505763709545135498e-01
3.505763709545135498e-01
3.505763709545135498e-01
3.505763709545135498e-01
3.505763709545135498e-01
3.505763709545135498e-01
3.505763709545135498e-01
3.505763709545135498e-01
3.505763709545135498e-01
3.505763709545135498e-01
3.047274649143218994e-01
3.505763709545135498e-01
3.505763709545135498e-01
3.505763709545135498e-01
3.505763709545135498e-01
3.505763709545135498e-01
3.505763709545135498e-01
3.505763709545135498e-01
3.505763709545135498e-01
3.505763709545135498e-01
3.505763709545135498e-01
3.505763709545135498e-01
3.505763709545135498e-01
3.505763709545135498e-01
3.505763709545135498e-01
3.505763709545135498e-01
3.279300779104232788e-02
3.505763709545135498e-01
3.505763709545135498e-01
3.505763709545135498e-01
3.505763709545135498e-01
3.505763709545135498e-01
3.505763709545135498e-01
3.505763709545135498e-01
3.505763709545135498e-01
3.505763709545135498e-01
3.505763709545135498e-01
3.505763709545135498e-01
3.505763709545135498e-01
3.505763709545135498e-01
3.505763709545135498e-01
3.505763709545135498e-01
3.505763709545135498e-01
3.505763709545135498e-01
3.505763709545135498e-01
3.505763709545135498e-01
3.505763709545135498e-01
3.505763709545135498e-01
3.505763709545135498e-01
3.505763709545135498e-01
3.505763709545135498e-01
3.505763709545135498e-01
3.505763709545135498e-01
3.505763709545135498e-01
3.505763709545135498e-01
3.505763709545135498e-01
3.505763709545135498e-01
3.505763709545135498e-01
3.505763709545135498e-01
3.505763709545135498e-01
3.505763709545135498e-01
3.505763709545135498e-01
3.505763709545135498e-01
3.505763709545135498e-01
3.505763709545135498e-01
3.505763709545135498e-01
1.703274399042129517e-01
3.505763709545135498e-01
3.505763709545135498e-01
3.505763709545135498e-01
3.505763709545135498e-01
3.505763709545135498e-01
3.505763709545135498e-01
3.505763709545135498e-01
3.505763709545135498e-01
3.505763709545135498e-01
3.505763709545135498e-01
3.505763709545135498e-01
3.505763709545135498e-01
3.505763709545135498e-01
3.505763709545135498e-01
3.505763709545135498e-01
3.505763709545135498e-01
3.505763709545135498e-01
3.505763709545135498e-01
3.505763709545135498e-01
3.505763709545135498e-01
3.505763709545135498e-01
3.505763709545135498e-01
3.505763709545135498e-01
3.505763709545135498e-01
3.505763709545135498e-01
3.505763709545135498e-01
3.505763709545135498e-01
3.505763709545135498e-01
3.505763709545135498e-01
3.505763709545135498e-01
3.505763709545135498e-01
3.505763709545135498e-01
3.505763709545135498e-01
3.505763709545135498e-01
3.505763709545135498e-01
3.505763709545135498e-01
3.505763709545135498e-01
3.505763709545135498e-01
3.505763709545135498e-01
3.505763709545135498e-01
3.505763709545135498e-01
3.505763709545135498e-01
3.505763709545135498e-01
3.505763709545135498e-01
3.505763709545135498e-01
3.505763709545135498e-01
3.505763709545135498e-01
3.505763709545135498e-01
3.505763709545135498e-01
3.505763709545135498e-01
3.505763709545135498e-01
3.505763709545135498e-01
3.505763709545135498e-01
3.505763709545135498e-01
3.505763709545135498e-01
3.505763709545135498e-01
3.505763709545135498e-01
3.505763709545135498e-01
3.505763709545135498e-01
3.505763709545135498e-01
3.505763709545135498e-01
3.505763709545135498e-01
3.505763709545135498e-01
3.505763709545135498e-01
3.505763709545135498e-01
3.505763709545135498e-01
3.505763709545135498e-01
3.505763709545135498e-01
3.505763709545135498e-01
3.505763709545135498e-01
3.505763709545135498e-01
3.505763709545135498e-01
3.505763709545135498e-01
3.505763709545135498e-01
3.505763709545135498e-01
3.505763709545135498e-01
3.505763709545135498e-01
3.505763709545135498e-01
3.505763709545135498e-01
3.505763709545135498e-01
3.505763709545135498e-01
3.505763709545135498e-01
3.075455129146575928e-01
3.505763709545135498e-01
3.505763709545135498e-01
3.505763709545135498e-01
3.505763709545135498e-01
3.505763709545135498e-01
3.505763709545135498e-01
3.505763709545135498e-01
3.505763709545135498e-01
3.505763709545135498e-01
3.505763709545135498e-01
3.505763709545135498e-01
3.505763709545135498e-01
3.505763709545135498e-01
3.505763709545135498e-01
3.505763709545135498e-01
3.505763709545135498e-01
3.505763709545135498e-01
3.505763709545135498e-01
3.505763709545135498e-01
3.505763709545135498e-01
3.505763709545135498e-01
3.505763709545135498e-01
3.505763709545135498e-01
3.505763709545135498e-01
3.505763709545135498e-01
3.505763709545135498e-01
3.505763709545135498e-01
3.505763709545135498e-01
2.008616030216217041e-01
3.505763709545135498e-01
3.505763709545135498e-01
3.505763709545135498e-01
3.505763709545135498e-01
3.505763709545135498e-01
1.680504530668258667e-01
3.505763709545135498e-01
3.505763709545135498e-01
3.505763709545135498e-01
1.562168747186660767e-01
3.505763709545135498e-01
3.505763709545135498e-01
3.505763709545135498e-01
3.505763709545135498e-01
3.505763709545135498e-01
3.505763709545135498e-01
3.505763709545135498e-01
3.505763709545135498e-01
3.505763709545135498e-01
1.817018091678619385e-01
3.505763709545135498e-01
3.505763709545135498e-01
3.505763709545135498e-01
3.505763709545135498e-01
3.505763709545135498e-01
3.505763709545135498e-01
3.505763709545135498e-01
3.505763709545135498e-01
3.505763709545135498e-01
3.505763709545135498e-01
3.505763709545135498e-01
3.505763709545135498e-01
3.505763709545135498e-01
3.505763709545135498e-01
3.505763709545135498e-01
3.505763709545135498e-01
3.505763709545135498e-01
3.505763709545135498e-01
3.505763709545135498e-01
3.505763709545135498e-01
3.505763709545135498e-01
3.505763709545135498e-01
3.505763709545135498e-01
3.505763709545135498e-01
3.505763709545135498e-01
3.505763709545135498e-01
3.505763709545135498e-01
3.505763709545135498e-01
3.505763709545135498e-01
3.505763709545135498e-01
3.505763709545135498e-01
2.694332599639892578e-01
3.505763709545135498e-01
3.505763709545135498e-01
3.505763709545135498e-01
3.505763709545135498e-01
3.505763709545135498e-01
3.505763709545135498e-01
3.505763709545135498e-01
3.505763709545135498e-01
3.505763709545135498e-01
3.505763709545135498e-01
3.505763709545135498e-01
3.505763709545135498e-01
3.505763709545135498e-01
3.749213218688964844e-01
3.505763709545135498e-01
3.505763709545135498e-01
3.505763709545135498e-01
3.505763709545135498e-01
3.505763709545135498e-01
3.505763709545135498e-01
3.505763709545135498e-01
3.505763709545135498e-01
3.505763709545135498e-01
3.505763709545135498e-01
3.505763709545135498e-01
3.505763709545135498e-01
3.505763709545135498e-01
3.505763709545135498e-01
5.951369181275367737e-02
1.184837296605110168e-01
3.505763709545135498e-01
3.505763709545135498e-01
3.505763709545135498e-01
3.505763709545135498e-01
1.704239100217819214e-01
3.505763709545135498e-01
3.505763709545135498e-01
3.505763709545135498e-01
3.505763709545135498e-01
3.505763709545135498e-01
3.505763709545135498e-01
3.505763709545135498e-01
3.505763709545135498e-01
3.505763709545135498e-01
3.505763709545135498e-01
3.505763709545135498e-01
3.505763709545135498e-01
3.505763709545135498e-01
3.505763709545135498e-01
3.505763709545135498e-01
3.505763709545135498e-01
3.505763709545135498e-01
3.505763709545135498e-01
3.505763709545135498e-01
3.505763709545135498e-01
3.505763709545135498e-01
3.505763709545135498e-01
3.505763709545135498e-01
3.505763709545135498e-01
3.505763709545135498e-01
3.505763709545135498e-01
3.505763709545135498e-01
3.505763709545135498e-01
3.505763709545135498e-01
3.505763709545135498e-01
3.505763709545135498e-01
3.505763709545135498e-01
3.505763709545135498e-01
3.505763709545135498e-01
3.505763709545135498e-01
3.505763709545135498e-01
3.505763709545135498e-01
3.505763709545135498e-01
3.505763709545135498e-01
3.505763709545135498e-01
3.505763709545135498e-01
3.505763709545135498e-01
3.505763709545135498e-01
3.505763709545135498e-01
3.505763709545135498e-01
3.505763709545135498e-01
3.505763709545135498e-01
3.505763709545135498e-01
3.505763709545135498e-01
3.505763709545135498e-01
3.505763709545135498e-01
3.505763709545135498e-01
3.505763709545135498e-01
3.505763709545135498e-01
2.114997059106826782e-01
3.505763709545135498e-01
3.505763709545135498e-01
3.505763709545135498e-01
3.505763709545135498e-01
3.505763709545135498e-01
3.505763709545135498e-01
3.505763709545135498e-01
3.505763709545135498e-01
3.505763709545135498e-01
3.505763709545135498e-01
3.505763709545135498e-01
3.505763709545135498e-01
3.505763709545135498e-01
3.505763709545135498e-01
3.505763709545135498e-01
3.505763709545135498e-01
3.505763709545135498e-01
3.505763709545135498e-01
3.505763709545135498e-01
3.505763709545135498e-01
3.505763709545135498e-01
2.034484595060348511e-01
3.505763709545135498e-01
3.505763709545135498e-01
3.505763709545135498e-01
3.505763709545135498e-01
3.505763709545135498e-01
3.505763709545135498e-01
3.505763709545135498e-01
3.505763709545135498e-01
3.505763709545135498e-01
3.505763709545135498e-01
3.505763709545135498e-01
3.505763709545135498e-01
3.505763709545135498e-01
3.505763709545135498e-01
3.505763709545135498e-01
3.505763709545135498e-01
3.505763709545135498e-01
1.703951656818389893e-01
3.505763709545135498e-01
3.505763709545135498e-01
1.119984537363052368e-01
3.505763709545135498e-01
3.505763709545135498e-01
3.505763709545135498e-01
1.546083539724349976e-01
3.505763709545135498e-01
3.505763709545135498e-01
3.505763709545135498e-01
3.505763709545135498e-01
3.505763709545135498e-01
3.505763709545135498e-01
3.505763709545135498e-01
2.809757180511951447e-02
3.505763709545135498e-01
3.505763709545135498e-01
3.505763709545135498e-01
4.003739729523658752e-02
3.505763709545135498e-01
3.505763709545135498e-01
3.505763709545135498e-01
3.505763709545135498e-01
3.505763709545135498e-01
3.505763709545135498e-01
3.505763709545135498e-01
3.505763709545135498e-01
3.505763709545135498e-01
3.505763709545135498e-01
3.505763709545135498e-01
3.505763709545135498e-01
1.564944684505462646e-01
3.505763709545135498e-01
3.505763709545135498e-01
1.181472614407539368e-01
3.505763709545135498e-01
3.505763709545135498e-01
3.505763709545135498e-01
3.505763709545135498e-01
3.505763709545135498e-01
3.505763709545135498e-01
3.505763709545135498e-01
3.505763709545135498e-01
3.505763709545135498e-01
3.505763709545135498e-01
3.505763709545135498e-01
3.505763709545135498e-01
3.505763709545135498e-01
3.505763709545135498e-01
3.505763709545135498e-01
7.744041085243225098e-02
3.505763709545135498e-01
2.172320336103439331e-01
3.505763709545135498e-01
3.505763709545135498e-01
