9.094097018241882324e-01
9.094097018241882324e-01
9.094097018241882324e-01
9.094097018241882324e-01
9.094097018241882324e-01
9.094018340110778809e-01
9.094097018241882324e-01
9.094097018241882324e-01
9.094097018241882324e-01
9.094097018241882324e-01
8.552262187004089355e-01
9.094097018241882324e-01
9.094097018241882324e-01
9.094097018241882324e-01
9.094097018241882324e-01
9.094097018241882324e-01
9.094097018241882324e-01
9.094096422195434570e-01
8.981463909149169922e-01
9.094097018241882324e-01
9.094097018241882324e-01
9.094097018241882324e-01
9.094097018241882324e-01
9.094097018241882324e-01
9.094097018241882324e-01
9.094097018241882324e-01
9.094097018241882324e-01
9.094097018241882324e-01
9.094097018241882324e-01
9.094097018241882324e-01
9.094097018241882324e-01
9.081696867942810059e-01
9.073364138603210449e-01
5.697781443595886230e-01
9.094097018241882324e-01
9.094097018241882324e-01
9.094097018241882324e-01
9.094097018241882324e-01
9.094097018241882324e-01
9.094097018241882324e-01
9.094097018241882324e-01
9.094097018241882324e-01
9.094097018241882324e-01
9.093911647796630859e-01
9.094097018241882324e-01
9.094097018241882324e-01
9.094097018241882324e-01
9.094097018241882324e-01
5.225776433944702148e-01
9.094097018241882324e-01
9.094097018241882324e-01
9.094097018241882324e-01
9.094097018241882324e-01
5.225776433944702148e-01
9.094097018241882324e-01
9.094097018241882324e-01
9.094097018241882324e-01
9.094097018241882324e-01
9.094097018241882324e-01
9.094097018241882324e-01
9.094097018241882324e-01
9.094097018241882324e-01
9.094097018241882324e-01
9.094097018241882324e-01
9.094097018241882324e-01
5.225776433944702148e-01
9.094097018241882324e-01
9.094097018241882324e-01
9.094097018241882324e-01
9.094097018241882324e-01
9.094097018241882324e-01
9.094097018241882324e-01
9.094097018241882324e-01
9.094097018241882324e-01
9.094097018241882324e-01
5.225776433944702148e-01
5.225776433944702148e-01
5.225776433944702148e-01
5.225776433944702148e-01
5.225776433944702148e-01
5.225776433944702148e-01
5.225776433944702148e-01
5.225776433944702148e-01
5.225776433944702148e-01
5.225776433944702148e-01
5.225776433944702148e-01
5.225776433944702148e-01
5.225776433944702148e-01
5.225776433944702148e-01
5.225776433944702148e-01
5.225776433944702148e-01
5.225776433944702148e-01
5.225776433944702148e-01
5.225776433944702148e-01
5.225776433944702148e-01
5.225776433944702148e-01
5.225776433944702148e-01
5.225776433944702148e-01
5.225776433944702148e-01
5.225776433944702148e-01
5.225776433944702148e-01
5.225776433944702148e-01
5.225776433944702148e-01
5.225776433944702148e-01
5.225776433944702148e-01
5.225776433944702148e-01
5.225776433944702148e-01
5.225776433944702148e-01
5.225776433944702148e-01
5.225776433944702148e-01
5.225776433944702148e-01
5.225776433944702148e-01
5.225776433944702148e-01
5.225776433944702148e-01
5.225776433944702148e-01
5.225776433944702148e-01
5.225776433944702148e-01
5.225776433944702148e-01
5.225776433944702148e-01
5.225776433944702148e-01
5.225776433944702148e-01
5.225776433944702148e-01
5.225776433944702148e-01
5.225776433944702148e-01
5.225776433944702148e-01
5.225776433944702148e-01
5.225776433944702148e-01
5.225776433944702148e-01
5.225776433944702148e-01
5.225776433944702148e-01
5.225776433944702148e-01
5.225776433944702148e-01
5.225776433944702148e-01
5.225776433944702148e-01
5.225776433944702148e-01
5.225776433944702148e-01
5.225776433944702148e-01
5.225776433944702148e-01
5.225776433944702148e-01
5.225776433944702148e-01
5.225776433944702148e-01
5.225776433944702148e-01
5.225776433944702148e-01
5.225776433944702148e-01
5.225776433944702148e-01
5.225776433944702148e-01
5.225776433944702148e-01
5.225776433944702148e-01
5.225776433944702148e-01
5.225776433944702148e-01
5.225776433944702148e-01
5.225776433944702148e-01
5.225776433944702148e-01
5.225776433944702148e-01
5.225776433944702148e-01
5.225776433944702148e-01
5.225776433944702148e-01
5.225776433944702148e-01
5.225776433944702148e-01
5.225776433944702148e-01
5.225776433944702148e-01
5.225776433944702148e-01
5.225776433944702148e-01
5.225776433944702148e-01
5.225776433944702148e-01
5.225776433944702148e-01
5.225776433944702148e-01
5.225776433944702148e-01
5.225776433944702148e-01
5.225776433944702148e-01
5.225776433944702148e-01
5.225776433944702148e-01
5.225776433944702148e-01
5.225776433944702148e-01
5.225776433944702148e-01
5.225776433944702148e-01
5.225776433944702148e-01
5.225776433944702148e-01
5.225776433944702148e-01
5.225776433944702148e-01
5.225776433944702148e-01
5.225776433944702148e-01
5.225776433944702148e-01
5.225776433944702148e-01
5.225776433944702148e-01
5.225776433944702148e-01
5.225776433944702148e-01
5.225776433944702148e-01
5.225776433944702148e-01
5.225776433944702148e-01
5.225776433944702148e-01
5.225776433944702148e-01
5.225776433944702148e-01
5.225776433944702148e-01
5.225776433944702148e-01
5.225776433944702148e-01
5.225776433944702148e-01
5.225776433944702148e-01
5.225776433944702148e-01
5.225776433944702148e-01
5.225776433944702148e-01
5.225776433944702148e-01
5.225776433944702148e-01
5.225776433944702148e-01
5.225776433944702148e-01
5.225776433944702148e-01
5.225776433944702148e-01
5.225776433944702148e-01
5.225776433944702148e-01
5.225776433944702148e-01
5.225776433944702148e-01
5.225776433944702148e-01
5.225776433944702148e-01
5.225776433944702148e-01
5.225776433944702148e-01
5.225776433944702148e-01
5.225776433944702148e-01
5.225776433944702148e-01
5.225776433944702148e-01
5.225776433944702148e-01
5.225776433944702148e-01
5.225776433944702148e-01
5.225776433944702148e-01
5.225776433944702148e-01
5.225776433944702148e-01
5.225776433944702148e-01
5.225776433944702148e-01
5.225776433944702148e-01
5.225776433944702148e-01
5.225776433944702148e-01
5.225776433944702148e-01
5.225776433944702148e-01
5.225776433944702148e-01
5.225776433944702148e-01
5.225776433944702148e-01
5.225776433944702148e-01
5.225776433944702148e-01
5.225776433944702148e-01
5.225776433944702148e-01
5.225776433944702148e-01
5.225776433944702148e-01
5.225776433944702148e-01
5.225776433944702148e-01
5.225776433944702148e-01
5.225776433944702148e-01
5.225776433944702148e-01
9.094097018241882324e-01
9.094097018241882324e-01
9.094097018241882324e-01
5.225776433944702148e-01
5.225776433944702148e-01
9.094097018241882324e-01
6.271741390228271484e-01
9.094097018241882324e-01
5.225776433944702148e-01
9.094097018241882324e-01
9.094097018241882324e-01
6.271741390228271484e-01
9.094097018241882324e-01
9.094097018241882324e-01
9.094097018241882324e-01
9.094097018241882324e-01
5.225776433944702148e-01
5.225776433944702148e-01
5.225776433944702148e-01
9.094097018241882324e-01
9.094097018241882324e-01
9.094097018241882324e-01
5.225776433944702148e-01
9.094097018241882324e-01
9.094097018241882324e-01
9.094097018241882324e-01
5.225776433944702148e-01
8.610178232192993164e-01
9.094097018241882324e-01
9.094097018241882324e-01
9.094097018241882324e-01
9.094097018241882324e-01
9.094097018241882324e-01
9.094097018241882324e-01
9.094097018241882324e-01
9.094097018241882324e-01
5.225776433944702148e-01
5.225776433944702148e-01
5.225776433944702148e-01
9.094097018241882324e-01
9.094097018241882324e-01
9.094097018241882324e-01
9.094097018241882324e-01
9.094097018241882324e-01
9.094097018241882324e-01
9.094097018241882324e-01
5.225776433944702148e-01
5.225776433944702148e-01
9.094097018241882324e-01
9.094097018241882324e-01
9.094097018241882324e-01
9.094097018241882324e-01
9.094097018241882324e-01
9.094097018241882324e-01
9.094097018241882324e-01
9.094097018241882324e-01
9.094097018241882324e-01
5.225776433944702148e-01
5.225776433944702148e-01
9.094097018241882324e-01
6.271741390228271484e-01
5.225776433944702148e-01
9.094097018241882324e-01
9.094097018241882324e-01
5.225776433944702148e-01
9.091197848320007324e-01
5.225776433944702148e-01
9.094097018241882324e-01
9.094097018241882324e-01
9.094097018241882324e-01
5.225776433944702148e-01
9.094097018241882324e-01
9.094097018241882324e-01
5.225776433944702148e-01
5.225776433944702148e-01
9.094097018241882324e-01
5.225776433944702148e-01
8.643952012062072754e-01
5.225776433944702148e-01
5.225776433944702148e-01
9.094097018241882324e-01
5.225776433944702148e-01
5.225776433944702148e-01
9.094097018241882324e-01
5.225776433944702148e-01
5.225776433944702148e-01
5.225776433944702148e-01
5.225776433944702148e-01
5.225776433944702148e-01
9.094097018241882324e-01
9.094097018241882324e-01
5.225776433944702148e-01
5.225776433944702148e-01
5.225776433944702148e-01
9.094097018241882324e-01
5.225776433944702148e-01
5.225776433944702148e-01
9.094097018241882324e-01
5.225776433944702148e-01
5.225776433944702148e-01
5.225776433944702148e-01
9.094097018241882324e-01
9.094097018241882324e-01
5.225776433944702148e-01
9.094097018241882324e-01
5.225776433944702148e-01
9.094097018241882324e-01
5.225776433944702148e-01
5.225776433944702148e-01
5.225776433944702148e-01
5.225776433944702148e-01
5.225776433944702148e-01
9.094097018241882324e-01
5.225776433944702148e-01
5.225776433944702148e-01
5.225776433944702148e-01
5.225776433944702148e-01
5.225776433944702148e-01
5.225776433944702148e-01
5.225776433944702148e-01
5.225776433944702148e-01
5.225776433944702148e-01
5.225776433944702148e-01
5.225776433944702148e-01
5.225776433944702148e-01
5.225776433944702148e-01
5.225776433944702148e-01
5.225776433944702148e-01
5.225776433944702148e-01
5.225776433944702148e-01
5.225776433944702148e-01
5.225776433944702148e-01
5.225776433944702148e-01
5.225776433944702148e-01
5.225776433944702148e-01
5.225776433944702148e-01
5.225776433944702148e-01
5.225776433944702148e-01
5.225776433944702148e-01
5.225776433944702148e-01
5.225776433944702148e-01
5.225776433944702148e-01
5.225776433944702148e-01
5.225776433944702148e-01
5.225776433944702148e-01
5.225776433944702148e-01
5.225776433944702148e-01
5.225776433944702148e-01
5.225776433944702148e-01
5.225776433944702148e-01
5.225776433944702148e-01
5.225776433944702148e-01
5.225776433944702148e-01
5.225776433944702148e-01
5.225776433944702148e-01
5.225776433944702148e-01
5.225776433944702148e-01
5.225776433944702148e-01
5.225776433944702148e-01
5.225776433944702148e-01
5.225776433944702148e-01
5.225776433944702148e-01
5.225776433944702148e-01
5.225776433944702148e-01
5.225776433944702148e-01
5.225776433944702148e-01
5.225776433944702148e-01
5.225776433944702148e-01
5.225776433944702148e-01
5.225776433944702148e-01
5.225776433944702148e-01
5.225776433944702148e-01
5.225776433944702148e-01
5.225776433944702148e-01
5.225776433944702148e-01
5.225776433944702148e-01
5.225776433944702148e-01
5.225776433944702148e-01
5.225776433944702148e-01
5.225776433944702148e-01
9.094097018241882324e-01
9.094097018241882324e-01
9.094051718711853027e-01
5.225776433944702148e-01
9.094097018241882324e-01
9.094097018241882324e-01
9.094097018241882324e-01
9.094097018241882324e-01
9.094097018241882324e-01
9.094097018241882324e-01
9.094089269638061523e-01
9.094097018241882324e-01
9.094097018241882324e-01
9.094097018241882324e-01
9.094097018241882324e-01
9.094097018241882324e-01
9.094097018241882324e-01
9.094097018241882324e-01
6.813567280769348145e-01
9.094097018241882324e-01
9.094097018241882324e-01
9.094097018241882324e-01
9.094097018241882324e-01
9.094097018241882324e-01
9.094097018241882324e-01
9.094097018241882324e-01
9.094097018241882324e-01
5.225776433944702148e-01
9.094097018241882324e-01
9.094097018241882324e-01
9.093932509422302246e-01
9.094097018241882324e-01
9.094097018241882324e-01
9.094097018241882324e-01
9.094097018241882324e-01
9.094097018241882324e-01
9.094097018241882324e-01
9.093918800354003906e-01
9.094097018241882324e-01
9.094097018241882324e-01
6.432148814201354980e-01
9.094097018241882324e-01
9.094097018241882324e-01
9.094097018241882324e-01
5.225776433944702148e-01
8.812244534492492676e-01
9.094097018241882324e-01
9.094097018241882324e-01
9.094097018241882324e-01
9.094097018241882324e-01
9.094097018241882324e-01
9.094097018241882324e-01
9.094097018241882324e-01
5.225776433944702148e-01
9.094097018241882324e-01
9.094097018241882324e-01
9.094097018241882324e-01
9.094097018241882324e-01
9.094097018241882324e-01
9.094097018241882324e-01
9.094097018241882324e-01
9.094097018241882324e-01
9.094097018241882324e-01
8.741182088851928711e-01
8.595880270004272461e-01
9.094097018241882324e-01
9.094097018241882324e-01
9.094097018241882324e-01
5.225776433944702148e-01
9.094097018241882324e-01
5.225776433944702148e-01
9.094097018241882324e-01
9.094097018241882324e-01
9.077636003494262695e-01
8.678778409957885742e-01
5.225776433944702148e-01
5.225776433944702148e-01
5.225776433944702148e-01
5.225776433944702148e-01
5.225776433944702148e-01
5.225776433944702148e-01
5.225776433944702148e-01
5.225776433944702148e-01
7.150026559829711914e-01
5.225776433944702148e-01
5.225776433944702148e-01
5.225776433944702148e-01
5.225776433944702148e-01
5.225776433944702148e-01
5.225776433944702148e-01
5.225776433944702148e-01
5.225776433944702148e-01
5.225776433944702148e-01
5.225776433944702148e-01
5.225776433944702148e-01
5.225776433944702148e-01
5.225776433944702148e-01
5.225776433944702148e-01
5.225776433944702148e-01
5.225776433944702148e-01
5.225776433944702148e-01
5.225776433944702148e-01
5.225776433944702148e-01
5.225776433944702148e-01
5.225776433944702148e-01
9.094097018241882324e-01
5.225776433944702148e-01
6.280516982078552246e-01
5.225776433944702148e-01
5.225776433944702148e-01
5.225776433944702148e-01
5.225776433944702148e-01
5.225776433944702148e-01
5.225776433944702148e-01
5.225776433944702148e-01
5.225776433944702148e-01
5.225776433944702148e-01
5.225776433944702148e-01
5.225776433944702148e-01
5.949807763099670410e-01
9.090322852134704590e-01
5.225776433944702148e-01
5.225776433944702148e-01
5.225776433944702148e-01
5.225776433944702148e-01
5.225776433944702148e-01
5.225776433944702148e-01
5.225776433944702148e-01
5.225776433944702148e-01
5.225776433944702148e-01
5.225776433944702148e-01
5.225776433944702148e-01
5.225776433944702148e-01
5.225776433944702148e-01
5.225776433944702148e-01
5.225776433944702148e-01
5.225776433944702148e-01
5.225776433944702148e-01
5.225776433944702148e-01
5.225776433944702148e-01
5.225776433944702148e-01
5.225776433944702148e-01
5.225776433944702148e-01
5.225776433944702148e-01
5.225776433944702148e-01
5.225776433944702148e-01
5.225776433944702148e-01
5.225776433944702148e-01
5.225776433944702148e-01
5.225776433944702148e-01
5.225776433944702148e-01
5.225776433944702148e-01
5.225776433944702148e-01
5.225776433944702148e-01
5.225776433944702148e-01
5.225776433944702148e-01
5.225776433944702148e-01
5.225776433944702148e-01
5.225776433944702148e-01
5.225776433944702148e-01
5.225776433944702148e-01
5.225776433944702148e-01
5.225776433944702148e-01
5.225776433944702148e-01
5.225776433944702148e-01
6.906585693359375000e-01
5.225776433944702148e-01
5.225776433944702148e-01
5.225776433944702148e-01
5.225776433944702148e-01
5.225776433944702148e-01
5.225776433944702148e-01
5.225776433944702148e-01
5.225776433944702148e-01
5.225776433944702148e-01
5.225776433944702148e-01
5.225776433944702148e-01
5.225776433944702148e-01
5.225776433944702148e-01
5.225776433944702148e-01
5.225776433944702148e-01
5.225776433944702148e-01
5.225776433944702148e-01
5.225776433944702148e-01
5.225776433944702148e-01
5.225776433944702148e-01
5.225776433944702148e-01
5.225776433944702148e-01
5.225776433944702148e-01
5.225776433944702148e-01
5.225776433944702148e-01
5.225776433944702148e-01
5.225776433944702148e-01
5.225776433944702148e-01
5.225776433944702148e-01
5.225776433944702148e-01
5.225776433944702148e-01
5.225776433944702148e-01
5.225776433944702148e-01
6.450230479240417480e-01
5.225776433944702148e-01
5.225776433944702148e-01
5.225776433944702148e-01
5.225776433944702148e-01
5.225776433944702148e-01
5.225776433944702148e-01
5.225776433944702148e-01
5.225776433944702148e-01
5.225776433944702148e-01
5.225776433944702148e-01
5.225776433944702148e-01
5.225776433944702148e-01
5.225776433944702148e-01
5.225776433944702148e-01
5.225776433944702148e-01
5.225776433944702148e-01
5.225776433944702148e-01
5.225776433944702148e-01
5.225776433944702148e-01
5.225776433944702148e-01
5.225776433944702148e-01
5.225776433944702148e-01
5.225776433944702148e-01
5.225776433944702148e-01
5.225776433944702148e-01
5.225776433944702148e-01
5.225776433944702148e-01
5.225776433944702148e-01
5.225776433944702148e-01
5.225776433944702148e-01
5.225776433944702148e-01
5.225776433944702148e-01
5.225776433944702148e-01
5.225776433944702148e-01
5.225776433944702148e-01
5.225776433944702148e-01
5.225776433944702148e-01
5.225776433944702148e-01
5.225776433944702148e-01
5.225776433944702148e-01
5.225776433944702148e-01
5.225776433944702148e-01
5.225776433944702148e-01
5.225776433944702148e-01
5.225776433944702148e-01
5.225776433944702148e-01
5.225776433944702148e-01
5.225776433944702148e-01
5.225776433944702148e-01
5.225776433944702148e-01
5.225776433944702148e-01
5.225776433944702148e-01
5.225776433944702148e-01
5.225776433944702148e-01
5.225776433944702148e-01
5.225776433944702148e-01
5.225776433944702148e-01
5.225776433944702148e-01
5.225776433944702148e-01
5.225776433944702148e-01
5.225776433944702148e-01
5.225776433944702148e-01
5.225776433944702148e-01
8.742785453796386719e-01
5.225776433944702148e-01
5.225776433944702148e-01
5.225776433944702148e-01
5.225776433944702148e-01
5.225776433944702148e-01
5.225776433944702148e-01
5.225776433944702148e-01
5.225776433944702148e-01
5.225776433944702148e-01
5.225776433944702148e-01
5.225776433944702148e-01
5.225776433944702148e-01
5.225776433944702148e-01
5.225776433944702148e-01
5.225776433944702148e-01
5.225776433944702148e-01
5.225776433944702148e-01
5.225776433944702148e-01
5.225776433944702148e-01
5.225776433944702148e-01
5.225776433944702148e-01
5.225776433944702148e-01
5.225776433944702148e-01
5.225776433944702148e-01
5.225776433944702148e-01
5.225776433944702148e-01
5.225776433944702148e-01
5.225776433944702148e-01
5.225776433944702148e-01
5.225776433944702148e-01
5.225776433944702148e-01
5.225776433944702148e-01
5.225776433944702148e-01
5.225776433944702148e-01
5.225776433944702148e-01
5.225776433944702148e-01
5.225776433944702148e-01
5.225776433944702148e-01
5.225776433944702148e-01
5.225776433944702148e-01
5.225776433944702148e-01
5.225776433944702148e-01
5.225776433944702148e-01
5.225776433944702148e-01
5.225776433944702148e-01
5.225776433944702148e-01
5.225776433944702148e-01
5.225776433944702148e-01
8.124172687530517578e-01
5.225776433944702148e-01
5.225776433944702148e-01
5.225776433944702148e-01
5.225776433944702148e-01
5.225776433944702148e-01
5.225776433944702148e-01
5.225776433944702148e-01
5.225776433944702148e-01
5.225776433944702148e-01
5.225776433944702148e-01
5.225776433944702148e-01
5.225776433944702148e-01
5.225776433944702148e-01
5.225776433944702148e-01
5.225776433944702148e-01
5.225776433944702148e-01
5.225776433944702148e-01
5.225776433944702148e-01
5.225776433944702148e-01
5.225776433944702148e-01
5.225776433944702148e-01
5.225776433944702148e-01
5.225776433944702148e-01
5.225776433944702148e-01
5.225776433944702148e-01
5.225776433944702148e-01
5.225776433944702148e-01
5.225776433944702148e-01
5.225776433944702148e-01
5.225776433944702148e-01
5.225776433944702148e-01
5.225776433944702148e-01
5.225776433944702148e-01
5.225776433944702148e-01
5.225776433944702148e-01
5.225776433944702148e-01
5.225776433944702148e-01
5.225776433944702148e-01
5.225776433944702148e-01
5.225776433944702148e-01
5.225776433944702148e-01
5.225776433944702148e-01
5.225776433944702148e-01
5.225776433944702148e-01
5.225776433944702148e-01
5.225776433944702148e-01
5.225776433944702148e-01
5.225776433944702148e-01
5.225776433944702148e-01
5.225776433944702148e-01
5.225776433944702148e-01
5.225776433944702148e-01
5.225776433944702148e-01
5.225776433944702148e-01
5.225776433944702148e-01
5.225776433944702148e-01
5.225776433944702148e-01
5.225776433944702148e-01
5.225776433944702148e-01
5.225776433944702148e-01
6.450461149215698242e-01
5.225776433944702148e-01
5.225776433944702148e-01
5.225776433944702148e-01
5.225776433944702148e-01
5.225776433944702148e-01
5.225776433944702148e-01
5.225776433944702148e-01
5.225776433944702148e-01
5.225776433944702148e-01
5.225776433944702148e-01
5.225776433944702148e-01
5.225776433944702148e-01
5.225776433944702148e-01
5.225776433944702148e-01
5.225776433944702148e-01
5.225776433944702148e-01
5.225776433944702148e-01
5.225776433944702148e-01
5.225776433944702148e-01
5.225776433944702148e-01
5.225776433944702148e-01
5.225776433944702148e-01
5.225776433944702148e-01
5.225776433944702148e-01
5.225776433944702148e-01
5.225776433944702148e-01
5.225776433944702148e-01
5.225776433944702148e-01
5.225776433944702148e-01
5.225776433944702148e-01
5.225776433944702148e-01
5.225776433944702148e-01
5.225776433944702148e-01
5.225776433944702148e-01
5.225776433944702148e-01
5.225776433944702148e-01
5.225776433944702148e-01
5.225776433944702148e-01
5.225776433944702148e-01
5.225776433944702148e-01
5.225776433944702148e-01
5.225776433944702148e-01
5.225776433944702148e-01
5.225776433944702148e-01
5.225776433944702148e-01
5.225776433944702148e-01
5.225776433944702148e-01
5.225776433944702148e-01
5.225776433944702148e-01
5.225776433944702148e-01
5.225776433944702148e-01
5.225776433944702148e-01
5.225776433944702148e-01
5.225776433944702148e-01
5.225776433944702148e-01
5.225776433944702148e-01
5.225776433944702148e-01
5.225776433944702148e-01
5.225776433944702148e-01
5.225776433944702148e-01
5.225776433944702148e-01
5.225776433944702148e-01
5.225776433944702148e-01
5.225776433944702148e-01
5.225776433944702148e-01
5.225776433944702148e-01
5.225776433944702148e-01
5.225776433944702148e-01
5.225776433944702148e-01
5.225776433944702148e-01
5.225776433944702148e-01
5.814523696899414062e-01
5.225776433944702148e-01
5.225776433944702148e-01
5.225776433944702148e-01
5.225776433944702148e-01
5.225776433944702148e-01
5.225776433944702148e-01
5.225776433944702148e-01
5.225776433944702148e-01
5.225776433944702148e-01
5.225776433944702148e-01
5.225776433944702148e-01
5.225776433944702148e-01
5.225776433944702148e-01
5.225776433944702148e-01
5.225776433944702148e-01
5.225776433944702148e-01
5.225776433944702148e-01
5.225776433944702148e-01
5.225776433944702148e-01
5.225776433944702148e-01
5.225776433944702148e-01
5.225776433944702148e-01
5.225776433944702148e-01
5.225776433944702148e-01
5.225776433944702148e-01
5.225776433944702148e-01
5.225776433944702148e-01
5.225776433944702148e-01
5.225776433944702148e-01
5.225776433944702148e-01
5.225776433944702148e-01
5.225776433944702148e-01
9.094096422195434570e-01
5.225776433944702148e-01
5.225776433944702148e-01
5.225776433944702148e-01
6.432148814201354980e-01
5.225776433944702148e-01
5.225776433944702148e-01
5.225776433944702148e-01
5.225776433944702148e-01
5.225776433944702148e-01
5.225776433944702148e-01
5.225776433944702148e-01
5.225776433944702148e-01
5.225776433944702148e-01
5.225776433944702148e-01
5.225776433944702148e-01
5.225776433944702148e-01
5.225776433944702148e-01
5.225776433944702148e-01
5.225776433944702148e-01
5.225776433944702148e-01
8.617131710052490234e-01
5.225776433944702148e-01
5.225776433944702148e-01
5.225776433944702148e-01
5.225776433944702148e-01
5.225776433944702148e-01
5.225776433944702148e-01
5.225776433944702148e-01
5.225776433944702148e-01
5.225776433944702148e-01
5.225776433944702148e-01
5.225776433944702148e-01
5.225776433944702148e-01
5.225776433944702148e-01
5.225776433944702148e-01
5.225776433944702148e-01
5.225776433944702148e-01
5.225776433944702148e-01
5.225776433944702148e-01
5.225776433944702148e-01
5.225776433944702148e-01
5.225776433944702148e-01
5.225776433944702148e-01
5.225776433944702148e-01
5.225776433944702148e-01
5.225776433944702148e-01
5.225776433944702148e-01
5.225776433944702148e-01
5.225776433944702148e-01
5.225776433944702148e-01
5.225776433944702148e-01
5.225776433944702148e-01
5.225776433944702148e-01
5.225776433944702148e-01
5.225776433944702148e-01
5.225776433944702148e-01
5.225776433944702148e-01
5.225776433944702148e-01
5.225776433944702148e-01
5.225776433944702148e-01
5.225776433944702148e-01
5.225776433944702148e-01
5.225776433944702148e-01
5.225776433944702148e-01
5.225776433944702148e-01
5.225776433944702148e-01
5.225776433944702148e-01
5.225776433944702148e-01
5.225776433944702148e-01
5.225776433944702148e-01
5.225776433944702148e-01
5.225776433944702148e-01
5.225776433944702148e-01
5.225776433944702148e-01
5.225776433944702148e-01
5.225776433944702148e-01
5.225776433944702148e-01
6.767503619194030762e-01
5.225776433944702148e-01
5.225776433944702148e-01
5.225776433944702148e-01
5.225776433944702148e-01
5.225776433944702148e-01
5.225776433944702148e-01
5.225776433944702148e-01
5.225776433944702148e-01
5.225776433944702148e-01
5.225776433944702148e-01
5.225776433944702148e-01
5.225776433944702148e-01
5.225776433944702148e-01
5.225776433944702148e-01
5.225776433944702148e-01
5.225776433944702148e-01
5.225776433944702148e-01
5.225776433944702148e-01
5.225776433944702148e-01
5.225776433944702148e-01
5.225776433944702148e-01
5.225776433944702148e-01
5.225776433944702148e-01
5.225776433944702148e-01
5.225776433944702148e-01
8.626964092254638672e-01
5.225776433944702148e-01
5.225776433944702148e-01
6.432148814201354980e-01
5.225776433944702148e-01
5.225776433944702148e-01
5.225776433944702148e-01
5.225776433944702148e-01
5.225776433944702148e-01
5.225776433944702148e-01
5.225776433944702148e-01
5.225776433944702148e-01
5.225776433944702148e-01
5.225776433944702148e-01
5.225776433944702148e-01
5.225776433944702148e-01
5.225776433944702148e-01
5.225776433944702148e-01
5.225776433944702148e-01
5.225776433944702148e-01
5.225776433944702148e-01
5.225776433944702148e-01
5.225776433944702148e-01
5.225776433944702148e-01
5.225776433944702148e-01
5.225776433944702148e-01
5.225776433944702148e-01
5.225776433944702148e-01
5.225776433944702148e-01
5.225776433944702148e-01
5.225776433944702148e-01
5.225776433944702148e-01
5.225776433944702148e-01
5.225776433944702148e-01
5.225776433944702148e-01
5.225776433944702148e-01
5.225776433944702148e-01
5.225776433944702148e-01
5.225776433944702148e-01
5.225776433944702148e-01
5.225776433944702148e-01
5.225776433944702148e-01
5.225776433944702148e-01
5.225776433944702148e-01
5.225776433944702148e-01
5.225776433944702148e-01
5.225776433944702148e-01
5.225776433944702148e-01
5.225776433944702148e-01
5.225776433944702148e-01
5.225776433944702148e-01
5.225776433944702148e-01
5.225776433944702148e-01
