9.262592196464538574e-01
9.990842342376708984e-01
9.845705628395080566e-01
3.740580976009368896e-01
3.740580976009368896e-01
9.985620379447937012e-01
3.740580976009368896e-01
3.740580976009368896e-01
3.740580976009368896e-01
9.926893115043640137e-01
9.996994733810424805e-01
3.740580976009368896e-01
9.821639060974121094e-01
9.852243661880493164e-01
3.740580976009368896e-01
3.740580976009368896e-01
9.871633052825927734e-01
9.988936781883239746e-01
3.740580976009368896e-01
9.997232556343078613e-01
3.740580976009368896e-01
9.932725429534912109e-01
3.740580976009368896e-01
9.758303761482238770e-01
3.740580976009368896e-01
9.935479760169982910e-01
9.902721047401428223e-01
9.990689158439636230e-01
9.240881800651550293e-01
3.740580976009368896e-01
9.782066345214843750e-01
3.740580976009368896e-01
9.999240636825561523e-01
9.859722852706909180e-01
9.998214840888977051e-01
9.988613128662109375e-01
9.685404300689697266e-01
9.773390889167785645e-01
3.740580976009368896e-01
9.838534593582153320e-01
3.740580976009368896e-01
3.740580976009368896e-01
9.968900084495544434e-01
3.740580976009368896e-01
3.740580976009368896e-01
3.740580976009368896e-01
3.740580976009368896e-01
3.740580976009368896e-01
9.970366954803466797e-01
3.740580976009368896e-01
9.996041655540466309e-01
3.740580976009368896e-01
3.740580976009368896e-01
9.997492432594299316e-01
3.740580976009368896e-01
3.740580976009368896e-01
9.999769926071166992e-01
3.740580976009368896e-01
3.740580976009368896e-01
8.528469204902648926e-01
9.999116659164428711e-01
9.980621933937072754e-01
9.916926622390747070e-01
3.740580976009368896e-01
9.752169847488403320e-01
3.740580976009368896e-01
3.740580976009368896e-01
9.895595312118530273e-01
3.740580976009368896e-01
3.740580976009368896e-01
9.982008934020996094e-01
9.932560920715332031e-01
3.740580976009368896e-01
3.740580976009368896e-01
9.883264899253845215e-01
3.740580976009368896e-01
3.740580976009368896e-01
3.740580976009368896e-01
9.827034473419189453e-01
3.740580976009368896e-01
3.740580976009368896e-01
9.926869869232177734e-01
3.740580976009368896e-01
3.740580976009368896e-01
3.740580976009368896e-01
3.740580976009368896e-01
9.698604345321655273e-01
3.740580976009368896e-01
9.978058934211730957e-01
3.740580976009368896e-01
9.985484480857849121e-01
9.988330006599426270e-01
3.740580976009368896e-01
9.241974949836730957e-01
9.804934859275817871e-01
9.988901019096374512e-01
9.850022196769714355e-01
9.771941900253295898e-01
3.740580976009368896e-01
3.740580976009368896e-01
3.740580976009368896e-01
9.948577880859375000e-01
3.740580976009368896e-01
3.740580976009368896e-01
9.898102283477783203e-01
9.891970753669738770e-01
9.942148327827453613e-01
3.740580976009368896e-01
3.740580976009368896e-01
3.740580976009368896e-01
9.985606074333190918e-01
3.740580976009368896e-01
3.740580976009368896e-01
3.740580976009368896e-01
9.979815483093261719e-01
3.740580976009368896e-01
3.740580976009368896e-01
9.992426633834838867e-01
9.955047965049743652e-01
9.961820244789123535e-01
9.963567256927490234e-01
9.985697269439697266e-01
9.789465665817260742e-01
3.740580976009368896e-01
9.992445707321166992e-01
3.740580976009368896e-01
9.386789798736572266e-01
3.740580976009368896e-01
9.874227046966552734e-01
9.977303147315979004e-01
9.993585944175720215e-01
9.896452426910400391e-01
9.932287931442260742e-01
3.740580976009368896e-01
9.932066202163696289e-01
3.740580976009368896e-01
9.922038316726684570e-01
9.976129531860351562e-01
9.932774901390075684e-01
9.958859086036682129e-01
3.740580976009368896e-01
9.927979111671447754e-01
9.996763467788696289e-01
3.740580976009368896e-01
9.977077245712280273e-01
3.740580976009368896e-01
3.740580976009368896e-01
3.740580976009368896e-01
9.975972771644592285e-01
9.938925504684448242e-01
9.996669292449951172e-01
3.740580976009368896e-01
9.974372386932373047e-01
3.740580976009368896e-01
9.996633529663085938e-01
9.973026514053344727e-01
9.977377653121948242e-01
9.992300271987915039e-01
9.814013838768005371e-01
3.740580976009368896e-01
3.740580976009368896e-01
3.740580976009368896e-01
3.740580976009368896e-01
9.895596504211425781e-01
9.992594122886657715e-01
9.994594454765319824e-01
3.740580976009368896e-01
3.740580976009368896e-01
9.998543262481689453e-01
3.740580976009368896e-01
3.740580976009368896e-01
9.981285929679870605e-01
3.740580976009368896e-01
9.837293028831481934e-01
9.932437539100646973e-01
3.740580976009368896e-01
9.996852874755859375e-01
3.740580976009368896e-01
3.740580976009368896e-01
9.677909612655639648e-01
3.740580976009368896e-01
3.740580976009368896e-01
9.797169566154479980e-01
3.740580976009368896e-01
9.982377290725708008e-01
9.930351972579956055e-01
3.740580976009368896e-01
3.740580976009368896e-01
9.858065843582153320e-01
9.999666213989257812e-01
3.740580976009368896e-01
3.740580976009368896e-01
9.805757403373718262e-01
9.890999197959899902e-01
3.740580976009368896e-01
9.976454377174377441e-01
3.740580976009368896e-01
3.740580976009368896e-01
3.740580976009368896e-01
9.986869692802429199e-01
3.740580976009368896e-01
9.998626708984375000e-01
3.740580976009368896e-01
9.996364116668701172e-01
9.984561204910278320e-01
3.740580976009368896e-01
3.740580976009368896e-01
3.740580976009368896e-01
9.923657774925231934e-01
3.740580976009368896e-01
3.740580976009368896e-01
3.740580976009368896e-01
3.740580976009368896e-01
9.986844658851623535e-01
9.985039234161376953e-01
9.908761382102966309e-01
9.734622836112976074e-01
3.740580976009368896e-01
9.970050454139709473e-01
9.985853433609008789e-01
9.584496021270751953e-01
9.566419720649719238e-01
9.933236241340637207e-01
3.740580976009368896e-01
9.970470070838928223e-01
3.740580976009368896e-01
3.740580976009368896e-01
3.740580976009368896e-01
9.992806315422058105e-01
9.976722598075866699e-01
3.740580976009368896e-01
3.740580976009368896e-01
3.740580976009368896e-01
9.706287980079650879e-01
8.377189636230468750e-01
9.586381316184997559e-01
3.740580976009368896e-01
9.862458705902099609e-01
9.999196529388427734e-01
9.981502294540405273e-01
3.740580976009368896e-01
9.953770637512207031e-01
3.740580976009368896e-01
9.871152639389038086e-01
3.740580976009368896e-01
3.740580976009368896e-01
3.740580976009368896e-01
9.997878670692443848e-01
3.740580976009368896e-01
3.740580976009368896e-01
3.740580976009368896e-01
3.740580976009368896e-01
3.740580976009368896e-01
9.975662231445312500e-01
3.740580976009368896e-01
9.992123842239379883e-01
9.837155938148498535e-01
9.965337514877319336e-01
9.947791099548339844e-01
3.740580976009368896e-01
9.998306035995483398e-01
3.740580976009368896e-01
3.740580976009368896e-01
3.740580976009368896e-01
9.699030518531799316e-01
3.740580976009368896e-01
9.987984895706176758e-01
9.987043142318725586e-01
3.740580976009368896e-01
9.938695430755615234e-01
3.740580976009368896e-01
9.969766139984130859e-01
9.999814033508300781e-01
9.723729491233825684e-01
9.999922513961791992e-01
3.740580976009368896e-01
3.740580976009368896e-01
3.740580976009368896e-01
3.740580976009368896e-01
3.740580976009368896e-01
9.939197301864624023e-01
3.740580976009368896e-01
3.740580976009368896e-01
3.740580976009368896e-01
9.999970197677612305e-01
9.998509883880615234e-01
3.740580976009368896e-01
9.969766139984130859e-01
9.977431297302246094e-01
3.740580976009368896e-01
3.740580976009368896e-01
3.740580976009368896e-01
3.740580976009368896e-01
9.992452859878540039e-01
9.867266416549682617e-01
3.740580976009368896e-01
9.982806444168090820e-01
3.740580976009368896e-01
3.740580976009368896e-01
9.716385006904602051e-01
3.740580976009368896e-01
9.995042085647583008e-01
3.740580976009368896e-01
3.740580976009368896e-01
9.932343363761901855e-01
9.987347722053527832e-01
3.740580976009368896e-01
9.988594055175781250e-01
9.999295473098754883e-01
3.740580976009368896e-01
3.740580976009368896e-01
3.740580976009368896e-01
9.782907962799072266e-01
9.978924393653869629e-01
3.740580976009368896e-01
3.740580976009368896e-01
9.989119768142700195e-01
3.740580976009368896e-01
9.999095201492309570e-01
9.985144734382629395e-01
3.740580976009368896e-01
3.740580976009368896e-01
9.994857311248779297e-01
3.740580976009368896e-01
3.740580976009368896e-01
3.740580976009368896e-01
3.740580976009368896e-01
3.740580976009368896e-01
3.740580976009368896e-01
9.999872446060180664e-01
9.987953901290893555e-01
9.998471736907958984e-01
3.740580976009368896e-01
3.740580976009368896e-01
3.740580976009368896e-01
3.740580976009368896e-01
3.740580976009368896e-01
3.740580976009368896e-01
3.740580976009368896e-01
3.740580976009368896e-01
9.998902082443237305e-01
9.995099306106567383e-01
3.740580976009368896e-01
9.995249509811401367e-01
3.740580976009368896e-01
3.740580976009368896e-01
3.740580976009368896e-01
3.740580976009368896e-01
3.740580976009368896e-01
9.988865256309509277e-01
9.993982315063476562e-01
3.740580976009368896e-01
3.740580976009368896e-01
3.740580976009368896e-01
3.740580976009368896e-01
9.996349811553955078e-01
3.740580976009368896e-01
3.740580976009368896e-01
9.990237951278686523e-01
3.740580976009368896e-01
9.996225833892822266e-01
3.740580976009368896e-01
3.740580976009368896e-01
9.998256564140319824e-01
3.740580976009368896e-01
3.740580976009368896e-01
3.740580976009368896e-01
9.995488524436950684e-01
3.740580976009368896e-01
3.740580976009368896e-01
9.038907885551452637e-01
9.564707279205322266e-01
3.740580976009368896e-01
3.740580976009368896e-01
3.740580976009368896e-01
3.740580976009368896e-01
9.774181246757507324e-01
9.978377223014831543e-01
3.740580976009368896e-01
3.740580976009368896e-01
3.740580976009368896e-01
3.740580976009368896e-01
3.740580976009368896e-01
3.740580976009368896e-01
9.984714388847351074e-01
3.740580976009368896e-01
3.740580976009368896e-01
3.740580976009368896e-01
3.740580976009368896e-01
3.740580976009368896e-01
3.740580976009368896e-01
3.740580976009368896e-01
3.740580976009368896e-01
3.740580976009368896e-01
3.740580976009368896e-01
3.740580976009368896e-01
3.740580976009368896e-01
9.942345023155212402e-01
3.740580976009368896e-01
3.740580976009368896e-01
3.740580976009368896e-01
9.996010661125183105e-01
9.854824542999267578e-01
3.740580976009368896e-01
3.740580976009368896e-01
9.881816506385803223e-01
3.740580976009368896e-01
3.740580976009368896e-01
3.740580976009368896e-01
9.986354708671569824e-01
3.740580976009368896e-01
3.740580976009368896e-01
3.740580976009368896e-01
3.740580976009368896e-01
3.740580976009368896e-01
3.740580976009368896e-01
3.740580976009368896e-01
3.740580976009368896e-01
9.841247797012329102e-01
3.740580976009368896e-01
3.740580976009368896e-01
3.740580976009368896e-01
3.740580976009368896e-01
3.740580976009368896e-01
3.740580976009368896e-01
3.740580976009368896e-01
3.740580976009368896e-01
9.827069640159606934e-01
9.945867061614990234e-01
9.994680285453796387e-01
9.976626634597778320e-01
9.975757002830505371e-01
9.955099821090698242e-01
3.740580976009368896e-01
3.740580976009368896e-01
3.740580976009368896e-01
9.919168353080749512e-01
9.991532564163208008e-01
9.945461750030517578e-01
3.740580976009368896e-01
3.740580976009368896e-01
9.926782846450805664e-01
3.740580976009368896e-01
3.740580976009368896e-01
3.740580976009368896e-01
9.915748238563537598e-01
9.970781803131103516e-01
9.992954730987548828e-01
9.906942844390869141e-01
3.740580976009368896e-01
3.740580976009368896e-01
3.740580976009368896e-01
9.998057484626770020e-01
3.740580976009368896e-01
3.740580976009368896e-01
9.901595711708068848e-01
9.983581900596618652e-01
3.740580976009368896e-01
3.740580976009368896e-01
9.999601840972900391e-01
3.740580976009368896e-01
9.987540245056152344e-01
3.740580976009368896e-01
3.740580976009368896e-01
3.740580976009368896e-01
3.740580976009368896e-01
9.999439716339111328e-01
3.740580976009368896e-01
3.740580976009368896e-01
9.986476302146911621e-01
9.987198114395141602e-01
3.740580976009368896e-01
3.740580976009368896e-01
3.740580976009368896e-01
9.589409232139587402e-01
3.740580976009368896e-01
9.983257651329040527e-01
9.983098506927490234e-01
3.740580976009368896e-01
3.740580976009368896e-01
3.740580976009368896e-01
3.740580976009368896e-01
9.973685741424560547e-01
3.740580976009368896e-01
3.740580976009368896e-01
3.740580976009368896e-01
9.870060682296752930e-01
3.740580976009368896e-01
9.934345483779907227e-01
9.990988969802856445e-01
9.985842704772949219e-01
3.740580976009368896e-01
9.999778270721435547e-01
9.970239996910095215e-01
9.966642260551452637e-01
3.740580976009368896e-01
9.768641591072082520e-01
3.740580976009368896e-01
3.740580976009368896e-01
3.740580976009368896e-01
3.740580976009368896e-01
3.740580976009368896e-01
1.711043566465377808e-01
3.740580976009368896e-01
2.111623734235763550e-01
3.740580976009368896e-01
3.740580976009368896e-01
3.740580976009368896e-01
3.740580976009368896e-01
2.081123143434524536e-01
3.740580976009368896e-01
3.740580976009368896e-01
3.740580976009368896e-01
3.740580976009368896e-01
3.740580976009368896e-01
3.740580976009368896e-01
3.740580976009368896e-01
3.740580976009368896e-01
3.740580976009368896e-01
3.740580976009368896e-01
3.740580976009368896e-01
3.740580976009368896e-01
3.740580976009368896e-01
3.740580976009368896e-01
3.740580976009368896e-01
3.740580976009368896e-01
3.740580976009368896e-01
3.740580976009368896e-01
2.706083953380584717e-01
3.740580976009368896e-01
1.211610287427902222e-01
3.740580976009368896e-01
3.740580976009368896e-01
3.740580976009368896e-01
3.740580976009368896e-01
3.740580976009368896e-01
3.740580976009368896e-01
1.724506467580795288e-01
3.740580976009368896e-01
3.740580976009368896e-01
3.740580976009368896e-01
3.740580976009368896e-01
3.740580976009368896e-01
3.740580976009368896e-01
3.740580976009368896e-01
3.740580976009368896e-01
3.740580976009368896e-01
3.740580976009368896e-01
3.740580976009368896e-01
3.740580976009368896e-01
3.740580976009368896e-01
3.740580976009368896e-01
3.740580976009368896e-01
3.740580976009368896e-01
3.740580976009368896e-01
3.740580976009368896e-01
3.740580976009368896e-01
3.740580976009368896e-01
3.740580976009368896e-01
3.740580976009368896e-01
3.740580976009368896e-01
3.740580976009368896e-01
3.740580976009368896e-01
3.740580976009368896e-01
3.740580976009368896e-01
3.020513057708740234e-01
2.152240723371505737e-01
3.740580976009368896e-01
3.740580976009368896e-01
3.740580976009368896e-01
2.460978031158447266e-01
3.740580976009368896e-01
3.740580976009368896e-01
3.740580976009368896e-01
3.740580976009368896e-01
3.740580976009368896e-01
3.740580976009368896e-01
3.740580976009368896e-01
3.740580976009368896e-01
3.740580976009368896e-01
3.740580976009368896e-01
3.740580976009368896e-01
3.740580976009368896e-01
3.740580976009368896e-01
3.740580976009368896e-01
3.740580976009368896e-01
3.740580976009368896e-01
3.740580976009368896e-01
3.740580976009368896e-01
3.740580976009368896e-01
3.740580976009368896e-01
3.740580976009368896e-01
3.740580976009368896e-01
3.740580976009368896e-01
3.740580976009368896e-01
3.740580976009368896e-01
3.740580976009368896e-01
3.740580976009368896e-01
3.740580976009368896e-01
3.740580976009368896e-01
3.740580976009368896e-01
3.740580976009368896e-01
3.740580976009368896e-01
3.740580976009368896e-01
3.740580976009368896e-01
3.740580976009368896e-01
3.740580976009368896e-01
3.740580976009368896e-01
3.740580976009368896e-01
3.740580976009368896e-01
3.740580976009368896e-01
3.740580976009368896e-01
3.740580976009368896e-01
3.740580976009368896e-01
3.740580976009368896e-01
3.740580976009368896e-01
3.740580976009368896e-01
3.740580976009368896e-01
3.740580976009368896e-01
3.740580976009368896e-01
3.740580976009368896e-01
3.740580976009368896e-01
3.740580976009368896e-01
3.740580976009368896e-01
3.740580976009368896e-01
3.740580976009368896e-01
3.740580976009368896e-01
3.740580976009368896e-01
3.740580976009368896e-01
3.740580976009368896e-01
3.740580976009368896e-01
3.740580976009368896e-01
3.740580976009368896e-01
3.740580976009368896e-01
3.740580976009368896e-01
3.740580976009368896e-01
3.740580976009368896e-01
3.740580976009368896e-01
3.740580976009368896e-01
3.740580976009368896e-01
3.740580976009368896e-01
3.740580976009368896e-01
3.740580976009368896e-01
3.740580976009368896e-01
3.740580976009368896e-01
3.740580976009368896e-01
3.740580976009368896e-01
3.740580976009368896e-01
3.740580976009368896e-01
3.740580976009368896e-01
3.740580976009368896e-01
3.740580976009368896e-01
3.740580976009368896e-01
3.740580976009368896e-01
3.740580976009368896e-01
3.740580976009368896e-01
3.740580976009368896e-01
3.740580976009368896e-01
3.740580976009368896e-01
3.740580976009368896e-01
3.740580976009368896e-01
3.740580976009368896e-01
3.740580976009368896e-01
3.740580976009368896e-01
3.740580976009368896e-01
3.740580976009368896e-01
3.740580976009368896e-01
3.740580976009368896e-01
3.740580976009368896e-01
3.740580976009368896e-01
3.740580976009368896e-01
3.740580976009368896e-01
3.740580976009368896e-01
3.740580976009368896e-01
3.740580976009368896e-01
3.740580976009368896e-01
3.740580976009368896e-01
3.740580976009368896e-01
3.740580976009368896e-01
3.740580976009368896e-01
3.740580976009368896e-01
3.740580976009368896e-01
3.740580976009368896e-01
3.740580976009368896e-01
3.740580976009368896e-01
3.740580976009368896e-01
3.740580976009368896e-01
3.740580976009368896e-01
3.740580976009368896e-01
3.740580976009368896e-01
1.793400496244430542e-01
3.740580976009368896e-01
3.740580976009368896e-01
3.740580976009368896e-01
3.740580976009368896e-01
3.740580976009368896e-01
3.740580976009368896e-01
3.740580976009368896e-01
3.740580976009368896e-01
3.740580976009368896e-01
7.729998230934143066e-02
3.740580976009368896e-01
3.740580976009368896e-01
3.740580976009368896e-01
3.740580976009368896e-01
3.740580976009368896e-01
3.740580976009368896e-01
3.740580976009368896e-01
3.740580976009368896e-01
3.740580976009368896e-01
3.740580976009368896e-01
3.740580976009368896e-01
3.740580976009368896e-01
3.740580976009368896e-01
3.740580976009368896e-01
3.740580976009368896e-01
3.740580976009368896e-01
3.740580976009368896e-01
3.740580976009368896e-01
3.740580976009368896e-01
3.740580976009368896e-01
3.740580976009368896e-01
3.740580976009368896e-01
3.740580976009368896e-01
3.740580976009368896e-01
3.740580976009368896e-01
3.740580976009368896e-01
3.740580976009368896e-01
3.740580976009368896e-01
3.740580976009368896e-01
3.740580976009368896e-01
3.740580976009368896e-01
3.740580976009368896e-01
3.740580976009368896e-01
3.740580976009368896e-01
3.740580976009368896e-01
3.740580976009368896e-01
3.740580976009368896e-01
3.740580976009368896e-01
3.740580976009368896e-01
3.740580976009368896e-01
3.740580976009368896e-01
3.740580976009368896e-01
3.740580976009368896e-01
3.740580976009368896e-01
3.740580976009368896e-01
3.049506843090057373e-01
3.740580976009368896e-01
3.740580976009368896e-01
3.740580976009368896e-01
3.740580976009368896e-01
3.740580976009368896e-01
3.740580976009368896e-01
3.740580976009368896e-01
3.740580976009368896e-01
3.740580976009368896e-01
3.740580976009368896e-01
3.740580976009368896e-01
3.740580976009368896e-01
3.740580976009368896e-01
3.740580976009368896e-01
3.740580976009368896e-01
3.740580976009368896e-01
3.740580976009368896e-01
3.740580976009368896e-01
3.740580976009368896e-01
3.740580976009368896e-01
3.740580976009368896e-01
3.740580976009368896e-01
3.740580976009368896e-01
3.740580976009368896e-01
3.740580976009368896e-01
3.740580976009368896e-01
3.740580976009368896e-01
3.740580976009368896e-01
3.740580976009368896e-01
3.740580976009368896e-01
3.740580976009368896e-01
3.740580976009368896e-01
3.740580976009368896e-01
3.740580976009368896e-01
3.740580976009368896e-01
3.740580976009368896e-01
3.740580976009368896e-01
1.185222715139389038e-02
3.740580976009368896e-01
3.740580976009368896e-01
3.740580976009368896e-01
3.740580976009368896e-01
3.740580976009368896e-01
3.740580976009368896e-01
3.740580976009368896e-01
3.740580976009368896e-01
3.740580976009368896e-01
3.740580976009368896e-01
3.740580976009368896e-01
3.740580976009368896e-01
3.740580976009368896e-01
3.740580976009368896e-01
3.740580976009368896e-01
3.740580976009368896e-01
3.740580976009368896e-01
3.740580976009368896e-01
3.740580976009368896e-01
3.740580976009368896e-01
3.740580976009368896e-01
3.740580976009368896e-01
3.740580976009368896e-01
3.936103880405426025e-01
3.740580976009368896e-01
3.740580976009368896e-01
3.740580976009368896e-01
3.740580976009368896e-01
3.740580976009368896e-01
3.740580976009368896e-01
3.740580976009368896e-01
3.740580976009368896e-01
3.740580976009368896e-01
3.740580976009368896e-01
3.740580976009368896e-01
3.740580976009368896e-01
3.740580976009368896e-01
3.740580976009368896e-01
3.740580976009368896e-01
3.740580976009368896e-01
3.740580976009368896e-01
3.740580976009368896e-01
3.740580976009368896e-01
3.740580976009368896e-01
3.740580976009368896e-01
3.740580976009368896e-01
3.740580976009368896e-01
3.740580976009368896e-01
3.740580976009368896e-01
3.740580976009368896e-01
3.740580976009368896e-01
3.740580976009368896e-01
3.740580976009368896e-01
3.740580976009368896e-01
3.740580976009368896e-01
3.740580976009368896e-01
3.740580976009368896e-01
3.740580976009368896e-01
3.740580976009368896e-01
3.740580976009368896e-01
3.740580976009368896e-01
3.740580976009368896e-01
3.740580976009368896e-01
3.740580976009368896e-01
3.740580976009368896e-01
3.740580976009368896e-01
3.740580976009368896e-01
3.740580976009368896e-01
3.740580976009368896e-01
3.740580976009368896e-01
3.740580976009368896e-01
3.740580976009368896e-01
3.740580976009368896e-01
3.740580976009368896e-01
3.740580976009368896e-01
8.323703706264495850e-02
3.740580976009368896e-01
3.740580976009368896e-01
3.740580976009368896e-01
1.462073922157287598e-01
3.740580976009368896e-01
3.740580976009368896e-01
3.740580976009368896e-01
3.740580976009368896e-01
3.740580976009368896e-01
5.694169178605079651e-02
3.740580976009368896e-01
3.740580976009368896e-01
3.740580976009368896e-01
3.740580976009368896e-01
3.740580976009368896e-01
3.740580976009368896e-01
3.740580976009368896e-01
1.810127049684524536e-01
3.740580976009368896e-01
3.740580976009368896e-01
3.740580976009368896e-01
6.599903851747512817e-02
3.740580976009368896e-01
3.740580976009368896e-01
3.740580976009368896e-01
3.740580976009368896e-01
3.740580976009368896e-01
3.740580976009368896e-01
3.740580976009368896e-01
3.740580976009368896e-01
3.740580976009368896e-01
3.740580976009368896e-01
3.740580976009368896e-01
3.740580976009368896e-01
3.740580976009368896e-01
3.740580976009368896e-01
3.740580976009368896e-01
3.740580976009368896e-01
3.740580976009368896e-01
3.740580976009368896e-01
3.740580976009368896e-01
3.740580976009368896e-01
3.740580976009368896e-01
3.740580976009368896e-01
3.740580976009368896e-01
3.740580976009368896e-01
3.740580976009368896e-01
3.740580976009368896e-01
3.740580976009368896e-01
3.740580976009368896e-01
3.740580976009368896e-01
3.740580976009368896e-01
3.740580976009368896e-01
3.740580976009368896e-01
1.115505695343017578e-01
3.740580976009368896e-01
3.740580976009368896e-01
3.740580976009368896e-01
3.740580976009368896e-01
3.740580976009368896e-01
3.740580976009368896e-01
3.740580976009368896e-01
3.740580976009368896e-01
3.740580976009368896e-01
3.740580976009368896e-01
3.740580976009368896e-01
3.740580976009368896e-01
3.740580976009368896e-01
3.740580976009368896e-01
3.740580976009368896e-01
3.740580976009368896e-01
3.740580976009368896e-01
3.740580976009368896e-01
3.740580976009368896e-01
3.740580976009368896e-01
3.740580976009368896e-01
3.740580976009368896e-01
3.740580976009368896e-01
3.740580976009368896e-01
3.740580976009368896e-01
3.740580976009368896e-01
3.740580976009368896e-01
3.740580976009368896e-01
3.740580976009368896e-01
3.740580976009368896e-01
3.740580976009368896e-01
3.740580976009368896e-01
4.025488719344139099e-02
3.740580976009368896e-01
3.740580976009368896e-01
3.740580976009368896e-01
3.740580976009368896e-01
3.740580976009368896e-01
3.740580976009368896e-01
3.740580976009368896e-01
3.740580976009368896e-01
3.740580976009368896e-01
3.740580976009368896e-01
3.740580976009368896e-01
3.740580976009368896e-01
3.740580976009368896e-01
3.740580976009368896e-01
3.740580976009368896e-01
1.255999654531478882e-01
3.740580976009368896e-01
3.740580976009368896e-01
3.740580976009368896e-01
3.740580976009368896e-01
3.740580976009368896e-01
3.740580976009368896e-01
3.740580976009368896e-01
3.740580976009368896e-01
3.740580976009368896e-01
3.740580976009368896e-01
3.740580976009368896e-01
3.740580976009368896e-01
2.563421428203582764e-01
3.740580976009368896e-01
3.740580976009368896e-01
3.740580976009368896e-01
3.740580976009368896e-01
3.740580976009368896e-01
3.740580976009368896e-01
3.740580976009368896e-01
2.037916630506515503e-01
3.740580976009368896e-01
3.740580976009368896e-01
3.740580976009368896e-01
3.740580976009368896e-01
