4.359830617904663086e-01
4.470322132110595703e-01
4.142091274261474609e-01
4.073936045169830322e-01
4.073936045169830322e-01
4.372531473636627197e-01
4.073936045169830322e-01
4.073936045169830322e-01
4.073936045169830322e-01
4.245378375053405762e-01
4.227408766746520996e-01
4.073936045169830322e-01
4.271524548530578613e-01
4.159539341926574707e-01
4.073936045169830322e-01
4.073936045169830322e-01
4.228862822055816650e-01
4.212540984153747559e-01
4.073936045169830322e-01
4.241338670253753662e-01
4.073936045169830322e-01
4.151858687400817871e-01
4.073936045169830322e-01
4.215448200702667236e-01
4.073936045169830322e-01
4.125064313411712646e-01
4.171475172042846680e-01
4.238288998603820801e-01
4.269226789474487305e-01
4.073936045169830322e-01
4.269947111606597900e-01
4.073936045169830322e-01
4.300112426280975342e-01
4.194740653038024902e-01
4.170962870121002197e-01
4.170005321502685547e-01
4.153318107128143311e-01
4.208848178386688232e-01
4.073936045169830322e-01
4.170626401901245117e-01
4.073936045169830322e-01
4.073936045169830322e-01
4.136072695255279541e-01
4.073936045169830322e-01
4.073936045169830322e-01
4.073936045169830322e-01
4.073936045169830322e-01
4.073936045169830322e-01
4.170657098293304443e-01
4.073936045169830322e-01
4.153632521629333496e-01
4.073936045169830322e-01
4.073936045169830322e-01
4.248801767826080322e-01
4.073936045169830322e-01
4.073936045169830322e-01
4.173838496208190918e-01
4.073936045169830322e-01
4.073936045169830322e-01
4.279150962829589844e-01
4.299817979335784912e-01
4.227926731109619141e-01
4.154304265975952148e-01
4.073936045169830322e-01
4.145375788211822510e-01
4.073936045169830322e-01
4.073936045169830322e-01
4.162482917308807373e-01
4.073936045169830322e-01
4.073936045169830322e-01
4.129880666732788086e-01
4.128638505935668945e-01
4.073936045169830322e-01
4.073936045169830322e-01
4.249158501625061035e-01
4.073936045169830322e-01
4.073936045169830322e-01
4.073936045169830322e-01
4.186426699161529541e-01
4.073936045169830322e-01
4.073936045169830322e-01
4.188871383666992188e-01
4.073936045169830322e-01
4.073936045169830322e-01
4.073936045169830322e-01
4.073936045169830322e-01
4.159411191940307617e-01
4.073936045169830322e-01
4.259443581104278564e-01
4.073936045169830322e-01
4.223637282848358154e-01
4.281212985515594482e-01
4.073936045169830322e-01
4.162357151508331299e-01
4.186625182628631592e-01
4.257409870624542236e-01
4.140639603137969971e-01
4.166286885738372803e-01
4.073936045169830322e-01
4.073936045169830322e-01
4.073936045169830322e-01
4.245040714740753174e-01
4.073936045169830322e-01
4.073936045169830322e-01
4.186438918113708496e-01
4.177612662315368652e-01
4.231847226619720459e-01
4.073936045169830322e-01
4.073936045169830322e-01
4.073936045169830322e-01
4.220103919506072998e-01
4.073936045169830322e-01
4.073936045169830322e-01
4.073936045169830322e-01
4.190907180309295654e-01
4.073936045169830322e-01
4.073936045169830322e-01
4.170492887496948242e-01
4.172455668449401855e-01
4.436388909816741943e-01
4.169759154319763184e-01
4.215145409107208252e-01
4.185345768928527832e-01
4.073936045169830322e-01
4.288717210292816162e-01
4.073936045169830322e-01
4.145859181880950928e-01
4.073936045169830322e-01
4.158439934253692627e-01
4.389102458953857422e-01
4.264108240604400635e-01
4.179539680480957031e-01
4.203253686428070068e-01
4.073936045169830322e-01
4.295663535594940186e-01
4.073936045169830322e-01
4.188128113746643066e-01
4.261629581451416016e-01
4.262524843215942383e-01
4.200462698936462402e-01
4.073936045169830322e-01
4.277364313602447510e-01
4.178095161914825439e-01
4.073936045169830322e-01
4.237429201602935791e-01
4.073936045169830322e-01
4.073936045169830322e-01
4.073936045169830322e-01
4.210892915725708008e-01
4.170695245265960693e-01
4.156800210475921631e-01
4.073936045169830322e-01
4.204239547252655029e-01
4.073936045169830322e-01
4.124502539634704590e-01
4.207299947738647461e-01
4.194439351558685303e-01
4.236643314361572266e-01
4.220054745674133301e-01
4.073936045169830322e-01
4.073936045169830322e-01
4.073936045169830322e-01
4.073936045169830322e-01
4.234889149665832520e-01
4.249804019927978516e-01
4.182126522064208984e-01
4.073936045169830322e-01
4.073936045169830322e-01
4.225789904594421387e-01
4.073936045169830322e-01
4.073936045169830322e-01
4.283044338226318359e-01
4.073936045169830322e-01
4.133966267108917236e-01
4.158945381641387939e-01
4.073936045169830322e-01
4.235642254352569580e-01
4.073936045169830322e-01
4.073936045169830322e-01
4.160447120666503906e-01
4.073936045169830322e-01
4.073936045169830322e-01
4.205440878868103027e-01
4.073936045169830322e-01
4.255409836769104004e-01
4.187211692333221436e-01
4.073936045169830322e-01
4.073936045169830322e-01
4.164796471595764160e-01
4.270698726177215576e-01
4.073936045169830322e-01
4.073936045169830322e-01
4.218825399875640869e-01
4.273873567581176758e-01
4.073936045169830322e-01
4.288655221462249756e-01
4.073936045169830322e-01
4.073936045169830322e-01
4.073936045169830322e-01
4.271833598613739014e-01
4.073936045169830322e-01
4.355692565441131592e-01
4.073936045169830322e-01
4.303838312625885010e-01
4.320122301578521729e-01
4.073936045169830322e-01
4.073936045169830322e-01
4.073936045169830322e-01
4.316042363643646240e-01
4.073936045169830322e-01
4.073936045169830322e-01
4.073936045169830322e-01
4.073936045169830322e-01
4.172638952732086182e-01
4.339013993740081787e-01
4.130237400531768799e-01
4.236629605293273926e-01
4.073936045169830322e-01
4.189667999744415283e-01
4.211151897907257080e-01
4.160476922988891602e-01
4.215125143527984619e-01
4.291419684886932373e-01
4.073936045169830322e-01
4.182994067668914795e-01
4.073936045169830322e-01
4.073936045169830322e-01
4.073936045169830322e-01
4.241834580898284912e-01
4.166296422481536865e-01
4.073936045169830322e-01
4.073936045169830322e-01
4.073936045169830322e-01
4.148537218570709229e-01
4.206683337688446045e-01
4.170778989791870117e-01
4.073936045169830322e-01
4.134781062602996826e-01
4.269337058067321777e-01
4.192675650119781494e-01
4.073936045169830322e-01
4.146932065486907959e-01
4.073936045169830322e-01
4.207094311714172363e-01
4.073936045169830322e-01
4.073936045169830322e-01
4.073936045169830322e-01
4.185000658035278320e-01
4.073936045169830322e-01
4.073936045169830322e-01
4.073936045169830322e-01
4.073936045169830322e-01
4.073936045169830322e-01
4.368679523468017578e-01
4.073936045169830322e-01
4.223386943340301514e-01
4.181187748908996582e-01
4.188401699066162109e-01
4.196387529373168945e-01
4.073936045169830322e-01
4.242691993713378906e-01
4.073936045169830322e-01
4.073936045169830322e-01
4.073936045169830322e-01
4.134631454944610596e-01
4.073936045169830322e-01
4.249675273895263672e-01
4.111993014812469482e-01
4.073936045169830322e-01
4.167091548442840576e-01
4.073936045169830322e-01
4.129538834095001221e-01
4.315482676029205322e-01
4.083346426486968994e-01
4.250525832176208496e-01
4.073936045169830322e-01
4.073936045169830322e-01
4.073936045169830322e-01
4.073936045169830322e-01
4.073936045169830322e-01
4.151377081871032715e-01
4.073936045169830322e-01
4.073936045169830322e-01
4.073936045169830322e-01
4.228445291519165039e-01
4.136449992656707764e-01
4.073936045169830322e-01
4.129538834095001221e-01
4.158725738525390625e-01
4.073936045169830322e-01
4.073936045169830322e-01
4.073936045169830322e-01
4.073936045169830322e-01
4.165563285350799561e-01
4.101098477840423584e-01
4.073936045169830322e-01
4.184291064739227295e-01
4.073936045169830322e-01
4.073936045169830322e-01
4.173043072223663330e-01
4.073936045169830322e-01
4.218400418758392334e-01
4.073936045169830322e-01
4.073936045169830322e-01
4.136005043983459473e-01
4.194485247135162354e-01
4.073936045169830322e-01
4.214652776718139648e-01
4.614167511463165283e-01
4.073936045169830322e-01
4.073936045169830322e-01
4.073936045169830322e-01
4.092417657375335693e-01
4.112280905246734619e-01
4.073936045169830322e-01
4.073936045169830322e-01
4.168668389320373535e-01
4.073936045169830322e-01
4.167284965515136719e-01
4.134368896484375000e-01
4.073936045169830322e-01
4.073936045169830322e-01
4.196451008319854736e-01
4.073936045169830322e-01
4.073936045169830322e-01
4.073936045169830322e-01
4.073936045169830322e-01
4.073936045169830322e-01
4.073936045169830322e-01
4.152646362781524658e-01
4.151637554168701172e-01
4.117984473705291748e-01
4.073936045169830322e-01
4.073936045169830322e-01
4.073936045169830322e-01
4.073936045169830322e-01
4.073936045169830322e-01
4.073936045169830322e-01
4.073936045169830322e-01
4.073936045169830322e-01
4.197754263877868652e-01
4.163253605365753174e-01
4.073936045169830322e-01
4.173877835273742676e-01
4.073936045169830322e-01
4.073936045169830322e-01
4.073936045169830322e-01
4.073936045169830322e-01
4.073936045169830322e-01
4.167278707027435303e-01
4.170614182949066162e-01
4.073936045169830322e-01
4.073936045169830322e-01
4.073936045169830322e-01
4.073936045169830322e-01
4.154898822307586670e-01
4.073936045169830322e-01
4.073936045169830322e-01
4.143475890159606934e-01
4.073936045169830322e-01
4.153633415699005127e-01
4.073936045169830322e-01
4.073936045169830322e-01
4.154391884803771973e-01
4.073936045169830322e-01
4.073936045169830322e-01
4.073936045169830322e-01
4.218556582927703857e-01
4.073936045169830322e-01
4.073936045169830322e-01
4.187421202659606934e-01
4.163107275962829590e-01
4.073936045169830322e-01
4.073936045169830322e-01
4.073936045169830322e-01
4.073936045169830322e-01
4.172852933406829834e-01
4.154298007488250732e-01
4.073936045169830322e-01
4.073936045169830322e-01
4.073936045169830322e-01
4.073936045169830322e-01
4.073936045169830322e-01
4.073936045169830322e-01
4.152631461620330811e-01
4.073936045169830322e-01
4.073936045169830322e-01
4.073936045169830322e-01
4.073936045169830322e-01
4.073936045169830322e-01
4.073936045169830322e-01
4.073936045169830322e-01
4.073936045169830322e-01
4.073936045169830322e-01
4.073936045169830322e-01
4.073936045169830322e-01
4.073936045169830322e-01
4.157108366489410400e-01
4.073936045169830322e-01
4.073936045169830322e-01
4.073936045169830322e-01
4.185588657855987549e-01
4.156401753425598145e-01
4.073936045169830322e-01
4.073936045169830322e-01
4.163473546504974365e-01
4.073936045169830322e-01
4.073936045169830322e-01
4.073936045169830322e-01
4.228678047657012939e-01
4.073936045169830322e-01
4.073936045169830322e-01
4.073936045169830322e-01
4.073936045169830322e-01
4.073936045169830322e-01
4.073936045169830322e-01
4.073936045169830322e-01
4.073936045169830322e-01
4.208459556102752686e-01
4.073936045169830322e-01
4.073936045169830322e-01
4.073936045169830322e-01
4.073936045169830322e-01
4.073936045169830322e-01
4.073936045169830322e-01
4.073936045169830322e-01
4.073936045169830322e-01
4.250034689903259277e-01
4.265469610691070557e-01
4.194519519805908203e-01
4.123766124248504639e-01
4.201734066009521484e-01
4.175013005733489990e-01
4.073936045169830322e-01
4.073936045169830322e-01
4.073936045169830322e-01
4.160322844982147217e-01
4.243888854980468750e-01
4.166607856750488281e-01
4.073936045169830322e-01
4.073936045169830322e-01
4.217973649501800537e-01
4.073936045169830322e-01
4.073936045169830322e-01
4.073936045169830322e-01
4.122486114501953125e-01
4.353872537612915039e-01
4.179230332374572754e-01
4.245977103710174561e-01
4.073936045169830322e-01
4.073936045169830322e-01
4.073936045169830322e-01
4.181022047996520996e-01
4.073936045169830322e-01
4.073936045169830322e-01
4.192959666252136230e-01
4.237820804119110107e-01
4.073936045169830322e-01
4.073936045169830322e-01
4.178261160850524902e-01
4.073936045169830322e-01
4.186274707317352295e-01
4.073936045169830322e-01
4.073936045169830322e-01
4.073936045169830322e-01
4.073936045169830322e-01
4.454307258129119873e-01
4.073936045169830322e-01
4.073936045169830322e-01
4.213187396526336670e-01
4.218018054962158203e-01
4.073936045169830322e-01
4.073936045169830322e-01
4.073936045169830322e-01
4.258732199668884277e-01
4.073936045169830322e-01
4.195519983768463135e-01
4.302599132061004639e-01
4.073936045169830322e-01
4.073936045169830322e-01
4.073936045169830322e-01
4.073936045169830322e-01
4.298011660575866699e-01
4.073936045169830322e-01
4.073936045169830322e-01
4.073936045169830322e-01
4.207757115364074707e-01
4.073936045169830322e-01
4.127056896686553955e-01
4.287202060222625732e-01
4.247593581676483154e-01
4.073936045169830322e-01
4.207220971584320068e-01
4.252438247203826904e-01
4.199872314929962158e-01
4.073936045169830322e-01
4.244221150875091553e-01
4.073936045169830322e-01
4.073936045169830322e-01
4.073936045169830322e-01
4.073936045169830322e-01
4.073936045169830322e-01
4.073936045169830322e-01
4.073936045169830322e-01
4.073936045169830322e-01
4.073936045169830322e-01
4.073936045169830322e-01
4.073936045169830322e-01
4.073936045169830322e-01
4.073936045169830322e-01
4.073936045169830322e-01
4.073936045169830322e-01
4.073936045169830322e-01
4.073936045169830322e-01
4.073936045169830322e-01
4.073936045169830322e-01
4.073936045169830322e-01
4.073936045169830322e-01
4.073936045169830322e-01
4.073936045169830322e-01
4.073936045169830322e-01
4.073936045169830322e-01
4.073936045169830322e-01
4.073936045169830322e-01
4.073936045169830322e-01
4.073936045169830322e-01
4.073936045169830322e-01
4.073936045169830322e-01
4.073936045169830322e-01
4.073936045169830322e-01
4.073936045169830322e-01
4.073936045169830322e-01
4.073936045169830322e-01
4.073936045169830322e-01
4.073936045169830322e-01
4.043172597885131836e-01
4.073936045169830322e-01
4.073936045169830322e-01
4.073936045169830322e-01
4.073936045169830322e-01
4.073936045169830322e-01
4.073936045169830322e-01
4.073936045169830322e-01
4.073936045169830322e-01
4.073936045169830322e-01
4.073936045169830322e-01
4.073936045169830322e-01
4.073936045169830322e-01
4.073936045169830322e-01
4.073936045169830322e-01
4.073936045169830322e-01
4.073936045169830322e-01
4.073936045169830322e-01
4.073936045169830322e-01
4.073936045169830322e-01
4.073936045169830322e-01
4.073936045169830322e-01
4.073936045169830322e-01
4.073936045169830322e-01
4.073936045169830322e-01
4.073936045169830322e-01
4.073936045169830322e-01
4.073936045169830322e-01
4.073936045169830322e-01
4.073936045169830322e-01
4.073936045169830322e-01
4.073936045169830322e-01
4.073936045169830322e-01
4.073936045169830322e-01
4.073936045169830322e-01
4.073936045169830322e-01
4.073936045169830322e-01
4.073936045169830322e-01
4.073936045169830322e-01
4.073936045169830322e-01
4.073936045169830322e-01
4.073936045169830322e-01
4.073936045169830322e-01
4.073936045169830322e-01
4.073936045169830322e-01
4.073936045169830322e-01
4.073936045169830322e-01
4.073936045169830322e-01
4.073936045169830322e-01
4.073936045169830322e-01
4.073936045169830322e-01
4.073936045169830322e-01
4.073936045169830322e-01
4.073936045169830322e-01
4.073936045169830322e-01
4.073936045169830322e-01
4.073936045169830322e-01
4.073936045169830322e-01
4.073936045169830322e-01
4.073936045169830322e-01
4.073936045169830322e-01
4.073936045169830322e-01
4.073936045169830322e-01
4.073936045169830322e-01
4.073936045169830322e-01
4.073936045169830322e-01
4.073936045169830322e-01
4.073936045169830322e-01
4.073936045169830322e-01
4.073936045169830322e-01
4.073936045169830322e-01
4.073936045169830322e-01
4.073936045169830322e-01
4.073936045169830322e-01
4.073936045169830322e-01
4.073936045169830322e-01
4.073936045169830322e-01
4.073936045169830322e-01
4.073936045169830322e-01
4.073936045169830322e-01
4.073936045169830322e-01
4.073936045169830322e-01
4.073936045169830322e-01
4.073936045169830322e-01
4.073936045169830322e-01
4.073936045169830322e-01
4.073936045169830322e-01
4.073936045169830322e-01
4.073936045169830322e-01
4.073936045169830322e-01
4.073936045169830322e-01
4.073936045169830322e-01
4.073936045169830322e-01
4.073936045169830322e-01
4.073936045169830322e-01
4.073936045169830322e-01
4.073936045169830322e-01
4.073936045169830322e-01
4.073936045169830322e-01
4.073936045169830322e-01
4.073936045169830322e-01
4.073936045169830322e-01
4.073936045169830322e-01
4.073936045169830322e-01
4.073936045169830322e-01
4.073936045169830322e-01
4.073936045169830322e-01
4.073936045169830322e-01
4.073936045169830322e-01
4.073936045169830322e-01
4.073936045169830322e-01
4.073936045169830322e-01
4.073936045169830322e-01
4.073936045169830322e-01
4.073936045169830322e-01
4.073936045169830322e-01
4.073936045169830322e-01
4.073936045169830322e-01
4.073936045169830322e-01
4.073936045169830322e-01
4.073936045169830322e-01
4.073936045169830322e-01
4.073936045169830322e-01
4.073936045169830322e-01
4.073936045169830322e-01
4.073936045169830322e-01
4.073936045169830322e-01
4.073936045169830322e-01
4.073936045169830322e-01
4.073936045169830322e-01
4.073936045169830322e-01
4.073936045169830322e-01
4.073936045169830322e-01
4.073936045169830322e-01
4.073936045169830322e-01
4.073936045169830322e-01
4.073936045169830322e-01
4.073936045169830322e-01
4.073936045169830322e-01
4.073936045169830322e-01
4.073936045169830322e-01
4.073936045169830322e-01
4.073936045169830322e-01
4.073936045169830322e-01
4.073936045169830322e-01
4.073936045169830322e-01
4.073936045169830322e-01
4.073936045169830322e-01
4.073936045169830322e-01
4.073936045169830322e-01
4.073936045169830322e-01
4.073936045169830322e-01
4.073936045169830322e-01
4.073936045169830322e-01
4.073936045169830322e-01
4.073936045169830322e-01
4.073936045169830322e-01
4.073936045169830322e-01
4.073936045169830322e-01
4.073936045169830322e-01
4.073936045169830322e-01
4.073936045169830322e-01
4.073936045169830322e-01
4.073936045169830322e-01
4.073936045169830322e-01
4.073936045169830322e-01
4.073936045169830322e-01
4.073936045169830322e-01
4.073936045169830322e-01
4.073936045169830322e-01
4.073936045169830322e-01
4.073936045169830322e-01
4.073936045169830322e-01
4.073936045169830322e-01
4.073936045169830322e-01
4.073936045169830322e-01
4.073936045169830322e-01
4.073936045169830322e-01
4.073936045169830322e-01
4.073936045169830322e-01
4.073936045169830322e-01
4.073936045169830322e-01
4.073936045169830322e-01
4.073936045169830322e-01
4.073936045169830322e-01
4.073936045169830322e-01
4.073936045169830322e-01
4.073936045169830322e-01
4.073936045169830322e-01
4.073936045169830322e-01
4.073936045169830322e-01
4.073936045169830322e-01
4.073936045169830322e-01
4.073936045169830322e-01
4.073936045169830322e-01
4.073936045169830322e-01
4.073936045169830322e-01
4.073936045169830322e-01
4.073936045169830322e-01
4.073936045169830322e-01
4.073936045169830322e-01
4.073936045169830322e-01
4.073936045169830322e-01
4.073936045169830322e-01
4.073936045169830322e-01
4.016133546829223633e-01
4.073936045169830322e-01
4.073936045169830322e-01
4.073936045169830322e-01
4.073936045169830322e-01
4.073936045169830322e-01
4.073936045169830322e-01
4.073936045169830322e-01
4.073936045169830322e-01
4.073936045169830322e-01
4.073936045169830322e-01
4.073936045169830322e-01
4.073936045169830322e-01
4.073936045169830322e-01
4.073936045169830322e-01
4.073936045169830322e-01
4.073936045169830322e-01
4.073936045169830322e-01
4.073936045169830322e-01
4.050638079643249512e-01
4.073936045169830322e-01
4.073936045169830322e-01
4.073936045169830322e-01
4.073936045169830322e-01
4.073936045169830322e-01
4.073936045169830322e-01
4.073936045169830322e-01
4.073936045169830322e-01
4.073936045169830322e-01
4.073936045169830322e-01
4.073936045169830322e-01
4.073936045169830322e-01
4.073936045169830322e-01
4.073936045169830322e-01
4.073936045169830322e-01
4.073936045169830322e-01
4.073936045169830322e-01
4.073936045169830322e-01
4.073936045169830322e-01
4.073936045169830322e-01
4.073936045169830322e-01
4.073936045169830322e-01
4.073936045169830322e-01
4.073936045169830322e-01
4.073936045169830322e-01
4.073936045169830322e-01
4.073936045169830322e-01
4.073936045169830322e-01
4.073936045169830322e-01
4.073936045169830322e-01
4.073936045169830322e-01
4.073936045169830322e-01
4.073936045169830322e-01
4.073936045169830322e-01
4.073936045169830322e-01
4.073936045169830322e-01
4.073936045169830322e-01
4.073936045169830322e-01
4.073936045169830322e-01
4.073936045169830322e-01
4.056652188301086426e-01
4.073936045169830322e-01
4.073936045169830322e-01
4.073936045169830322e-01
4.073936045169830322e-01
4.073936045169830322e-01
4.073936045169830322e-01
4.073936045169830322e-01
4.073936045169830322e-01
4.073936045169830322e-01
4.073936045169830322e-01
4.073936045169830322e-01
4.073936045169830322e-01
4.073936045169830322e-01
4.073936045169830322e-01
4.073936045169830322e-01
4.073936045169830322e-01
4.073936045169830322e-01
4.073936045169830322e-01
4.073936045169830322e-01
4.073936045169830322e-01
4.073936045169830322e-01
4.073936045169830322e-01
4.073936045169830322e-01
4.073936045169830322e-01
4.073936045169830322e-01
4.073936045169830322e-01
4.073936045169830322e-01
4.073936045169830322e-01
4.073936045169830322e-01
4.073936045169830322e-01
4.073936045169830322e-01
4.073936045169830322e-01
4.073936045169830322e-01
4.073936045169830322e-01
4.073936045169830322e-01
4.073936045169830322e-01
4.073936045169830322e-01
4.073936045169830322e-01
4.073936045169830322e-01
4.073936045169830322e-01
4.073936045169830322e-01
4.073936045169830322e-01
4.073936045169830322e-01
4.073936045169830322e-01
4.073936045169830322e-01
4.073936045169830322e-01
4.073936045169830322e-01
4.073936045169830322e-01
4.073936045169830322e-01
4.073936045169830322e-01
4.073936045169830322e-01
4.073936045169830322e-01
4.073936045169830322e-01
4.073936045169830322e-01
4.073936045169830322e-01
4.073936045169830322e-01
4.073936045169830322e-01
4.073936045169830322e-01
4.073936045169830322e-01
4.073936045169830322e-01
4.073936045169830322e-01
4.073936045169830322e-01
4.073936045169830322e-01
4.073936045169830322e-01
4.073936045169830322e-01
4.075531065464019775e-01
4.073936045169830322e-01
4.073936045169830322e-01
4.073936045169830322e-01
4.073936045169830322e-01
4.073936045169830322e-01
4.073936045169830322e-01
4.073936045169830322e-01
4.073936045169830322e-01
4.073936045169830322e-01
4.073936045169830322e-01
4.073936045169830322e-01
4.073936045169830322e-01
4.073936045169830322e-01
4.073936045169830322e-01
4.073936045169830322e-01
4.073936045169830322e-01
4.073936045169830322e-01
4.073936045169830322e-01
4.073936045169830322e-01
4.073936045169830322e-01
4.073936045169830322e-01
4.073936045169830322e-01
4.073936045169830322e-01
4.073936045169830322e-01
4.073936045169830322e-01
4.073936045169830322e-01
4.073936045169830322e-01
4.073936045169830322e-01
4.073936045169830322e-01
4.073936045169830322e-01
4.073936045169830322e-01
4.073936045169830322e-01
4.073936045169830322e-01
4.073936045169830322e-01
4.073936045169830322e-01
4.073936045169830322e-01
4.073936045169830322e-01
4.073936045169830322e-01
4.073936045169830322e-01
4.073936045169830322e-01
4.073936045169830322e-01
4.073936045169830322e-01
4.073936045169830322e-01
4.073936045169830322e-01
4.073936045169830322e-01
4.073936045169830322e-01
4.073936045169830322e-01
4.073936045169830322e-01
4.073936045169830322e-01
4.073936045169830322e-01
4.073936045169830322e-01
4.073936045169830322e-01
4.073936045169830322e-01
4.073936045169830322e-01
4.073936045169830322e-01
4.073936045169830322e-01
4.073936045169830322e-01
4.073936045169830322e-01
4.073936045169830322e-01
4.081497788429260254e-01
4.073936045169830322e-01
4.061501920223236084e-01
4.073936045169830322e-01
4.073936045169830322e-01
4.073936045169830322e-01
4.073936045169830322e-01
4.073936045169830322e-01
4.073936045169830322e-01
4.073936045169830322e-01
4.073936045169830322e-01
4.073936045169830322e-01
4.073936045169830322e-01
4.073936045169830322e-01
4.073936045169830322e-01
4.073936045169830322e-01
4.073936045169830322e-01
4.073936045169830322e-01
4.073936045169830322e-01
4.073936045169830322e-01
4.073936045169830322e-01
4.073936045169830322e-01
4.073936045169830322e-01
4.073936045169830322e-01
4.073936045169830322e-01
4.104964435100555420e-01
4.073936045169830322e-01
4.073936045169830322e-01
4.073936045169830322e-01
4.073936045169830322e-01
4.145535826683044434e-01
4.073936045169830322e-01
4.073936045169830322e-01
4.073936045169830322e-01
4.073936045169830322e-01
4.073936045169830322e-01
4.073936045169830322e-01
4.073936045169830322e-01
4.073936045169830322e-01
4.073936045169830322e-01
4.073936045169830322e-01
4.073936045169830322e-01
4.073936045169830322e-01
4.073936045169830322e-01
4.073936045169830322e-01
4.073936045169830322e-01
4.073936045169830322e-01
4.073936045169830322e-01
4.073936045169830322e-01
4.073936045169830322e-01
4.073936045169830322e-01
4.073936045169830322e-01
4.073936045169830322e-01
4.073936045169830322e-01
4.073936045169830322e-01
4.073936045169830322e-01
4.073936045169830322e-01
4.073936045169830322e-01
4.073936045169830322e-01
4.073936045169830322e-01
4.073936045169830322e-01
4.073936045169830322e-01
4.073936045169830322e-01
4.073936045169830322e-01
4.073936045169830322e-01
4.073936045169830322e-01
4.073936045169830322e-01
4.073936045169830322e-01
4.073936045169830322e-01
4.073936045169830322e-01
4.073936045169830322e-01
4.073936045169830322e-01
4.073936045169830322e-01
