8.017320036888122559e-01
8.017320036888122559e-01
8.017320036888122559e-01
8.017320036888122559e-01
8.017320036888122559e-01
8.017241358757019043e-01
8.017320036888122559e-01
8.017320036888122559e-01
8.017320036888122559e-01
8.017320036888122559e-01
7.538861632347106934e-01
8.017320036888122559e-01
8.017320036888122559e-01
8.017320036888122559e-01
8.017320036888122559e-01
8.017320036888122559e-01
8.017320036888122559e-01
8.017320036888122559e-01
7.907632589340209961e-01
8.017320036888122559e-01
8.017320036888122559e-01
8.017320036888122559e-01
8.017320036888122559e-01
8.017320036888122559e-01
8.017320036888122559e-01
8.017320036888122559e-01
8.017320036888122559e-01
8.017320036888122559e-01
8.017320036888122559e-01
8.017320036888122559e-01
8.017320036888122559e-01
8.004891872406005859e-01
7.996596693992614746e-01
5.805621147155761719e-01
8.017320036888122559e-01
8.017320036888122559e-01
8.017320036888122559e-01
8.017320036888122559e-01
8.017320036888122559e-01
8.017320036888122559e-01
8.017320036888122559e-01
8.017320036888122559e-01
8.017320036888122559e-01
8.017134070396423340e-01
8.017320036888122559e-01
8.017320036888122559e-01
8.017320036888122559e-01
8.017320036888122559e-01
4.059351682662963867e-01
8.017320036888122559e-01
8.017320036888122559e-01
8.017320036888122559e-01
8.017320036888122559e-01
4.059351682662963867e-01
8.017320036888122559e-01
8.017320036888122559e-01
8.017320036888122559e-01
8.017320036888122559e-01
8.017320036888122559e-01
8.017320036888122559e-01
8.017320036888122559e-01
8.017320036888122559e-01
8.017320036888122559e-01
8.017320036888122559e-01
8.017320036888122559e-01
4.059351682662963867e-01
8.017320036888122559e-01
8.017320036888122559e-01
8.017320036888122559e-01
8.017320036888122559e-01
8.017320036888122559e-01
8.017320036888122559e-01
8.017320036888122559e-01
8.017320036888122559e-01
8.017320036888122559e-01
4.059351682662963867e-01
4.059351682662963867e-01
4.059351682662963867e-01
4.059351682662963867e-01
4.059351682662963867e-01
4.059351682662963867e-01
4.059351682662963867e-01
4.059351682662963867e-01
4.059351682662963867e-01
4.059351682662963867e-01
4.059351682662963867e-01
4.059351682662963867e-01
4.059351682662963867e-01
4.059351682662963867e-01
4.059351682662963867e-01
4.059351682662963867e-01
4.059351682662963867e-01
4.059351682662963867e-01
4.059351682662963867e-01
4.059351682662963867e-01
4.059351682662963867e-01
4.059351682662963867e-01
4.059351682662963867e-01
4.059351682662963867e-01
4.059351682662963867e-01
4.059351682662963867e-01
4.059351682662963867e-01
4.059351682662963867e-01
4.059351682662963867e-01
4.059351682662963867e-01
4.059351682662963867e-01
4.059351682662963867e-01
4.059351682662963867e-01
4.059351682662963867e-01
4.059351682662963867e-01
4.059351682662963867e-01
4.059351682662963867e-01
4.059351682662963867e-01
4.059351682662963867e-01
4.059351682662963867e-01
4.059351682662963867e-01
4.059351682662963867e-01
4.059351682662963867e-01
4.059351682662963867e-01
4.059351682662963867e-01
4.059351682662963867e-01
4.059351682662963867e-01
4.059351682662963867e-01
4.059351682662963867e-01
4.059351682662963867e-01
4.059351682662963867e-01
4.059351682662963867e-01
4.059351682662963867e-01
4.059351682662963867e-01
4.059351682662963867e-01
4.059351682662963867e-01
4.059351682662963867e-01
4.059351682662963867e-01
4.059351682662963867e-01
4.059351682662963867e-01
4.059351682662963867e-01
4.059351682662963867e-01
4.059351682662963867e-01
4.059351682662963867e-01
4.059351682662963867e-01
4.059351682662963867e-01
4.059351682662963867e-01
4.059351682662963867e-01
4.059351682662963867e-01
4.059351682662963867e-01
4.059351682662963867e-01
4.059351682662963867e-01
4.059351682662963867e-01
4.059351682662963867e-01
4.059351682662963867e-01
4.059351682662963867e-01
4.059351682662963867e-01
4.059351682662963867e-01
4.059351682662963867e-01
4.059351682662963867e-01
4.059351682662963867e-01
4.059351682662963867e-01
4.059351682662963867e-01
4.059351682662963867e-01
4.059351682662963867e-01
4.059351682662963867e-01
4.059351682662963867e-01
4.059351682662963867e-01
4.059351682662963867e-01
4.059351682662963867e-01
4.059351682662963867e-01
4.059351682662963867e-01
4.059351682662963867e-01
4.059351682662963867e-01
4.059351682662963867e-01
4.059351682662963867e-01
4.059351682662963867e-01
4.059351682662963867e-01
4.059351682662963867e-01
4.059351682662963867e-01
4.059351682662963867e-01
4.059351682662963867e-01
4.059351682662963867e-01
4.059351682662963867e-01
4.059351682662963867e-01
4.059351682662963867e-01
4.059351682662963867e-01
4.059351682662963867e-01
4.059351682662963867e-01
4.059351682662963867e-01
4.059351682662963867e-01
4.059351682662963867e-01
4.059351682662963867e-01
4.059351682662963867e-01
4.059351682662963867e-01
4.059351682662963867e-01
4.059351682662963867e-01
4.059351682662963867e-01
4.059351682662963867e-01
4.059351682662963867e-01
4.059351682662963867e-01
4.059351682662963867e-01
4.059351682662963867e-01
4.059351682662963867e-01
4.059351682662963867e-01
4.059351682662963867e-01
4.059351682662963867e-01
4.059351682662963867e-01
4.059351682662963867e-01
4.059351682662963867e-01
4.059351682662963867e-01
4.059351682662963867e-01
4.059351682662963867e-01
4.059351682662963867e-01
4.059351682662963867e-01
4.059351682662963867e-01
4.059351682662963867e-01
4.059351682662963867e-01
4.059351682662963867e-01
4.059351682662963867e-01
4.059351682662963867e-01
4.059351682662963867e-01
4.059351682662963867e-01
4.059351682662963867e-01
4.059351682662963867e-01
4.059351682662963867e-01
4.059351682662963867e-01
4.059351682662963867e-01
4.059351682662963867e-01
4.059351682662963867e-01
4.059351682662963867e-01
4.059351682662963867e-01
4.059351682662963867e-01
4.059351682662963867e-01
4.059351682662963867e-01
4.059351682662963867e-01
4.059351682662963867e-01
4.059351682662963867e-01
4.059351682662963867e-01
4.059351682662963867e-01
4.059351682662963867e-01
4.059351682662963867e-01
4.059351682662963867e-01
4.059351682662963867e-01
4.059351682662963867e-01
4.059351682662963867e-01
4.059351682662963867e-01
4.059351682662963867e-01
4.059351682662963867e-01
4.059351682662963867e-01
4.059351682662963867e-01
8.017320036888122559e-01
8.017320036888122559e-01
8.017320036888122559e-01
4.059351682662963867e-01
4.059351682662963867e-01
8.017320036888122559e-01
6.111538410186767578e-01
8.017320036888122559e-01
4.059351682662963867e-01
8.017320036888122559e-01
8.017320036888122559e-01
6.111538410186767578e-01
8.017320036888122559e-01
8.017320036888122559e-01
8.017320036888122559e-01
8.017320036888122559e-01
4.059351682662963867e-01
4.059351682662963867e-01
4.059351682662963867e-01
8.017320036888122559e-01
8.017320036888122559e-01
8.017320036888122559e-01
4.059351682662963867e-01
8.017320036888122559e-01
8.017320036888122559e-01
8.017320036888122559e-01
4.059351682662963867e-01
7.584816217422485352e-01
8.017320036888122559e-01
8.017320036888122559e-01
8.017320036888122559e-01
8.017320036888122559e-01
8.017320036888122559e-01
8.017320036888122559e-01
8.017320036888122559e-01
8.017320036888122559e-01
4.059351682662963867e-01
4.059351682662963867e-01
4.059351682662963867e-01
8.017320036888122559e-01
8.017320036888122559e-01
8.017320036888122559e-01
8.017320036888122559e-01
8.017320036888122559e-01
8.017320036888122559e-01
8.017320036888122559e-01
4.059351682662963867e-01
4.059351682662963867e-01
8.017320036888122559e-01
8.017320036888122559e-01
8.017320036888122559e-01
8.017320036888122559e-01
8.017320036888122559e-01
8.017320036888122559e-01
8.017320036888122559e-01
8.017320036888122559e-01
8.017320036888122559e-01
4.059351682662963867e-01
4.059351682662963867e-01
8.017320036888122559e-01
6.111538410186767578e-01
4.059351682662963867e-01
8.017320036888122559e-01
8.017320036888122559e-01
4.059351682662963867e-01
8.014404773712158203e-01
4.059351682662963867e-01
8.017320036888122559e-01
8.017320036888122559e-01
8.017320036888122559e-01
4.059351682662963867e-01
8.017320036888122559e-01
8.017320036888122559e-01
4.059351682662963867e-01
4.059351682662963867e-01
8.017320036888122559e-01
4.059351682662963867e-01
7.612081170082092285e-01
4.059351682662963867e-01
4.059351682662963867e-01
8.017320036888122559e-01
4.059351682662963867e-01
4.059351682662963867e-01
8.017320036888122559e-01
4.059351682662963867e-01
4.059351682662963867e-01
4.059351682662963867e-01
4.059351682662963867e-01
4.059351682662963867e-01
8.017320036888122559e-01
8.017320036888122559e-01
4.059351682662963867e-01
4.059351682662963867e-01
4.059351682662963867e-01
8.017320036888122559e-01
4.059351682662963867e-01
4.059351682662963867e-01
8.017320036888122559e-01
4.059351682662963867e-01
4.059351682662963867e-01
4.059351682662963867e-01
8.017320036888122559e-01
8.017320036888122559e-01
4.059351682662963867e-01
8.017320036888122559e-01
4.059351682662963867e-01
8.017320036888122559e-01
4.059351682662963867e-01
4.059351682662963867e-01
4.059351682662963867e-01
4.059351682662963867e-01
4.059351682662963867e-01
8.017320036888122559e-01
4.059351682662963867e-01
4.059351682662963867e-01
4.059351682662963867e-01
4.059351682662963867e-01
4.059351682662963867e-01
4.059351682662963867e-01
4.059351682662963867e-01
4.059351682662963867e-01
4.059351682662963867e-01
4.059351682662963867e-01
4.059351682662963867e-01
4.059351682662963867e-01
4.059351682662963867e-01
4.059351682662963867e-01
4.059351682662963867e-01
4.059351682662963867e-01
4.059351682662963867e-01
4.059351682662963867e-01
4.059351682662963867e-01
4.059351682662963867e-01
4.059351682662963867e-01
4.059351682662963867e-01
4.059351682662963867e-01
4.059351682662963867e-01
4.059351682662963867e-01
4.059351682662963867e-01
4.059351682662963867e-01
4.059351682662963867e-01
4.059351682662963867e-01
4.059351682662963867e-01
4.059351682662963867e-01
4.059351682662963867e-01
4.059351682662963867e-01
4.059351682662963867e-01
4.059351682662963867e-01
4.059351682662963867e-01
4.059351682662963867e-01
4.059351682662963867e-01
4.059351682662963867e-01
4.059351682662963867e-01
4.059351682662963867e-01
4.059351682662963867e-01
4.059351682662963867e-01
4.059351682662963867e-01
4.059351682662963867e-01
4.059351682662963867e-01
4.059351682662963867e-01
4.059351682662963867e-01
4.059351682662963867e-01
4.059351682662963867e-01
4.059351682662963867e-01
4.059351682662963867e-01
4.059351682662963867e-01
4.059351682662963867e-01
4.059351682662963867e-01
4.059351682662963867e-01
4.059351682662963867e-01
4.059351682662963867e-01
4.059351682662963867e-01
4.059351682662963867e-01
4.059351682662963867e-01
4.059351682662963867e-01
4.059351682662963867e-01
4.059351682662963867e-01
4.059351682662963867e-01
4.059351682662963867e-01
4.059351682662963867e-01
8.017320036888122559e-01
8.017320036888122559e-01
8.017274141311645508e-01
4.059351682662963867e-01
8.017320036888122559e-01
8.017320036888122559e-01
8.017320036888122559e-01
8.017320036888122559e-01
8.017320036888122559e-01
8.017320036888122559e-01
8.017312884330749512e-01
8.017320036888122559e-01
8.017320036888122559e-01
8.017320036888122559e-01
8.017320036888122559e-01
8.017320036888122559e-01
8.017320036888122559e-01
8.017320036888122559e-01
6.408612132072448730e-01
8.017320036888122559e-01
8.017320036888122559e-01
8.017320036888122559e-01
8.017320036888122559e-01
8.017320036888122559e-01
8.017320036888122559e-01
8.017320036888122559e-01
8.017320036888122559e-01
4.059351682662963867e-01
8.017320036888122559e-01
8.017320036888122559e-01
8.017153739929199219e-01
8.017320036888122559e-01
8.017320036888122559e-01
8.017320036888122559e-01
8.017320036888122559e-01
8.017320036888122559e-01
8.017320036888122559e-01
8.017141222953796387e-01
8.017320036888122559e-01
8.017320036888122559e-01
6.198089122772216797e-01
8.017320036888122559e-01
8.017320036888122559e-01
8.017320036888122559e-01
4.059351682662963867e-01
7.753801941871643066e-01
8.017320036888122559e-01
8.017320036888122559e-01
8.017320036888122559e-01
8.017320036888122559e-01
8.017320036888122559e-01
8.017320036888122559e-01
8.017320036888122559e-01
4.059351682662963867e-01
8.017320036888122559e-01
8.017320036888122559e-01
8.017320036888122559e-01
8.017320036888122559e-01
8.017320036888122559e-01
8.017320036888122559e-01
8.017320036888122559e-01
8.017320036888122559e-01
8.017320036888122559e-01
7.692713141441345215e-01
7.573384046554565430e-01
8.017320036888122559e-01
8.017320036888122559e-01
8.017320036888122559e-01
4.059351682662963867e-01
8.017320036888122559e-01
4.059351682662963867e-01
8.017320036888122559e-01
8.017320036888122559e-01
8.000842928886413574e-01
4.059351682662963867e-01
4.059351682662963867e-01
4.059351682662963867e-01
7.975942492485046387e-01
4.059351682662963867e-01
4.059351682662963867e-01
7.666860222816467285e-01
4.059351682662963867e-01
4.059351682662963867e-01
8.006775379180908203e-01
4.059351682662963867e-01
4.059351682662963867e-01
8.016854524612426758e-01
4.059351682662963867e-01
4.059351682662963867e-01
4.059351682662963867e-01
4.059351682662963867e-01
6.391945481300354004e-01
7.992103695869445801e-01
4.059351682662963867e-01
4.059351682662963867e-01
4.059351682662963867e-01
4.059351682662963867e-01
4.059351682662963867e-01
4.059351682662963867e-01
6.218960881233215332e-01
4.059351682662963867e-01
4.059351682662963867e-01
4.059351682662963867e-01
4.059351682662963867e-01
7.975598573684692383e-01
4.059351682662963867e-01
4.059351682662963867e-01
4.059351682662963867e-01
4.059351682662963867e-01
8.017320036888122559e-01
8.005533814430236816e-01
8.017153143882751465e-01
8.011589646339416504e-01
4.059351682662963867e-01
8.017320036888122559e-01
4.059351682662963867e-01
4.059351682662963867e-01
8.016474246978759766e-01
6.140126585960388184e-01
4.059351682662963867e-01
4.059351682662963867e-01
4.059351682662963867e-01
4.059351682662963867e-01
4.059351682662963867e-01
4.059351682662963867e-01
6.382809877395629883e-01
8.004392981529235840e-01
4.059351682662963867e-01
4.059351682662963867e-01
4.059351682662963867e-01
7.941044569015502930e-01
4.059351682662963867e-01
4.059351682662963867e-01
6.760883331298828125e-01
7.694497108459472656e-01
4.059351682662963867e-01
4.059351682662963867e-01
4.059351682662963867e-01
7.904384136199951172e-01
4.059351682662963867e-01
4.059351682662963867e-01
8.015427589416503906e-01
4.059351682662963867e-01
4.059351682662963867e-01
8.009534478187561035e-01
4.059351682662963867e-01
4.059351682662963867e-01
4.059351682662963867e-01
6.855287551879882812e-01
4.059351682662963867e-01
4.059351682662963867e-01
4.059351682662963867e-01
4.059351682662963867e-01
4.059351682662963867e-01
4.059351682662963867e-01
4.059351682662963867e-01
4.059351682662963867e-01
4.059351682662963867e-01
4.059351682662963867e-01
4.059351682662963867e-01
4.059351682662963867e-01
4.059351682662963867e-01
4.059351682662963867e-01
4.059351682662963867e-01
4.059351682662963867e-01
4.059351682662963867e-01
4.059351682662963867e-01
4.059351682662963867e-01
4.059351682662963867e-01
4.059351682662963867e-01
4.059351682662963867e-01
4.059351682662963867e-01
4.059351682662963867e-01
4.059351682662963867e-01
4.059351682662963867e-01
4.059351682662963867e-01
4.059351682662963867e-01
4.059351682662963867e-01
4.059351682662963867e-01
4.059351682662963867e-01
4.059351682662963867e-01
4.059351682662963867e-01
4.059351682662963867e-01
4.059351682662963867e-01
4.059351682662963867e-01
4.059351682662963867e-01
4.059351682662963867e-01
4.059351682662963867e-01
4.059351682662963867e-01
4.059351682662963867e-01
4.059351682662963867e-01
4.059351682662963867e-01
4.059351682662963867e-01
4.059351682662963867e-01
4.059351682662963867e-01
4.059351682662963867e-01
4.059351682662963867e-01
4.059351682662963867e-01
4.059351682662963867e-01
4.059351682662963867e-01
4.059351682662963867e-01
4.059351682662963867e-01
4.059351682662963867e-01
4.059351682662963867e-01
4.059351682662963867e-01
4.059351682662963867e-01
4.059351682662963867e-01
4.059351682662963867e-01
4.059351682662963867e-01
4.059351682662963867e-01
4.059351682662963867e-01
4.059351682662963867e-01
4.059351682662963867e-01
4.059351682662963867e-01
4.059351682662963867e-01
4.059351682662963867e-01
4.059351682662963867e-01
4.059351682662963867e-01
4.059351682662963867e-01
4.059351682662963867e-01
4.059351682662963867e-01
4.059351682662963867e-01
4.059351682662963867e-01
4.059351682662963867e-01
4.059351682662963867e-01
4.059351682662963867e-01
4.059351682662963867e-01
4.059351682662963867e-01
4.059351682662963867e-01
4.059351682662963867e-01
4.059351682662963867e-01
4.059351682662963867e-01
4.059351682662963867e-01
4.059351682662963867e-01
4.059351682662963867e-01
4.059351682662963867e-01
4.059351682662963867e-01
4.059351682662963867e-01
4.059351682662963867e-01
4.059351682662963867e-01
4.059351682662963867e-01
4.059351682662963867e-01
4.059351682662963867e-01
4.059351682662963867e-01
4.059351682662963867e-01
4.059351682662963867e-01
4.059351682662963867e-01
4.059351682662963867e-01
4.059351682662963867e-01
4.059351682662963867e-01
4.059351682662963867e-01
4.059351682662963867e-01
4.059351682662963867e-01
4.059351682662963867e-01
4.059351682662963867e-01
4.059351682662963867e-01
4.059351682662963867e-01
4.059351682662963867e-01
4.059351682662963867e-01
4.059351682662963867e-01
4.059351682662963867e-01
4.059351682662963867e-01
4.059351682662963867e-01
4.059351682662963867e-01
4.059351682662963867e-01
4.059351682662963867e-01
4.059351682662963867e-01
4.059351682662963867e-01
4.059351682662963867e-01
4.059351682662963867e-01
4.059351682662963867e-01
4.059351682662963867e-01
4.059351682662963867e-01
4.059351682662963867e-01
4.059351682662963867e-01
4.059351682662963867e-01
4.059351682662963867e-01
4.059351682662963867e-01
4.059351682662963867e-01
4.059351682662963867e-01
4.059351682662963867e-01
4.059351682662963867e-01
4.059351682662963867e-01
4.059351682662963867e-01
4.059351682662963867e-01
4.059351682662963867e-01
4.059351682662963867e-01
4.059351682662963867e-01
4.059351682662963867e-01
4.059351682662963867e-01
4.059351682662963867e-01
4.059351682662963867e-01
4.059351682662963867e-01
4.059351682662963867e-01
4.059351682662963867e-01
4.059351682662963867e-01
4.059351682662963867e-01
4.059351682662963867e-01
4.059351682662963867e-01
4.059351682662963867e-01
4.059351682662963867e-01
4.059351682662963867e-01
4.059351682662963867e-01
4.059351682662963867e-01
4.059351682662963867e-01
4.059351682662963867e-01
4.059351682662963867e-01
4.059351682662963867e-01
4.059351682662963867e-01
4.059351682662963867e-01
4.059351682662963867e-01
4.059351682662963867e-01
4.059351682662963867e-01
4.059351682662963867e-01
4.059351682662963867e-01
4.059351682662963867e-01
4.059351682662963867e-01
4.059351682662963867e-01
4.059351682662963867e-01
4.059351682662963867e-01
4.059351682662963867e-01
4.059351682662963867e-01
4.059351682662963867e-01
4.059351682662963867e-01
4.059351682662963867e-01
4.059351682662963867e-01
4.059351682662963867e-01
4.059351682662963867e-01
4.059351682662963867e-01
4.059351682662963867e-01
6.111538410186767578e-01
4.059351682662963867e-01
4.059351682662963867e-01
4.059351682662963867e-01
7.892729640007019043e-01
4.059351682662963867e-01
4.059351682662963867e-01
4.059351682662963867e-01
4.059351682662963867e-01
4.059351682662963867e-01
4.059351682662963867e-01
4.059351682662963867e-01
4.059351682662963867e-01
4.059351682662963867e-01
4.059351682662963867e-01
4.059351682662963867e-01
4.059351682662963867e-01
4.059351682662963867e-01
6.111538410186767578e-01
4.059351682662963867e-01
4.059351682662963867e-01
4.059351682662963867e-01
4.059351682662963867e-01
4.059351682662963867e-01
4.059351682662963867e-01
4.059351682662963867e-01
4.059351682662963867e-01
4.059351682662963867e-01
4.059351682662963867e-01
4.059351682662963867e-01
4.059351682662963867e-01
4.059351682662963867e-01
4.059351682662963867e-01
4.059351682662963867e-01
4.059351682662963867e-01
4.059351682662963867e-01
4.059351682662963867e-01
4.059351682662963867e-01
4.059351682662963867e-01
4.059351682662963867e-01
4.059351682662963867e-01
4.059351682662963867e-01
4.059351682662963867e-01
4.059351682662963867e-01
4.059351682662963867e-01
4.059351682662963867e-01
4.059351682662963867e-01
4.059351682662963867e-01
4.059351682662963867e-01
4.059351682662963867e-01
4.059351682662963867e-01
4.059351682662963867e-01
4.059351682662963867e-01
4.059351682662963867e-01
4.059351682662963867e-01
4.059351682662963867e-01
4.059351682662963867e-01
4.059351682662963867e-01
4.059351682662963867e-01
4.059351682662963867e-01
4.059351682662963867e-01
4.059351682662963867e-01
4.059351682662963867e-01
4.059351682662963867e-01
4.059351682662963867e-01
4.059351682662963867e-01
4.059351682662963867e-01
4.059351682662963867e-01
4.059351682662963867e-01
4.059351682662963867e-01
4.059351682662963867e-01
4.059351682662963867e-01
4.059351682662963867e-01
4.059351682662963867e-01
4.059351682662963867e-01
4.059351682662963867e-01
4.059351682662963867e-01
4.059351682662963867e-01
4.059351682662963867e-01
4.059351682662963867e-01
4.059351682662963867e-01
4.059351682662963867e-01
4.059351682662963867e-01
4.059351682662963867e-01
4.059351682662963867e-01
4.059351682662963867e-01
7.612081170082092285e-01
4.059351682662963867e-01
4.059351682662963867e-01
4.059351682662963867e-01
4.059351682662963867e-01
4.059351682662963867e-01
4.059351682662963867e-01
4.059351682662963867e-01
4.059351682662963867e-01
4.059351682662963867e-01
4.059351682662963867e-01
4.059351682662963867e-01
4.059351682662963867e-01
4.059351682662963867e-01
4.059351682662963867e-01
4.059351682662963867e-01
4.059351682662963867e-01
4.059351682662963867e-01
4.059351682662963867e-01
4.059351682662963867e-01
4.059351682662963867e-01
4.059351682662963867e-01
4.059351682662963867e-01
4.059351682662963867e-01
4.059351682662963867e-01
4.059351682662963867e-01
4.059351682662963867e-01
4.059351682662963867e-01
4.059351682662963867e-01
4.059351682662963867e-01
4.059351682662963867e-01
4.059351682662963867e-01
4.059351682662963867e-01
4.059351682662963867e-01
4.059351682662963867e-01
4.059351682662963867e-01
4.059351682662963867e-01
4.059351682662963867e-01
4.059351682662963867e-01
4.059351682662963867e-01
4.059351682662963867e-01
4.059351682662963867e-01
4.059351682662963867e-01
4.059351682662963867e-01
4.059351682662963867e-01
4.059351682662963867e-01
4.059351682662963867e-01
4.059351682662963867e-01
4.059351682662963867e-01
4.059351682662963867e-01
4.059351682662963867e-01
4.059351682662963867e-01
4.059351682662963867e-01
4.059351682662963867e-01
4.059351682662963867e-01
4.059351682662963867e-01
4.059351682662963867e-01
4.059351682662963867e-01
4.059351682662963867e-01
4.059351682662963867e-01
4.059351682662963867e-01
4.059351682662963867e-01
4.059351682662963867e-01
4.059351682662963867e-01
4.059351682662963867e-01
4.059351682662963867e-01
4.059351682662963867e-01
4.059351682662963867e-01
4.059351682662963867e-01
4.059351682662963867e-01
4.059351682662963867e-01
4.059351682662963867e-01
4.059351682662963867e-01
4.059351682662963867e-01
4.059351682662963867e-01
4.059351682662963867e-01
4.059351682662963867e-01
4.059351682662963867e-01
4.059351682662963867e-01
4.059351682662963867e-01
4.059351682662963867e-01
4.059351682662963867e-01
4.059351682662963867e-01
4.059351682662963867e-01
4.059351682662963867e-01
4.059351682662963867e-01
7.911946177482604980e-01
4.059351682662963867e-01
4.059351682662963867e-01
4.059351682662963867e-01
4.059351682662963867e-01
4.059351682662963867e-01
4.059351682662963867e-01
4.059351682662963867e-01
4.059351682662963867e-01
4.059351682662963867e-01
6.044461131095886230e-01
4.059351682662963867e-01
4.059351682662963867e-01
8.001295924186706543e-01
4.059351682662963867e-01
4.059351682662963867e-01
7.693566083908081055e-01
7.619493007659912109e-01
8.017320036888122559e-01
4.059351682662963867e-01
4.059351682662963867e-01
4.059351682662963867e-01
4.059351682662963867e-01
8.017320036888122559e-01
6.492138504981994629e-01
4.059351682662963867e-01
4.059351682662963867e-01
4.059351682662963867e-01
6.492138504981994629e-01
4.059351682662963867e-01
4.059351682662963867e-01
4.059351682662963867e-01
4.059351682662963867e-01
4.059351682662963867e-01
4.059351682662963867e-01
4.059351682662963867e-01
7.927488684654235840e-01
6.198089122772216797e-01
4.059351682662963867e-01
7.619493007659912109e-01
6.408612132072448730e-01
4.059351682662963867e-01
4.059351682662963867e-01
4.059351682662963867e-01
4.059351682662963867e-01
4.059351682662963867e-01
4.059351682662963867e-01
4.059351682662963867e-01
4.059351682662963867e-01
4.059351682662963867e-01
4.059351682662963867e-01
6.198089122772216797e-01
4.059351682662963867e-01
4.059351682662963867e-01
4.059351682662963867e-01
6.198089122772216797e-01
4.059351682662963867e-01
4.059351682662963867e-01
7.687442302703857422e-01
4.059351682662963867e-01
4.059351682662963867e-01
4.059351682662963867e-01
4.059351682662963867e-01
4.059351682662963867e-01
6.074337959289550781e-01
4.059351682662963867e-01
4.059351682662963867e-01
4.059351682662963867e-01
4.059351682662963867e-01
4.059351682662963867e-01
4.059351682662963867e-01
