8.160626292228698730e-01
5.151070356369018555e-01
8.458641171455383301e-01
8.180705904960632324e-01
7.784413695335388184e-01
7.587339282035827637e-01
9.034163951873779297e-01
7.741750478744506836e-01
8.852554559707641602e-01
9.741390943527221680e-01
7.985433340072631836e-01
3.837153017520904541e-01
7.043798565864562988e-01
9.388648271560668945e-01
9.434419274330139160e-01
7.802832722663879395e-01
9.228515625000000000e-01
4.648220241069793701e-01
4.948214590549468994e-01
9.053683280944824219e-01
9.066132903099060059e-01
8.503403067588806152e-01
9.563471078872680664e-01
8.643530011177062988e-01
6.753926277160644531e-01
6.646082997322082520e-01
4.182308018207550049e-01
9.247851967811584473e-01
8.102889657020568848e-01
6.524764895439147949e-01
8.438200950622558594e-01
6.346235871315002441e-01
6.198528409004211426e-01
8.882013559341430664e-01
9.704033136367797852e-01
5.678067207336425781e-01
7.319545149803161621e-01
7.936444282531738281e-01
7.807472944259643555e-01
5.508039593696594238e-01
8.550379276275634766e-01
8.059196472167968750e-01
8.228669166564941406e-01
5.110937952995300293e-01
9.409117102622985840e-01
6.578754782676696777e-01
8.531881570816040039e-01
8.688959479331970215e-01
6.251584291458129883e-01
9.122491478919982910e-01
8.589873313903808594e-01
7.716571688652038574e-01
8.595085144042968750e-01
6.700734496116638184e-01
8.096553683280944824e-01
8.331297636032104492e-01
7.804902791976928711e-01
9.212943315505981445e-01
9.421355128288269043e-01
6.395083665847778320e-01
8.241026997566223145e-01
8.793381452560424805e-01
9.173552989959716797e-01
8.310744762420654297e-01
7.012413144111633301e-01
8.783180117607116699e-01
6.317092180252075195e-01
7.669255733489990234e-01
8.626366853713989258e-01
9.224277734756469727e-01
8.933039903640747070e-01
8.278273344039916992e-01
8.714460730552673340e-01
9.125974178314208984e-01
8.735007643699645996e-01
9.460967183113098145e-01
9.043779373168945312e-01
9.460049271583557129e-01
8.301221132278442383e-01
8.736101388931274414e-01
8.648598790168762207e-01
9.257655739784240723e-01
9.445530772209167480e-01
9.691137671470642090e-01
9.326071143150329590e-01
8.877036571502685547e-01
8.882135152816772461e-01
9.137000441551208496e-01
9.545810222625732422e-01
9.502969980239868164e-01
8.529567718505859375e-01
9.558257460594177246e-01
9.347457289695739746e-01
9.467044472694396973e-01
8.102004528045654297e-01
9.275230765342712402e-01
9.455233812332153320e-01
9.258195161819458008e-01
9.678562879562377930e-01
9.514479041099548340e-01
9.627771377563476562e-01
8.977405428886413574e-01
9.199823737144470215e-01
8.595466613769531250e-01
9.383305907249450684e-01
9.715440869331359863e-01
9.825780987739562988e-01
9.016194939613342285e-01
8.932734131813049316e-01
9.623547792434692383e-01
8.395262360572814941e-01
6.711688041687011719e-01
9.418827891349792480e-01
9.304134845733642578e-01
8.784127235412597656e-01
7.784383296966552734e-01
8.498015999794006348e-01
8.640735149383544922e-01
9.426753520965576172e-01
7.526522874832153320e-01
9.637825489044189453e-01
9.305510520935058594e-01
8.036740422248840332e-01
8.540469408035278320e-01
8.967781662940979004e-01
9.020264744758605957e-01
7.123861908912658691e-01
9.097749590873718262e-01
8.042935729026794434e-01
8.785914182662963867e-01
9.489018321037292480e-01
9.080085754394531250e-01
9.219720363616943359e-01
9.195925593376159668e-01
9.568849205970764160e-01
9.604040384292602539e-01
9.131657481193542480e-01
9.411486983299255371e-01
9.611357450485229492e-01
8.701689839363098145e-01
7.424106597900390625e-01
8.837654590606689453e-01
8.284568786621093750e-01
9.019129872322082520e-01
9.187334775924682617e-01
9.291349053382873535e-01
9.200958013534545898e-01
9.747629165649414062e-01
9.570117592811584473e-01
9.819000959396362305e-01
9.658771157264709473e-01
9.609891772270202637e-01
9.886341094970703125e-01
9.914398193359375000e-01
9.921986460685729980e-01
8.960943222045898438e-01
9.722015261650085449e-01
9.592515826225280762e-01
9.897636175155639648e-01
9.882131218910217285e-01
9.864882826805114746e-01
9.859496951103210449e-01
9.877985119819641113e-01
9.885097146034240723e-01
9.729896783828735352e-01
9.843925237655639648e-01
9.883760213851928711e-01
9.914952516555786133e-01
9.876235723495483398e-01
9.946023821830749512e-01
9.135522842407226562e-01
8.624362945556640625e-01
9.745368957519531250e-01
9.633579850196838379e-01
9.341487288475036621e-01
9.451562762260437012e-01
9.167309403419494629e-01
8.426644802093505859e-01
9.646391272544860840e-01
9.501852393150329590e-01
9.766545295715332031e-01
9.663021564483642578e-01
9.505304694175720215e-01
9.448662996292114258e-01
9.813776612281799316e-01
9.056867361068725586e-01
9.186394214630126953e-01
9.759445190429687500e-01
9.837888479232788086e-01
9.456588029861450195e-01
9.639859795570373535e-01
9.688025116920471191e-01
9.722332954406738281e-01
7.281308174133300781e-01
9.644789695739746094e-01
9.623519182205200195e-01
9.136849045753479004e-01
9.480198025703430176e-01
9.296611547470092773e-01
8.842657208442687988e-01
9.260311722755432129e-01
9.561548829078674316e-01
9.548738598823547363e-01
9.197418093681335449e-01
9.482541680335998535e-01
9.282279014587402344e-01
9.682281613349914551e-01
9.377530217170715332e-01
9.524759650230407715e-01
9.676025509834289551e-01
9.599469900131225586e-01
9.075426459312438965e-01
9.705321192741394043e-01
9.597585201263427734e-01
9.507269263267517090e-01
9.738092422485351562e-01
9.747143387794494629e-01
9.463759064674377441e-01
9.294091463088989258e-01
9.566851854324340820e-01
9.293136596679687500e-01
9.608228206634521484e-01
9.702897667884826660e-01
9.726825356483459473e-01
9.416653513908386230e-01
9.598938226699829102e-01
9.664283990859985352e-01
9.266825914382934570e-01
9.018521904945373535e-01
9.635539054870605469e-01
9.519441723823547363e-01
9.493819475173950195e-01
9.500632286071777344e-01
9.868429303169250488e-01
9.115428328514099121e-01
9.833842515945434570e-01
9.596228003501892090e-01
9.712004661560058594e-01
5.477160215377807617e-01
8.208797574043273926e-01
9.567832946777343750e-01
8.271140456199645996e-01
9.701271653175354004e-01
9.449408054351806641e-01
4.736984372138977051e-01
7.448278069496154785e-01
9.376028776168823242e-01
8.579161763191223145e-01
9.360380172729492188e-01
9.212085604667663574e-01
9.227908253669738770e-01
8.858137130737304688e-01
8.503710627555847168e-01
7.305710315704345703e-01
6.485988497734069824e-01
7.987299561500549316e-01
9.254252910614013672e-01
8.744211196899414062e-01
9.072755575180053711e-01
8.878557682037353516e-01
9.240755438804626465e-01
8.442221283912658691e-01
9.462333917617797852e-01
5.947860479354858398e-01
7.067498564720153809e-01
8.045256733894348145e-01
9.442268013954162598e-01
7.187343835830688477e-01
7.615938782691955566e-01
8.180896043777465820e-01
9.071111083030700684e-01
8.968164920806884766e-01
9.501169323921203613e-01
9.627948403358459473e-01
9.042187333106994629e-01
8.324509263038635254e-01
9.059199094772338867e-01
9.161571860313415527e-01
9.340148568153381348e-01
8.420216441154479980e-01
8.122330307960510254e-01
9.265460371971130371e-01
9.387802481651306152e-01
5.863709449768066406e-01
4.666176736354827881e-01
8.159829974174499512e-01
9.301606416702270508e-01
8.723586797714233398e-01
9.126031398773193359e-01
9.157726764678955078e-01
8.702495098114013672e-01
9.778853058815002441e-01
3.175078332424163818e-01
4.899410009384155273e-01
9.909787178039550781e-01
9.326953887939453125e-01
9.081658124923706055e-01
9.260309934616088867e-01
8.959134817123413086e-01
7.828791737556457520e-01
9.012532830238342285e-01
9.094610810279846191e-01
8.993326425552368164e-01
4.809918701648712158e-01
3.535552918910980225e-01
9.100713133811950684e-01
8.091894388198852539e-01
3.431706130504608154e-01
8.952167630195617676e-01
8.106178045272827148e-01
9.696355462074279785e-01
8.820211887359619141e-01
5.458834171295166016e-01
9.202129840850830078e-01
8.906956315040588379e-01
8.923842310905456543e-01
8.491926789283752441e-01
9.648458361625671387e-01
9.732490777969360352e-01
8.071979880332946777e-01
6.441572308540344238e-01
9.221584796905517578e-01
9.178710579872131348e-01
9.609053134918212891e-01
7.896050214767456055e-01
9.842534661293029785e-01
9.458125233650207520e-01
7.016729712486267090e-01
9.464834332466125488e-01
9.826899766921997070e-01
8.077785372734069824e-01
8.740930557250976562e-01
7.990500330924987793e-01
9.902348518371582031e-01
9.636623859405517578e-01
9.512721300125122070e-01
8.212814331054687500e-01
6.267926096916198730e-01
9.692349433898925781e-01
9.750776886940002441e-01
8.476174473762512207e-01
8.758414387702941895e-01
7.894511222839355469e-01
9.598006606101989746e-01
8.895928859710693359e-01
8.965609669685363770e-01
9.653869271278381348e-01
9.393505454063415527e-01
9.221584796905517578e-01
9.405384659767150879e-01
8.473408222198486328e-01
5.609533190727233887e-01
9.333323240280151367e-01
9.076749086380004883e-01
8.301121592521667480e-01
8.445246815681457520e-01
8.396574854850769043e-01
8.984011411666870117e-01
9.565349817276000977e-01
7.757043242454528809e-01
9.535179734230041504e-01
9.378805160522460938e-01
6.889216899871826172e-01
7.326734066009521484e-01
8.101854920387268066e-01
9.685357213020324707e-01
8.954678773880004883e-01
9.448555707931518555e-01
9.259721040725708008e-01
6.037368178367614746e-01
8.331220746040344238e-01
9.608144760131835938e-01
9.949175119400024414e-01
9.726474881172180176e-01
9.713469743728637695e-01
7.388140559196472168e-01
9.285022020339965820e-01
8.831900358200073242e-01
8.982730507850646973e-01
9.003683924674987793e-01
9.846609234809875488e-01
7.728262543678283691e-01
9.876296520233154297e-01
8.226690292358398438e-01
9.217924475669860840e-01
8.163587450981140137e-01
8.872305750846862793e-01
9.848684072494506836e-01
8.874920010566711426e-01
9.501895904541015625e-01
9.857587814331054688e-01
9.315024614334106445e-01
9.554988145828247070e-01
8.180636763572692871e-01
9.847375750541687012e-01
9.752781391143798828e-01
9.831525087356567383e-01
9.622424244880676270e-01
9.522718191146850586e-01
5.532286167144775391e-01
8.587005734443664551e-01
8.918741345405578613e-01
9.011625051498413086e-01
9.763199090957641602e-01
9.934458136558532715e-01
9.538964033126831055e-01
9.633149504661560059e-01
9.672935009002685547e-01
9.734581112861633301e-01
9.795944094657897949e-01
8.964552879333496094e-01
9.607563614845275879e-01
7.803615927696228027e-01
7.877962589263916016e-01
8.047772645950317383e-01
8.577635884284973145e-01
9.473661780357360840e-01
9.470295906066894531e-01
9.552223682403564453e-01
9.949851036071777344e-01
8.703277707099914551e-01
8.830162882804870605e-01
9.752715229988098145e-01
9.512759447097778320e-01
9.630599021911621094e-01
7.276480793952941895e-01
7.369711995124816895e-01
9.133150577545166016e-01
7.094031572341918945e-01
7.685663104057312012e-01
7.873106598854064941e-01
6.483365893363952637e-01
9.431981444358825684e-01
9.178172349929809570e-01
7.328169345855712891e-01
9.167394638061523438e-01
9.355777502059936523e-01
8.596554994583129883e-01
9.477939605712890625e-01
7.913882732391357422e-01
7.992498278617858887e-01
7.552063465118408203e-01
8.315910100936889648e-01
7.273871302604675293e-01
9.496890306472778320e-01
8.946887254714965820e-01
6.197357773780822754e-01
6.080756783485412598e-01
7.442474365234375000e-01
8.185374140739440918e-01
9.438261389732360840e-01
7.333728671073913574e-01
9.229189753532409668e-01
2.650469243526458740e-01
9.521821737289428711e-01
7.134283781051635742e-01
7.942274212837219238e-01
9.766846895217895508e-01
8.718066215515136719e-01
9.135693907737731934e-01
8.818397521972656250e-01
8.436119556427001953e-01
8.987174630165100098e-01
5.572293996810913086e-01
8.501967191696166992e-01
7.827874422073364258e-01
4.768947362899780273e-01
7.603887319564819336e-01
7.371978759765625000e-01
9.627366065979003906e-01
7.753534317016601562e-01
9.875028729438781738e-01
9.255200028419494629e-01
7.746220231056213379e-01
7.689707875251770020e-01
9.455246925354003906e-01
5.767164826393127441e-01
8.793770670890808105e-01
8.773438930511474609e-01
8.530477285385131836e-01
6.149685978889465332e-01
9.346743822097778320e-01
8.858561515808105469e-01
9.496202468872070312e-01
8.524403572082519531e-01
8.700935840606689453e-01
7.063521146774291992e-01
9.522153735160827637e-01
9.090828299522399902e-01
8.699879050254821777e-01
8.015320897102355957e-01
7.741991877555847168e-01
3.498212695121765137e-01
8.076314926147460938e-01
7.778996229171752930e-01
7.058162689208984375e-01
3.276777863502502441e-01
8.349023461341857910e-01
8.361780047416687012e-01
7.972190380096435547e-01
6.911697983741760254e-01
3.637696790974587202e-04
3.533632843755185604e-04
3.111072292085736990e-04
8.536404930055141449e-04
5.912892811466008425e-05
7.211369229480624199e-04
1.490574330091476440e-03
2.071858495473861694e-01
1.260904246009886265e-03
7.370096864178776741e-05
2.146688202628865838e-04
1.747896458255127072e-04
4.265905954525806010e-05
9.320391109213232994e-04
7.875167398196936119e-07
1.891834399430081248e-04
1.058996131177991629e-04
4.192457254248438403e-06
2.615766832605004311e-03
2.317043254151940346e-03
1.346747808383952361e-06
4.650913469959050417e-04
1.833532005548477173e-03
5.256412987364456058e-05
1.942132832482457161e-03
1.060966751538217068e-03
2.648189067840576172e-01
2.031362782872747630e-05
1.761108636856079102e-01
4.489646852016448975e-02
1.961031462997198105e-03
5.145085015101358294e-05
7.300235211005201563e-06
1.537810167064890265e-04
1.206301376223564148e-01
1.223821192979812622e-03
2.907384769059717655e-04
2.449349558446556330e-04
4.328776150941848755e-03
1.734814286464825273e-04
4.111414775252342224e-03
6.201577489264309406e-04
6.241202208912000060e-05
3.486457467079162598e-01
6.803374271839857101e-04
3.420310793444514275e-03
1.177663798443973064e-04
3.098241984844207764e-01
1.422132831066846848e-03
2.620623563416302204e-04
1.602386078047857154e-06
1.256085466593503952e-03
7.521114894188940525e-04
1.039810522343032062e-04
1.125589907169342041e-01
1.875120215117931366e-04
4.068825364811345935e-05
1.651894897222518921e-01
4.093301831744611263e-04
5.865475977770984173e-04
8.285749703645706177e-03
1.105642411857843399e-02
1.240475685335695744e-03
4.642238374799489975e-03
3.099162713624536991e-04
6.044359761290252209e-04
3.063222102355211973e-04
1.777866738848388195e-03
1.549124345183372498e-02
8.873745799064636230e-03
5.413473583757877350e-03
3.990852565038949251e-04
9.555841796100139618e-03
3.965647891163825989e-03
5.053180502727627754e-04
1.211431343108415604e-02
3.428293857723474503e-03
8.873124606907367706e-03
1.421367749571800232e-03
1.156467944383621216e-03
4.005127586424350739e-03
4.746510647237300873e-03
6.624141242355108261e-03
1.245600357651710510e-02
9.331460110843181610e-03
1.931332517415285110e-04
3.596544847823679447e-04
1.413706806488335133e-03
1.453583873808383942e-02
1.820630714064463973e-04
1.404182519763708115e-02
3.219947684556245804e-04
2.813444007188081741e-04
1.052458677440881729e-02
5.424307310022413731e-04
4.997886251658201218e-03
3.806576831266283989e-03
1.732871867716312408e-02
3.110031597316265106e-02
4.485104698687791824e-03
3.541298443451523781e-03
5.893057212233543396e-03
9.776158258318901062e-04
5.320405121892690659e-03
3.310080792289227247e-04
2.595826750621199608e-03
7.660817936994135380e-04
9.662255644798278809e-03
1.205273531377315521e-02
6.549880374222993851e-03
4.608001559972763062e-03
5.424673669040203094e-03
2.361430227756500244e-02
2.036628546193242073e-03
5.794032476842403412e-03
4.695007228292524815e-04
1.690402068197727203e-02
3.400331595912575722e-03
6.740856915712356567e-03
5.378338391892611980e-04
8.939205668866634369e-03
1.445800415240228176e-03
1.815674826502799988e-02
2.370125614106655121e-03
3.391504578758031130e-04
8.834966138238087296e-05
2.567039337009191513e-05
2.724250545725226402e-03
2.923655301856342703e-05
2.024328336119651794e-03
1.220342437591170892e-05
9.329060048912651837e-06
3.133594756945967674e-03
7.445836090482771397e-04
5.229757516644895077e-04
7.690886035561561584e-03
6.200688704848289490e-02
1.664950279518961906e-03
9.109414531849324703e-05
1.923831950989551842e-05
2.761563519015908241e-05
2.498968678992241621e-04
1.368716766592115164e-04
9.382918477058410645e-03
1.223989384016022086e-04
2.690073451958596706e-04
3.172718570567667484e-04
1.994675949390511960e-05
9.568953828420490026e-05
3.909675069735385478e-05
1.266007893718779087e-04
5.982382595539093018e-02
4.484717283048667014e-05
4.097171404282562435e-05
4.662490100599825382e-04
2.440470829606056213e-02
3.068158912356011569e-05
1.071133650839328766e-03
3.644286334747448564e-05
7.881352212280035019e-05
1.805500651244074106e-04
4.750255902763456106e-05
1.428816085535800084e-05
1.670186793489847332e-05
4.870221600867807865e-04
3.693316248245537281e-04
6.437684060074388981e-04
1.884063385659828782e-04
1.659227928030304611e-05
2.821356803178787231e-02
7.745011826045811176e-04
5.079241469502449036e-03
1.189760956913232803e-02
2.387320250272750854e-02
2.100486017297953367e-05
2.212111372500658035e-03
3.459869913058355451e-05
2.306744863744825125e-04
3.122821799479424953e-04
4.613131284713745117e-03
1.355556742055341601e-04
3.634450331446714699e-05
3.276655043009668589e-04
1.625932236493099481e-05
9.604452177882194519e-03
5.963981524109840393e-02
5.910269683226943016e-04
3.766304813325405121e-03
1.641416311031207442e-04
2.336037869099527597e-04
2.892387419706210494e-05
7.676332606934010983e-04
5.746777169406414032e-04
1.187926245620474219e-04
5.122857692185789347e-05
1.453145407140254974e-02
2.473891945555806160e-04
1.557756040710955858e-04
2.057033777236938477e-02
4.080190410604700446e-05
2.120684803230687976e-04
2.603578905109316111e-04
3.751845506485551596e-04
2.648413938004523516e-04
1.014741603285074234e-03
1.798311597667634487e-03
2.885978203266859055e-03
5.652282852679491043e-04
6.113274721428751945e-04
9.182163048535585403e-04
6.706354906782507896e-04
5.055078654550015926e-04
6.694662151858210564e-04
1.298034680075943470e-03
1.533924601972103119e-03
8.194399997591972351e-04
1.072261831723153591e-03
1.409203861840069294e-03
1.205713138915598392e-03
4.901121719740331173e-04
1.607523299753665924e-03
3.845612809527665377e-04
1.681071356870234013e-03
1.119280699640512466e-03
1.145224785432219505e-03
1.327044010395184159e-04
8.587533375248312950e-04
9.833177318796515465e-04
2.622493193484842777e-04
1.135899656219407916e-04
7.076807669363915920e-04
4.824050993192940950e-04
2.149112988263368607e-03
3.257886273786425591e-03
1.188478199765086174e-03
1.499830686952918768e-04
8.818148635327816010e-04
6.783776334486901760e-04
1.957659551408141851e-04
9.234973113052546978e-04
2.036835998296737671e-03
7.024257211014628410e-04
1.006681006401777267e-03
7.535053882747888565e-04
9.066080674529075623e-04
1.134883845224976540e-03
6.214991444721817970e-04
1.068805286195129156e-04
5.548922927118837833e-04
1.895856810733675957e-03
2.098127035424113274e-03
6.795002263970673084e-05
2.163907047361135483e-04
2.180062001571059227e-04
1.038372865878045559e-03
3.093101317062973976e-03
5.482806009240448475e-04
9.755251812748610973e-04
1.248726621270179749e-03
2.822982205543667078e-04
5.918488022871315479e-04
1.087530399672687054e-03
5.438238149508833885e-04
1.363057992421090603e-03
1.057631452567875385e-03
3.695073537528514862e-04
1.153029501438140869e-03
1.205705106258392334e-03
2.191011328250169754e-03
2.270111144753172994e-04
1.742847613058984280e-03
4.972252063453197479e-03
1.206915127113461494e-03
5.700180307030677795e-03
2.704141952563077211e-04
1.107641123235225677e-02
8.383455569855868816e-04
4.848293960094451904e-03
2.204611664637923241e-03
1.008500084280967712e-01
1.730857184156775475e-04
2.779079950414597988e-04
1.992437319131568074e-04
1.124551752582192421e-03
5.252055358141660690e-03
3.007003571838140488e-03
7.594397175125777721e-04
1.888197381049394608e-03
4.098751582205295563e-03
1.298323972150683403e-03
1.657232269644737244e-02
1.583893783390522003e-02
1.679328852333128452e-04
9.230767609551548958e-04
8.828759309835731983e-04
7.512685842812061310e-03
3.203005529940128326e-03
3.470771771389991045e-04
6.035603582859039307e-04
2.181101124733686447e-03
1.695694169029593468e-03
1.047041849233210087e-03
2.165408572182059288e-03
2.319939085282385349e-04
9.753718622960150242e-04
5.524169653654098511e-03
4.466730169951915741e-03
1.427066139876842499e-02
2.295283135026693344e-03
6.226164754480123520e-03
4.288843367248773575e-03
7.856543525122106075e-04
4.342909902334213257e-03
7.434686180204153061e-03
3.711875760927796364e-04
3.963486524298787117e-04
1.912546576932072639e-03
6.325013004243373871e-03
4.545127972960472107e-03
1.848246552981436253e-03
9.722489048726856709e-04
5.169790703803300858e-03
1.051404979079961777e-03
1.179707702249288559e-03
2.507569734007120132e-03
9.480863809585571289e-04
8.095275261439383030e-04
1.049586478620767593e-02
4.680827260017395020e-03
3.655787091702222824e-03
1.160432933829724789e-03
9.462039452046155930e-04
1.565343816764652729e-03
1.481554470956325531e-03
3.622511774301528931e-02
2.046087320195510983e-04
7.274395972490310669e-02
1.060580718331038952e-03
1.303529250435531139e-03
2.853569108992815018e-03
3.812012262642383575e-03
2.325972309336066246e-04
9.326875442638993263e-04
8.379167411476373672e-04
3.795106604229658842e-04
5.934145301580429077e-04
2.689555403776466846e-04
9.779409738257527351e-04
8.498041890561580658e-03
2.784359734505414963e-03
3.427450428716838360e-04
2.543527516536414623e-04
6.770335021428763866e-04
2.461427357047796249e-04
1.079533831216394901e-03
1.006031059660017490e-03
2.047498477622866631e-03
3.458300197962671518e-04
1.040302123874425888e-02
6.674372125416994095e-04
2.379646990448236465e-03
7.411224767565727234e-03
4.609337775036692619e-04
2.084650564938783646e-03
4.301530134398490191e-04
8.905556984245777130e-03
1.045770768541842699e-04
2.656116557773202658e-04
4.375613294541835785e-03
1.427311566658318043e-03
1.572820125147700310e-03
6.235311739146709442e-03
8.585201576352119446e-04
4.383035469800233841e-03
1.166672082035802305e-04
4.002660512924194336e-02
1.015809364616870880e-03
1.017323974519968033e-02
3.129209624603390694e-03
4.313606477808207273e-04
4.727886116597801447e-04
1.548200845718383789e-03
2.564156020525842905e-04
2.903041895478963852e-04
2.184513723477721214e-03
1.257100491784512997e-03
3.094908024650067091e-04
1.869607833214104176e-03
6.360354833304882050e-03
6.706533604301512241e-04
5.986533942632377148e-04
1.002010609954595566e-02
4.370979499071836472e-03
5.014320486225187778e-04
8.385301334783434868e-04
1.001376938074827194e-02
3.756057703867554665e-04
1.678188215009868145e-03
1.277468865737318993e-03
5.370792467147111893e-03
2.514618681743741035e-04
5.194204859435558319e-03
1.110830716788768768e-02
6.852810038253664970e-04
4.157687653787434101e-04
5.207150243222713470e-04
1.163498847745358944e-03
5.961060523986816406e-04
1.535393064841628075e-03
1.130244811065495014e-03
3.778300248086452484e-03
5.285337683744728565e-04
1.366991666145622730e-03
9.954956360161304474e-03
3.118364140391349792e-03
1.822015387006103992e-03
1.591175911016762257e-03
6.389127229340374470e-04
8.917888626456260681e-03
5.802526720799505711e-04
2.406464191153645515e-03
1.989955641329288483e-02
6.871931254863739014e-03
1.438739988952875137e-02
3.178829327225685120e-03
3.245985135436058044e-03
1.868737599579617381e-04
3.528136003296822309e-04
8.989670313894748688e-04
3.178461629431694746e-04
8.130951784551143646e-03
3.796316450461745262e-03
8.539422997273504734e-04
1.464743167161941528e-02
6.549954414367675781e-03
7.030332460999488831e-03
5.106048192828893661e-04
1.723844744265079498e-02
6.804612930864095688e-04
1.026744605042040348e-03
5.762552027590572834e-04
4.835188388824462891e-03
3.006357699632644653e-03
3.787884488701820374e-02
2.233380451798439026e-03
8.397588878870010376e-02
1.365642674500122666e-04
2.614677697420120239e-02
9.296235628426074982e-03
1.836388185620307922e-02
1.345598977059125900e-02
5.091004539281129837e-03
1.650919090025126934e-03
5.030357860960066319e-04
1.364502124488353729e-02
2.935404144227504730e-02
8.906792936613783240e-05
2.834701677784323692e-03
3.750615578610450029e-04
2.681970130652189255e-03
3.092540986835956573e-02
2.829169854521751404e-03
4.553499747999012470e-04
4.752172157168388367e-03
9.139785543084144592e-04
9.682269766926765442e-03
1.079627498984336853e-02
1.565756858326494694e-03
2.984374877996742725e-04
2.297066384926438332e-05
1.014281529933214188e-03
1.064787153154611588e-03
6.619935738854110241e-04
1.654120715102180839e-04
4.268718063831329346e-01
1.818387187086045742e-03
8.942049134930130094e-06
2.211328595876693726e-03
4.753516986966133118e-03
8.303025388158857822e-04
2.408463740721344948e-03
1.673054212005808949e-04
1.839013129938393831e-04
6.450262153521180153e-04
2.952146587631432340e-06
3.972127735614776611e-01
3.497943980619311333e-04
2.323578111827373505e-03
3.563650534488260746e-04
6.409290363080799580e-04
1.526189589640125632e-04
2.043738216161727905e-01
4.881166969425976276e-04
2.184567740187048912e-03
3.280136734247207642e-04
8.314774022437632084e-04
2.607181086204946041e-04
3.768894448876380920e-02
3.472094191238284111e-03
2.678554155863821507e-04
2.915681980084627867e-04
1.497156620025634766e-01
5.631080130115151405e-04
9.874174138531088829e-04
9.569519897922873497e-04
1.131685823202133179e-02
3.653869964182376862e-03
1.677885011304169893e-04
4.602712579071521759e-04
1.916789822280406952e-02
9.264850616455078125e-02
6.916981190443038940e-02
2.610374212963506579e-05
5.166013725101947784e-04
4.334376426413655281e-04
1.102106216421816498e-05
1.021399046294391155e-03
5.007763320463709533e-05
2.558075939305126667e-04
5.569991772063076496e-04
1.839393917180132121e-05
1.557805808261036873e-05
2.435947209596633911e-01
9.332996606826782227e-02
2.211250597611069679e-03
6.866793846711516380e-04
4.035001438751351088e-06
1.147272717207670212e-02
1.692595775239169598e-03
1.398102176608517766e-04
1.821493788156658411e-04
