7.457411289215087891e-01
7.457411289215087891e-01
7.457411289215087891e-01
7.457411289215087891e-01
7.457411289215087891e-01
7.457346916198730469e-01
7.457411289215087891e-01
7.457411289215087891e-01
7.457411289215087891e-01
7.457411289215087891e-01
7.090326547622680664e-01
7.457411289215087891e-01
7.457411289215087891e-01
7.457411289215087891e-01
7.457411289215087891e-01
7.457411289215087891e-01
7.457411289215087891e-01
7.457410693168640137e-01
7.370731830596923828e-01
7.457411289215087891e-01
7.457411289215087891e-01
7.457411289215087891e-01
7.457411289215087891e-01
7.457411289215087891e-01
7.457411289215087891e-01
7.457411289215087891e-01
7.457411289215087891e-01
7.457411289215087891e-01
7.457411289215087891e-01
7.457411289215087891e-01
7.457411289215087891e-01
7.447507977485656738e-01
7.440910339355468750e-01
5.829954743385314941e-01
7.457411289215087891e-01
7.457411289215087891e-01
7.457411289215087891e-01
7.457411289215087891e-01
7.457411289215087891e-01
7.457411289215087891e-01
7.457411289215087891e-01
7.457411289215087891e-01
7.457411289215087891e-01
7.457262277603149414e-01
7.457411289215087891e-01
7.457411289215087891e-01
7.457411289215087891e-01
7.457411289215087891e-01
4.062942862510681152e-01
7.457411289215087891e-01
7.457411289215087891e-01
7.457411289215087891e-01
7.457411289215087891e-01
4.062942862510681152e-01
7.457411289215087891e-01
7.457411289215087891e-01
7.457411289215087891e-01
7.457411289215087891e-01
7.457411289215087891e-01
7.457411289215087891e-01
7.457411289215087891e-01
7.457411289215087891e-01
7.457411289215087891e-01
7.457411289215087891e-01
7.457411289215087891e-01
4.062942862510681152e-01
7.457411289215087891e-01
7.457411289215087891e-01
7.457411289215087891e-01
7.457411289215087891e-01
7.457411289215087891e-01
7.457411289215087891e-01
7.457411289215087891e-01
7.457411289215087891e-01
7.457411289215087891e-01
4.062942862510681152e-01
4.062942862510681152e-01
4.062942862510681152e-01
4.062942862510681152e-01
4.062942862510681152e-01
4.062942862510681152e-01
4.062942862510681152e-01
4.062942862510681152e-01
4.062942862510681152e-01
4.062942862510681152e-01
4.062942862510681152e-01
4.062942862510681152e-01
4.062942862510681152e-01
4.062942862510681152e-01
4.062942862510681152e-01
4.062942862510681152e-01
4.062942862510681152e-01
4.062942862510681152e-01
4.062942862510681152e-01
4.062942862510681152e-01
4.062942862510681152e-01
4.062942862510681152e-01
4.062942862510681152e-01
4.062942862510681152e-01
4.062942862510681152e-01
4.062942862510681152e-01
4.062942862510681152e-01
4.062942862510681152e-01
4.062942862510681152e-01
4.062942862510681152e-01
4.062942862510681152e-01
4.062942862510681152e-01
4.062942862510681152e-01
4.062942862510681152e-01
4.062942862510681152e-01
4.062942862510681152e-01
4.062942862510681152e-01
4.062942862510681152e-01
4.062942862510681152e-01
4.062942862510681152e-01
4.062942862510681152e-01
4.062942862510681152e-01
4.062942862510681152e-01
4.062942862510681152e-01
4.062942862510681152e-01
4.062942862510681152e-01
4.062942862510681152e-01
4.062942862510681152e-01
4.062942862510681152e-01
4.062942862510681152e-01
4.062942862510681152e-01
4.062942862510681152e-01
4.062942862510681152e-01
4.062942862510681152e-01
4.062942862510681152e-01
4.062942862510681152e-01
4.062942862510681152e-01
4.062942862510681152e-01
4.062942862510681152e-01
4.062942862510681152e-01
4.062942862510681152e-01
4.062942862510681152e-01
4.062942862510681152e-01
4.062942862510681152e-01
4.062942862510681152e-01
4.062942862510681152e-01
4.062942862510681152e-01
4.062942862510681152e-01
4.062942862510681152e-01
4.062942862510681152e-01
4.062942862510681152e-01
4.062942862510681152e-01
4.062942862510681152e-01
4.062942862510681152e-01
4.062942862510681152e-01
4.062942862510681152e-01
4.062942862510681152e-01
4.062942862510681152e-01
4.062942862510681152e-01
4.062942862510681152e-01
4.062942862510681152e-01
4.062942862510681152e-01
4.062942862510681152e-01
4.062942862510681152e-01
4.062942862510681152e-01
4.062942862510681152e-01
4.062942862510681152e-01
4.062942862510681152e-01
4.062942862510681152e-01
4.062942862510681152e-01
4.062942862510681152e-01
4.062942862510681152e-01
4.062942862510681152e-01
4.062942862510681152e-01
4.062942862510681152e-01
4.062942862510681152e-01
4.062942862510681152e-01
4.062942862510681152e-01
4.062942862510681152e-01
4.062942862510681152e-01
4.062942862510681152e-01
4.062942862510681152e-01
4.062942862510681152e-01
4.062942862510681152e-01
4.062942862510681152e-01
4.062942862510681152e-01
4.062942862510681152e-01
4.062942862510681152e-01
4.062942862510681152e-01
4.062942862510681152e-01
4.062942862510681152e-01
4.062942862510681152e-01
4.062942862510681152e-01
4.062942862510681152e-01
4.062942862510681152e-01
4.062942862510681152e-01
4.062942862510681152e-01
4.062942862510681152e-01
4.062942862510681152e-01
4.062942862510681152e-01
4.062942862510681152e-01
4.062942862510681152e-01
4.062942862510681152e-01
4.062942862510681152e-01
4.062942862510681152e-01
4.062942862510681152e-01
4.062942862510681152e-01
4.062942862510681152e-01
4.062942862510681152e-01
4.062942862510681152e-01
4.062942862510681152e-01
4.062942862510681152e-01
4.062942862510681152e-01
4.062942862510681152e-01
4.062942862510681152e-01
4.062942862510681152e-01
4.062942862510681152e-01
4.062942862510681152e-01
4.062942862510681152e-01
4.062942862510681152e-01
4.062942862510681152e-01
4.062942862510681152e-01
4.062942862510681152e-01
4.062942862510681152e-01
4.062942862510681152e-01
4.062942862510681152e-01
4.062942862510681152e-01
4.062942862510681152e-01
4.062942862510681152e-01
4.062942862510681152e-01
4.062942862510681152e-01
4.062942862510681152e-01
4.062942862510681152e-01
4.062942862510681152e-01
4.062942862510681152e-01
4.062942862510681152e-01
4.062942862510681152e-01
4.062942862510681152e-01
4.062942862510681152e-01
4.062942862510681152e-01
4.062942862510681152e-01
4.062942862510681152e-01
4.062942862510681152e-01
4.062942862510681152e-01
4.062942862510681152e-01
4.062942862510681152e-01
4.062942862510681152e-01
4.062942862510681152e-01
4.062942862510681152e-01
4.062942862510681152e-01
4.062942862510681152e-01
7.457411289215087891e-01
7.457411289215087891e-01
7.457411289215087891e-01
4.062942862510681152e-01
4.062942862510681152e-01
7.457411289215087891e-01
6.048574447631835938e-01
7.457411289215087891e-01
4.062942862510681152e-01
7.457411289215087891e-01
7.457411289215087891e-01
6.048574447631835938e-01
7.457411289215087891e-01
7.457411289215087891e-01
7.457411289215087891e-01
7.457411289215087891e-01
4.062942862510681152e-01
4.062942862510681152e-01
4.062942862510681152e-01
7.457411289215087891e-01
7.457411289215087891e-01
7.457411289215087891e-01
4.062942862510681152e-01
7.457411289215087891e-01
7.457411289215087891e-01
7.457411289215087891e-01
4.062942862510681152e-01
7.124503850936889648e-01
7.457411289215087891e-01
7.457411289215087891e-01
7.457411289215087891e-01
7.457411289215087891e-01
7.457411289215087891e-01
7.457411289215087891e-01
7.457411289215087891e-01
7.457411289215087891e-01
4.062942862510681152e-01
4.062942862510681152e-01
4.062942862510681152e-01
7.457411289215087891e-01
7.457411289215087891e-01
7.457411289215087891e-01
7.457411289215087891e-01
7.457411289215087891e-01
7.457411289215087891e-01
7.457411289215087891e-01
4.062942862510681152e-01
4.062942862510681152e-01
7.457411289215087891e-01
7.457411289215087891e-01
7.457411289215087891e-01
7.457411289215087891e-01
7.457411289215087891e-01
7.457411289215087891e-01
7.457411289215087891e-01
7.457411289215087891e-01
7.457411289215087891e-01
4.062942862510681152e-01
4.062942862510681152e-01
7.457411289215087891e-01
6.048574447631835938e-01
4.062942862510681152e-01
7.457411289215087891e-01
7.457411289215087891e-01
4.062942862510681152e-01
7.455086112022399902e-01
4.062942862510681152e-01
7.457411289215087891e-01
7.457411289215087891e-01
7.457411289215087891e-01
4.062942862510681152e-01
7.457411289215087891e-01
7.457411289215087891e-01
4.062942862510681152e-01
4.062942862510681152e-01
7.457411289215087891e-01
4.062942862510681152e-01
7.144876718521118164e-01
4.062942862510681152e-01
4.062942862510681152e-01
7.457411289215087891e-01
4.062942862510681152e-01
4.062942862510681152e-01
7.457411289215087891e-01
4.062942862510681152e-01
4.062942862510681152e-01
4.062942862510681152e-01
4.062942862510681152e-01
4.062942862510681152e-01
7.457411289215087891e-01
7.457411289215087891e-01
4.062942862510681152e-01
4.062942862510681152e-01
4.062942862510681152e-01
7.457411289215087891e-01
4.062942862510681152e-01
4.062942862510681152e-01
7.457411289215087891e-01
4.062942862510681152e-01
4.062942862510681152e-01
4.062942862510681152e-01
7.457411289215087891e-01
7.457411289215087891e-01
4.062942862510681152e-01
7.457411289215087891e-01
4.062942862510681152e-01
7.457411289215087891e-01
4.062942862510681152e-01
4.062942862510681152e-01
4.062942862510681152e-01
4.062942862510681152e-01
4.062942862510681152e-01
7.457411289215087891e-01
4.062942862510681152e-01
4.062942862510681152e-01
4.062942862510681152e-01
4.062942862510681152e-01
4.062942862510681152e-01
4.062942862510681152e-01
4.062942862510681152e-01
4.062942862510681152e-01
4.062942862510681152e-01
4.062942862510681152e-01
4.062942862510681152e-01
4.062942862510681152e-01
4.062942862510681152e-01
4.062942862510681152e-01
4.062942862510681152e-01
4.062942862510681152e-01
4.062942862510681152e-01
4.062942862510681152e-01
4.062942862510681152e-01
4.062942862510681152e-01
4.062942862510681152e-01
4.062942862510681152e-01
4.062942862510681152e-01
4.062942862510681152e-01
4.062942862510681152e-01
4.062942862510681152e-01
4.062942862510681152e-01
4.062942862510681152e-01
4.062942862510681152e-01
4.062942862510681152e-01
4.062942862510681152e-01
4.062942862510681152e-01
4.062942862510681152e-01
4.062942862510681152e-01
4.062942862510681152e-01
4.062942862510681152e-01
4.062942862510681152e-01
4.062942862510681152e-01
4.062942862510681152e-01
4.062942862510681152e-01
4.062942862510681152e-01
4.062942862510681152e-01
4.062942862510681152e-01
4.062942862510681152e-01
4.062942862510681152e-01
4.062942862510681152e-01
4.062942862510681152e-01
4.062942862510681152e-01
4.062942862510681152e-01
4.062942862510681152e-01
4.062942862510681152e-01
4.062942862510681152e-01
4.062942862510681152e-01
4.062942862510681152e-01
4.062942862510681152e-01
4.062942862510681152e-01
4.062942862510681152e-01
4.062942862510681152e-01
4.062942862510681152e-01
4.062942862510681152e-01
4.062942862510681152e-01
4.062942862510681152e-01
4.062942862510681152e-01
4.062942862510681152e-01
4.062942862510681152e-01
4.062942862510681152e-01
4.062942862510681152e-01
7.457411289215087891e-01
7.457411289215087891e-01
7.457373738288879395e-01
4.062942862510681152e-01
7.457411289215087891e-01
7.457411289215087891e-01
7.457411289215087891e-01
7.457411289215087891e-01
7.457411289215087891e-01
7.457411289215087891e-01
7.457404732704162598e-01
7.457411289215087891e-01
7.457411289215087891e-01
7.457411289215087891e-01
7.457411289215087891e-01
7.457411289215087891e-01
7.457411289215087891e-01
7.457411289215087891e-01
6.262837052345275879e-01
7.457411289215087891e-01
7.457411289215087891e-01
7.457411289215087891e-01
7.457411289215087891e-01
7.457411289215087891e-01
7.457411289215087891e-01
7.457411289215087891e-01
7.457411289215087891e-01
4.062942862510681152e-01
7.457411289215087891e-01
7.457411289215087891e-01
7.457277774810791016e-01
7.457411289215087891e-01
7.457411289215087891e-01
7.457411289215087891e-01
7.457411289215087891e-01
7.457411289215087891e-01
7.457411289215087891e-01
7.457267642021179199e-01
7.457411289215087891e-01
7.457411289215087891e-01
6.110759973526000977e-01
7.457411289215087891e-01
7.457411289215087891e-01
7.457411289215087891e-01
4.062942862510681152e-01
7.251970171928405762e-01
7.457411289215087891e-01
7.457411289215087891e-01
7.457411289215087891e-01
7.457411289215087891e-01
7.457411289215087891e-01
7.457411289215087891e-01
7.457411289215087891e-01
4.062942862510681152e-01
7.457411289215087891e-01
7.457411289215087891e-01
7.457411289215087891e-01
7.457411289215087891e-01
7.457411289215087891e-01
7.457411289215087891e-01
7.457411289215087891e-01
7.457411289215087891e-01
7.457411289215087891e-01
7.205552458763122559e-01
7.115982770919799805e-01
7.457411289215087891e-01
7.457411289215087891e-01
7.457411289215087891e-01
4.062942862510681152e-01
7.457411289215087891e-01
4.062942862510681152e-01
7.457411289215087891e-01
7.457411289215087891e-01
7.444288134574890137e-01
4.062942862510681152e-01
6.402462124824523926e-01
4.062942862510681152e-01
4.062942862510681152e-01
4.062942862510681152e-01
4.062942862510681152e-01
4.062942862510681152e-01
4.062942862510681152e-01
4.062942862510681152e-01
4.062942862510681152e-01
4.062942862510681152e-01
4.062942862510681152e-01
4.062942862510681152e-01
4.062942862510681152e-01
4.062942862510681152e-01
4.062942862510681152e-01
4.062942862510681152e-01
4.062942862510681152e-01
6.117795109748840332e-01
4.062942862510681152e-01
4.062942862510681152e-01
4.062942862510681152e-01
4.062942862510681152e-01
4.062942862510681152e-01
4.062942862510681152e-01
4.062942862510681152e-01
4.062942862510681152e-01
4.062942862510681152e-01
4.062942862510681152e-01
4.062942862510681152e-01
4.062942862510681152e-01
4.062942862510681152e-01
4.062942862510681152e-01
4.062942862510681152e-01
4.062942862510681152e-01
4.062942862510681152e-01
4.062942862510681152e-01
4.062942862510681152e-01
4.062942862510681152e-01
4.062942862510681152e-01
4.062942862510681152e-01
4.062942862510681152e-01
4.062942862510681152e-01
4.062942862510681152e-01
4.062942862510681152e-01
4.062942862510681152e-01
4.062942862510681152e-01
4.062942862510681152e-01
4.062942862510681152e-01
4.062942862510681152e-01
4.062942862510681152e-01
4.062942862510681152e-01
4.062942862510681152e-01
4.062942862510681152e-01
4.062942862510681152e-01
4.062942862510681152e-01
4.062942862510681152e-01
4.062942862510681152e-01
4.062942862510681152e-01
4.062942862510681152e-01
4.062942862510681152e-01
4.062942862510681152e-01
4.062942862510681152e-01
4.062942862510681152e-01
4.062942862510681152e-01
4.062942862510681152e-01
4.062942862510681152e-01
4.062942862510681152e-01
4.062942862510681152e-01
4.062942862510681152e-01
4.062942862510681152e-01
4.062942862510681152e-01
4.062942862510681152e-01
4.062942862510681152e-01
4.062942862510681152e-01
4.062942862510681152e-01
4.062942862510681152e-01
4.062942862510681152e-01
4.062942862510681152e-01
4.062942862510681152e-01
4.062942862510681152e-01
4.062942862510681152e-01
4.062942862510681152e-01
4.062942862510681152e-01
4.062942862510681152e-01
6.244128942489624023e-01
4.062942862510681152e-01
4.062942862510681152e-01
4.062942862510681152e-01
4.062942862510681152e-01
4.062942862510681152e-01
4.062942862510681152e-01
4.062942862510681152e-01
4.062942862510681152e-01
4.062942862510681152e-01
4.062942862510681152e-01
4.062942862510681152e-01
4.062942862510681152e-01
4.062942862510681152e-01
4.062942862510681152e-01
4.062942862510681152e-01
7.457038760185241699e-01
4.062942862510681152e-01
4.062942862510681152e-01
4.062942862510681152e-01
4.062942862510681152e-01
4.062942862510681152e-01
7.457408308982849121e-01
4.062942862510681152e-01
4.062942862510681152e-01
4.062942862510681152e-01
4.062942862510681152e-01
4.062942862510681152e-01
4.062942862510681152e-01
4.062942862510681152e-01
4.062942862510681152e-01
4.062942862510681152e-01
4.062942862510681152e-01
4.062942862510681152e-01
4.062942862510681152e-01
4.062942862510681152e-01
4.062942862510681152e-01
4.062942862510681152e-01
4.062942862510681152e-01
4.062942862510681152e-01
4.062942862510681152e-01
4.062942862510681152e-01
4.062942862510681152e-01
4.062942862510681152e-01
4.062942862510681152e-01
4.062942862510681152e-01
4.062942862510681152e-01
4.062942862510681152e-01
4.062942862510681152e-01
4.062942862510681152e-01
4.062942862510681152e-01
4.062942862510681152e-01
4.062942862510681152e-01
4.062942862510681152e-01
4.062942862510681152e-01
4.062942862510681152e-01
4.062942862510681152e-01
4.062942862510681152e-01
4.062942862510681152e-01
4.062942862510681152e-01
4.062942862510681152e-01
4.062942862510681152e-01
4.062942862510681152e-01
4.062942862510681152e-01
4.062942862510681152e-01
4.062942862510681152e-01
4.062942862510681152e-01
4.062942862510681152e-01
4.062942862510681152e-01
4.062942862510681152e-01
4.062942862510681152e-01
4.062942862510681152e-01
4.062942862510681152e-01
4.062942862510681152e-01
4.062942862510681152e-01
4.062942862510681152e-01
4.062942862510681152e-01
4.062942862510681152e-01
4.062942862510681152e-01
4.062942862510681152e-01
4.062942862510681152e-01
4.062942862510681152e-01
4.062942862510681152e-01
4.062942862510681152e-01
4.062942862510681152e-01
4.062942862510681152e-01
4.062942862510681152e-01
4.062942862510681152e-01
6.194746494293212891e-01
4.062942862510681152e-01
4.062942862510681152e-01
4.062942862510681152e-01
4.062942862510681152e-01
4.062942862510681152e-01
4.062942862510681152e-01
4.062942862510681152e-01
4.062942862510681152e-01
4.062942862510681152e-01
7.456913590431213379e-01
7.457411289215087891e-01
7.457411289215087891e-01
7.457411289215087891e-01
7.457411289215087891e-01
7.457411289215087891e-01
7.440910339355468750e-01
7.457411289215087891e-01
7.457411289215087891e-01
7.457411289215087891e-01
4.062942862510681152e-01
7.457411289215087891e-01
7.457411289215087891e-01
7.457411289215087891e-01
4.062942862510681152e-01
4.062942862510681152e-01
4.062942862510681152e-01
4.062942862510681152e-01
4.062942862510681152e-01
4.062942862510681152e-01
4.062942862510681152e-01
4.062942862510681152e-01
4.062942862510681152e-01
4.062942862510681152e-01
4.062942862510681152e-01
4.062942862510681152e-01
4.062942862510681152e-01
4.062942862510681152e-01
4.062942862510681152e-01
4.062942862510681152e-01
4.062942862510681152e-01
4.062942862510681152e-01
4.062942862510681152e-01
4.062942862510681152e-01
4.062942862510681152e-01
4.062942862510681152e-01
4.062942862510681152e-01
4.062942862510681152e-01
4.062942862510681152e-01
4.062942862510681152e-01
4.062942862510681152e-01
4.062942862510681152e-01
6.048574447631835938e-01
7.457411289215087891e-01
6.048574447631835938e-01
7.457411289215087891e-01
7.457411289215087891e-01
7.457411289215087891e-01
7.457411289215087891e-01
7.457411289215087891e-01
7.457411289215087891e-01
7.457411289215087891e-01
7.457411289215087891e-01
4.062942862510681152e-01
7.457411289215087891e-01
4.062942862510681152e-01
4.062942862510681152e-01
4.062942862510681152e-01
4.062942862510681152e-01
7.457411289215087891e-01
4.062942862510681152e-01
4.062942862510681152e-01
4.062942862510681152e-01
4.062942862510681152e-01
4.062942862510681152e-01
4.062942862510681152e-01
4.062942862510681152e-01
4.062942862510681152e-01
4.062942862510681152e-01
4.062942862510681152e-01
4.062942862510681152e-01
7.457411289215087891e-01
7.457404732704162598e-01
7.457411289215087891e-01
4.062942862510681152e-01
7.457411289215087891e-01
7.457411289215087891e-01
7.457411289215087891e-01
7.457411289215087891e-01
7.457411289215087891e-01
7.205552458763122559e-01
7.457411289215087891e-01
7.457411289215087891e-01
7.424525618553161621e-01
7.457038760185241699e-01
4.062942862510681152e-01
4.062942862510681152e-01
4.062942862510681152e-01
4.062942862510681152e-01
4.062942862510681152e-01
7.457411289215087891e-01
7.456735968589782715e-01
4.062942862510681152e-01
7.396969795227050781e-01
7.206902503967285156e-01
4.062942862510681152e-01
4.062942862510681152e-01
4.062942862510681152e-01
4.062942862510681152e-01
4.062942862510681152e-01
4.062942862510681152e-01
4.062942862510681152e-01
4.062942862510681152e-01
4.062942862510681152e-01
4.062942862510681152e-01
4.062942862510681152e-01
4.062942862510681152e-01
4.062942862510681152e-01
4.062942862510681152e-01
4.062942862510681152e-01
4.062942862510681152e-01
4.062942862510681152e-01
4.062942862510681152e-01
4.062942862510681152e-01
4.062942862510681152e-01
4.062942862510681152e-01
4.062942862510681152e-01
4.062942862510681152e-01
4.062942862510681152e-01
4.062942862510681152e-01
4.062942862510681152e-01
4.062942862510681152e-01
4.062942862510681152e-01
4.062942862510681152e-01
4.062942862510681152e-01
4.062942862510681152e-01
4.062942862510681152e-01
4.062942862510681152e-01
4.062942862510681152e-01
7.359094023704528809e-01
4.062942862510681152e-01
4.062942862510681152e-01
6.048574447631835938e-01
4.062942862510681152e-01
4.062942862510681152e-01
4.062942862510681152e-01
4.062942862510681152e-01
4.062942862510681152e-01
4.062942862510681152e-01
4.062942862510681152e-01
4.062942862510681152e-01
4.062942862510681152e-01
4.062942862510681152e-01
4.062942862510681152e-01
4.062942862510681152e-01
4.062942862510681152e-01
4.062942862510681152e-01
4.062942862510681152e-01
4.062942862510681152e-01
4.062942862510681152e-01
4.062942862510681152e-01
4.062942862510681152e-01
4.062942862510681152e-01
4.062942862510681152e-01
4.062942862510681152e-01
4.062942862510681152e-01
4.062942862510681152e-01
4.062942862510681152e-01
4.062942862510681152e-01
4.062942862510681152e-01
4.062942862510681152e-01
4.062942862510681152e-01
4.062942862510681152e-01
4.062942862510681152e-01
4.062942862510681152e-01
6.322887539863586426e-01
4.062942862510681152e-01
4.062942862510681152e-01
4.062942862510681152e-01
4.062942862510681152e-01
4.062942862510681152e-01
4.062942862510681152e-01
4.062942862510681152e-01
4.062942862510681152e-01
7.440152764320373535e-01
4.062942862510681152e-01
4.062942862510681152e-01
4.062942862510681152e-01
4.062942862510681152e-01
4.062942862510681152e-01
4.062942862510681152e-01
4.062942862510681152e-01
6.125782728195190430e-01
7.409339547157287598e-01
4.062942862510681152e-01
4.062942862510681152e-01
4.062942862510681152e-01
4.062942862510681152e-01
4.062942862510681152e-01
4.062942862510681152e-01
4.062942862510681152e-01
4.062942862510681152e-01
4.062942862510681152e-01
4.062942862510681152e-01
4.062942862510681152e-01
4.062942862510681152e-01
4.062942862510681152e-01
4.062942862510681152e-01
4.062942862510681152e-01
4.062942862510681152e-01
4.062942862510681152e-01
4.062942862510681152e-01
4.062942862510681152e-01
4.062942862510681152e-01
4.062942862510681152e-01
4.062942862510681152e-01
4.062942862510681152e-01
4.062942862510681152e-01
4.062942862510681152e-01
4.062942862510681152e-01
4.062942862510681152e-01
4.062942862510681152e-01
4.062942862510681152e-01
4.062942862510681152e-01
4.062942862510681152e-01
4.062942862510681152e-01
4.062942862510681152e-01
4.062942862510681152e-01
7.359094023704528809e-01
4.062942862510681152e-01
4.062942862510681152e-01
4.062942862510681152e-01
4.062942862510681152e-01
4.062942862510681152e-01
4.062942862510681152e-01
4.062942862510681152e-01
4.062942862510681152e-01
4.062942862510681152e-01
4.062942862510681152e-01
4.062942862510681152e-01
4.062942862510681152e-01
4.062942862510681152e-01
4.062942862510681152e-01
4.062942862510681152e-01
4.062942862510681152e-01
4.062942862510681152e-01
4.062942862510681152e-01
4.062942862510681152e-01
4.062942862510681152e-01
4.062942862510681152e-01
4.062942862510681152e-01
4.062942862510681152e-01
4.062942862510681152e-01
4.062942862510681152e-01
4.062942862510681152e-01
6.110759973526000977e-01
4.062942862510681152e-01
4.062942862510681152e-01
4.062942862510681152e-01
4.062942862510681152e-01
4.062942862510681152e-01
6.000494360923767090e-01
7.150427103042602539e-01
4.062942862510681152e-01
4.062942862510681152e-01
4.062942862510681152e-01
4.062942862510681152e-01
4.062942862510681152e-01
4.062942862510681152e-01
4.062942862510681152e-01
7.455983757972717285e-01
4.062942862510681152e-01
4.062942862510681152e-01
4.062942862510681152e-01
4.062942862510681152e-01
4.062942862510681152e-01
4.062942862510681152e-01
4.062942862510681152e-01
4.062942862510681152e-01
4.062942862510681152e-01
4.062942862510681152e-01
4.062942862510681152e-01
4.062942862510681152e-01
4.062942862510681152e-01
4.062942862510681152e-01
4.062942862510681152e-01
4.062942862510681152e-01
4.062942862510681152e-01
4.062942862510681152e-01
4.062942862510681152e-01
4.062942862510681152e-01
7.457309365272521973e-01
4.062942862510681152e-01
4.062942862510681152e-01
4.062942862510681152e-01
4.062942862510681152e-01
4.062942862510681152e-01
4.062942862510681152e-01
4.062942862510681152e-01
4.062942862510681152e-01
4.062942862510681152e-01
4.062942862510681152e-01
4.062942862510681152e-01
4.062942862510681152e-01
4.062942862510681152e-01
4.062942862510681152e-01
4.062942862510681152e-01
4.062942862510681152e-01
4.062942862510681152e-01
4.062942862510681152e-01
4.062942862510681152e-01
4.062942862510681152e-01
4.062942862510681152e-01
4.062942862510681152e-01
4.062942862510681152e-01
4.062942862510681152e-01
4.062942862510681152e-01
4.062942862510681152e-01
4.062942862510681152e-01
4.062942862510681152e-01
4.062942862510681152e-01
4.062942862510681152e-01
4.062942862510681152e-01
4.062942862510681152e-01
4.062942862510681152e-01
4.062942862510681152e-01
4.062942862510681152e-01
4.062942862510681152e-01
4.062942862510681152e-01
4.062942862510681152e-01
4.062942862510681152e-01
4.062942862510681152e-01
4.062942862510681152e-01
4.062942862510681152e-01
4.062942862510681152e-01
4.062942862510681152e-01
4.062942862510681152e-01
4.062942862510681152e-01
4.062942862510681152e-01
4.062942862510681152e-01
4.062942862510681152e-01
4.062942862510681152e-01
4.062942862510681152e-01
4.062942862510681152e-01
4.062942862510681152e-01
7.457017898559570312e-01
7.456936240196228027e-01
4.062942862510681152e-01
4.062942862510681152e-01
7.436045408248901367e-01
4.062942862510681152e-01
4.062942862510681152e-01
