7.731828093528747559e-01
7.688948512077331543e-01
7.760265469551086426e-01
7.502325177192687988e-01
7.610470056533813477e-01
7.673539519309997559e-01
7.547062039375305176e-01
7.562087178230285645e-01
7.864452600479125977e-01
7.952941060066223145e-01
6.865728497505187988e-01
6.687132716178894043e-01
7.406460642814636230e-01
7.951247096061706543e-01
8.096557259559631348e-01
7.744260430335998535e-01
7.661489844322204590e-01
7.122940421104431152e-01
7.048078179359436035e-01
7.618415951728820801e-01
7.766913771629333496e-01
8.202852010726928711e-01
7.896238565444946289e-01
7.775604724884033203e-01
7.466361522674560547e-01
6.981269121170043945e-01
7.067062854766845703e-01
7.916020154953002930e-01
7.593436241149902344e-01
7.643884420394897461e-01
7.753486633300781250e-01
7.513556480407714844e-01
7.203271985054016113e-01
5.342359542846679688e-01
8.036872148513793945e-01
7.235302925109863281e-01
7.222568988800048828e-01
7.022873759269714355e-01
7.481413483619689941e-01
7.116634845733642578e-01
7.525025606155395508e-01
7.516832351684570312e-01
7.418854236602783203e-01
7.403929829597473145e-01
7.810811996459960938e-01
7.354395389556884766e-01
7.493242025375366211e-01
7.679633498191833496e-01
2.603091597557067871e-01
7.056141495704650879e-01
7.784116864204406738e-01
7.303640246391296387e-01
7.780348062515258789e-01
2.319582849740982056e-01
7.406337857246398926e-01
7.980054616928100586e-01
7.544692158699035645e-01
7.809361219406127930e-01
7.921791076660156250e-01
8.065878748893737793e-01
7.590215206146240234e-01
7.886581420898437500e-01
7.762530446052551270e-01
7.615434527397155762e-01
7.337725162506103516e-01
2.318684160709381104e-01
7.517823576927185059e-01
7.177499532699584961e-01
8.028649091720581055e-01
7.693856358528137207e-01
7.508019804954528809e-01
7.717348337173461914e-01
7.714042067527770996e-01
7.915258407592773438e-01
7.701285481452941895e-01
4.140915274620056152e-01
5.091028809547424316e-01
5.213784575462341309e-01
4.293417632579803467e-01
5.005246996879577637e-01
4.989308416843414307e-01
4.534406363964080811e-01
5.084332823753356934e-01
4.173564016819000244e-01
4.968172311782836914e-01
4.821099042892456055e-01
4.083599746227264404e-01
5.100748538970947266e-01
3.840625286102294922e-01
4.095612466335296631e-01
4.420125484466552734e-01
4.093282520771026611e-01
4.859457910060882568e-01
4.485514461994171143e-01
4.981186985969543457e-01
5.254247188568115234e-01
4.189095199108123779e-01
5.063750743865966797e-01
4.833573102951049805e-01
4.953405559062957764e-01
5.318064689636230469e-01
5.439955592155456543e-01
4.898982346057891846e-01
5.278695225715637207e-01
4.846693277359008789e-01
4.323500990867614746e-01
3.715071678161621094e-01
4.162954092025756836e-01
5.020834207534790039e-01
4.879220724105834961e-01
4.563474357128143311e-01
4.244032502174377441e-01
5.059585571289062500e-01
4.530379176139831543e-01
4.371220767498016357e-01
5.072261095046997070e-01
4.304850101470947266e-01
3.913176953792572021e-01
3.973492383956909180e-01
4.685461819171905518e-01
5.272210240364074707e-01
3.898056149482727051e-01
5.068621039390563965e-01
5.099537968635559082e-01
4.059923291206359863e-01
5.165349841117858887e-01
3.949272930622100830e-01
4.313246905803680420e-01
5.069434046745300293e-01
5.017264485359191895e-01
5.353488922119140625e-01
4.728131890296936035e-01
4.053511321544647217e-01
5.322512984275817871e-01
4.545826315879821777e-01
4.046354293823242188e-01
5.177693963050842285e-01
5.323644280433654785e-01
3.882122039794921875e-01
5.040634274482727051e-01
4.936457574367523193e-01
4.103391170501708984e-01
5.010308027267456055e-01
5.334511399269104004e-01
4.052594900131225586e-01
3.830415308475494385e-01
5.051049590110778809e-01
3.617738485336303711e-01
4.880502820014953613e-01
5.281153917312622070e-01
4.104288220405578613e-01
4.410275220870971680e-01
4.146118760108947754e-01
4.147163331508636475e-01
3.960897028446197510e-01
4.265338480472564697e-01
4.379483461380004883e-01
3.838195800781250000e-01
3.997983932495117188e-01
4.221829473972320557e-01
3.811352550983428955e-01
4.656961858272552490e-01
4.096145331859588623e-01
4.181416034698486328e-01
4.383668303489685059e-01
4.099296331405639648e-01
4.081084132194519043e-01
4.186049401760101318e-01
4.092245399951934814e-01
4.101928472518920898e-01
4.812731742858886719e-01
4.724625647068023682e-01
5.005329251289367676e-01
4.919103384017944336e-01
4.707078039646148682e-01
4.688454568386077881e-01
4.638536572456359863e-01
3.770924806594848633e-01
4.999817013740539551e-01
4.838659465312957764e-01
4.559319913387298584e-01
4.786539673805236816e-01
4.886898696422576904e-01
4.890207350254058838e-01
4.743460118770599365e-01
4.330137968063354492e-01
5.085681676864624023e-01
5.006388425827026367e-01
4.769611060619354248e-01
4.709838032722473145e-01
4.517637193202972412e-01
4.840010106563568115e-01
4.530358910560607910e-01
4.966401755809783936e-01
4.730240702629089355e-01
4.690576493740081787e-01
4.600501656532287598e-01
4.382245242595672607e-01
4.718250632286071777e-01
4.698843657970428467e-01
3.952412307262420654e-01
4.701362848281860352e-01
4.823730289936065674e-01
4.635790884494781494e-01
4.361197948455810547e-01
4.654617905616760254e-01
4.814690351486206055e-01
4.685328304767608643e-01
4.749837517738342285e-01
4.775521755218505859e-01
4.674475491046905518e-01
4.990480244159698486e-01
4.769418537616729736e-01
4.921302497386932373e-01
4.940594732761383057e-01
4.971206188201904297e-01
4.620899558067321777e-01
5.004511475563049316e-01
4.731116294860839844e-01
4.981509447097778320e-01
4.648724198341369629e-01
5.112528204917907715e-01
4.597504138946533203e-01
4.965932369232177734e-01
4.730438590049743652e-01
4.820078313350677490e-01
4.812968671321868896e-01
4.669703245162963867e-01
4.209853112697601318e-01
5.084620714187622070e-01
4.668959677219390869e-01
4.874165356159210205e-01
4.534763693809509277e-01
4.651057422161102295e-01
4.610366523265838623e-01
5.057672858238220215e-01
5.183556079864501953e-01
4.596562385559082031e-01
3.322496712207794189e-01
5.126274824142456055e-01
4.903468191623687744e-01
4.854163527488708496e-01
5.116155743598937988e-01
4.153684377670288086e-01
3.592661321163177490e-01
3.152992725372314453e-01
8.559224009513854980e-01
8.491191864013671875e-01
8.580631613731384277e-01
3.501148223876953125e-01
3.348460793495178223e-01
8.569897413253784180e-01
7.208666801452636719e-01
8.570646047592163086e-01
3.109179139137268066e-01
8.485282659530639648e-01
8.545592427253723145e-01
7.347051501274108887e-01
8.553615808486938477e-01
8.514828681945800781e-01
8.548371791839599609e-01
8.496309518814086914e-01
3.856700062751770020e-01
3.353912234306335449e-01
3.580478131771087646e-01
8.602169156074523926e-01
8.561643362045288086e-01
8.614463806152343750e-01
3.190440237522125244e-01
8.510783910751342773e-01
8.506742715835571289e-01
8.654589653015136719e-01
3.517338931560516357e-01
8.196516633033752441e-01
8.609278202056884766e-01
8.493452072143554688e-01
8.480266332626342773e-01
8.533142209053039551e-01
8.586792945861816406e-01
8.511219024658203125e-01
8.527703285217285156e-01
8.552210330963134766e-01
3.946607112884521484e-01
4.025211334228515625e-01
3.835586905479431152e-01
8.636866211891174316e-01
8.553436994552612305e-01
8.649100661277770996e-01
8.534027934074401855e-01
8.549782633781433105e-01
8.566039800643920898e-01
8.607615232467651367e-01
4.107875227928161621e-01
3.423703610897064209e-01
8.501458764076232910e-01
8.508095741271972656e-01
8.573690652847290039e-01
8.545243740081787109e-01
8.543631434440612793e-01
8.486103415489196777e-01
8.536363840103149414e-01
8.551919460296630859e-01
8.525013923645019531e-01
3.782998323440551758e-01
3.440816104412078857e-01
8.628181815147399902e-01
7.091233134269714355e-01
3.843834996223449707e-01
8.566840291023254395e-01
8.500994443893432617e-01
3.993575274944305420e-01
8.495012521743774414e-01
3.265928626060485840e-01
8.627162575721740723e-01
8.534311056137084961e-01
8.515172600746154785e-01
3.254279494285583496e-01
8.619965910911560059e-01
8.632804155349731445e-01
3.865052461624145508e-01
3.715495467185974121e-01
8.700440526008605957e-01
4.015845358371734619e-01
8.458225727081298828e-01
3.510515987873077393e-01
4.262141585350036621e-01
8.622223734855651855e-01
4.119254350662231445e-01
5.456086993217468262e-01
8.614383339881896973e-01
4.735147953033447266e-01
4.414008259773254395e-01
3.633476197719573975e-01
4.591238498687744141e-01
3.999988436698913574e-01
8.628209233283996582e-01
8.678591251373291016e-01
3.853600919246673584e-01
4.911260604858398438e-01
4.495162069797515869e-01
8.669713139533996582e-01
4.244227111339569092e-01
3.816593885421752930e-01
8.733299970626831055e-01
4.186368286609649658e-01
3.988313674926757812e-01
4.574944972991943359e-01
8.674056529998779297e-01
8.700440526008605957e-01
4.237565696239471436e-01
8.701377511024475098e-01
4.124204814434051514e-01
8.689579367637634277e-01
4.324611127376556396e-01
4.080463051795959473e-01
3.293078243732452393e-01
3.806779980659484863e-01
3.916365802288055420e-01
8.659617900848388672e-01
3.871580660343170166e-01
3.558055460453033447e-01
3.715535402297973633e-01
3.837201595306396484e-01
3.773368299007415771e-01
4.299291372299194336e-01
4.546513855457305908e-01
4.209590852260589600e-01
4.205774068832397461e-01
4.263153076171875000e-01
4.614672064781188965e-01
4.211435317993164062e-01
4.193978905677795410e-01
4.520330131053924561e-01
4.582263231277465820e-01
4.094718694686889648e-01
4.110070466995239258e-01
4.373499453067779541e-01
4.265108108520507812e-01
4.001491367816925049e-01
4.312227070331573486e-01
4.737021625041961670e-01
4.434050321578979492e-01
4.327973127365112305e-01
4.084201753139495850e-01
4.034549593925476074e-01
4.211632311344146729e-01
4.236139357089996338e-01
4.208649694919586182e-01
4.481846392154693604e-01
4.264228343963623047e-01
4.265471994876861572e-01
4.208094775676727295e-01
4.177290201187133789e-01
4.071900248527526855e-01
4.360893666744232178e-01
4.323195815086364746e-01
4.296588003635406494e-01
4.192749261856079102e-01
3.872246146202087402e-01
4.475362002849578857e-01
4.006683528423309326e-01
4.086151421070098877e-01
3.938504457473754883e-01
4.682074189186096191e-01
4.326198101043701172e-01
4.547230005264282227e-01
4.262058436870574951e-01
4.184496104717254639e-01
4.180088341236114502e-01
4.269136488437652588e-01
4.344053864479064941e-01
4.273594617843627930e-01
3.731810152530670166e-01
4.150513708591461182e-01
4.173196256160736084e-01
4.227020144462585449e-01
4.164128303527832031e-01
4.211641550064086914e-01
4.031045734882354736e-01
4.362309575080871582e-01
4.068527221679687500e-01
4.425154626369476318e-01
4.195854365825653076e-01
4.060939550399780273e-01
4.494964182376861572e-01
1.750006824731826782e-01
7.736911773681640625e-01
7.833257913589477539e-01
7.718780636787414551e-01
2.261749505996704102e-01
7.737588882446289062e-01
7.645541429519653320e-01
7.930858731269836426e-01
7.699188590049743652e-01
7.724277377128601074e-01
7.885098457336425781e-01
7.906124591827392578e-01
7.474154233932495117e-01
7.768385410308837891e-01
7.659196257591247559e-01
7.717466354370117188e-01
7.234050631523132324e-01
7.663988471031188965e-01
7.668477892875671387e-01
6.942642927169799805e-01
7.835218906402587891e-01
7.418351173400878906e-01
7.547691464424133301e-01
7.624122500419616699e-01
7.857645750045776367e-01
7.977856993675231934e-01
7.190359234809875488e-01
7.543354630470275879e-01
1.698291599750518799e-01
7.690171003341674805e-01
7.859245538711547852e-01
7.715424299240112305e-01
7.953587174415588379e-01
7.872465252876281738e-01
7.818053960800170898e-01
7.763265371322631836e-01
7.664315104484558105e-01
7.533642053604125977e-01
7.636601328849792480e-01
7.792140841484069824e-01
7.640175223350524902e-01
5.827365517616271973e-01
7.873355746269226074e-01
7.490743994712829590e-01
8.054685592651367188e-01
2.157035470008850098e-01
7.998138666152954102e-01
7.862007021903991699e-01
7.751209139823913574e-01
7.233417630195617676e-01
8.162575960159301758e-01
8.076127171516418457e-01
8.046302795410156250e-01
7.790700793266296387e-01
2.913264930248260498e-01
7.789344787597656250e-01
7.320694923400878906e-01
7.700214982032775879e-01
7.552570104598999023e-01
7.927679419517517090e-01
8.154575824737548828e-01
7.991551160812377930e-01
7.636731266975402832e-01
7.750133275985717773e-01
7.618727684020996094e-01
7.180984616279602051e-01
7.826322913169860840e-01
7.375784516334533691e-01
7.788665890693664551e-01
2.297665029764175415e-01
7.842044234275817871e-01
2.026452124118804932e-01
7.899248003959655762e-01
7.893736958503723145e-01
7.329490780830383301e-01
1.485013067722320557e-01
1.485289335250854492e-01
1.798627078533172607e-01
1.745826005935668945e-01
1.597323566675186157e-01
7.290533185005187988e-01
7.054227590560913086e-01
1.783838123083114624e-01
1.814030110836029053e-01
5.209249854087829590e-01
6.992604732513427734e-01
7.006193399429321289e-01
5.471718907356262207e-01
2.137330323457717896e-01
1.745342463254928589e-01
2.215142399072647095e-01
7.552018165588378906e-01
6.937473416328430176e-01
6.658672094345092773e-01
1.504332721233367920e-01
1.664780080318450928e-01
1.976899504661560059e-01
2.621217072010040283e-01
1.282618194818496704e-01
9.501837939023971558e-02
7.171963453292846680e-01
1.093434020876884460e-01
5.291120409965515137e-01
1.603008657693862915e-01
1.677741408348083496e-01
1.353900730609893799e-01
1.527490615844726562e-01
1.433598101139068604e-01
1.605220288038253784e-01
1.479215770959854126e-01
1.403210610151290894e-01
5.571301579475402832e-01
7.169606089591979980e-01
1.303480863571166992e-01
6.984884738922119141e-01
1.284060031175613403e-01
7.171840667724609375e-01
4.762931466102600098e-01
5.171817541122436523e-01
1.962222754955291748e-01
7.361752390861511230e-01
5.094109177589416504e-01
1.584304869174957275e-01
1.794984936714172363e-01
7.026188969612121582e-01
1.669384241104125977e-01
1.504586935043334961e-01
1.807473450899124146e-01
1.452635228633880615e-01
9.777412563562393188e-02
1.737205684185028076e-01
1.774828881025314331e-01
1.965155154466629028e-01
1.854697316884994507e-01
1.263475865125656128e-01
7.172355055809020996e-01
1.447796076536178589e-01
1.635854095220565796e-01
1.492093205451965332e-01
7.089437246322631836e-01
1.633539199829101562e-01
1.553676277399063110e-01
7.107037901878356934e-01
1.516977846622467041e-01
1.888752132654190063e-01
5.879197716712951660e-01
1.483811587095260620e-01
1.488581001758575439e-01
6.362409591674804688e-01
5.593253374099731445e-01
4.665572047233581543e-01
3.065592944622039795e-01
2.917813956737518311e-01
4.834837317466735840e-01
3.116895854473114014e-01
2.897208333015441895e-01
3.116895854473114014e-01
2.862946093082427979e-01
4.912593960762023926e-01
3.244359791278839111e-01
2.954325377941131592e-01
4.586711525917053223e-01
3.114973902702331543e-01
4.560249447822570801e-01
4.458867311477661133e-01
4.348509907722473145e-01
4.514212608337402344e-01
2.862946093082427979e-01
4.664265215396881104e-01
4.483414888381958008e-01
2.820711433887481689e-01
4.544526040554046631e-01
4.045258760452270508e-01
2.862946093082427979e-01
2.820711433887481689e-01
3.021247982978820801e-01
3.015976548194885254e-01
3.285903632640838623e-01
3.178166449069976807e-01
3.205406367778778076e-01
5.169293880462646484e-01
3.521292209625244141e-01
4.872235655784606934e-01
2.917813956737518311e-01
3.986610472202301025e-01
3.736568987369537354e-01
3.890751600265502930e-01
3.890751600265502930e-01
2.680820822715759277e-01
3.128523528575897217e-01
3.065592944622039795e-01
2.680820822715759277e-01
4.348509907722473145e-01
4.508693516254425049e-01
2.820711433887481689e-01
2.954325377941131592e-01
4.572018682956695557e-01
3.249217569828033447e-01
4.015365540981292725e-01
4.632734954357147217e-01
3.021247982978820801e-01
4.973618388175964355e-01
4.623834192752838135e-01
3.116895854473114014e-01
3.986610472202301025e-01
3.986610472202301025e-01
3.222242295742034912e-01
4.719667136669158936e-01
2.954325377941131592e-01
3.990931808948516846e-01
4.552466571331024170e-01
3.123268783092498779e-01
3.370160758495330811e-01
4.511547088623046875e-01
3.873804807662963867e-01
3.015976548194885254e-01
3.968983292579650879e-01
3.309467732906341553e-01
2.897208333015441895e-01
3.987345695495605469e-01
4.766916036605834961e-01
3.587158024311065674e-01
3.768086731433868408e-01
3.763021826744079590e-01
2.911164462566375732e-01
4.354039728641510010e-01
4.203152954578399658e-01
4.422549009323120117e-01
4.146200120449066162e-01
3.599657714366912842e-01
4.126509130001068115e-01
3.952866792678833008e-01
3.767504096031188965e-01
3.934860527515411377e-01
4.105311930179595947e-01
3.925295770168304443e-01
3.873761892318725586e-01
4.132505655288696289e-01
4.015026688575744629e-01
4.103392660617828369e-01
4.135737419128417969e-01
4.819889068603515625e-01
3.846963942050933838e-01
4.030179083347320557e-01
3.972958922386169434e-01
4.966078698635101318e-01
4.170325398445129395e-01
4.686205089092254639e-01
4.160118997097015381e-01
4.672812223434448242e-01
4.248276948928833008e-01
5.205203294754028320e-01
5.125299096107482910e-01
4.605573415756225586e-01
4.497889876365661621e-01
4.856977462768554688e-01
4.855177104473114014e-01
4.817215800285339355e-01
4.655516147613525391e-01
4.777841269969940186e-01
4.828248023986816406e-01
4.676975309848785400e-01
4.762574434280395508e-01
5.002760887145996094e-01
4.776040017604827881e-01
4.274287819862365723e-01
4.930928647518157959e-01
4.610027968883514404e-01
4.509751200675964355e-01
3.440713584423065186e-01
4.684629142284393311e-01
4.694204926490783691e-01
4.822278916835784912e-01
4.325638711452484131e-01
4.035190045833587646e-01
4.965969026088714600e-01
5.063539743423461914e-01
4.123679399490356445e-01
4.164723753929138184e-01
4.418162703514099121e-01
4.772454500198364258e-01
4.504227340221405029e-01
4.723455607891082764e-01
5.039774179458618164e-01
4.598990380764007568e-01
3.549800515174865723e-01
4.467738568782806396e-01
4.681667983531951904e-01
4.496690332889556885e-01
4.347689151763916016e-01
4.196416437625885010e-01
4.544960558414459229e-01
4.737389981746673584e-01
5.106003284454345703e-01
4.738544821739196777e-01
4.455340504646301270e-01
4.886832237243652344e-01
4.534261226654052734e-01
4.685936570167541504e-01
4.477292001247406006e-01
4.842279553413391113e-01
4.917041063308715820e-01
4.831621944904327393e-01
4.785688817501068115e-01
5.032706260681152344e-01
4.939506649971008301e-01
4.603184163570404053e-01
4.489756822586059570e-01
4.814988672733306885e-01
4.612420499324798584e-01
4.264641106128692627e-01
4.612084031105041504e-01
5.139342546463012695e-01
4.762756228446960449e-01
4.354604780673980713e-01
4.941186010837554932e-01
4.656143188476562500e-01
3.377799391746520996e-01
2.945680320262908936e-01
3.864553868770599365e-01
3.102884590625762939e-01
3.414064049720764160e-01
3.458996713161468506e-01
3.190541863441467285e-01
3.204272091388702393e-01
3.146220743656158447e-01
3.227965533733367920e-01
3.294216990470886230e-01
3.152986764907836914e-01
3.102411329746246338e-01
3.509423136711120605e-01
3.202561736106872559e-01
3.769008219242095947e-01
3.241467177867889404e-01
3.143327236175537109e-01
3.937530517578125000e-01
3.206923604011535645e-01
3.456050157546997070e-01
3.266490995883941650e-01
3.209207952022552490e-01
3.116018772125244141e-01
3.162984549999237061e-01
3.205293715000152588e-01
3.149904012680053711e-01
3.419059514999389648e-01
3.307341039180755615e-01
3.044446110725402832e-01
3.316688239574432373e-01
3.068190515041351318e-01
3.041863739490509033e-01
3.021143376827239990e-01
3.938502669334411621e-01
3.103978037834167480e-01
3.234503567218780518e-01
3.225859999656677246e-01
4.017178416252136230e-01
3.109643459320068359e-01
3.192853033542633057e-01
3.406098783016204834e-01
3.246986269950866699e-01
3.485113978385925293e-01
7.119439840316772461e-01
3.190472424030303955e-01
3.191123902797698975e-01
3.522309958934783936e-01
3.621323704719543457e-01
3.364409208297729492e-01
3.161621987819671631e-01
3.009924888610839844e-01
3.286393582820892334e-01
3.273779451847076416e-01
3.060685098171234131e-01
3.025267124176025391e-01
3.103024661540985107e-01
3.204590380191802979e-01
3.354416489601135254e-01
3.174076974391937256e-01
3.355741202831268311e-01
3.262395858764648438e-01
3.216729462146759033e-01
3.275436162948608398e-01
3.161912262439727783e-01
6.933555603027343750e-01
3.882641196250915527e-01
3.304905891418457031e-01
3.327288031578063965e-01
3.302988708019256592e-01
3.154123723506927490e-01
8.450351357460021973e-01
3.211584091186523438e-01
3.333548307418823242e-01
3.393805027008056641e-01
3.515812158584594727e-01
3.396306931972503662e-01
3.879766762256622314e-01
3.483029305934906006e-01
3.691366910934448242e-01
2.922955453395843506e-01
3.902145922183990479e-01
3.429685831069946289e-01
3.681993186473846436e-01
3.803895711898803711e-01
3.469997644424438477e-01
4.322167038917541504e-01
3.706591427326202393e-01
4.090902209281921387e-01
3.605466485023498535e-01
4.486944675445556641e-01
3.659187257289886475e-01
4.100963175296783447e-01
3.310990035533905029e-01
3.253159224987030029e-01
3.394389748573303223e-01
3.326237499713897705e-01
3.060277998447418213e-01
3.710271418094635010e-01
3.718940913677215576e-01
4.082092940807342529e-01
4.087148010730743408e-01
8.058308959007263184e-01
3.903077542781829834e-01
3.322848677635192871e-01
3.586680889129638672e-01
3.615306019783020020e-01
3.795737028121948242e-01
2.752109766006469727e-01
3.961530029773712158e-01
3.858677446842193604e-01
3.777503669261932373e-01
3.010189235210418701e-01
3.566595315933227539e-01
3.573539853096008301e-01
4.521366953849792480e-01
3.614238500595092773e-01
3.612506091594696045e-01
3.665431439876556396e-01
4.260317087173461914e-01
3.977053761482238770e-01
3.789786398410797119e-01
3.978536427021026611e-01
4.034452438354492188e-01
4.085788726806640625e-01
4.163065254688262939e-01
4.298351705074310303e-01
4.131930470466613770e-01
3.884336352348327637e-01
4.340835809707641602e-01
4.152145683765411377e-01
4.143569171428680420e-01
4.154645502567291260e-01
4.034742116928100586e-01
3.597220182418823242e-01
3.998855948448181152e-01
3.968392610549926758e-01
4.153902828693389893e-01
4.068136811256408691e-01
4.179167747497558594e-01
4.350831806659698486e-01
4.291453957557678223e-01
4.212011992931365967e-01
4.057247638702392578e-01
4.282728135585784912e-01
4.089208543300628662e-01
4.055594801902770996e-01
4.025185406208038330e-01
4.252398610115051270e-01
4.103804528713226318e-01
4.118406772613525391e-01
4.141094386577606201e-01
4.001871943473815918e-01
4.200743734836578369e-01
4.240797162055969238e-01
4.313285946846008301e-01
4.206935465335845947e-01
4.106443822383880615e-01
4.082291126251220703e-01
4.290776848793029785e-01
4.086714982986450195e-01
4.325529336929321289e-01
4.311523139476776123e-01
4.252837002277374268e-01
4.037360846996307373e-01
4.389894008636474609e-01
4.151627421379089355e-01
4.023899137973785400e-01
4.222270250320434570e-01
4.115066230297088623e-01
4.004994630813598633e-01
4.195169508457183838e-01
4.183797538280487061e-01
4.191405177116394043e-01
4.220119416713714600e-01
4.494556486606597900e-01
3.928704559803009033e-01
4.155381917953491211e-01
4.177021980285644531e-01
4.146685004234313965e-01
3.912535607814788818e-01
4.124602675437927246e-01
4.252200722694396973e-01
1.899363249540328979e-01
1.620540320873260498e-01
1.868635267019271851e-01
1.246793493628501892e-01
2.287088334560394287e-01
1.563620269298553467e-01
1.676806062459945679e-01
1.779167205095291138e-01
1.685638427734375000e-01
7.179488539695739746e-01
1.864726245403289795e-01
7.492903470993041992e-01
5.605092644691467285e-01
1.662395447492599487e-01
1.445750147104263306e-01
1.927760690450668335e-01
6.721346974372863770e-01
5.464413166046142578e-01
1.636179834604263306e-01
1.679007112979888916e-01
1.807773113250732422e-01
1.177797615528106689e-01
6.833842396736145020e-01
1.692427098751068115e-01
1.630619019269943237e-01
2.087577134370803833e-01
1.399178057909011841e-01
5.594271421432495117e-01
1.689898073673248291e-01
5.925136804580688477e-01
1.502960324287414551e-01
1.793575435876846313e-01
2.281479090452194214e-01
1.735287308692932129e-01
2.368434369564056396e-01
1.935479789972305298e-01
1.667147278785705566e-01
5.582324862480163574e-01
1.374297589063644409e-01
1.634075045585632324e-01
1.604185998439788818e-01
1.305492371320724487e-01
6.055412888526916504e-01
1.337036043405532837e-01
2.179378718137741089e-01
2.296171039342880249e-01
2.068846523761749268e-01
1.769154816865921021e-01
1.752414554357528687e-01
5.208733677864074707e-01
2.129803597927093506e-01
2.126438170671463013e-01
2.479861080646514893e-01
1.570145934820175171e-01
2.405255585908889771e-01
1.666532605886459351e-01
1.129512116312980652e-01
5.415593981742858887e-01
2.285268157720565796e-01
1.786239296197891235e-01
1.748695671558380127e-01
1.788931041955947876e-01
5.985347628593444824e-01
1.428621411323547363e-01
1.331807523965835571e-01
1.313357353210449219e-01
1.771177053451538086e-01
5.208557844161987305e-01
7.520627975463867188e-01
1.337956041097640991e-01
5.856688022613525391e-01
1.631039381027221680e-01
1.791833043098449707e-01
1.677685976028442383e-01
6.591822504997253418e-01
