4.773486852645874023e-01
4.773486852645874023e-01
5.516750812530517578e-01
5.516750812530517578e-01
4.773486852645874023e-01
4.773486852645874023e-01
5.516750812530517578e-01
4.773486852645874023e-01
5.516750812530517578e-01
4.773486852645874023e-01
4.773486852645874023e-01
5.516750812530517578e-01
5.509842634201049805e-01
4.773486852645874023e-01
5.516750812530517578e-01
4.773486852645874023e-01
4.773486852645874023e-01
5.516750812530517578e-01
4.773486852645874023e-01
4.773486852645874023e-01
4.773486852645874023e-01
5.516750812530517578e-01
3.609323501586914062e-01
5.494029521942138672e-01
5.516750812530517578e-01
5.516750812530517578e-01
4.773486852645874023e-01
5.516750812530517578e-01
5.516750812530517578e-01
5.516750812530517578e-01
4.773486852645874023e-01
4.773486852645874023e-01
4.773486852645874023e-01
5.516750812530517578e-01
5.516750812530517578e-01
4.773486852645874023e-01
5.516750812530517578e-01
5.516750812530517578e-01
4.773486852645874023e-01
5.516750812530517578e-01
5.516750812530517578e-01
5.516750812530517578e-01
4.773486852645874023e-01
5.516750812530517578e-01
5.516750812530517578e-01
5.516750812530517578e-01
4.773486852645874023e-01
5.516750812530517578e-01
5.516750812530517578e-01
4.773486852645874023e-01
5.516750812530517578e-01
5.516750812530517578e-01
5.516706705093383789e-01
5.361285209655761719e-01
5.515800118446350098e-01
4.773486852645874023e-01
4.773486852645874023e-01
5.516750812530517578e-01
4.773486852645874023e-01
5.516750812530517578e-01
5.516750812530517578e-01
4.773486852645874023e-01
5.516750812530517578e-01
5.516750812530517578e-01
5.516750812530517578e-01
5.516750812530517578e-01
4.773486852645874023e-01
5.516750812530517578e-01
5.516750812530517578e-01
4.773486852645874023e-01
4.575839936733245850e-01
5.516750812530517578e-01
5.516750812530517578e-01
5.516739487648010254e-01
3.205617666244506836e-01
5.516750812530517578e-01
5.516750812530517578e-01
5.516750812530517578e-01
3.205617666244506836e-01
4.773486852645874023e-01
5.516750812530517578e-01
5.516750812530517578e-01
5.404230952262878418e-01
4.773486852645874023e-01
4.773486852645874023e-01
5.516750812530517578e-01
5.516750812530517578e-01
4.773486852645874023e-01
5.280470848083496094e-01
5.516750812530517578e-01
5.516750812530517578e-01
5.516750812530517578e-01
4.773486852645874023e-01
4.773486852645874023e-01
5.516687035560607910e-01
5.516750812530517578e-01
4.773486852645874023e-01
4.773486852645874023e-01
4.773486852645874023e-01
4.773486852645874023e-01
5.516750812530517578e-01
5.516750812530517578e-01
5.516750812530517578e-01
5.516358017921447754e-01
4.773486852645874023e-01
5.301705598831176758e-01
4.773486852645874023e-01
5.307081341743469238e-01
4.773486852645874023e-01
5.516749620437622070e-01
5.515614151954650879e-01
4.729391038417816162e-01
4.809272289276123047e-01
4.773486852645874023e-01
3.564292490482330322e-01
5.509499311447143555e-01
4.782935976982116699e-01
5.516483187675476074e-01
4.694421887397766113e-01
4.809272289276123047e-01
4.773486852645874023e-01
4.675711989402770996e-01
3.564292490482330322e-01
4.773486852645874023e-01
4.773486852645874023e-01
4.773486852645874023e-01
5.515359044075012207e-01
5.506007075309753418e-01
4.773486852645874023e-01
4.773486852645874023e-01
4.773486852645874023e-01
4.773486852645874023e-01
3.605380356311798096e-01
4.773486852645874023e-01
4.773486852645874023e-01
4.773486852645874023e-01
5.516316294670104980e-01
5.516742467880249023e-01
4.773486852645874023e-01
4.773486852645874023e-01
4.773486852645874023e-01
5.465028285980224609e-01
4.773486852645874023e-01
4.788789153099060059e-01
5.514070391654968262e-01
4.773486852645874023e-01
5.493677854537963867e-01
4.951058328151702881e-01
5.454947948455810547e-01
4.773486852645874023e-01
3.564292490482330322e-01
5.451484322547912598e-01
5.516731142997741699e-01
5.304013490676879883e-01
5.516381263732910156e-01
5.447691679000854492e-01
4.773486852645874023e-01
5.515291094779968262e-01
4.773486852645874023e-01
5.502192974090576172e-01
4.773486852645874023e-01
3.564292490482330322e-01
3.564292490482330322e-01
5.515564084053039551e-01
5.342432856559753418e-01
4.773486852645874023e-01
4.779565632343292236e-01
5.304013490676879883e-01
4.773486852645874023e-01
3.564292490482330322e-01
5.516748428344726562e-01
4.773486852645874023e-01
5.451484322547912598e-01
4.742907583713531494e-01
5.516750812530517578e-01
4.773486852645874023e-01
4.773486852645874023e-01
4.773486852645874023e-01
5.516750216484069824e-01
4.773486852645874023e-01
3.554448485374450684e-01
4.773486852645874023e-01
3.554448485374450684e-01
4.788789153099060059e-01
5.326033830642700195e-01
4.773486852645874023e-01
3.564292490482330322e-01
4.773486852645874023e-01
4.773486852645874023e-01
4.573504328727722168e-01
4.719093143939971924e-01
4.773486852645874023e-01
5.516715049743652344e-01
3.359676897525787354e-01
4.773486852645874023e-01
3.554448485374450684e-01
4.773486852645874023e-01
4.773486852645874023e-01
4.791421890258789062e-01
4.773486852645874023e-01
4.773486852645874023e-01
4.773486852645874023e-01
3.564292490482330322e-01
4.773486852645874023e-01
5.516727566719055176e-01
4.788789749145507812e-01
