7.583404183387756348e-01
6.680317521095275879e-01
7.032468318939208984e-01
7.317852973937988281e-01
7.591326236724853516e-01
7.520717382431030273e-01
7.844989299774169922e-01
7.963318824768066406e-01
7.791961431503295898e-01
7.512766718864440918e-01
7.090262174606323242e-01
7.739405035972595215e-01
7.554535865783691406e-01
7.770182490348815918e-01
6.874346137046813965e-01
7.087292671203613281e-01
7.514748573303222656e-01
7.610199451446533203e-01
7.444482445716857910e-01
7.675732970237731934e-01
7.776350378990173340e-01
6.381987929344177246e-01
7.900725603103637695e-01
7.913643121719360352e-01
7.514772415161132812e-01
7.682111859321594238e-01
7.511239647865295410e-01
7.179783582687377930e-01
7.524073719978332520e-01
7.764518260955810547e-01
6.830959320068359375e-01
7.601046562194824219e-01
7.624145746231079102e-01
7.723474502563476562e-01
6.691818833351135254e-01
7.607917189598083496e-01
7.780218124389648438e-01
7.686064243316650391e-01
7.792862653732299805e-01
7.543159127235412598e-01
7.389400005340576172e-01
7.496297955513000488e-01
7.545689344406127930e-01
7.592927217483520508e-01
7.946687936782836914e-01
7.582986354827880859e-01
7.648922801017761230e-01
6.339126825332641602e-01
6.619441509246826172e-01
7.560039758682250977e-01
7.821825146675109863e-01
7.801882028579711914e-01
7.055884599685668945e-01
7.519472241401672363e-01
7.611706852912902832e-01
6.387078166007995605e-01
7.531297206878662109e-01
7.958865165710449219e-01
7.742191553115844727e-01
7.144797444343566895e-01
7.245763540267944336e-01
7.628160715103149414e-01
7.609940767288208008e-01
7.881658673286437988e-01
7.906266450881958008e-01
7.094242572784423828e-01
7.722611427307128906e-01
7.577090263366699219e-01
6.660905480384826660e-01
7.495180368423461914e-01
7.375268340110778809e-01
7.764527797698974609e-01
7.558614611625671387e-01
7.832631468772888184e-01
7.678868174552917480e-01
8.337313532829284668e-01
8.252463936805725098e-01
8.391544222831726074e-01
8.216608762741088867e-01
8.296079635620117188e-01
8.275064229965209961e-01
8.266420364379882812e-01
8.363528251647949219e-01
7.480194568634033203e-01
8.321706652641296387e-01
8.167273402214050293e-01
8.040466904640197754e-01
8.318164944648742676e-01
8.453231453895568848e-01
8.525226712226867676e-01
8.049328923225402832e-01
8.363594412803649902e-01
8.365799188613891602e-01
8.252679705619812012e-01
8.262081742286682129e-01
8.379288315773010254e-01
8.418505191802978516e-01
8.253932595252990723e-01
8.309101462364196777e-01
8.299473524093627930e-01
8.290568590164184570e-01
8.328678011894226074e-01
8.385997414588928223e-01
8.385205864906311035e-01
8.349168300628662109e-01
8.215536475181579590e-01
7.785925865173339844e-01
8.282930850982666016e-01
8.110441565513610840e-01
8.147680163383483887e-01
8.283820748329162598e-01
8.163963556289672852e-01
8.399858474731445312e-01
8.288730382919311523e-01
8.281433582305908203e-01
8.229395747184753418e-01
8.371253013610839844e-01
8.518006801605224609e-01
8.474550247192382812e-01
8.290522694587707520e-01
8.323342800140380859e-01
8.345448970794677734e-01
8.301555514335632324e-01
8.408804535865783691e-01
8.487483859062194824e-01
8.330000042915344238e-01
7.718439698219299316e-01
8.399556875228881836e-01
8.437720537185668945e-01
8.285987973213195801e-01
8.362179994583129883e-01
8.297154903411865234e-01
8.437029719352722168e-01
8.245959281921386719e-01
8.490965962409973145e-01
8.456064462661743164e-01
8.149412274360656738e-01
8.292015790939331055e-01
8.383059501647949219e-01
8.224055171012878418e-01
8.099222183227539062e-01
8.213608860969543457e-01
8.255124092102050781e-01
8.454520106315612793e-01
8.314167261123657227e-01
8.453379273414611816e-01
8.280069828033447266e-01
7.546692490577697754e-01
8.406106829643249512e-01
8.383778929710388184e-01
6.903868317604064941e-01
6.457020640373229980e-01
7.276105284690856934e-01
7.245381474494934082e-01
7.097804546356201172e-01
7.043613791465759277e-01
5.991231203079223633e-01
6.888703107833862305e-01
7.304310798645019531e-01
7.061204314231872559e-01
7.060454487800598145e-01
6.993911862373352051e-01
6.280323266983032227e-01
7.292122244834899902e-01
6.678969860076904297e-01
7.145233750343322754e-01
7.306509613990783691e-01
7.169443964958190918e-01
7.269706130027770996e-01
7.049579620361328125e-01
8.573284149169921875e-01
8.256436586380004883e-01
8.107511401176452637e-01
8.744726777076721191e-01
8.217031359672546387e-01
7.767561674118041992e-01
8.441994190216064453e-01
8.510364294052124023e-01
8.788949251174926758e-01
8.682662248611450195e-01
8.689768314361572266e-01
8.758252859115600586e-01
8.665736317634582520e-01
8.555710315704345703e-01
8.740849494934082031e-01
8.542467355728149414e-01
8.720974922180175781e-01
8.696293234825134277e-01
7.386615276336669922e-01
7.414224147796630859e-01
7.226514220237731934e-01
8.611218333244323730e-01
8.509319424629211426e-01
8.098075985908508301e-01
8.604241609573364258e-01
8.507844805717468262e-01
8.073529601097106934e-01
8.074337244033813477e-01
8.174263834953308105e-01
8.421258330345153809e-01
8.561310172080993652e-01
8.595562577247619629e-01
8.830699324607849121e-01
8.487297296524047852e-01
8.496039509773254395e-01
8.376320600509643555e-01
8.672382235527038574e-01
8.619362115859985352e-01
8.517214655876159668e-01
8.488972187042236328e-01
8.480880260467529297e-01
8.506935238838195801e-01
8.448773622512817383e-01
8.536174297332763672e-01
8.642314076423645020e-01
8.515174984931945801e-01
8.553087115287780762e-01
8.719055652618408203e-01
7.998599410057067871e-01
8.559751510620117188e-01
8.255116343498229980e-01
8.505235314369201660e-01
8.617348670959472656e-01
8.798483610153198242e-01
8.720905780792236328e-01
8.111811876296997070e-01
8.784592747688293457e-01
8.643328547477722168e-01
8.303376436233520508e-01
8.642593026161193848e-01
8.684913516044616699e-01
8.600668907165527344e-01
8.484851717948913574e-01
7.164274454116821289e-01
8.457731604576110840e-01
8.668832182884216309e-01
8.617233633995056152e-01
8.528105616569519043e-01
8.287767171859741211e-01
8.469208478927612305e-01
8.872787952423095703e-01
8.230741620063781738e-01
8.728531002998352051e-01
8.458779454231262207e-01
8.638710975646972656e-01
8.807834386825561523e-01
8.664165735244750977e-01
8.607313036918640137e-01
8.641728758811950684e-01
8.835906386375427246e-01
8.769662976264953613e-01
8.465045094490051270e-01
8.796877861022949219e-01
8.453571796417236328e-01
8.685089349746704102e-01
8.607968091964721680e-01
8.503041267395019531e-01
7.113962769508361816e-01
8.708941340446472168e-01
8.543537259101867676e-01
8.624237775802612305e-01
8.534885048866271973e-01
8.172832131385803223e-01
8.766309618949890137e-01
8.441102504730224609e-01
8.317243456840515137e-01
8.563265204429626465e-01
8.620604872703552246e-01
8.721404671669006348e-01
8.650310039520263672e-01
8.614262938499450684e-01
8.551473617553710938e-01
8.667978048324584961e-01
8.417346477508544922e-01
8.615987300872802734e-01
8.604719638824462891e-01
8.550252318382263184e-01
8.721305727958679199e-01
8.588893413543701172e-01
8.346723318099975586e-01
8.416476845741271973e-01
8.456327915191650391e-01
7.977096438407897949e-01
7.490544319152832031e-01
8.632670640945434570e-01
8.498153686523437500e-01
8.610790371894836426e-01
8.448529839515686035e-01
8.589716553688049316e-01
8.532987236976623535e-01
8.531061410903930664e-01
8.685920834541320801e-01
8.501440882682800293e-01
8.416882157325744629e-01
8.848661184310913086e-01
8.809120059013366699e-01
8.720598816871643066e-01
8.552747368812561035e-01
8.553380966186523438e-01
8.710047006607055664e-01
8.430081605911254883e-01
8.727787137031555176e-01
8.794243335723876953e-01
8.509423732757568359e-01
8.363001942634582520e-01
8.562728762626647949e-01
8.633836507797241211e-01
8.530928492546081543e-01
8.770999908447265625e-01
8.615204095840454102e-01
8.709607720375061035e-01
8.703004121780395508e-01
8.425792455673217773e-01
8.688039779663085938e-01
8.558401465415954590e-01
8.647838830947875977e-01
8.544717431068420410e-01
8.809324502944946289e-01
8.543779253959655762e-01
8.102684020996093750e-01
8.227968215942382812e-01
8.366425037384033203e-01
7.699858546257019043e-01
8.583598136901855469e-01
8.254203200340270996e-01
7.717725634574890137e-01
8.178620338439941406e-01
7.341605424880981445e-01
7.859633564949035645e-01
8.512039184570312500e-01
6.400167942047119141e-01
8.133584856986999512e-01
8.000300526618957520e-01
7.115967273712158203e-01
8.350142240524291992e-01
8.326692581176757812e-01
7.908203601837158203e-01
8.346334099769592285e-01
7.972366809844970703e-01
8.109775185585021973e-01
7.960553765296936035e-01
8.259579539299011230e-01
8.183573484420776367e-01
6.908259987831115723e-01
8.126482367515563965e-01
8.334425091743469238e-01
7.264211177825927734e-01
8.031917214393615723e-01
8.366425037384033203e-01
8.437839150428771973e-01
7.183412313461303711e-01
7.898437380790710449e-01
8.289469480514526367e-01
8.063007593154907227e-01
7.890602946281433105e-01
8.380392789840698242e-01
8.506875634193420410e-01
8.153339028358459473e-01
8.229610919952392578e-01
8.057441711425781250e-01
7.870073318481445312e-01
8.277505040168762207e-01
7.890604138374328613e-01
8.165852427482604980e-01
6.403107047080993652e-01
8.136563301086425781e-01
8.092176318168640137e-01
8.127798438072204590e-01
7.845040559768676758e-01
6.512464284896850586e-01
8.039776682853698730e-01
8.443285226821899414e-01
8.374547362327575684e-01
8.384643793106079102e-01
8.349226117134094238e-01
8.257573246955871582e-01
8.265910744667053223e-01
7.989735007286071777e-01
8.207072615623474121e-01
8.077316284179687500e-01
8.220466375350952148e-01
7.411007285118103027e-01
8.124288320541381836e-01
6.872610449790954590e-01
7.767361402511596680e-01
8.128100633621215820e-01
8.063856959342956543e-01
8.378648161888122559e-01
7.520018815994262695e-01
8.285506367683410645e-01
8.202004432678222656e-01
8.099310994148254395e-01
8.173115849494934082e-01
7.646993994712829590e-01
8.266050815582275391e-01
8.177512288093566895e-01
8.261275887489318848e-01
8.152015209197998047e-01
8.305660486221313477e-01
6.448931694030761719e-01
8.238698840141296387e-01
7.831262350082397461e-01
8.086178302764892578e-01
7.785199880599975586e-01
8.158446550369262695e-01
8.357816338539123535e-01
8.082779049873352051e-01
8.520365953445434570e-01
8.245582580566406250e-01
8.269590139389038086e-01
7.967113256454467773e-01
8.016097545623779297e-01
7.939106822013854980e-01
6.730058193206787109e-01
7.997109293937683105e-01
6.877936720848083496e-01
8.273729681968688965e-01
7.804017663002014160e-01
8.346664905548095703e-01
7.899631857872009277e-01
8.117889165878295898e-01
8.127242326736450195e-01
7.870966196060180664e-01
8.311953544616699219e-01
7.919868826866149902e-01
7.628565430641174316e-01
7.397139668464660645e-01
7.921078801155090332e-01
6.654614210128784180e-01
7.532276511192321777e-01
6.756085157394409180e-01
7.047709226608276367e-01
7.466409206390380859e-01
7.483458518981933594e-01
7.332375049591064453e-01
6.725212931632995605e-01
7.206760048866271973e-01
7.342618107795715332e-01
7.565290927886962891e-01
7.408602237701416016e-01
7.320887446403503418e-01
7.698176503181457520e-01
6.971793770790100098e-01
7.712088227272033691e-01
7.471861839294433594e-01
7.531528472900390625e-01
7.848558425903320312e-01
7.697069644927978516e-01
7.562882900238037109e-01
6.886533498764038086e-01
7.736183404922485352e-01
7.675563097000122070e-01
7.234726548194885254e-01
7.530254125595092773e-01
7.571669816970825195e-01
6.450232267379760742e-01
7.457953691482543945e-01
7.837046980857849121e-01
7.501385807991027832e-01
7.230044007301330566e-01
7.656304836273193359e-01
7.462127804756164551e-01
7.538526654243469238e-01
7.262926101684570312e-01
7.327059507369995117e-01
7.380406856536865234e-01
6.751624345779418945e-01
7.180554270744323730e-01
7.914485335350036621e-01
7.717837095260620117e-01
7.637419104576110840e-01
7.408336400985717773e-01
7.903077602386474609e-01
7.718476057052612305e-01
7.670999765396118164e-01
6.864103674888610840e-01
5.629251599311828613e-01
7.393792271614074707e-01
7.801255583763122559e-01
7.370120286941528320e-01
7.436012029647827148e-01
7.569331526756286621e-01
6.887185573577880859e-01
6.935348510742187500e-01
7.613130807876586914e-01
7.077549695968627930e-01
6.257450580596923828e-01
7.465452551841735840e-01
7.138325572013854980e-01
6.406848430633544922e-01
7.540531754493713379e-01
7.754723429679870605e-01
7.404037117958068848e-01
7.611948847770690918e-01
7.479442954063415527e-01
7.728895545005798340e-01
6.460520029067993164e-01
7.367308735847473145e-01
7.041996121406555176e-01
7.783230543136596680e-01
6.040035486221313477e-01
2.107666106894612312e-03
1.907646539621055126e-03
1.989719225093722343e-03
9.998148679733276367e-02
6.148063112050294876e-03
1.947763748466968536e-02
4.408608376979827881e-02
6.568153500556945801e-01
1.017665863037109375e-02
9.550603863317519426e-05
2.601531799882650375e-03
3.652436286211013794e-02
9.195906750392168760e-05
8.351490646600723267e-02
4.431786510394886136e-05
7.300130091607570648e-03
2.543020818848162889e-04
3.875933907693251967e-05
1.034649387001991272e-01
2.222151495516300201e-02
1.194654469145461917e-04
3.466344205662608147e-03
6.820446997880935669e-02
9.696161374449729919e-03
1.011683139950037003e-02
7.661266624927520752e-02
7.653758525848388672e-01
5.790488285128958523e-05
7.547184228897094727e-01
6.914520859718322754e-01
2.517288364470005035e-02
4.597041755914688110e-03
3.127144882455468178e-04
6.075379438698291779e-03
7.452241182327270508e-01
5.359511449933052063e-02
8.339872147189453244e-05
6.948271766304969788e-03
4.169436171650886536e-02
7.801295723766088486e-03
2.646339125931262970e-02
1.914124563336372375e-02
1.301433425396680832e-03
6.798170804977416992e-01
2.816922497004270554e-03
5.393656343221664429e-02
1.718380115926265717e-02
6.776747107505798340e-01
5.433561280369758606e-03
1.958343666046857834e-03
2.767529804259538651e-05
9.264384396374225616e-03
4.680405184626579285e-02
8.096927776932716370e-03
5.938073992729187012e-01
1.714797981549054384e-04
3.031298729183617979e-05
7.290742993354797363e-01
2.122728852555155754e-03
1.038112118840217590e-02
1.048078387975692749e-01
5.583681464195251465e-01
1.376438736915588379e-01
2.088129967451095581e-01
3.246644884347915649e-02
7.865610532462596893e-03
4.755531251430511475e-02
1.809975504875183105e-02
2.665922641754150391e-01
3.080829977989196777e-01
1.432925462722778320e-01
2.449213061481714249e-03
2.032722383737564087e-01
2.854142785072326660e-01
3.524697618559002876e-03
1.523091346025466919e-01
3.475037813186645508e-01
5.065761804580688477e-01
7.691620849072933197e-03
7.797723636031150818e-03
1.951334327459335327e-01
2.821914553642272949e-01
1.791346073150634766e-01
1.811776161193847656e-01
1.748279184103012085e-01
2.554674260318279266e-02
2.706777537241578102e-03
1.004059426486492157e-02
5.388802289962768555e-01
2.873559854924678802e-02
1.941145956516265869e-01
6.682740058749914169e-03
3.830547630786895752e-02
1.707012653350830078e-01
4.109981935471296310e-03
8.073819428682327271e-02
7.589527964591979980e-02
4.058306515216827393e-01
3.347763717174530029e-01
2.360839843750000000e-01
2.377163618803024292e-01
8.498570322990417480e-02
4.322243388742208481e-03
2.045767307281494141e-01
3.686916083097457886e-02
1.553031951189041138e-01
5.381126422435045242e-03
1.746196895837783813e-01
1.920002400875091553e-01
2.079647034406661987e-01
2.871906161308288574e-01
1.948436945676803589e-01
2.016035169363021851e-01
1.615858227014541626e-01
5.393845215439796448e-02
6.585135124623775482e-03
2.703617811203002930e-01
3.232374191284179688e-01
2.983558177947998047e-01
1.330546438694000244e-01
3.618663549423217773e-01
1.914012730121612549e-01
4.325012862682342529e-01
2.663393020629882812e-01
3.157805800437927246e-01
1.599341817200183868e-02
1.986186578869819641e-02
4.352056086063385010e-01
1.229744963347911835e-02
2.412261068820953369e-01
2.274329587817192078e-02
1.124952919781208038e-02
4.341551065444946289e-01
2.470890730619430542e-01
1.755874156951904297e-01
4.994243979454040527e-01
2.777913212776184082e-01
2.825741656124591827e-03
3.453651152085512877e-04
8.091768904705531895e-06
4.274076782166957855e-03
4.884154768660664558e-04
2.263741567730903625e-03
2.236689180135726929e-01
2.377414610236883163e-03
1.000162214040756226e-03
1.114117621909826994e-04
1.268729647563304752e-05
1.258238451555371284e-03
1.631526392884552479e-03
1.787167275324463844e-05
2.819547653198242188e-01
1.977324252948164940e-03
5.223023239523172379e-03
6.599944317713379860e-04
3.192903101444244385e-01
8.683673222549259663e-04
5.514894146472215652e-03
2.830765652106492780e-06
1.255751703865826130e-03
2.451108593959361315e-04
2.678275923244655132e-04
3.171614662278443575e-04
3.380702692084014416e-04
8.710219990462064743e-04
3.004645113833248615e-04
4.533322528004646301e-03
1.968358177691698074e-03
4.356190402177162468e-06
2.078151404857635498e-01
3.737855469807982445e-03
1.029540225863456726e-02
2.578344345092773438e-01
2.090769708156585693e-01
2.049687282124068588e-06
1.701209694147109985e-02
2.970060799270868301e-03
3.223161445930600166e-03
1.028052624315023422e-02
4.502507392317056656e-03
2.292095683515071869e-03
4.995355993742123246e-06
1.627511926926672459e-03
6.146296072984114289e-06
3.941252827644348145e-03
3.413155078887939453e-01
6.083063781261444092e-04
5.753645673394203186e-02
6.362181738950312138e-04
7.877903059124946594e-03
1.796460196601401549e-06
1.094284350983798504e-03
4.594624973833560944e-03
2.883941051550209522e-04
5.547115142690017819e-05
2.616093754768371582e-01
5.538450204767286777e-04
3.178431361448019743e-04
2.195267081260681152e-01
7.728578930255025625e-05
9.282911196351051331e-04
2.988529391586780548e-03
8.147038752213120461e-04
1.392017933540046215e-03
1.158479019068181515e-03
2.505891257897019386e-03
5.389058962464332581e-03
1.673922088230028749e-04
2.735852962359786034e-03
2.570920623838901520e-03
1.251028967089951038e-03
3.229282083339057863e-05
1.079676789231598377e-03
2.441105898469686508e-04
5.377748748287558556e-04
8.694792049936950207e-04
1.294266548939049244e-04
2.153030363842844963e-04
2.636513207107782364e-03
2.734957670327275991e-04
6.325091817416250706e-06
6.769638857804238796e-04
1.364268944598734379e-03
1.972771249711513519e-03
1.233749208040535450e-03
1.316226786002516747e-03
1.222657101607182994e-05
1.008561139315133914e-05
5.788269336335361004e-04
1.657951506786048412e-04
1.278738491237163544e-03
2.187387552112340927e-03
2.195841167122125626e-03
1.631225924938917160e-03
3.865652484819293022e-03
7.614448550157248974e-04
3.659914073068648577e-04
4.029036033898591995e-03
1.146553200669586658e-03
1.934792380779981613e-03
7.522374653490260243e-05
1.176591729745268822e-03
2.684007864445447922e-03
1.154621597379446030e-03
1.379248918965458870e-03
1.896639354526996613e-03
1.455810619518160820e-03
2.346856490476056933e-04
8.028578013181686401e-04
1.852670684456825256e-04
1.168722985312342644e-03
2.701075572986155748e-04
1.914446358568966389e-03
1.521407859399914742e-03
1.293904613703489304e-03
1.204389613121747971e-03
1.072469283826649189e-03
2.942050341516733170e-03
1.912635867483913898e-03
2.476523863151669502e-03
1.415738603100180626e-03
1.343447715044021606e-03
1.231523114256560802e-03
2.044572727754712105e-03
3.373815707163885236e-05
1.503445324487984180e-03
2.674672938883304596e-02
7.734861224889755249e-03
2.207718556746840477e-03
8.665042929351329803e-03
1.457970030605792999e-02
1.385654415935277939e-02
2.456787601113319397e-02
1.840995401144027710e-01
1.376800052821636200e-02
4.344768822193145752e-02
1.125732343643903732e-02
6.664052605628967285e-03
3.015846014022827148e-01
3.546845614910125732e-01
9.206359274685382843e-03
1.744311489164829254e-02
2.940811589360237122e-02
1.245978195220232010e-02
2.895024418830871582e-01
2.557437168434262276e-03
6.402373779565095901e-03
1.650373265147209167e-02
2.670773267745971680e-01
5.723591148853302002e-02
5.035308375954627991e-02
3.889177739620208740e-01
1.619263552129268646e-02
1.809485815465450287e-02
3.169527649879455566e-02
7.047352194786071777e-02
2.782366704195737839e-03
1.465556770563125610e-02
2.425172179937362671e-02
5.426191724836826324e-03
1.415588613599538803e-02
1.922646164894104004e-02
8.422633633017539978e-03
2.682422660291194916e-02
7.032006978988647461e-03
3.531229123473167419e-02
3.310693055391311646e-02
3.169895410537719727e-01
1.855971664190292358e-01
5.259187147021293640e-02
2.053509354591369629e-01
2.977670356631278992e-02
3.235536813735961914e-02
3.247268870472908020e-02
2.542452700436115265e-02
1.403513923287391663e-02
1.878654956817626953e-01
6.473060697317123413e-02
5.023596808314323425e-02
9.491302073001861572e-03
6.972076371312141418e-03
2.665288150310516357e-01
3.268197178840637207e-02
3.089450672268867493e-02
3.354815766215324402e-02
2.636116556823253632e-02
6.582180969417095184e-03
1.864053308963775635e-01
2.423410415649414062e-01
1.175619140267372131e-01
5.353811383247375488e-02
6.102910637855529785e-02
6.707204133272171021e-02
6.481498479843139648e-02
3.899852037429809570e-01
1.581880636513233185e-02
9.325454384088516235e-02
5.022745206952095032e-02
5.430063977837562561e-02
1.633243411779403687e-01
1.025708317756652832e-01
7.559185475111007690e-02
2.442276477813720703e-02
3.535519167780876160e-02
3.051400743424892426e-02
4.138985648751258850e-02
2.025115303695201874e-02
7.874020934104919434e-02
2.523486316204071045e-01
8.723037689924240112e-02
3.169874474406242371e-02
3.827306255698204041e-02
7.237613201141357422e-02
3.245561942458152771e-02
5.282852798700332642e-02
4.704848304390907288e-02
1.082813069224357605e-01
4.425954446196556091e-02
2.579689025878906250e-01
8.399756997823715210e-02
1.672159135341644287e-01
1.747421622276306152e-01
6.162167713046073914e-02
6.952289491891860962e-02
3.919635340571403503e-02
1.908994764089584351e-01
3.667537122964859009e-02
3.183871880173683167e-02
6.394977867603302002e-02
6.667023897171020508e-02
6.563425064086914062e-02
1.822380572557449341e-01
3.515542298555374146e-02
2.722755670547485352e-01
2.959803491830825806e-02
4.326688945293426514e-01
5.838952958583831787e-02
2.040856927633285522e-01
2.625450193881988525e-01
3.881655633449554443e-02
5.776944756507873535e-02
4.506001248955726624e-02
2.425858192145824432e-02
3.967339918017387390e-02
7.440648227930068970e-02
7.947929948568344116e-02
1.870353333652019501e-02
4.249629378318786621e-01
1.494399160146713257e-01
7.945941388607025146e-02
1.579463183879852295e-01
5.385380983352661133e-01
3.737517595291137695e-01
2.333301007747650146e-01
2.310842573642730713e-01
1.739785820245742798e-01
2.123763598501682281e-02
1.437596529722213745e-01
1.736295521259307861e-01
1.092144697904586792e-01
2.105057984590530396e-02
1.064777746796607971e-01
6.272451877593994141e-01
1.227206736803054810e-02
4.675588011741638184e-02
2.649669349193572998e-01
1.829972267150878906e-01
3.114519119262695312e-01
2.479824721813201904e-01
3.345982730388641357e-01
3.862463533878326416e-01
7.651866972446441650e-02
2.807293236255645752e-01
4.864403903484344482e-01
1.439228802919387817e-01
3.437136113643646240e-01
2.578770518302917480e-01
1.214124560356140137e-01
2.053922712802886963e-01
2.551091611385345459e-01
3.565521538257598877e-01
2.220197319984436035e-01
3.265352845191955566e-01
2.469991892576217651e-01
2.196757793426513672e-01
1.715649366378784180e-01
8.938727527856826782e-02
2.040053755044937134e-01
2.557071447372436523e-01
5.855853855609893799e-02
3.081712424755096436e-01
9.894584119319915771e-02
2.769748568534851074e-01
4.521240293979644775e-01
2.973925769329071045e-01
3.577772378921508789e-01
2.557695806026458740e-01
5.462666153907775879e-01
1.280409693717956543e-01
2.615664899349212646e-01
2.030044049024581909e-01
7.538769394159317017e-02
2.799870073795318604e-01
1.626626849174499512e-01
2.113524228334426880e-01
7.307223677635192871e-01
8.838488906621932983e-02
6.646394133567810059e-01
2.001487314701080322e-01
2.775886952877044678e-01
2.414184659719467163e-01
2.617388963699340820e-01
1.834605187177658081e-01
7.948994636535644531e-02
2.746974825859069824e-01
6.824603080749511719e-01
6.750605255365371704e-02
2.896945774555206299e-01
1.038411483168601990e-01
2.102546244859695435e-01
7.243664264678955078e-01
3.719220757484436035e-01
2.331052869558334351e-01
2.321016341447830200e-01
1.817007362842559814e-01
2.120167315006256104e-01
1.583938747644424438e-01
6.130365654826164246e-02
3.950130194425582886e-02
4.114898038096725941e-04
2.698924019932746887e-02
6.140358746051788330e-03
1.141264569014310837e-02
1.523343846201896667e-03
7.724220156669616699e-01
3.514329344034194946e-02
2.923445135820657015e-04
1.182184647768735886e-02
3.916790336370468140e-02
6.846241187304258347e-03
1.564214378595352173e-02
8.555138483643531799e-03
1.093119499273598194e-03
3.159458935260772705e-02
7.823902706149965525e-05
7.830713987350463867e-01
1.663666777312755585e-02
8.887179195880889893e-03
1.862587220966815948e-02
2.771294908598065376e-03
1.241757418029010296e-04
6.036364436149597168e-01
1.520263589918613434e-02
6.128375418484210968e-03
1.963295042514801025e-03
7.034908980131149292e-02
7.504533976316452026e-03
7.283070087432861328e-01
9.146349877119064331e-02
7.801240280969068408e-05
6.023005116730928421e-03
7.539320588111877441e-01
2.051795460283756256e-02
4.594980273395776749e-03
2.992520667612552643e-02
7.722427695989608765e-02
6.782031059265136719e-02
1.526915002614259720e-02
8.537328802049160004e-03
6.074789762496948242e-01
5.669575929641723633e-01
7.299731969833374023e-01
3.836004761978983879e-04
3.904426470398902893e-03
5.343371594790369272e-05
5.930268525844439864e-05
3.097006306052207947e-02
8.681589679326862097e-05
1.628669560886919498e-04
3.950071334838867188e-02
3.016689333890099078e-05
1.113406033255159855e-04
7.788631916046142578e-01
7.275779247283935547e-01
9.321987628936767578e-02
2.000395208597183228e-02
1.840304175857454538e-04
6.047955155372619629e-01
3.267619386315345764e-02
5.925593359279446304e-05
2.821367466822266579e-03
