4.908454716205596924e-01
4.974372088909149170e-01
5.391616821289062500e-01
4.846795201301574707e-01
4.999793767929077148e-01
5.009918808937072754e-01
4.927151799201965332e-01
5.008711814880371094e-01
4.994925558567047119e-01
5.353348851203918457e-01
5.060686469078063965e-01
4.091074764728546143e-01
4.799036979675292969e-01
5.039754509925842285e-01
5.289517045021057129e-01
5.217666625976562500e-01
4.929617643356323242e-01
4.877728521823883057e-01
4.897153079509735107e-01
4.891487658023834229e-01
4.867280423641204834e-01
5.410638451576232910e-01
4.947969913482666016e-01
5.189065337181091309e-01
4.901174306869506836e-01
4.676249623298645020e-01
4.817530512809753418e-01
5.402135848999023438e-01
5.106101036071777344e-01
4.822006225585937500e-01
4.913239777088165283e-01
4.814636111259460449e-01
4.834794402122497559e-01
5.026962161064147949e-01
5.253949761390686035e-01
4.900213479995727539e-01
4.772116541862487793e-01
4.677880406379699707e-01
4.900712966918945312e-01
4.817115664482116699e-01
5.193857550621032715e-01
5.074033737182617188e-01
4.978949725627899170e-01
5.039902925491333008e-01
5.025093555450439453e-01
4.956108331680297852e-01
4.997785985469818115e-01
4.907503724098205566e-01
5.270563364028930664e-01
4.560105502605438232e-01
5.029842853546142578e-01
4.933510720729827881e-01
5.307347178459167480e-01
5.341308116912841797e-01
5.043303370475769043e-01
5.316486954689025879e-01
4.858853220939636230e-01
4.967896938323974609e-01
5.119334459304809570e-01
5.431494116783142090e-01
4.974181056022644043e-01
5.346571803092956543e-01
5.203269720077514648e-01
4.829095304012298584e-01
4.921650588512420654e-01
5.179683566093444824e-01
4.893503487110137939e-01
4.855022430419921875e-01
5.246403813362121582e-01
4.723002612590789795e-01
4.987144172191619873e-01
4.951991438865661621e-01
5.091264247894287109e-01
5.011394619941711426e-01
5.153512954711914062e-01
4.626702666282653809e-01
5.372954607009887695e-01
5.810341835021972656e-01
4.687944650650024414e-01
5.680270195007324219e-01
5.420027971267700195e-01
5.170048475265502930e-01
5.672411918640136719e-01
4.833736717700958252e-01
5.449157953262329102e-01
5.336378812789916992e-01
4.565985202789306641e-01
5.742987394332885742e-01
4.244700372219085693e-01
4.503876268863677979e-01
5.004080533981323242e-01
4.604451954364776611e-01
5.462050437927246094e-01
5.043746829032897949e-01
5.525906682014465332e-01
5.826222300529479980e-01
4.636931121349334717e-01
5.590627789497375488e-01
5.605825185775756836e-01
5.603709220886230469e-01
5.822941660881042480e-01
5.867695808410644531e-01
5.597200393676757812e-01
5.757392644882202148e-01
5.510414242744445801e-01
5.059857964515686035e-01
4.255785644054412842e-01
4.564383327960968018e-01
5.535870194435119629e-01
5.405712723731994629e-01
5.350370407104492188e-01
5.077698826789855957e-01
5.809251070022583008e-01
5.237935185432434082e-01
5.254864692687988281e-01
5.441200137138366699e-01
5.030578374862670898e-01
4.412449896335601807e-01
4.501376152038574219e-01
5.398736596107482910e-01
5.677468180656433105e-01
4.483139216899871826e-01
5.597903132438659668e-01
5.628619790077209473e-01
4.626419842243194580e-01
5.642977952957153320e-01
4.980419278144836426e-01
4.640478491783142090e-01
5.640442371368408203e-01
5.586489439010620117e-01
5.763688087463378906e-01
5.536499023437500000e-01
4.499601125717163086e-01
5.734661817550659180e-01
5.039107203483581543e-01
4.588430821895599365e-01
5.786287784576416016e-01
5.744687318801879883e-01
4.439630806446075439e-01
5.457185506820678711e-01
5.700702667236328125e-01
4.552115797996520996e-01
5.550785660743713379e-01
5.803376436233520508e-01
4.553158879280090332e-01
4.241540431976318359e-01
5.625988841056823730e-01
4.293266236782073975e-01
5.575835704803466797e-01
5.842923521995544434e-01
4.386193752288818359e-01
4.614314138889312744e-01
4.541366994380950928e-01
4.673417210578918457e-01
4.456363916397094727e-01
5.003737211227416992e-01
4.945224523544311523e-01
4.453311264514923096e-01
4.512718617916107178e-01
4.926342666149139404e-01
4.344168603420257568e-01
5.545322299003601074e-01
3.911495208740234375e-01
4.772654175758361816e-01
4.766739904880523682e-01
4.649464190006256104e-01
4.465406835079193115e-01
4.509512186050415039e-01
4.574383199214935303e-01
4.556836187839508057e-01
4.877462387084960938e-01
5.083048343658447266e-01
5.181249976158142090e-01
5.181241631507873535e-01
5.113412737846374512e-01
5.127432942390441895e-01
5.042420029640197754e-01
4.275801777839660645e-01
5.257299542427062988e-01
5.117894411087036133e-01
4.798172712326049805e-01
4.902979731559753418e-01
4.991731047630310059e-01
4.950150847434997559e-01
5.049009323120117188e-01
4.787141680717468262e-01
5.152214169502258301e-01
5.021015405654907227e-01
4.946202933788299561e-01
5.081201791763305664e-01
4.839273691177368164e-01
5.100088715553283691e-01
4.804219901561737061e-01
5.251786708831787109e-01
4.969813525676727295e-01
5.076191425323486328e-01
4.888460040092468262e-01
4.887677729129791260e-01
4.753332436084747314e-01
5.026337504386901855e-01
4.605585634708404541e-01
4.957776963710784912e-01
5.011812448501586914e-01
5.067371129989624023e-01
4.977080225944519043e-01
5.048201084136962891e-01
5.011937022209167480e-01
4.884029626846313477e-01
5.053378939628601074e-01
4.996078610420227051e-01
4.900937974452972412e-01
5.320617556571960449e-01
5.048350691795349121e-01
5.076956748962402344e-01
5.068415999412536621e-01
5.198959708213806152e-01
5.001410841941833496e-01
5.323453545570373535e-01
5.072705149650573730e-01
5.210849642753601074e-01
4.836647510528564453e-01
5.214015245437622070e-01
4.962831139564514160e-01
5.241819024085998535e-01
5.054719448089599609e-01
5.208764076232910156e-01
4.935589134693145752e-01
4.888962507247924805e-01
4.694857001304626465e-01
5.293501615524291992e-01
5.009504556655883789e-01
5.109237432479858398e-01
4.829005300998687744e-01
5.100698471069335938e-01
5.125082135200500488e-01
5.190639495849609375e-01
5.389701724052429199e-01
4.771778881549835205e-01
4.302463531494140625e-01
5.417311787605285645e-01
4.973883628845214844e-01
5.268264412879943848e-01
5.215656161308288574e-01
4.577064216136932373e-01
5.384300947189331055e-01
5.159762501716613770e-01
5.141375064849853516e-01
5.297747850418090820e-01
5.140795707702636719e-01
5.229767560958862305e-01
5.294335484504699707e-01
5.186393857002258301e-01
5.157230496406555176e-01
5.046431422233581543e-01
5.118251442909240723e-01
5.201479196548461914e-01
5.106096863746643066e-01
4.525822699069976807e-01
5.167177915573120117e-01
5.212513804435729980e-01
5.148922801017761230e-01
5.097731947898864746e-01
5.344629287719726562e-01
5.171293616294860840e-01
5.322605371475219727e-01
5.112553238868713379e-01
5.103576183319091797e-01
5.271318554878234863e-01
5.129475593566894531e-01
5.141279101371765137e-01
5.119938254356384277e-01
5.265913605690002441e-01
5.309094190597534180e-01
5.180998444557189941e-01
5.273727178573608398e-01
5.050582885742187500e-01
5.028606057167053223e-01
5.030515789985656738e-01
5.162789821624755859e-01
5.018129944801330566e-01
5.127183198928833008e-01
5.134777426719665527e-01
5.321505665779113770e-01
5.271450877189636230e-01
5.372456312179565430e-01
5.218724012374877930e-01
5.051186680793762207e-01
5.312126278877258301e-01
5.107308030128479004e-01
5.098838806152343750e-01
5.112440586090087891e-01
5.250172019004821777e-01
5.607885122299194336e-01
5.126664042472839355e-01
5.208315849304199219e-01
5.058655738830566406e-01
5.063368678092956543e-01
5.140343308448791504e-01
5.065585374832153320e-01
5.192365646362304688e-01
5.085988640785217285e-01
5.128608942031860352e-01
5.063803791999816895e-01
5.324667096138000488e-01
5.270095467567443848e-01
5.284649133682250977e-01
5.198299884796142578e-01
5.344308614730834961e-01
5.087932944297790527e-01
5.213158726692199707e-01
5.317964553833007812e-01
5.234289169311523438e-01
5.083256363868713379e-01
5.299602150917053223e-01
5.048040151596069336e-01
5.113211870193481445e-01
5.069882273674011230e-01
5.427894592285156250e-01
5.109879374504089355e-01
4.845977425575256348e-01
4.849727153778076172e-01
4.591815769672393799e-01
4.939670562744140625e-01
4.693307876586914062e-01
4.801268279552459717e-01
5.396474599838256836e-01
4.690153002738952637e-01
4.909607172012329102e-01
5.980644822120666504e-01
5.028377175331115723e-01
5.430545210838317871e-01
5.038029551506042480e-01
4.778044223785400391e-01
5.079255104064941406e-01
5.007582902908325195e-01
4.676025211811065674e-01
4.654591977596282959e-01
4.840897917747497559e-01
5.383081436157226562e-01
5.381439328193664551e-01
4.827243387699127197e-01
4.996347725391387939e-01
4.780460596084594727e-01
4.976096451282501221e-01
4.924538731575012207e-01
4.981169998645782471e-01
5.378856658935546875e-01
4.926942288875579834e-01
4.591815769672393799e-01
4.973947405815124512e-01
4.737583994865417480e-01
5.125688910484313965e-01
4.819419384002685547e-01
5.289102792739868164e-01
5.046702623367309570e-01
4.617608487606048584e-01
4.953710734844207764e-01
4.870084822177886963e-01
4.693317115306854248e-01
4.769829809665679932e-01
4.649656116962432861e-01
4.740033447742462158e-01
4.700430333614349365e-01
4.683595597743988037e-01
5.193504095077514648e-01
5.197730064392089844e-01
4.657864570617675781e-01
4.443727433681488037e-01
4.430950284004211426e-01
5.216347575187683105e-01
4.622194468975067139e-01
4.685625433921813965e-01
4.767589569091796875e-01
4.898403584957122803e-01
4.555744826793670654e-01
4.507828950881958008e-01
4.832690954208374023e-01
4.697334468364715576e-01
4.419501423835754395e-01
4.745163321495056152e-01
4.956190288066864014e-01
4.908778667449951172e-01
4.590518176555633545e-01
4.435812830924987793e-01
4.497364163398742676e-01
4.370438754558563232e-01
4.608131349086761475e-01
4.594047069549560547e-01
4.971260428428649902e-01
4.907408952713012695e-01
4.634818434715270996e-01
4.430606067180633545e-01
4.537282586097717285e-01
4.385035634040832520e-01
4.781520068645477295e-01
4.497210383415222168e-01
4.773332178592681885e-01
4.317847192287445068e-01
4.488100409507751465e-01
5.126862525939941406e-01
4.513475894927978516e-01
4.344967007637023926e-01
4.145085215568542480e-01
4.911114573478698730e-01
4.850209355354309082e-01
4.996602535247802734e-01
4.679457545280456543e-01
4.654935896396636963e-01
4.394570887088775635e-01
4.430293440818786621e-01
4.906804263591766357e-01
4.767727255821228027e-01
4.271464645862579346e-01
4.474828243255615234e-01
4.587314724922180176e-01
4.406282305717468262e-01
4.476033747196197510e-01
4.580597579479217529e-01
4.601806402206420898e-01
4.553978741168975830e-01
4.548655152320861816e-01
5.184375643730163574e-01
4.531315267086029053e-01
4.549778103828430176e-01
4.866127967834472656e-01
4.417978227138519287e-01
4.939574599266052246e-01
4.972554445266723633e-01
5.264485478401184082e-01
5.081207752227783203e-01
4.853702783584594727e-01
4.875873029232025146e-01
4.935824871063232422e-01
4.488857388496398926e-01
4.983676970005035400e-01
4.493261277675628662e-01
5.205838680267333984e-01
4.891842603683471680e-01
4.884034097194671631e-01
4.850313663482666016e-01
4.926048815250396729e-01
4.739341437816619873e-01
5.165386795997619629e-01
4.937543570995330811e-01
5.145862102508544922e-01
4.942049980163574219e-01
4.864395856857299805e-01
4.916652143001556396e-01
4.657666385173797607e-01
4.591155052185058594e-01
4.779744744300842285e-01
4.580413103103637695e-01
5.044257640838623047e-01
4.977382719516754150e-01
4.397127628326416016e-01
5.195262432098388672e-01
4.955917596817016602e-01
4.972845911979675293e-01
5.144768357276916504e-01
4.862427413463592529e-01
5.038017630577087402e-01
4.328233003616333008e-01
4.817180335521697998e-01
4.991354346275329590e-01
4.533175230026245117e-01
4.868280887603759766e-01
4.858321845531463623e-01
5.096925497055053711e-01
4.724536240100860596e-01
5.044791102409362793e-01
5.175631046295166016e-01
5.228443741798400879e-01
4.941665828227996826e-01
5.062139034271240234e-01
4.766471683979034424e-01
4.998086094856262207e-01
5.287778973579406738e-01
5.122900009155273438e-01
4.951055645942687988e-01
5.184668898582458496e-01
4.977332949638366699e-01
4.422850906848907471e-01
5.145897865295410156e-01
4.631277918815612793e-01
5.161007046699523926e-01
5.338043570518493652e-01
5.205622315406799316e-01
4.585987627506256104e-01
4.884816110134124756e-01
5.318079590797424316e-01
5.039169788360595703e-01
5.013309717178344727e-01
4.754625260829925537e-01
5.050418972969055176e-01
5.331564545631408691e-01
5.135901570320129395e-01
5.161237716674804688e-01
4.975909888744354248e-01
4.701362848281860352e-01
4.689439833164215088e-01
4.842971563339233398e-01
5.067142844200134277e-01
5.354875326156616211e-01
5.234709382057189941e-01
4.952852129936218262e-01
4.777594208717346191e-01
4.661378264427185059e-01
5.208654999732971191e-01
5.099883079528808594e-01
4.855663776397705078e-01
4.854360222816467285e-01
4.638820886611938477e-01
4.661072194576263428e-01
5.071273446083068848e-01
5.006731152534484863e-01
5.303490757942199707e-01
4.897554516792297363e-01
4.791904985904693604e-01
4.172719419002532959e-01
4.706989228725433350e-01
4.886230528354644775e-01
4.904128611087799072e-01
5.211701393127441406e-01
4.850034415721893311e-01
4.856974482536315918e-01
4.811948239803314209e-01
4.791044890880584717e-01
5.020728707313537598e-01
5.032185912132263184e-01
4.740473330020904541e-01
4.732989072799682617e-01
5.012684464454650879e-01
5.076960921287536621e-01
5.009213685989379883e-01
4.681679606437683105e-01
4.979502856731414795e-01
5.043643712997436523e-01
4.776423573493957520e-01
4.735968112945556641e-01
4.749276936054229736e-01
5.101066231727600098e-01
4.811562001705169678e-01
4.836120009422302246e-01
4.714384675025939941e-01
5.145174264907836914e-01
4.892584979534149170e-01
4.751786887645721436e-01
4.991689920425415039e-01
4.933146238327026367e-01
4.663125276565551758e-01
5.014438033103942871e-01
4.948226809501647949e-01
4.968452453613281250e-01
4.957286417484283447e-01
4.760306179523468018e-01
4.791673421859741211e-01
5.001230239868164062e-01
4.947583377361297607e-01
5.080381631851196289e-01
4.807220697402954102e-01
4.798072874546051025e-01
4.993704259395599365e-01
4.971348047256469727e-01
4.864058494567871094e-01
4.690086543560028076e-01
4.750112891197204590e-01
5.052344799041748047e-01
4.771162271499633789e-01
4.812974333763122559e-01
4.826703965663909912e-01
4.977133870124816895e-01
4.879895150661468506e-01
4.661667943000793457e-01
5.013779401779174805e-01
4.736168682575225830e-01
5.596267580986022949e-01
4.199782907962799072e-01
4.073713421821594238e-01
5.757448077201843262e-01
4.144268631935119629e-01
4.157525002956390381e-01
4.144268631935119629e-01
4.106241464614868164e-01
5.526138544082641602e-01
4.381296336650848389e-01
4.307164251804351807e-01
4.962559342384338379e-01
4.385426938533782959e-01
5.511152148246765137e-01
5.200341343879699707e-01
5.098018646240234375e-01
5.349595546722412109e-01
4.106241464614868164e-01
5.627807974815368652e-01
4.968753159046173096e-01
4.087320864200592041e-01
5.341066122055053711e-01
4.825488626956939697e-01
4.106241464614868164e-01
4.087320864200592041e-01
4.393970966339111328e-01
4.387117028236389160e-01
4.459550082683563232e-01
4.406602084636688232e-01
4.163947105407714844e-01
5.931888222694396973e-01
4.485676586627960205e-01
5.672425031661987305e-01
4.073713421821594238e-01
4.857696890830993652e-01
4.391785860061645508e-01
4.953343570232391357e-01
4.953343570232391357e-01
4.177831709384918213e-01
4.457349181175231934e-01
4.199782907962799072e-01
4.177831709384918213e-01
5.098018646240234375e-01
5.233352184295654297e-01
4.087320864200592041e-01
4.307164251804351807e-01
5.186260342597961426e-01
4.448482692241668701e-01
4.938567876815795898e-01
5.501806139945983887e-01
4.393970966339111328e-01
5.710703730583190918e-01
5.468621850013732910e-01
4.144268631935119629e-01
4.857696890830993652e-01
4.857696890830993652e-01
4.419246315956115723e-01
5.553352236747741699e-01
4.307164251804351807e-01
4.407514929771423340e-01
5.548648238182067871e-01
4.330862164497375488e-01
4.474260807037353516e-01
5.409675240516662598e-01
4.867755472660064697e-01
4.387117028236389160e-01
4.477197527885437012e-01
4.495222866535186768e-01
4.157525002956390381e-01
4.482999145984649658e-01
5.561698675155639648e-01
4.912427067756652832e-01
4.576699733734130859e-01
4.767185151576995850e-01
4.120005071163177490e-01
4.770496487617492676e-01
4.415770769119262695e-01
4.818173646926879883e-01
4.666370451450347900e-01
4.668001532554626465e-01
4.704419374465942383e-01
4.510146975517272949e-01
4.303473532199859619e-01
4.544954895973205566e-01
4.704590141773223877e-01
4.912572205066680908e-01
4.527792334556579590e-01
3.961872756481170654e-01
4.450939893722534180e-01
4.474402964115142822e-01
4.854559004306793213e-01
5.393580794334411621e-01
4.239408373832702637e-01
4.444351196289062500e-01
4.444855153560638428e-01
4.987870156764984131e-01
4.818843603134155273e-01
5.229149460792541504e-01
4.683896601200103760e-01
5.087469220161437988e-01
4.777498543262481689e-01
5.415349602699279785e-01
5.157911181449890137e-01
4.987557530403137207e-01
4.754134714603424072e-01
5.030482411384582520e-01
4.896422028541564941e-01
5.100482106208801270e-01
4.987661242485046387e-01
5.042827725410461426e-01
5.170751810073852539e-01
4.969353675842285156e-01
5.134494900703430176e-01
5.370270013809204102e-01
5.199233889579772949e-01
4.727328121662139893e-01
5.048548579216003418e-01
5.075920224189758301e-01
4.786998629570007324e-01
4.382456839084625244e-01
5.156562924385070801e-01
5.112891197204589844e-01
4.953563511371612549e-01
4.809745550155639648e-01
4.685098528861999512e-01
5.315589904785156250e-01
5.242603421211242676e-01
4.517123401165008545e-01
4.780815243721008301e-01
4.769747257232666016e-01
4.788123071193695068e-01
4.797576069831848145e-01
5.060461163520812988e-01
5.175369381904602051e-01
5.041271448135375977e-01
4.265748560428619385e-01
4.704377055168151855e-01
4.870338141918182373e-01
4.857142865657806396e-01
4.786365032196044922e-01
4.755828976631164551e-01
5.101204514503479004e-01
5.053315162658691406e-01
5.396659374237060547e-01
5.046806335449218750e-01
4.759624600410461426e-01
5.169433355331420898e-01
4.907343983650207520e-01
5.251845717430114746e-01
4.606086909770965576e-01
4.940477013587951660e-01
5.137628316879272461e-01
5.106140375137329102e-01
4.999000132083892822e-01
5.052980184555053711e-01
5.176382064819335938e-01
4.998948872089385986e-01
5.013154149055480957e-01
5.023582577705383301e-01
4.990014731884002686e-01
4.724541008472442627e-01
5.024636387825012207e-01
5.292547941207885742e-01
4.984387159347534180e-01
4.872713387012481689e-01
5.168331265449523926e-01
5.096097588539123535e-01
5.355968475341796875e-01
5.148037075996398926e-01
5.337793827056884766e-01
5.332537889480590820e-01
5.176002979278564453e-01
5.196586847305297852e-01
5.318037271499633789e-01
5.139102339744567871e-01
5.125578045845031738e-01
4.998334050178527832e-01
5.104861259460449219e-01
5.267174839973449707e-01
4.995931684970855713e-01
4.408557116985321045e-01
5.113279819488525391e-01
5.480057597160339355e-01
5.188670158386230469e-01
5.091113448143005371e-01
5.367523431777954102e-01
5.178198218345642090e-01
5.269939899444580078e-01
5.072007775306701660e-01
5.070292353630065918e-01
5.251425504684448242e-01
5.115643143653869629e-01
5.209521651268005371e-01
5.188369154930114746e-01
5.331992506980895996e-01
5.194941163063049316e-01
5.232422351837158203e-01
5.245743989944458008e-01
4.981897175312042236e-01
4.997174441814422607e-01
4.975315034389495850e-01
5.350828766822814941e-01
4.974077045917510986e-01
5.210220217704772949e-01
5.143719315528869629e-01
5.225634574890136719e-01
5.041881799697875977e-01
5.030046105384826660e-01
5.237046480178833008e-01
5.106857419013977051e-01
5.378714203834533691e-01
5.036118626594543457e-01
5.086719393730163574e-01
4.997065067291259766e-01
5.347905755043029785e-01
5.451179742813110352e-01
5.168575644493103027e-01
5.292484760284423828e-01
4.994713962078094482e-01
5.100826621055603027e-01
5.130028724670410156e-01
4.952638149261474609e-01
5.160208344459533691e-01
4.979810416698455811e-01
5.104660391807556152e-01
5.186246037483215332e-01
5.114584565162658691e-01
5.240400433540344238e-01
5.187039971351623535e-01
5.184522271156311035e-01
5.188019275665283203e-01
5.153006315231323242e-01
5.299333333969116211e-01
5.235409140586853027e-01
5.347482562065124512e-01
5.114313364028930664e-01
5.215351581573486328e-01
5.095661282539367676e-01
5.072271227836608887e-01
5.127878189086914062e-01
5.434992313385009766e-01
5.058087110519409180e-01
4.652317166328430176e-01
4.454039633274078369e-01
4.890519976615905762e-01
4.613889157772064209e-01
4.878233969211578369e-01
4.291042983531951904e-01
4.908087551593780518e-01
4.851340353488922119e-01
4.782235920429229736e-01
5.055181384086608887e-01
4.570190310478210449e-01
5.041626691818237305e-01
4.686150252819061279e-01
5.302798748016357422e-01
4.717934727668762207e-01
4.907640218734741211e-01
4.669412076473236084e-01
5.228326916694641113e-01
4.611821472644805908e-01
4.571209251880645752e-01
4.496322870254516602e-01
4.551597237586975098e-01
4.304901659488677979e-01
4.772665202617645264e-01
4.789690375328063965e-01
5.003889799118041992e-01
4.832229912281036377e-01
4.281875491142272949e-01
5.029825568199157715e-01
4.548296034336090088e-01
4.626043438911437988e-01
4.831044375896453857e-01
4.940268695354461670e-01
4.488071501255035400e-01
4.841431379318237305e-01
4.798894226551055908e-01
4.682303965091705322e-01
4.481558799743652344e-01
4.816160798072814941e-01
4.804713129997253418e-01
5.109186768531799316e-01
4.593263864517211914e-01
4.823884665966033936e-01
4.742031395435333252e-01
5.300517678260803223e-01
4.858605563640594482e-01
4.759641885757446289e-01
4.726512134075164795e-01
4.400483965873718262e-01
4.489572346210479736e-01
4.543333947658538818e-01
4.507879316806793213e-01
4.347513914108276367e-01
4.204401373863220215e-01
4.614286124706268311e-01
4.389223754405975342e-01
4.461137056350708008e-01
4.656344652175903320e-01
4.578426778316497803e-01
4.119095206260681152e-01
4.373347163200378418e-01
4.418095052242279053e-01
4.442193508148193359e-01
4.392408728599548340e-01
4.450172781944274902e-01
4.651036858558654785e-01
4.502155184745788574e-01
4.560009539127349854e-01
4.545168280601501465e-01
4.759946465492248535e-01
4.617619812488555908e-01
4.633561074733734131e-01
4.298605322837829590e-01
4.411511719226837158e-01
4.515413939952850342e-01
4.430533945560455322e-01
4.402729272842407227e-01
4.414427578449249268e-01
4.144370555877685547e-01
4.491728246212005615e-01
4.848647415637969971e-01
4.558431506156921387e-01
4.556527435779571533e-01
4.511600434780120850e-01
4.533204138278961182e-01
4.349744617938995361e-01
4.813010096549987793e-01
4.571090638637542725e-01
4.641782939434051514e-01
4.699368774890899658e-01
4.634289443492889404e-01
4.298613667488098145e-01
4.374141991138458252e-01
4.375149905681610107e-01
4.546766579151153564e-01
4.491747021675109863e-01
4.554080069065093994e-01
4.681850373744964600e-01
4.684390425682067871e-01
4.610130488872528076e-01
5.016034841537475586e-01
4.481856226921081543e-01
4.472983479499816895e-01
4.396868944168090820e-01
4.972927272319793701e-01
4.460034668445587158e-01
4.354720711708068848e-01
4.521692991256713867e-01
4.492296874523162842e-01
4.396480619907379150e-01
5.129014849662780762e-01
4.500896930694580078e-01
4.869289696216583252e-01
5.002046823501586914e-01
4.756003320217132568e-01
4.401424527168273926e-01
4.944350123405456543e-01
4.890144169330596924e-01
5.052902698516845703e-01
5.221226811408996582e-01
4.990255832672119141e-01
4.555937945842742920e-01
4.804411828517913818e-01
5.343552231788635254e-01
4.082910716533660889e-01
4.512847959995269775e-01
4.991528987884521484e-01
4.695601165294647217e-01
4.866365194320678711e-01
4.824768006801605225e-01
4.770322442054748535e-01
5.134375691413879395e-01
4.607016146183013916e-01
4.867005348205566406e-01
4.495250582695007324e-01
4.987087845802307129e-01
5.065171718597412109e-01
4.815448224544525146e-01
5.186904668807983398e-01
5.126906633377075195e-01
5.058504939079284668e-01
4.834642708301544189e-01
5.334900617599487305e-01
5.036855936050415039e-01
4.912430644035339355e-01
4.536520540714263916e-01
4.370644688606262207e-01
4.450086951255798340e-01
4.915973842144012451e-01
4.162452220916748047e-01
5.167207717895507812e-01
4.278987348079681396e-01
4.513350129127502441e-01
5.059543848037719727e-01
5.043990015983581543e-01
4.765841364860534668e-01
5.219991803169250488e-01
4.987510740756988525e-01
5.239520668983459473e-01
5.193930268287658691e-01
5.379040837287902832e-01
4.688022136688232422e-01
5.273112654685974121e-01
4.436180591583251953e-01
4.483123421669006348e-01
4.669793546199798584e-01
5.375320315361022949e-01
4.989377856254577637e-01
4.819089770317077637e-01
4.989384412765502930e-01
5.046412944793701172e-01
4.809993207454681396e-01
4.856952130794525146e-01
4.950757920742034912e-01
4.635481834411621094e-01
4.875471889972686768e-01
4.790181517601013184e-01
4.858296215534210205e-01
4.901089072227478027e-01
5.164660215377807617e-01
4.465158879756927490e-01
4.904558658599853516e-01
4.746634662151336670e-01
