5.694961547851562500e-01
8.440515398979187012e-01
6.894471049308776855e-01
8.435486555099487305e-01
5.905682444572448730e-01
7.783901691436767578e-01
5.500008463859558105e-01
7.970367670059204102e-01
8.335855603218078613e-01
7.335609197616577148e-01
9.358666539192199707e-01
6.425086259841918945e-01
5.534631013870239258e-01
5.637356638908386230e-01
7.005281448364257812e-01
6.380075812339782715e-01
7.124243974685668945e-01
6.653931736946105957e-01
5.585671067237854004e-01
6.492904424667358398e-01
7.816680073738098145e-01
7.070525884628295898e-01
7.222913503646850586e-01
6.925397515296936035e-01
5.737007856369018555e-01
5.606741905212402344e-01
5.635890960693359375e-01
8.865448832511901855e-01
6.530041694641113281e-01
6.800712943077087402e-01
8.698129057884216309e-01
8.319956660270690918e-01
5.539603829383850098e-01
6.768717765808105469e-01
7.723401188850402832e-01
5.698007941246032715e-01
7.881662845611572266e-01
5.587641000747680664e-01
5.590739846229553223e-01
5.541273951530456543e-01
8.390812277793884277e-01
5.554879307746887207e-01
6.978586912155151367e-01
5.752161145210266113e-01
7.874497771263122559e-01
7.046514153480529785e-01
7.582255005836486816e-01
8.368753790855407715e-01
6.402714252471923828e-01
6.260246038436889648e-01
8.129111528396606445e-01
5.521343946456909180e-01
9.088099002838134766e-01
3.897576928138732910e-01
7.169586420059204102e-01
7.573001980781555176e-01
5.675079822540283203e-01
6.733592748641967773e-01
6.229384541511535645e-01
7.070264220237731934e-01
5.535533428192138672e-01
7.092881798744201660e-01
8.823137879371643066e-01
6.815319657325744629e-01
7.058880925178527832e-01
7.048667669296264648e-01
8.101639151573181152e-01
6.830144524574279785e-01
6.452392935752868652e-01
8.544153571128845215e-01
5.259138345718383789e-01
5.595164299011230469e-01
8.780570030212402344e-01
5.926436781883239746e-01
7.076250910758972168e-01
8.419412970542907715e-01
8.081599473953247070e-01
8.573143482208251953e-01
8.053997159004211426e-01
8.786575794219970703e-01
8.587225079536437988e-01
8.213876485824584961e-01
8.653683066368103027e-01
8.519626259803771973e-01
8.603253364562988281e-01
8.399165868759155273e-01
8.320020437240600586e-01
8.526350259780883789e-01
7.485544681549072266e-01
8.514333963394165039e-01
8.158591985702514648e-01
6.711739301681518555e-01
8.608765006065368652e-01
8.351587057113647461e-01
8.564493656158447266e-01
8.482289910316467285e-01
8.179417848587036133e-01
8.417693376541137695e-01
8.122186660766601562e-01
8.570252656936645508e-01
7.556545734405517578e-01
8.256586194038391113e-01
8.227196931838989258e-01
8.190348148345947266e-01
8.541685342788696289e-01
5.652427077293395996e-01
8.122622966766357422e-01
7.882366776466369629e-01
8.775954246520996094e-01
8.226389884948730469e-01
8.472338318824768066e-01
4.313990175724029541e-01
8.577483296394348145e-01
8.355136513710021973e-01
8.250164985656738281e-01
8.596851229667663574e-01
7.573904991149902344e-01
8.034884929656982422e-01
8.308240771293640137e-01
7.796422839164733887e-01
8.256213665008544922e-01
8.359788656234741211e-01
8.636376261711120605e-01
8.280638456344604492e-01
8.561891913414001465e-01
8.238013982772827148e-01
6.796922683715820312e-01
8.105015158653259277e-01
7.983285188674926758e-01
8.323631882667541504e-01
8.100396990776062012e-01
8.626588582992553711e-01
8.448382616043090820e-01
6.167713403701782227e-01
5.878881812095642090e-01
8.338118791580200195e-01
7.720656991004943848e-01
8.236542344093322754e-01
8.409515619277954102e-01
8.777635693550109863e-01
8.503221273422241211e-01
8.328071832656860352e-01
8.366464376449584961e-01
7.918089628219604492e-01
8.315829634666442871e-01
8.149859309196472168e-01
8.369113802909851074e-01
8.091559410095214844e-01
5.518770813941955566e-01
8.353066444396972656e-01
6.725461483001708984e-01
7.325602769851684570e-01
7.578326463699340820e-01
8.045890331268310547e-01
8.480663895606994629e-01
8.740461468696594238e-01
8.036550879478454590e-01
6.803406476974487305e-01
7.296739220619201660e-01
7.996579408645629883e-01
8.196495175361633301e-01
8.821839094161987305e-01
8.187369108200073242e-01
6.566125750541687012e-01
8.318573832511901855e-01
6.777059435844421387e-01
7.261595129966735840e-01
6.986615657806396484e-01
7.108263969421386719e-01
7.793686985969543457e-01
7.391144633293151855e-01
7.916457056999206543e-01
6.922494173049926758e-01
7.206804752349853516e-01
6.170349121093750000e-01
6.875715255737304688e-01
7.013999819755554199e-01
6.117045283317565918e-01
7.273492813110351562e-01
7.635296583175659180e-01
8.188607096672058105e-01
8.085685372352600098e-01
7.170779109001159668e-01
6.992851495742797852e-01
7.602168917655944824e-01
5.719878077507019043e-01
7.777716517448425293e-01
7.090269327163696289e-01
7.800143361091613770e-01
6.746212244033813477e-01
8.010628819465637207e-01
7.500878572463989258e-01
7.222978472709655762e-01
6.989664435386657715e-01
5.772752761840820312e-01
7.358089685440063477e-01
8.102215528488159180e-01
7.982779741287231445e-01
7.218401432037353516e-01
6.898949742317199707e-01
5.386969447135925293e-01
7.398793101310729980e-01
7.653620243072509766e-01
6.363754272460937500e-01
6.991512179374694824e-01
7.036002278327941895e-01
7.389719486236572266e-01
6.575826406478881836e-01
6.725295782089233398e-01
7.109799385070800781e-01
7.629405856132507324e-01
7.081747055053710938e-01
7.978836297988891602e-01
7.445780634880065918e-01
8.072228431701660156e-01
7.101019024848937988e-01
7.216604351997375488e-01
6.607095003128051758e-01
7.213169336318969727e-01
6.713593602180480957e-01
6.998885273933410645e-01
8.127754330635070801e-01
6.249887943267822266e-01
7.634659409523010254e-01
5.402715802192687988e-01
7.822371721267700195e-01
7.156913876533508301e-01
7.310324907302856445e-01
7.278133034706115723e-01
7.425249218940734863e-01
6.748916506767272949e-01
7.307673096656799316e-01
6.551249623298645020e-01
7.809781432151794434e-01
6.372753381729125977e-01
7.843416333198547363e-01
7.469072341918945312e-01
7.743953466415405273e-01
3.518120646476745605e-01
7.285137176513671875e-01
8.171658515930175781e-01
7.410813570022583008e-01
7.716691493988037109e-01
7.322210669517517090e-01
8.195390105247497559e-01
3.990059196949005127e-01
9.292285442352294922e-01
8.291145563125610352e-01
9.155062437057495117e-01
6.595776677131652832e-01
6.449146866798400879e-01
7.703069448471069336e-01
8.349142670631408691e-01
6.033760905265808105e-01
5.548508763313293457e-01
8.440403342247009277e-01
8.681606054306030273e-01
5.131667852401733398e-01
7.540082335472106934e-01
8.508167266845703125e-01
8.404030203819274902e-01
8.192936182022094727e-01
8.050127625465393066e-01
3.581955730915069580e-01
8.206436634063720703e-01
8.650764822959899902e-01
7.328355908393859863e-01
6.684790849685668945e-01
4.676722884178161621e-01
8.625025153160095215e-01
9.046970605850219727e-01
9.356222748756408691e-01
7.940685153007507324e-01
7.957605123519897461e-01
8.394473791122436523e-01
6.025162339210510254e-01
8.224975466728210449e-01
8.893315196037292480e-01
8.601008057594299316e-01
6.647517085075378418e-01
7.699126601219177246e-01
8.649222850799560547e-01
7.718224525451660156e-01
6.828984022140502930e-01
6.846922636032104492e-01
8.610017299652099609e-01
8.904528617858886719e-01
9.189283847808837891e-01
8.567962050437927246e-01
8.399875760078430176e-01
7.560815215110778809e-01
8.828686475753784180e-01
8.174329400062561035e-01
6.639639139175415039e-01
8.526493310928344727e-01
8.979166746139526367e-01
7.498772144317626953e-01
8.195713162422180176e-01
8.286469578742980957e-01
7.502063512802124023e-01
8.342993259429931641e-01
6.649205088615417480e-01
7.467321157455444336e-01
6.538279056549072266e-01
7.698077559471130371e-01
7.342115044593811035e-01
6.722466349601745605e-01
7.263864278793334961e-01
8.504917025566101074e-01
7.542373538017272949e-01
6.228230595588684082e-01
8.577370047569274902e-01
3.941951990127563477e-01
8.694654703140258789e-01
8.809807300567626953e-01
8.839065432548522949e-01
4.364633858203887939e-01
8.751037716865539551e-01
7.129147648811340332e-01
6.007108688354492188e-01
7.976040840148925781e-01
9.414048194885253906e-01
8.436272144317626953e-01
9.389895796775817871e-01
6.812085509300231934e-01
8.715751767158508301e-01
9.388552904129028320e-01
7.228276133537292480e-01
8.184990882873535156e-01
8.935287594795227051e-01
6.662983298301696777e-01
9.037027359008789062e-01
6.636011004447937012e-01
8.742725849151611328e-01
8.217663168907165527e-01
9.434722661972045898e-01
9.239312410354614258e-01
8.691272735595703125e-01
8.989959955215454102e-01
9.127773046493530273e-01
9.155405163764953613e-01
8.529432415962219238e-01
8.655955791473388672e-01
9.100412130355834961e-01
6.526097655296325684e-01
9.115510582923889160e-01
8.140793442726135254e-01
9.286908507347106934e-01
9.414048194885253906e-01
8.996858596801757812e-01
9.053945541381835938e-01
8.831036090850830078e-01
9.279860854148864746e-01
8.733319044113159180e-01
5.772104263305664062e-01
6.305014491081237793e-01
9.108874797821044922e-01
8.838078975677490234e-01
9.259971380233764648e-01
8.671430945396423340e-01
8.625570535659790039e-01
5.358168482780456543e-01
8.298261761665344238e-01
8.032944798469543457e-01
6.371434926986694336e-01
8.927538394927978516e-01
8.655312061309814453e-01
5.657798647880554199e-01
8.664568662643432617e-01
6.212311387062072754e-01
8.482472300529479980e-01
8.507459163665771484e-01
8.131821155548095703e-01
8.476503491401672363e-01
7.781528234481811523e-01
8.111821413040161133e-01
8.719325661659240723e-01
6.802405714988708496e-01
8.261801600456237793e-01
8.253860473632812500e-01
6.273343563079833984e-01
5.784512758255004883e-01
7.881098389625549316e-01
8.666682243347167969e-01
5.311493277549743652e-01
7.844255566596984863e-01
5.550637841224670410e-01
8.573904633522033691e-01
8.138947486877441406e-01
8.714008331298828125e-01
7.544094324111938477e-01
6.637910008430480957e-01
5.263031125068664551e-01
4.582667648792266846e-01
6.107507348060607910e-01
8.591191768646240234e-01
8.147805929183959961e-01
8.173437118530273438e-01
8.508452177047729492e-01
8.093267679214477539e-01
7.611378431320190430e-01
6.811619400978088379e-01
8.257383108139038086e-01
9.032320976257324219e-01
7.910614609718322754e-01
7.630450725555419922e-01
7.537671923637390137e-01
8.624494671821594238e-01
7.640402913093566895e-01
5.117846131324768066e-01
4.138599634170532227e-01
8.475611805915832520e-01
8.320507407188415527e-01
8.601000308990478516e-01
8.556721210479736328e-01
8.500275015830993652e-01
8.191323876380920410e-01
6.650362014770507812e-01
7.945995926856994629e-01
8.404491543769836426e-01
7.345119714736938477e-01
8.687986731529235840e-01
6.496005654335021973e-01
8.288263678550720215e-01
6.884099245071411133e-01
2.340443134307861328e-01
8.088268637657165527e-01
7.863649725914001465e-01
8.707790374755859375e-01
1.777190119028091431e-01
5.862138271331787109e-01
6.058670282363891602e-01
6.666100621223449707e-01
7.252305746078491211e-01
9.269064664840698242e-01
8.973874449729919434e-01
7.531527876853942871e-01
6.180932521820068359e-01
6.746975779533386230e-01
5.772619843482971191e-01
8.980924487113952637e-01
7.195641994476318359e-01
9.099070429801940918e-01
7.895274162292480469e-01
9.159898161888122559e-01
8.237575292587280273e-01
8.764736056327819824e-01
5.655638575553894043e-01
8.271178603172302246e-01
7.736032009124755859e-01
9.126481413841247559e-01
6.235000491142272949e-01
6.931130290031433105e-01
1.232264339923858643e-01
7.893304824829101562e-01
6.892567873001098633e-01
8.601993322372436523e-01
7.736349701881408691e-01
8.783472776412963867e-01
7.580192685127258301e-01
7.761570215225219727e-01
6.092759966850280762e-01
7.178323864936828613e-01
5.736551284790039062e-01
8.102602958679199219e-01
8.328636288642883301e-01
6.993926763534545898e-01
6.659227609634399414e-01
6.006965041160583496e-01
7.923034429550170898e-01
4.371275901794433594e-01
8.851634263992309570e-01
8.434263467788696289e-01
8.918537497520446777e-01
8.421214818954467773e-01
8.548282384872436523e-01
5.990779995918273926e-01
7.257915139198303223e-01
6.293833851814270020e-01
7.917447686195373535e-01
6.283537745475769043e-01
8.406430482864379883e-01
8.982045650482177734e-01
5.843921303749084473e-01
8.861279487609863281e-01
5.875741243362426758e-01
8.253116011619567871e-01
7.001800537109375000e-01
6.448250412940979004e-01
5.745682716369628906e-01
6.485638618469238281e-01
8.065694570541381836e-01
7.736954689025878906e-01
5.580983757972717285e-01
7.260231971740722656e-01
5.846218466758728027e-01
4.898612797260284424e-01
6.108419299125671387e-01
8.200985193252563477e-01
6.670111417770385742e-01
1.144054159522056580e-02
5.887511968612670898e-01
4.569366201758384705e-02
8.656958490610122681e-02
1.132578868418931961e-02
4.132857173681259155e-02
8.663918077945709229e-02
4.890765994787216187e-03
1.389924157410860062e-02
2.690035663545131683e-02
3.116887994110584259e-02
4.604812338948249817e-02
8.337296545505523682e-03
5.891755688935518265e-03
1.391805615276098251e-02
4.788418859243392944e-02
6.641128659248352051e-02
2.000525966286659241e-02
1.169568076729774475e-01
1.516073010861873627e-02
3.617222537286579609e-04
3.663852438330650330e-02
9.486864320933818817e-03
4.668137058615684509e-03
2.837364934384822845e-02
9.788361191749572754e-02
2.032280666753649712e-03
6.108143925666809082e-02
3.233820572495460510e-02
8.884278126060962677e-03
1.868669874966144562e-02
2.919303718954324722e-03
2.170515432953834534e-02
1.927256584167480469e-02
2.194868633523583412e-03
5.283197853714227676e-03
2.080117352306842804e-02
2.005662955343723297e-02
6.533075124025344849e-03
1.375334989279508591e-02
3.484535589814186096e-02
1.300447527319192886e-02
2.196709997951984406e-02
2.549930289387702942e-02
3.487553447484970093e-02
1.425803638994693756e-02
4.188041388988494873e-02
1.274640671908855438e-02
2.508100820705294609e-03
4.247440025210380554e-03
1.987013220787048340e-02
1.388152539730072021e-01
1.643399707973003387e-02
2.573548816144466400e-02
6.726935505867004395e-03
1.857643760740756989e-02
2.736486494541168213e-03
1.549167442135512829e-03
2.253216691315174103e-03
4.083409160375595093e-02
1.506164576858282089e-02
3.560310974717140198e-02
1.136291399598121643e-02
4.012824222445487976e-02
2.148376591503620148e-02
2.613234519958496094e-02
1.921936520375311375e-03
6.110769510269165039e-02
6.102654337882995605e-02
5.320236086845397949e-03
5.298219248652458191e-02
5.719879642128944397e-02
1.087670866400003433e-02
1.759524643421173096e-02
7.339406758546829224e-02
7.319105323404073715e-03
2.688171900808811188e-02
6.843665242195129395e-02
9.903513826429843903e-03
4.297620803117752075e-02
2.821321226656436920e-02
4.974361136555671692e-02
2.946098102256655693e-03
2.226056717336177826e-02
3.547644987702369690e-02
4.976744949817657471e-01
1.487434376031160355e-02
4.985156934708356857e-03
2.565928921103477478e-02
8.936210535466670990e-03
3.055066056549549103e-02
1.255668606609106064e-02
3.559036180377006531e-02
6.900078058242797852e-02
1.468237861990928650e-02
1.409189961850643158e-02
2.368962159380316734e-03
1.681544445455074310e-02
9.253726899623870850e-02
1.550144981592893600e-02
2.141178399324417114e-02
5.541931986808776855e-01
3.174488432705402374e-03
1.947720348834991455e-02
1.794464327394962311e-02
4.793086275458335876e-02
1.979656144976615906e-02
5.575411319732666016e-01
1.988201960921287537e-02
7.316250354051589966e-02
4.135456681251525879e-02
2.363208681344985962e-02
1.139905601739883423e-01
5.699073895812034607e-02
2.339788824319839478e-01
1.017443388700485229e-01
1.192559674382209778e-01
8.099750429391860962e-02
1.075483635067939758e-01
2.089638113975524902e-01
5.185185372829437256e-02
4.997726380825042725e-01
4.424771666526794434e-02
5.699073895812034607e-02
6.972819566726684570e-02
5.695022344589233398e-01
1.965460032224655151e-01
6.308829188346862793e-01
6.756964325904846191e-01
6.871717572212219238e-01
5.176756381988525391e-01
6.280164122581481934e-01
4.914289712905883789e-01
4.589625000953674316e-01
5.236436724662780762e-01
6.526753902435302734e-01
4.686517715454101562e-01
3.696658909320831299e-01
2.443988770246505737e-01
3.990106284618377686e-01
6.060375571250915527e-01
6.529223918914794922e-02
3.315366208553314209e-01
1.417146623134613037e-01
2.027394622564315796e-01
1.208785921335220337e-01
5.667561665177345276e-02
1.688586175441741943e-01
3.275127112865447998e-01
2.240356057882308960e-01
9.939043223857879639e-02
1.565426439046859741e-01
1.584199815988540649e-01
4.022948443889617920e-01
1.028641834855079651e-01
1.754373162984848022e-01
1.656819880008697510e-01
3.473758995532989502e-01
1.228073313832283020e-01
1.923032701015472412e-01
1.982835531234741211e-01
3.195973336696624756e-01
5.619465112686157227e-01
3.252446949481964111e-01
1.098764166235923767e-01
2.250431329011917114e-01
6.166115403175354004e-01
1.228975057601928711e-01
1.377786844968795776e-01
1.985278427600860596e-01
1.523107588291168213e-01
1.729563623666763306e-02
3.362724930047988892e-02
2.682906985282897949e-01
2.675103954970836639e-02
1.028843224048614502e-01
6.074380874633789062e-02
8.129363507032394409e-02
4.416106641292572021e-02
9.116905741393566132e-03
1.184800043702125549e-01
9.853167086839675903e-02
3.218569979071617126e-02
6.640084981918334961e-01
8.335855603218078613e-01
5.637356638908386230e-01
7.005281448364257812e-01
6.380075812339782715e-01
5.635890960693359375e-01
5.539603829383850098e-01
5.590739846229553223e-01
5.541273951530456543e-01
5.554879307746887207e-01
3.897576928138732910e-01
5.675079822540283203e-01
6.229384541511535645e-01
5.926436781883239746e-01
8.213876485824584961e-01
7.485544681549072266e-01
6.711739301681518555e-01
8.122186660766601562e-01
7.556545734405517578e-01
5.652427077293395996e-01
8.256213665008544922e-01
8.238013982772827148e-01
6.167713403701782227e-01
5.878881812095642090e-01
7.720656991004943848e-01
7.918089628219604492e-01
5.518770813941955566e-01
7.296739220619201660e-01
6.566125750541687012e-01
6.922494173049926758e-01
7.206804752349853516e-01
6.875715255737304688e-01
6.746212244033813477e-01
6.898949742317199707e-01
5.386969447135925293e-01
6.575826406478881836e-01
6.725295782089233398e-01
6.607095003128051758e-01
7.213169336318969727e-01
6.748916506767272949e-01
6.551249623298645020e-01
6.372753381729125977e-01
8.349142670631408691e-01
6.033760905265808105e-01
5.131667852401733398e-01
6.684790849685668945e-01
8.394473791122436523e-01
6.025162339210510254e-01
8.224975466728210449e-01
8.399875760078430176e-01
7.498772144317626953e-01
7.502063512802124023e-01
7.467321157455444336e-01
3.941951990127563477e-01
7.129147648811340332e-01
6.007108688354492188e-01
6.812085509300231934e-01
6.662983298301696777e-01
6.636011004447937012e-01
9.279860854148864746e-01
5.358168482780456543e-01
6.371434926986694336e-01
5.657798647880554199e-01
6.802405714988708496e-01
6.273343563079833984e-01
5.550637841224670410e-01
5.263031125068664551e-01
6.107507348060607910e-01
6.650362014770507812e-01
7.345119714736938477e-01
1.777190119028091431e-01
5.862138271331787109e-01
7.531527876853942871e-01
5.772619843482971191e-01
1.232264339923858643e-01
6.092759966850280762e-01
6.283537745475769043e-01
5.843921303749084473e-01
5.875741243362426758e-01
6.448250412940979004e-01
5.745682716369628906e-01
5.846218466758728027e-01
6.108419299125671387e-01
6.253861188888549805e-01
5.541931986808776855e-01
4.238574579358100891e-02
4.273361712694168091e-02
5.438527837395668030e-02
2.521879971027374268e-02
3.174075158312916756e-03
5.541223287582397461e-01
5.725461244583129883e-01
6.706466525793075562e-02
5.532168149948120117e-01
5.197161436080932617e-01
5.791859701275825500e-02
8.541280776262283325e-02
6.554182618856430054e-02
1.787840276956558228e-01
6.705638766288757324e-02
6.380343437194824219e-02
4.303811490535736084e-02
1.005988419055938721e-01
1.634380519390106201e-01
6.642744690179824829e-02
1.199980378150939941e-01
1.603042185306549072e-01
1.960099115967750549e-02
6.668946892023086548e-02
2.385247498750686646e-01
3.172303736209869385e-01
5.885871052742004395e-01
1.546077132225036621e-01
3.818388879299163818e-01
6.903074383735656738e-01
6.369997859001159668e-01
5.694593191146850586e-01
4.796008467674255371e-01
4.954623579978942871e-01
5.488455295562744141e-01
6.952120065689086914e-01
6.789911985397338867e-01
4.933997690677642822e-01
6.214419007301330566e-01
3.191559910774230957e-01
6.397540569305419922e-01
6.698175668716430664e-01
2.553420960903167725e-01
1.305149495601654053e-01
6.047974228858947754e-01
1.515750437974929810e-01
1.001452580094337463e-01
5.207980871200561523e-01
3.820814937353134155e-02
1.730358451604843140e-01
2.406395524740219116e-01
7.175256311893463135e-02
2.631682455539703369e-01
1.672344654798507690e-01
2.098450362682342529e-01
2.349134534597396851e-01
2.363091707229614258e-01
3.643806278705596924e-01
5.858374238014221191e-01
4.081113934516906738e-01
1.006306558847427368e-01
1.370752453804016113e-01
6.132496595382690430e-01
5.785449221730232239e-02
1.938812136650085449e-01
3.530002534389495850e-01
2.867377996444702148e-01
3.683991134166717529e-01
1.794003546237945557e-01
1.739091575145721436e-01
2.166708558797836304e-01
3.608767092227935791e-01
1.770469099283218384e-01
1.095241531729698181e-01
7.074830532073974609e-01
6.246629953384399414e-01
6.749889254570007324e-02
1.107672452926635742e-01
8.547321707010269165e-02
7.081013172864913940e-02
1.745207458734512329e-01
7.812287658452987671e-03
7.334830611944198608e-02
2.210873365402221680e-02
6.911459565162658691e-02
1.310716290026903152e-02
3.846441954374313354e-02
1.993631571531295776e-02
1.899640820920467377e-02
5.541431307792663574e-01
1.844461448490619659e-02
7.041706889867782593e-02
6.855669897049665451e-03
1.434048730880022049e-02
1.575988158583641052e-02
7.402568589895963669e-03
5.857971683144569397e-02
2.678171098232269287e-01
6.110264062881469727e-01
6.514177471399307251e-02
2.853124216198921204e-02
1.922675408422946930e-02
5.134677514433860779e-02
8.003041893243789673e-02
1.017443388700485229e-01
7.591061592102050781e-01
4.999588057398796082e-02
1.006136536598205566e-01
1.257230788469314575e-01
4.110034406185150146e-01
7.176229357719421387e-02
3.736354410648345947e-02
8.409629017114639282e-02
1.833781227469444275e-02
5.654605850577354431e-02
7.648636102676391602e-01
3.575584888458251953e-01
6.860336065292358398e-01
7.225288152694702148e-01
4.381672739982604980e-01
1.390917897224426270e-01
6.310642957687377930e-01
3.984173834323883057e-01
4.083514213562011719e-01
6.190776228904724121e-01
6.179671287536621094e-01
5.302169322967529297e-01
1.397745013236999512e-01
2.064720243215560913e-01
2.409291118383407593e-01
2.328311353921890259e-01
1.118470653891563416e-01
3.573904335498809814e-01
6.047974228858947754e-01
9.003280103206634521e-02
5.569009110331535339e-02
2.322045862674713135e-01
8.869755268096923828e-02
8.744961768388748169e-02
1.759304553270339966e-01
2.311662435531616211e-01
2.226837873458862305e-01
1.808265596628189087e-01
1.642055809497833252e-01
2.957372069358825684e-01
2.774153649806976318e-01
4.064516723155975342e-01
6.290325522422790527e-02
6.220986843109130859e-01
4.594201743602752686e-01
5.085828900337219238e-01
1.209709569811820984e-01
1.232377737760543823e-01
3.211944699287414551e-01
2.669502794742584229e-01
3.443850874900817871e-01
1.658734306693077087e-02
6.619978696107864380e-03
1.302203442901372910e-02
3.431226313114166260e-02
5.710003972053527832e-01
3.640481457114219666e-02
3.517680242657661438e-02
2.452844195067882538e-02
6.030424311757087708e-02
7.241853326559066772e-02
5.224914550781250000e-01
5.695962309837341309e-01
4.016930982470512390e-02
2.350121736526489258e-02
9.354590438306331635e-03
5.693507567048072815e-02
3.079341491684317589e-03
6.123567000031471252e-02
3.700032457709312439e-02
5.682877302169799805e-01
1.978793926537036896e-02
1.915192417800426483e-02
3.046016581356525421e-02
2.717355638742446899e-02
2.361975051462650299e-02
7.737661153078079224e-02
1.043367385864257812e-01
1.634882204234600067e-02
2.838625758886337280e-02
2.811039611697196960e-02
8.098280429840087891e-02
4.253830015659332275e-02
3.638559207320213318e-02
5.393571406602859497e-02
2.449687011539936066e-02
1.784827001392841339e-02
1.800090819597244263e-02
1.472350861877202988e-02
2.180192805826663971e-02
1.159653626382350922e-02
6.066087484359741211e-01
1.018492802977561951e-01
5.005392804741859436e-02
2.591639198362827301e-02
3.425784036517143250e-02
6.375274062156677246e-02
5.777791608124971390e-03
4.727688804268836975e-02
3.876129165291786194e-02
4.526027012616395950e-03
4.940320923924446106e-02
3.110908903181552887e-02
4.449910949915647507e-03
1.103583350777626038e-02
1.827290281653404236e-02
3.280610591173171997e-02
2.442457899451255798e-02
2.266574651002883911e-02
1.923122107982635498e-01
5.728331580758094788e-02
2.172012813389301300e-02
2.864725328981876373e-02
1.765354909002780914e-02
9.686939418315887451e-03
1.694289408624172211e-02
1.917770355939865112e-01
2.198525965213775635e-01
3.691897541284561157e-02
1.332639008760452271e-01
6.069465354084968567e-02
1.295378208160400391e-01
2.396196126937866211e-02
1.583030670881271362e-01
1.882240474224090576e-01
3.327829018235206604e-02
2.164242975413799286e-02
1.252223104238510132e-01
1.911239773035049438e-01
5.373223498463630676e-02
3.579659014940261841e-02
3.873336315155029297e-02
2.321812137961387634e-02
5.081099271774291992e-02
1.398468483239412308e-02
7.527034264057874680e-03
9.195706248283386230e-02
2.335372380912303925e-02
4.778125882148742676e-02
9.918360970914363861e-03
7.325804978609085083e-02
6.427346169948577881e-02
2.051626704633235931e-02
3.382861241698265076e-02
2.638071216642856598e-02
6.260196566581726074e-01
5.719814300537109375e-01
5.273230001330375671e-02
8.722724765539169312e-02
6.112061142921447754e-01
1.212366740219295025e-03
2.300525084137916565e-03
