5.851129293441772461e-01
3.784991204738616943e-01
4.582521617412567139e-01
6.040806770324707031e-01
5.595143437385559082e-01
5.981400609016418457e-01
5.957404971122741699e-01
5.848011374473571777e-01
6.318723559379577637e-01
6.329869031906127930e-01
4.075983464717864990e-01
6.434149146080017090e-01
5.811567902565002441e-01
6.034296751022338867e-01
4.862456023693084717e-01
5.360335111618041992e-01
5.621035099029541016e-01
4.767512381076812744e-01
4.588083028793334961e-01
5.715664625167846680e-01
6.974455118179321289e-01
4.715304672718048096e-01
6.947918534278869629e-01
6.409820914268493652e-01
5.297890901565551758e-01
5.924163460731506348e-01
4.624587595462799072e-01
5.144444704055786133e-01
5.054196715354919434e-01
6.153663992881774902e-01
5.717923641204833984e-01
5.917878150939941406e-01
4.958690702915191650e-01
5.817561745643615723e-01
5.906462669372558594e-01
5.193979740142822266e-01
5.631333589553833008e-01
6.053833365440368652e-01
5.551167726516723633e-01
4.806436300277709961e-01
5.106596946716308594e-01
5.603170394897460938e-01
5.581332445144653320e-01
5.798727273941040039e-01
6.570237874984741211e-01
5.373107194900512695e-01
5.654612779617309570e-01
5.283897519111633301e-01
3.569478094577789307e-01
6.053145527839660645e-01
7.004705667495727539e-01
5.634211897850036621e-01
4.899836778640747070e-01
5.168762803077697754e-01
6.322075128555297852e-01
4.237702190876007080e-01
5.654584169387817383e-01
6.618841886520385742e-01
6.344072222709655762e-01
5.238958597183227539e-01
5.214847326278686523e-01
5.331566333770751953e-01
5.481935739517211914e-01
6.888004541397094727e-01
7.029759883880615234e-01
3.458902537822723389e-01
6.181768774986267090e-01
5.047744512557983398e-01
4.525025486946105957e-01
6.023114919662475586e-01
5.507705807685852051e-01
6.158763766288757324e-01
5.583151578903198242e-01
6.393578648567199707e-01
5.442659854888916016e-01
8.124961256980895996e-01
7.541243433952331543e-01
8.477814197540283203e-01
8.083695769309997559e-01
7.855927348136901855e-01
7.488539218902587891e-01
7.801626324653625488e-01
8.256089687347412109e-01
8.425517082214355469e-01
8.171436786651611328e-01
7.152001261711120605e-01
7.773177027702331543e-01
8.079576492309570312e-01
7.918728590011596680e-01
7.795993089675903320e-01
8.327874541282653809e-01
7.966832518577575684e-01
8.256079554557800293e-01
8.408076763153076172e-01
7.788766026496887207e-01
8.427941799163818359e-01
8.299907445907592773e-01
7.627943158149719238e-01
8.227568268775939941e-01
7.747491598129272461e-01
8.101298809051513672e-01
8.392315506935119629e-01
8.412466645240783691e-01
7.880042791366577148e-01
8.178960084915161133e-01
8.417623639106750488e-01
7.920127511024475098e-01
8.271555304527282715e-01
8.057724833488464355e-01
7.884772419929504395e-01
7.679134607315063477e-01
7.593834400177001953e-01
8.411495089530944824e-01
7.831187844276428223e-01
8.357639312744140625e-01
7.274519205093383789e-01
8.047095537185668945e-01
7.928869724273681641e-01
8.002558946609497070e-01
6.949667930603027344e-01
8.098260760307312012e-01
7.301124930381774902e-01
7.758719325065612793e-01
8.030273318290710449e-01
8.010911345481872559e-01
8.020275235176086426e-01
6.215806007385253906e-01
8.121781349182128906e-01
8.433429002761840820e-01
7.951514720916748047e-01
8.298017978668212891e-01
7.638933658599853516e-01
8.108255267143249512e-01
8.245693445205688477e-01
8.440889120101928711e-01
8.441544771194458008e-01
7.649476528167724609e-01
8.156407475471496582e-01
8.033880591392517090e-01
7.043192386627197266e-01
7.235925197601318359e-01
7.965026497840881348e-01
7.284748554229736328e-01
8.214159011840820312e-01
7.427348494529724121e-01
8.034094572067260742e-01
8.378128409385681152e-01
7.039616107940673828e-01
8.265764713287353516e-01
8.372555375099182129e-01
8.545820116996765137e-01
8.215281367301940918e-01
8.943058848381042480e-01
8.705986738204956055e-01
8.762214779853820801e-01
8.536664247512817383e-01
8.357462882995605469e-01
8.937318325042724609e-01
8.989027142524719238e-01
8.970630764961242676e-01
8.848239779472351074e-01
9.036187529563903809e-01
7.280172705650329590e-01
9.172943234443664551e-01
8.560416698455810547e-01
8.832653760910034180e-01
8.984527587890625000e-01
8.917561173439025879e-01
8.913906216621398926e-01
8.986564278602600098e-01
9.034240841865539551e-01
8.392028808593750000e-01
8.562575578689575195e-01
8.718354701995849609e-01
8.411463499069213867e-01
8.054178953170776367e-01
8.470647931098937988e-01
7.854353785514831543e-01
8.704969882965087891e-01
8.725628256797790527e-01
8.451071381568908691e-01
8.874428868293762207e-01
8.525753021240234375e-01
8.675494194030761719e-01
8.831323385238647461e-01
8.744139671325683594e-01
9.090519547462463379e-01
8.653619885444641113e-01
8.092862963676452637e-01
7.774184942245483398e-01
7.406371235847473145e-01
8.317249417304992676e-01
8.510120511054992676e-01
8.799697160720825195e-01
8.506473898887634277e-01
8.367556929588317871e-01
8.028818964958190918e-01
8.108760118484497070e-01
8.112108111381530762e-01
8.431299924850463867e-01
8.341217637062072754e-01
8.143122792243957520e-01
8.956196904182434082e-01
8.470772504806518555e-01
8.644981980323791504e-01
8.605728745460510254e-01
8.768790960311889648e-01
8.846832513809204102e-01
8.791224360466003418e-01
7.801581621170043945e-01
8.111858963966369629e-01
8.450224399566650391e-01
8.622223734855651855e-01
8.625492453575134277e-01
8.769816160202026367e-01
8.906376361846923828e-01
8.416886925697326660e-01
8.795145153999328613e-01
8.098652958869934082e-01
8.708252310752868652e-01
7.513830661773681641e-01
7.363728880882263184e-01
8.217248916625976562e-01
8.753701448440551758e-01
8.126395344734191895e-01
7.634274959564208984e-01
8.486899733543395996e-01
8.879730105400085449e-01
8.586375117301940918e-01
8.566812872886657715e-01
8.693315386772155762e-01
8.745720982551574707e-01
8.450897932052612305e-01
7.379476428031921387e-01
8.705052137374877930e-01
8.143125176429748535e-01
8.694476485252380371e-01
7.900832891464233398e-01
8.016244769096374512e-01
8.708645701408386230e-01
9.074631929397583008e-01
8.122574090957641602e-01
8.536257743835449219e-01
8.380277752876281738e-01
8.553035259246826172e-01
9.089731574058532715e-01
9.495272636413574219e-01
9.377959370613098145e-01
9.480807185173034668e-01
8.905797004699707031e-01
8.949087858200073242e-01
9.442036151885986328e-01
9.479622244834899902e-01
9.409556984901428223e-01
8.799686431884765625e-01
9.395517110824584961e-01
9.478827714920043945e-01
8.874830007553100586e-01
9.408544898033142090e-01
9.423812031745910645e-01
9.456634521484375000e-01
9.411728978157043457e-01
8.747971057891845703e-01
9.018959403038024902e-01
8.858672380447387695e-01
9.332751035690307617e-01
9.441468715667724609e-01
9.454511404037475586e-01
8.973705172538757324e-01
9.439346790313720703e-01
9.428463578224182129e-01
9.463248848915100098e-01
9.111788868904113770e-01
9.308610558509826660e-01
9.516474008560180664e-01
9.457833170890808105e-01
9.491363167762756348e-01
9.467108845710754395e-01
9.481185674667358398e-01
9.478279352188110352e-01
9.426529407501220703e-01
9.487003684043884277e-01
8.371233344078063965e-01
8.439241051673889160e-01
8.931868076324462891e-01
9.483727216720581055e-01
9.522745013236999512e-01
9.409303069114685059e-01
9.434207081794738770e-01
9.437614679336547852e-01
9.436761140823364258e-01
9.485018253326416016e-01
8.768774867057800293e-01
8.703023195266723633e-01
9.444127082824707031e-01
9.504213333129882812e-01
9.560748338699340820e-01
9.424507617950439453e-01
9.438517689704895020e-01
9.408051371574401855e-01
9.384879469871520996e-01
9.465525150299072266e-01
9.506033658981323242e-01
8.949322700500488281e-01
8.823151588439941406e-01
9.540230035781860352e-01
9.439998269081115723e-01
8.872307538986206055e-01
9.459521174430847168e-01
9.448907971382141113e-01
9.084486961364746094e-01
9.390856623649597168e-01
8.729058504104614258e-01
9.547898769378662109e-01
9.517838358879089355e-01
9.412145018577575684e-01
9.110513925552368164e-01
9.536340832710266113e-01
9.571645259857177734e-01
7.211093306541442871e-01
7.042262554168701172e-01
8.813772797584533691e-01
7.631481289863586426e-01
9.063318371772766113e-01
7.633098959922790527e-01
7.880587577819824219e-01
8.761032223701477051e-01
6.578395366668701172e-01
8.319308757781982422e-01
9.260047078132629395e-01
7.660983204841613770e-01
7.697058916091918945e-01
6.663224697113037109e-01
7.801924943923950195e-01
8.056688308715820312e-01
8.918509483337402344e-01
8.650877475738525391e-01
7.238319516181945801e-01
7.937178015708923340e-01
7.947692275047302246e-01
8.318799734115600586e-01
6.990973949432373047e-01
7.626735568046569824e-01
7.910237908363342285e-01
6.844128966331481934e-01
7.857098579406738281e-01
7.262631654739379883e-01
8.594773411750793457e-01
8.813772797584533691e-01
8.135595321655273438e-01
7.376990914344787598e-01
7.629801630973815918e-01
8.732191920280456543e-01
8.139625191688537598e-01
7.526312470436096191e-01
7.701310515403747559e-01
7.915602922439575195e-01
7.627930045127868652e-01
8.869594335556030273e-01
7.266498208045959473e-01
8.149603605270385742e-01
8.232306838035583496e-01
7.088651657104492188e-01
7.135186791419982910e-01
6.966747045516967773e-01
8.031899333000183105e-01
8.447560071945190430e-01
8.532623052597045898e-01
8.257861137390136719e-01
6.910542249679565430e-01
8.336334228515625000e-01
8.448619246482849121e-01
9.320700168609619141e-01
9.080793261528015137e-01
8.512015342712402344e-01
8.655511140823364258e-01
8.470194339752197266e-01
8.705836534500122070e-01
8.593463897705078125e-01
8.663647770881652832e-01
8.937038183212280273e-01
7.618516087532043457e-01
8.792265057563781738e-01
8.177148699760437012e-01
8.686726093292236328e-01
8.294463157653808594e-01
8.747636079788208008e-01
8.988680839538574219e-01
7.629346251487731934e-01
8.438223004341125488e-01
8.673669099807739258e-01
8.689376711845397949e-01
8.779190778732299805e-01
7.887746095657348633e-01
8.938155174255371094e-01
8.755493164062500000e-01
9.183157682418823242e-01
8.696606159210205078e-01
8.772116303443908691e-01
7.665209770202636719e-01
8.263785839080810547e-01
8.246125578880310059e-01
8.207309246063232422e-01
8.764222264289855957e-01
8.999266028404235840e-01
8.817682862281799316e-01
8.266417384147644043e-01
8.913583159446716309e-01
8.808491826057434082e-01
8.827998638153076172e-01
8.130275607109069824e-01
8.973529338836669922e-01
8.207287788391113281e-01
8.262639045715332031e-01
8.257380127906799316e-01
8.414701819419860840e-01
8.546212315559387207e-01
8.502678871154785156e-01
8.398906588554382324e-01
8.728420138359069824e-01
8.551552891731262207e-01
8.405762314796447754e-01
8.657256364822387695e-01
8.149516582489013672e-01
8.131754994392395020e-01
4.598953127861022949e-01
5.453222990036010742e-01
6.978390812873840332e-01
4.802427291870117188e-01
2.632567882537841797e-01
5.235601663589477539e-01
4.409850835800170898e-01
5.239520072937011719e-01
7.153812050819396973e-01
5.869179964065551758e-01
6.142923831939697266e-01
5.852087140083312988e-01
6.612895727157592773e-01
6.800792813301086426e-01
5.401340723037719727e-01
5.748587846755981445e-01
6.378744840621948242e-01
4.402480721473693848e-01
5.662049651145935059e-01
7.324775457382202148e-01
6.447149515151977539e-01
5.694598555564880371e-01
5.194287300109863281e-01
5.417453050613403320e-01
6.343114376068115234e-01
5.862110853195190430e-01
6.270392537117004395e-01
6.601734757423400879e-01
2.408709079027175903e-01
7.573620676994323730e-01
4.251886904239654541e-01
5.998246073722839355e-01
7.415654659271240234e-01
6.473960280418395996e-01
6.194177269935607910e-01
6.184450984001159668e-01
6.344304680824279785e-01
7.178836464881896973e-01
4.988603293895721436e-01
6.835255026817321777e-01
5.218612551689147949e-01
3.301266133785247803e-01
4.719746410846710205e-01
6.758627891540527344e-01
6.075220108032226562e-01
4.289783537387847900e-01
6.086269021034240723e-01
6.946510076522827148e-01
5.805426836013793945e-01
6.284385919570922852e-01
6.862414479255676270e-01
3.285222351551055908e-01
5.218841433525085449e-01
6.699848175048828125e-01
4.774992167949676514e-01
5.639548301696777344e-01
7.041593194007873535e-01
4.552757143974304199e-01
6.089706420898437500e-01
6.171970367431640625e-01
5.012451410293579102e-01
4.619988203048706055e-01
6.988539099693298340e-01
7.046992778778076172e-01
4.515229463577270508e-01
5.998272299766540527e-01
6.017567515373229980e-01
4.750811159610748291e-01
5.332638621330261230e-01
5.504711270332336426e-01
5.427478551864624023e-01
1.666415333747863770e-01
5.265535712242126465e-01
6.216306686401367188e-01
6.667630672454833984e-01
3.638198673725128174e-01
9.252726286649703979e-02
1.609244197607040405e-01
8.399609476327896118e-02
1.671587228775024414e-01
5.610228702425956726e-02
2.669910788536071777e-01
1.339765489101409912e-01
3.525615930557250977e-01
1.412779688835144043e-01
8.050262182950973511e-02
6.843858957290649414e-02
1.328455656766891479e-01
6.001296266913414001e-02
1.736161559820175171e-01
2.015204168856143951e-02
1.213924363255500793e-01
1.095087453722953796e-01
2.807387895882129669e-02
2.337751984596252441e-01
2.052259445190429688e-01
2.532970905303955078e-02
1.140170916914939880e-01
1.745170056819915771e-01
5.283339321613311768e-02
1.694995313882827759e-01
1.828027814626693726e-01
5.047699809074401855e-01
6.464452296495437622e-02
4.516159892082214355e-01
3.538751602172851562e-01
1.115659698843955994e-01
1.273161768913269043e-01
5.302938073873519897e-02
1.481300294399261475e-01
4.582246541976928711e-01
1.581155210733413696e-01
1.801924109458923340e-01
2.420534938573837280e-01
3.201869428157806396e-01
5.912233516573905945e-02
1.238273978233337402e-01
1.790521442890167236e-01
1.397498846054077148e-01
4.463338851928710938e-01
2.384933531284332275e-01
1.526288241147994995e-01
1.307635903358459473e-01
4.044286012649536133e-01
1.592271924018859863e-01
1.266421675682067871e-01
3.905996307730674744e-02
1.772074103355407715e-01
1.488383561372756958e-01
8.610856533050537109e-02
3.201597630977630615e-01
1.091232076287269592e-01
5.860058963298797607e-02
4.741709232330322266e-01
8.932349085807800293e-02
1.013085171580314636e-01
3.013038039207458496e-01
2.884297668933868408e-01
1.079537123441696167e-01
8.602248132228851318e-02
1.617888510227203369e-01
1.144162043929100037e-01
1.739836186170578003e-01
2.680005431175231934e-01
2.022353261709213257e-01
3.000062406063079834e-01
8.350362628698348999e-02
9.333869069814682007e-02
8.640493452548980713e-02
1.701572388410568237e-01
1.150906831026077271e-01
4.015651643276214600e-01
2.456614673137664795e-01
2.668794989585876465e-01
1.391593068838119507e-01
1.376262903213500977e-01
1.104561612010002136e-01
2.406833171844482422e-01
1.059527620673179626e-01
4.455105066299438477e-01
2.837143838405609131e-01
1.755226701498031616e-01
1.044332012534141541e-01
1.709880232810974121e-01
3.625112473964691162e-01
2.113183438777923584e-01
1.259558200836181641e-01
8.768129348754882812e-02
1.094210743904113770e-01
7.814416289329528809e-02
1.103824377059936523e-01
2.436366826295852661e-01
2.289114594459533691e-01
3.850457668304443359e-01
1.361912935972213745e-01
2.186655700206756592e-01
1.330652683973312378e-01
2.580024600028991699e-01
1.420663595199584961e-01
1.008717045187950134e-01
1.185357719659805298e-01
8.961553126573562622e-02
1.163171529769897461e-01
3.134028911590576172e-01
1.324814558029174805e-01
8.701977878808975220e-02
2.850456833839416504e-01
8.111964166164398193e-02
1.302086859941482544e-01
1.007069647312164307e-01
2.081377208232879639e-01
9.246286004781723022e-02
1.383032798767089844e-01
2.864530980587005615e-01
2.892530858516693115e-01
2.361761927604675293e-01
3.254857063293457031e-01
2.839177548885345459e-01
5.563469529151916504e-01
2.884047627449035645e-01
1.888464391231536865e-01
4.339132457971572876e-02
2.518902532756328583e-02
4.146063029766082764e-01
2.346242778003215790e-02
1.091952174901962280e-01
3.445424512028694153e-02
2.024961076676845551e-02
4.265651404857635498e-01
1.131080985069274902e-01
2.312431186437606812e-01
4.427218139171600342e-01
2.512253224849700928e-01
7.895573973655700684e-02
6.271850317716598511e-02
2.831252478063106537e-02
5.958377569913864136e-02
9.862463176250457764e-02
7.199618965387344360e-02
2.237572222948074341e-01
8.368670940399169922e-02
3.526505082845687866e-02
1.337225437164306641e-01
2.873831428587436676e-02
5.504493042826652527e-02
7.161992043256759644e-02
6.324419379234313965e-02
2.288695871829986572e-01
7.206974923610687256e-02
8.058883249759674072e-02
1.299803107976913452e-01
2.800138592720031738e-01
5.532806739211082458e-02
1.344998180866241455e-01
3.590549528598785400e-02
5.228120461106300354e-02
9.221871197223663330e-02
2.929671294987201691e-02
6.986985355615615845e-02
7.548583298921585083e-02
1.032288074493408203e-01
7.608704268932342529e-02
9.703464806079864502e-02
6.401310116052627563e-02
3.889668732881546021e-02
2.115312963724136353e-01
1.187403425574302673e-01
1.484683156013488770e-01
2.566669881343841553e-01
2.034540623426437378e-01
2.408705465495586395e-02
1.409031450748443604e-01
4.662001878023147583e-02
7.435907423496246338e-02
9.460170567035675049e-02
9.343279153108596802e-02
4.610683023929595947e-02
3.231585398316383362e-02
9.564127773046493530e-02
3.093083202838897705e-02
1.064948737621307373e-01
1.791669577360153198e-01
8.333048224449157715e-02
1.045764014124870300e-01
3.363592550158500671e-02
8.900276571512222290e-02
3.393314778804779053e-02
1.239266842603683472e-01
8.257371932268142700e-02
4.854443296790122986e-02
5.546318367123603821e-02
2.540499866008758545e-01
6.984961777925491333e-02
5.380041897296905518e-02
1.608695536851882935e-01
2.218831516802310944e-02
5.212330073118209839e-02
7.962930202484130859e-02
8.970185369253158569e-02
4.699200019240379333e-02
1.432765126228332520e-01
1.022842973470687866e-01
2.081264406442642212e-01
9.255284816026687622e-02
6.646925956010818481e-02
1.298670917749404907e-01
1.317971646785736084e-01
1.422322690486907959e-01
4.011366143822669983e-02
1.048683002591133118e-01
1.289177387952804565e-01
1.481503844261169434e-01
9.101392328739166260e-02
1.089989840984344482e-01
5.726243183016777039e-02
7.946921885013580322e-02
1.391337811946868896e-01
1.255378723144531250e-01
1.097383797168731689e-01
1.126381233334541321e-01
7.752376049757003784e-02
4.561740532517433167e-02
1.305307149887084961e-01
1.450169980525970459e-01
1.289474815130233765e-01
7.564231753349304199e-02
1.384384334087371826e-01
6.557713449001312256e-02
1.255889236927032471e-01
1.777653247117996216e-01
5.286585912108421326e-02
1.039218977093696594e-01
1.110065057873725891e-01
7.166352868080139160e-02
4.606890305876731873e-02
8.779330551624298096e-02
2.221703082323074341e-01
9.418467432260513306e-02
4.866575449705123901e-02
7.159116864204406738e-02
4.589107260107994080e-02
4.739144071936607361e-02
3.925148770213127136e-02
7.749515026807785034e-02
7.541362196207046509e-02
1.148445531725883484e-01
1.749550253152847290e-01
6.584716588258743286e-02
4.619738832116127014e-02
4.944084212183952332e-02
1.924197673797607422e-01
1.281800270080566406e-01
7.728029787540435791e-02
1.585121601819992065e-01
4.586815088987350464e-02
4.903184622526168823e-02
8.759039640426635742e-02
9.455969184637069702e-02
7.788428664207458496e-02
1.004909500479698181e-01
1.749850362539291382e-01
5.909366905689239502e-02
7.189372926950454712e-02
7.714357972145080566e-02
1.667506098747253418e-01
8.972875773906707764e-02
9.302332252264022827e-02
2.854234874248504639e-01
1.454422324895858765e-01
1.929184049367904663e-01
4.621211439371109009e-02
1.393621265888214111e-01
7.370392233133316040e-02
2.394420504570007324e-01
1.419618427753448486e-01
2.308265268802642822e-01
3.199196234345436096e-02
4.364711046218872070e-02
6.483151763677597046e-02
7.619437575340270996e-02
1.770986318588256836e-01
1.783161312341690063e-01
6.288204342126846313e-02
9.729206562042236328e-02
1.553250253200531006e-01
1.914896070957183838e-01
1.588350385427474976e-01
2.567273080348968506e-01
1.080903112888336182e-01
5.913363769650459290e-02
1.617716848850250244e-01
1.715192049741744995e-01
1.608769446611404419e-01
3.585261479020118713e-02
1.415340602397918701e-01
1.865367591381072998e-01
1.838689297437667847e-01
6.998642534017562866e-02
2.033870220184326172e-01
1.346420496702194214e-01
8.289799839258193970e-02
9.616900980472564697e-02
1.314936131238937378e-01
2.205686569213867188e-01
1.264251619577407837e-01
1.241516917943954468e-01
1.665188670158386230e-01
1.199942678213119507e-01
1.320880800485610962e-01
1.220787912607192993e-01
1.210495531558990479e-01
4.471485316753387451e-02
1.295686215162277222e-01
1.347038894891738892e-01
1.278478056192398071e-01
9.035997092723846436e-02
6.322561204433441162e-02
1.815697252750396729e-01
1.455540657043457031e-01
1.358382254838943481e-01
1.342104673385620117e-01
6.966189295053482056e-02
6.360377371311187744e-02
2.007350325584411621e-01
1.669559329748153687e-01
1.841381639242172241e-01
8.429018408060073853e-02
9.796267002820968628e-02
1.064549982547760010e-01
1.371013075113296509e-01
2.319788634777069092e-01
9.183195233345031738e-02
2.985724806785583496e-01
8.513554185628890991e-02
9.419245272874832153e-02
1.692613214254379272e-01
1.464147269725799561e-01
1.496133208274841309e-01
1.762811690568923950e-01
8.949485421180725098e-02
1.155151650309562683e-01
8.098538964986801147e-02
1.162076070904731750e-01
1.519045680761337280e-01
2.643912136554718018e-01
1.948265582323074341e-01
9.362357109785079956e-02
8.250384032726287842e-02
1.272246390581130981e-01
1.109796464443206787e-01
1.166642680764198303e-01
8.760175108909606934e-02
1.582484692335128784e-01
9.966768324375152588e-02
2.731765806674957275e-01
1.417175829410552979e-01
1.445053219795227051e-01
2.419386804103851318e-01
1.478120237588882446e-01
1.362131983041763306e-01
1.061331629753112793e-01
1.877494752407073975e-01
7.535575330257415771e-02
9.718930721282958984e-02
1.524072140455245972e-01
1.032494157552719116e-01
1.329916566610336304e-01
1.914036720991134644e-01
7.293599098920822144e-02
1.994138360023498535e-01
1.106149554252624512e-01
3.483694195747375488e-01
1.617321372032165527e-01
2.241266816854476929e-01
1.659199148416519165e-01
8.704770356416702271e-02
9.867122769355773926e-02
1.054565161466598511e-01
1.261581927537918091e-01
1.247312873601913452e-01
1.732732057571411133e-01
1.099889799952507019e-01
1.208402067422866821e-01
3.874711692333221436e-01
2.262449264526367188e-01
2.727516889572143555e-01
7.446034997701644897e-02
4.631724059581756592e-01
3.037347793579101562e-01
1.271211802959442139e-01
9.673436731100082397e-02
1.576776206493377686e-01
2.505111098289489746e-01
1.605661362409591675e-01
1.323824673891067505e-01
1.418569833040237427e-01
1.733571290969848633e-01
1.100193187594413757e-01
4.691970050334930420e-01
2.374262660741806030e-01
3.046969473361968994e-01
1.224820613861083984e-01
9.345682710409164429e-02
1.116839945316314697e-01
1.276631802320480347e-01
1.216453388333320618e-01
1.459629982709884644e-01
6.469500064849853516e-02
1.208345741033554077e-01
4.620274901390075684e-01
2.106989324092864990e-01
2.591360807418823242e-01
2.305374890565872192e-01
1.372070461511611938e-01
2.370681762695312500e-01
1.408234685659408569e-01
2.729266881942749023e-01
1.672536432743072510e-01
1.160854771733283997e-01
3.164257705211639404e-01
6.156659498810768127e-02
2.853097617626190186e-01
5.196981877088546753e-02
4.417718201875686646e-02
1.353076994419097900e-01
6.729497015476226807e-02
3.319452106952667236e-01
3.078381419181823730e-01
2.240677177906036377e-01
3.908608555793762207e-01
2.248781174421310425e-01
2.557590305805206299e-01
1.577365100383758545e-01
4.076432287693023682e-01
4.459680244326591492e-02
1.590858399868011475e-01
6.294132769107818604e-02
2.108576893806457520e-01
2.537860572338104248e-01
3.311985135078430176e-01
8.253698796033859253e-02
6.658317446708679199e-01
2.903064154088497162e-02
5.480715036392211914e-01
3.789441287517547607e-01
2.445727884769439697e-01
3.211561441421508789e-01
3.170477151870727539e-01
5.638638138771057129e-02
6.082224473357200623e-02
2.834869325160980225e-01
4.711674749851226807e-01
2.246227674186229706e-02
1.564204543828964233e-01
4.659976437687873840e-02
7.779861241579055786e-02
4.727091193199157715e-01
2.594237327575683594e-01
1.501461863517761230e-01
1.845281124114990234e-01
5.092189833521842957e-02
2.472000718116760254e-01
4.014499783515930176e-01
2.912701070308685303e-01
1.190978139638900757e-01
8.623731881380081177e-02
1.203237771987915039e-01
1.416752636432647705e-01
1.832669526338577271e-01
6.668356060981750488e-02
5.849766731262207031e-01
2.864206433296203613e-01
6.618521362543106079e-02
1.648737937211990356e-01
3.239652216434478760e-01
1.333622038364410400e-01
1.795141994953155518e-01
1.933877617120742798e-01
9.396158158779144287e-02
1.714006811380386353e-01
3.610423207283020020e-02
5.615468621253967285e-01
2.235905826091766357e-01
1.929262429475784302e-01
2.843284010887145996e-01
1.216692030429840088e-01
1.356467306613922119e-01
4.180685281753540039e-01
1.103749424219131470e-01
1.573648601770401001e-01
1.395876705646514893e-01
1.681460291147232056e-01
6.989731639623641968e-02
5.651712417602539062e-01
2.219957411289215088e-01
1.380212008953094482e-01
1.227136626839637756e-01
1.613181382417678833e-01
1.065543740987777710e-01
2.407038956880569458e-01
1.707689017057418823e-01
2.121965885162353516e-01
2.819874882698059082e-01
7.063690572977066040e-02
1.738319993019104004e-01
5.343359708786010742e-01
3.423683047294616699e-01
3.768914639949798584e-01
7.794924080371856689e-02
7.095290720462799072e-02
1.407635658979415894e-01
4.961318895220756531e-02
1.307349503040313721e-01
5.215872079133987427e-02
1.322096437215805054e-01
1.761354058980941772e-01
3.898437693715095520e-02
6.388702243566513062e-02
5.669922828674316406e-01
4.620689153671264648e-01
2.166319936513900757e-01
2.088149636983871460e-01
3.323265910148620605e-02
1.468089222908020020e-01
1.651512533426284790e-01
1.387745738029479980e-01
9.754727780818939209e-02
