7.097392082214355469e-01
7.203882932662963867e-01
7.290958762168884277e-01
7.209399938583374023e-01
7.050414085388183594e-01
7.261284589767456055e-01
7.349489927291870117e-01
7.229858636856079102e-01
7.326823472976684570e-01
7.394582629203796387e-01
7.195740938186645508e-01
6.691858172416687012e-01
6.928687095642089844e-01
7.257707715034484863e-01
7.557465434074401855e-01
7.341949939727783203e-01
7.129562497138977051e-01
7.220617532730102539e-01
7.112244367599487305e-01
7.217380404472351074e-01
7.326649427413940430e-01
7.503346204757690430e-01
7.325933575630187988e-01
7.294508814811706543e-01
7.407138347625732422e-01
6.785185337066650391e-01
7.140273451805114746e-01
7.456917166709899902e-01
7.113885283470153809e-01
7.254048585891723633e-01
7.505061626434326172e-01
7.165842652320861816e-01
7.208378911018371582e-01
6.457217931747436523e-01
7.472777366638183594e-01
7.450715899467468262e-01
7.106437683105468750e-01
6.724660396575927734e-01
7.218167781829833984e-01
7.172304987907409668e-01
7.207715511322021484e-01
7.389692068099975586e-01
7.316245436668395996e-01
7.280226945877075195e-01
7.342839241027832031e-01
7.204884290695190430e-01
7.177827954292297363e-01
7.207487225532531738e-01
4.704822897911071777e-01
6.719368100166320801e-01
7.362378835678100586e-01
7.100853323936462402e-01
7.332523465156555176e-01
3.684692680835723877e-01
7.336237430572509766e-01
7.362674474716186523e-01
7.059426307678222656e-01
7.283922433853149414e-01
7.194498777389526367e-01
7.564077377319335938e-01
7.751826643943786621e-01
7.276356220245361328e-01
7.316637039184570312e-01
7.174146175384521484e-01
7.293606400489807129e-01
4.666076004505157471e-01
7.142404317855834961e-01
6.967288851737976074e-01
7.376313209533691406e-01
7.217535376548767090e-01
7.391692996025085449e-01
7.139161229133605957e-01
7.295085787773132324e-01
7.193937897682189941e-01
7.308837771415710449e-01
4.500664174556732178e-01
5.558395385742187500e-01
5.771686434745788574e-01
4.696817398071289062e-01
5.645275115966796875e-01
5.622636079788208008e-01
5.202679634094238281e-01
5.799595117568969727e-01
4.879569113254547119e-01
5.588849186897277832e-01
5.496410727500915527e-01
4.615529179573059082e-01
5.711141228675842285e-01
4.744985103607177734e-01
4.491434991359710693e-01
4.488455951213836670e-01
4.340939223766326904e-01
5.585647225379943848e-01
4.806661009788513184e-01
5.603021979331970215e-01
5.878272056579589844e-01
4.658913314342498779e-01
5.611968636512756348e-01
5.492995381355285645e-01
5.456824302673339844e-01
5.981302261352539062e-01
5.734502077102661133e-01
5.448453426361083984e-01
5.777620673179626465e-01
5.545671582221984863e-01
4.848670959472656250e-01
4.372467100620269775e-01
4.768575429916381836e-01
5.697638392448425293e-01
5.717329978942871094e-01
5.210023522377014160e-01
4.941058456897735596e-01
5.646682977676391602e-01
5.293342471122741699e-01
5.379523038864135742e-01
5.601263046264648438e-01
5.170339345932006836e-01
4.382148385047912598e-01
4.429782330989837646e-01
5.201380848884582520e-01
5.750943422317504883e-01
4.443184137344360352e-01
5.673915743827819824e-01
5.604729652404785156e-01
4.445132017135620117e-01
5.783479809761047363e-01
4.094388782978057861e-01
4.718761146068572998e-01
5.743812918663024902e-01
5.615268945693969727e-01
5.868012309074401855e-01
5.480369329452514648e-01
4.465124011039733887e-01
5.672729611396789551e-01
4.875636100769042969e-01
4.470675289630889893e-01
5.955477952957153320e-01
6.045445203781127930e-01
4.472870230674743652e-01
5.797417759895324707e-01
5.630565285682678223e-01
4.537826180458068848e-01
5.465041399002075195e-01
5.880873203277587891e-01
4.560313522815704346e-01
4.508259296417236328e-01
5.679447054862976074e-01
4.664570987224578857e-01
5.449078679084777832e-01
5.844699740409851074e-01
4.743100702762603760e-01
4.838840365409851074e-01
5.043731927871704102e-01
4.946272373199462891e-01
4.661994874477386475e-01
4.894362390041351318e-01
5.150591731071472168e-01
4.793897867202758789e-01
4.987367093563079834e-01
4.909768700599670410e-01
4.700917005538940430e-01
5.771666765213012695e-01
4.633111655712127686e-01
4.904296696186065674e-01
5.118377208709716797e-01
4.869107902050018311e-01
4.791716933250427246e-01
4.859110414981842041e-01
4.998243451118469238e-01
4.918261766433715820e-01
4.705800414085388184e-01
4.419400095939636230e-01
5.016279220581054688e-01
4.875170290470123291e-01
4.682192206382751465e-01
4.777978956699371338e-01
4.604252874851226807e-01
4.036035835742950439e-01
4.953607916831970215e-01
4.782349467277526855e-01
4.815832376480102539e-01
4.865289628505706787e-01
4.991469085216522217e-01
4.838460981845855713e-01
4.844939112663269043e-01
4.211370944976806641e-01
5.181444287300109863e-01
5.030356049537658691e-01
4.745224714279174805e-01
4.828331470489501953e-01
4.852387607097625732e-01
4.744046032428741455e-01
4.690999090671539307e-01
4.564812481403350830e-01
4.687945544719696045e-01
4.621128141880035400e-01
4.636988937854766846e-01
4.545411169528961182e-01
4.489113986492156982e-01
4.348206520080566406e-01
4.263937473297119141e-01
4.703886806964874268e-01
4.937028586864471436e-01
4.502730071544647217e-01
4.436219036579132080e-01
4.580868482589721680e-01
4.789028465747833252e-01
4.634910523891448975e-01
4.612589180469512939e-01
4.648320972919464111e-01
4.588698148727416992e-01
4.838101565837860107e-01
4.749632477760314941e-01
4.645113050937652588e-01
5.080672502517700195e-01
4.842977821826934814e-01
4.460728168487548828e-01
4.841396212577819824e-01
4.657807052135467529e-01
4.755143821239471436e-01
4.690717458724975586e-01
5.111488699913024902e-01
4.596355557441711426e-01
4.987937808036804199e-01
4.483043253421783447e-01
4.895240664482116699e-01
4.912356436252593994e-01
4.698161780834197998e-01
4.146001338958740234e-01
5.017597079277038574e-01
4.553181827068328857e-01
4.768226742744445801e-01
4.621172845363616943e-01
5.081837773323059082e-01
4.329986870288848877e-01
5.032543540000915527e-01
5.088315010070800781e-01
4.760376513004302979e-01
3.373964130878448486e-01
4.890251457691192627e-01
4.852154254913330078e-01
4.697206616401672363e-01
5.081249475479125977e-01
4.107286334037780762e-01
5.101504325866699219e-01
4.669819474220275879e-01
7.611814141273498535e-01
7.481120228767395020e-01
7.606626152992248535e-01
5.074681043624877930e-01
4.927111268043518066e-01
7.520386576652526855e-01
6.983544826507568359e-01
7.426642179489135742e-01
4.673798978328704834e-01
7.540488243103027344e-01
7.604990005493164062e-01
6.599262952804565430e-01
7.555872201919555664e-01
7.371937632560729980e-01
7.586963176727294922e-01
7.426708340644836426e-01
5.059789419174194336e-01
4.812504351139068604e-01
4.979231059551239014e-01
7.466429471969604492e-01
7.542908191680908203e-01
7.753712534904479980e-01
4.756341278553009033e-01
7.424320578575134277e-01
7.463173866271972656e-01
7.849446535110473633e-01
5.142822861671447754e-01
7.074578404426574707e-01
7.763167619705200195e-01
7.460537552833557129e-01
7.395190596580505371e-01
7.399271130561828613e-01
7.596393823623657227e-01
7.496746778488159180e-01
7.533147931098937988e-01
7.596324086189270020e-01
5.137182474136352539e-01
5.323355197906494141e-01
5.018691420555114746e-01
7.635750770568847656e-01
7.588560581207275391e-01
7.840279340744018555e-01
7.595245242118835449e-01
7.529432177543640137e-01
7.541652917861938477e-01
7.668597102165222168e-01
5.533080101013183594e-01
4.895149469375610352e-01
7.403385639190673828e-01
7.429518103599548340e-01
7.559363842010498047e-01
7.466454505920410156e-01
7.512220144271850586e-01
7.356583476066589355e-01
7.519475221633911133e-01
7.529956698417663574e-01
7.559624314308166504e-01
4.936316311359405518e-01
4.806364178657531738e-01
7.711952328681945801e-01
6.733727455139160156e-01
5.199719071388244629e-01
7.620603442192077637e-01
7.551400661468505859e-01
4.894330203533172607e-01
7.371920347213745117e-01
4.860250651836395264e-01
7.716119885444641113e-01
7.537369132041931152e-01
7.490013837814331055e-01
4.666239023208618164e-01
7.705860733985900879e-01
7.539010643959045410e-01
5.265160799026489258e-01
5.179281234741210938e-01
7.821037173271179199e-01
5.384790897369384766e-01
7.862656116485595703e-01
4.761135280132293701e-01
5.700219869613647461e-01
7.667675614356994629e-01
5.551600456237792969e-01
6.326117515563964844e-01
7.580532431602478027e-01
5.589904785156250000e-01
6.112797856330871582e-01
4.979630708694458008e-01
5.432600378990173340e-01
5.301958918571472168e-01
7.800748348236083984e-01
7.803011536598205566e-01
5.200502872467041016e-01
6.297632455825805664e-01
6.020178198814392090e-01
7.696865797042846680e-01
5.715841650962829590e-01
5.185015201568603516e-01
7.692748904228210449e-01
5.126856565475463867e-01
5.637248754501342773e-01
5.870130062103271484e-01
7.630328536033630371e-01
7.821037173271179199e-01
5.917306542396545410e-01
7.487049102783203125e-01
5.614678263664245605e-01
7.988004088401794434e-01
5.789916515350341797e-01
5.346385836601257324e-01
4.778135418891906738e-01
5.558897852897644043e-01
5.534124970436096191e-01
7.788439393043518066e-01
5.215401649475097656e-01
4.777418375015258789e-01
5.098400712013244629e-01
5.304385423660278320e-01
5.252272486686706543e-01
5.438568592071533203e-01
5.689435005187988281e-01
5.353106260299682617e-01
5.107993483543395996e-01
5.293640494346618652e-01
5.708066225051879883e-01
5.369796156883239746e-01
5.399656891822814941e-01
5.536384582519531250e-01
5.663684010505676270e-01
5.215036869049072266e-01
5.350825786590576172e-01
5.710399746894836426e-01
5.450571179389953613e-01
5.248740315437316895e-01
5.423809289932250977e-01
6.067558526992797852e-01
5.260859131813049316e-01
4.995916783809661865e-01
5.136912465095520020e-01
5.310347676277160645e-01
4.943552911281585693e-01
5.274948477745056152e-01
5.156937241554260254e-01
5.900421738624572754e-01
5.724785923957824707e-01
5.125005245208740234e-01
4.838418364524841309e-01
4.921731948852539062e-01
5.012518763542175293e-01
5.304849743843078613e-01
5.259335637092590332e-01
5.368399024009704590e-01
5.029674768447875977e-01
4.940180778503417969e-01
6.033132076263427734e-01
5.131363272666931152e-01
5.113772153854370117e-01
4.876077175140380859e-01
5.881576538085937500e-01
5.408797860145568848e-01
5.629116296768188477e-01
5.174391865730285645e-01
5.200659632682800293e-01
4.986885190010070801e-01
5.162118077278137207e-01
5.482169389724731445e-01
5.346582531929016113e-01
4.989109635353088379e-01
5.302361249923706055e-01
5.195037126541137695e-01
5.223103761672973633e-01
5.249063968658447266e-01
4.961389303207397461e-01
5.371462106704711914e-01
5.301449894905090332e-01
5.013161897659301758e-01
6.036889553070068359e-01
5.073934197425842285e-01
5.213219523429870605e-01
5.369690656661987305e-01
4.031352400779724121e-01
7.198358774185180664e-01
7.333157658576965332e-01
7.189731597900390625e-01
3.994787633419036865e-01
7.301566004753112793e-01
7.023713588714599609e-01
7.163703441619873047e-01
7.219033241271972656e-01
7.380141615867614746e-01
7.409108281135559082e-01
7.303076386451721191e-01
7.158057093620300293e-01
7.322391867637634277e-01
7.011451721191406250e-01
7.209804058074951172e-01
7.063500881195068359e-01
7.190877795219421387e-01
7.167178988456726074e-01
7.455850243568420410e-01
7.266830205917358398e-01
7.167897820472717285e-01
7.153867483139038086e-01
7.202301621437072754e-01
7.304925918579101562e-01
7.377486824989318848e-01
6.942477226257324219e-01
7.237964272499084473e-01
3.843580782413482666e-01
7.169625163078308105e-01
7.258272767066955566e-01
7.204871177673339844e-01
7.250084877014160156e-01
7.295116186141967773e-01
7.210910320281982422e-01
7.165517210960388184e-01
7.273871302604675293e-01
7.054803967475891113e-01
7.245829701423645020e-01
7.372701168060302734e-01
7.124547958374023438e-01
6.379896402359008789e-01
7.155849337577819824e-01
7.071174383163452148e-01
7.241100668907165527e-01
4.899017810821533203e-01
7.362664341926574707e-01
7.228183150291442871e-01
7.212403416633605957e-01
7.237924337387084961e-01
7.624457478523254395e-01
7.309269905090332031e-01
7.246279716491699219e-01
7.190916538238525391e-01
5.417155027389526367e-01
7.276692986488342285e-01
7.247838973999023438e-01
7.304183840751647949e-01
7.277765870094299316e-01
7.249111533164978027e-01
7.412216067314147949e-01
7.352090477943420410e-01
7.244513034820556641e-01
7.138851881027221680e-01
7.311883568763732910e-01
7.167528867721557617e-01
7.210205197334289551e-01
7.194633483886718750e-01
7.305616140365600586e-01
3.807198405265808105e-01
7.235863208770751953e-01
3.997974693775177002e-01
7.132800817489624023e-01
7.305994629859924316e-01
7.009398937225341797e-01
3.738448023796081543e-01
2.676342427730560303e-01
3.944072723388671875e-01
3.918745517730712891e-01
3.638236224651336670e-01
6.948111653327941895e-01
6.551867723464965820e-01
4.111145138740539551e-01
3.756493628025054932e-01
6.027190685272216797e-01
7.048377394676208496e-01
6.860185265541076660e-01
6.241654753684997559e-01
4.342512190341949463e-01
3.971090316772460938e-01
3.951317369937896729e-01
7.174164056777954102e-01
6.642202734947204590e-01
6.728484630584716797e-01
3.198385238647460938e-01
3.999716937541961670e-01
4.021863639354705811e-01
4.636520445346832275e-01
3.501729667186737061e-01
2.512074410915374756e-01
7.013394832611083984e-01
2.919622957706451416e-01
6.058668494224548340e-01
3.755793273448944092e-01
4.298154413700103760e-01
3.115135133266448975e-01
3.722079098224639893e-01
3.586319684982299805e-01
3.696987926959991455e-01
3.948092162609100342e-01
3.695244789123535156e-01
6.580944061279296875e-01
7.031534910202026367e-01
3.619996607303619385e-01
6.932417750358581543e-01
2.853308022022247314e-01
7.167692184448242188e-01
6.200520396232604980e-01
6.379007697105407715e-01
4.447251260280609131e-01
7.112564444541931152e-01
6.228150129318237305e-01
3.407489359378814697e-01
4.101269543170928955e-01
6.609377861022949219e-01
3.858770132064819336e-01
2.921907901763916016e-01
4.533814191818237305e-01
3.620941936969757080e-01
3.137078583240509033e-01
4.284148514270782471e-01
3.563027381896972656e-01
4.533120691776275635e-01
4.077060818672180176e-01
3.033103942871093750e-01
6.914931535720825195e-01
3.252852559089660645e-01
4.299381673336029053e-01
3.805558681488037109e-01
6.805365085601806641e-01
4.203900098800659180e-01
3.891681432723999023e-01
7.141302227973937988e-01
3.839654624462127686e-01
3.752757310867309570e-01
6.322866678237915039e-01
3.548194169998168945e-01
3.727893531322479248e-01
6.593647003173828125e-01
6.327020525932312012e-01
4.879618585109710693e-01
3.880802690982818604e-01
3.767854571342468262e-01
4.966312348842620850e-01
4.188004732131958008e-01
3.594032227993011475e-01
4.188004732131958008e-01
3.870747089385986328e-01
5.295899510383605957e-01
3.799888193607330322e-01
3.577642142772674561e-01
4.943133890628814697e-01
3.895907104015350342e-01
4.822388291358947754e-01
4.514453709125518799e-01
4.352326989173889160e-01
4.656659662723541260e-01
3.870747089385986328e-01
4.779161512851715088e-01
5.264208912849426270e-01
3.693368732929229736e-01
4.740161001682281494e-01
4.711274504661560059e-01
3.870747089385986328e-01
3.693368732929229736e-01
3.644271790981292725e-01
3.609001934528350830e-01
3.911223411560058594e-01
3.816507756710052490e-01
3.763488233089447021e-01
5.608488321304321289e-01
3.894106149673461914e-01
4.986321330070495605e-01
3.767854571342468262e-01
4.782949090003967285e-01
4.725980460643768311e-01
4.362203478813171387e-01
4.362203478813171387e-01
3.395628333091735840e-01
3.833096325397491455e-01
3.880802690982818604e-01
3.395628333091735840e-01
4.352326989173889160e-01
4.538727998733520508e-01
3.693368732929229736e-01
3.577642142772674561e-01
4.743351638317108154e-01
3.776315152645111084e-01
4.944950938224792480e-01
4.528654515743255615e-01
3.644271790981292725e-01
5.107176899909973145e-01
4.843244552612304688e-01
4.188004732131958008e-01
4.782949090003967285e-01
4.782949090003967285e-01
3.913944363594055176e-01
4.649721980094909668e-01
3.577642142772674561e-01
4.289687871932983398e-01
4.666912853717803955e-01
3.845640420913696289e-01
3.801988363265991211e-01
4.637548923492431641e-01
4.166814982891082764e-01
3.609001934528350830e-01
4.380519092082977295e-01
4.045664966106414795e-01
3.594032227993011475e-01
4.194371104240417480e-01
4.776102006435394287e-01
3.794870972633361816e-01
4.165109992027282715e-01
4.637118279933929443e-01
3.914906382560729980e-01
4.831403791904449463e-01
4.655509889125823975e-01
4.953315258026123047e-01
4.496392309665679932e-01
4.293431043624877930e-01
4.699445664882659912e-01
4.771200418472290039e-01
4.767965674400329590e-01
4.724844396114349365e-01
4.770478606224060059e-01
4.611822068691253662e-01
4.657126367092132568e-01
4.609453380107879639e-01
4.626545608043670654e-01
4.619911611080169678e-01
4.781793057918548584e-01
5.623240470886230469e-01
4.674892127513885498e-01
4.744018018245697021e-01
4.832518696784973145e-01
4.688676595687866211e-01
3.635902702808380127e-01
4.729923903942108154e-01
4.180943071842193604e-01
4.786674678325653076e-01
4.145459234714508057e-01
4.752953946590423584e-01
5.023823380470275879e-01
4.612814486026763916e-01
4.721949696540832520e-01
4.807044565677642822e-01
4.841461181640625000e-01
4.665618240833282471e-01
4.631974697113037109e-01
4.767826795578002930e-01
4.775367975234985352e-01
4.488854110240936279e-01
4.622891843318939209e-01
4.658746123313903809e-01
5.073895454406738281e-01
4.386254251003265381e-01
4.789186716079711914e-01
4.361837506294250488e-01
4.615392684936523438e-01
3.300065994262695312e-01
4.526018500328063965e-01
4.566805660724639893e-01
4.549299478530883789e-01
3.859658539295196533e-01
4.233043491840362549e-01
4.855034351348876953e-01
4.810178577899932861e-01
4.081556797027587891e-01
4.039890766143798828e-01
4.404775202274322510e-01
4.784095883369445801e-01
4.610106945037841797e-01
4.472176432609558105e-01
4.919754862785339355e-01
4.691404402256011963e-01
3.997560739517211914e-01
3.994092941284179688e-01
4.697043001651763916e-01
4.561189115047454834e-01
4.103566706180572510e-01
4.419480860233306885e-01
4.253185987472534180e-01
4.507168233394622803e-01
4.918800592422485352e-01
4.684124886989593506e-01
4.397954940795898438e-01
5.038381814956665039e-01
4.347502291202545166e-01
4.416590034961700439e-01
4.684418737888336182e-01
4.759913086891174316e-01
4.646098613739013672e-01
4.897292256355285645e-01
4.653730988502502441e-01
5.060830116271972656e-01
4.925608038902282715e-01
4.949718117713928223e-01
4.270755350589752197e-01
4.606944918632507324e-01
4.659126400947570801e-01
4.324011802673339844e-01
4.417968094348907471e-01
4.949217438697814941e-01
4.671605229377746582e-01
4.187235832214355469e-01
4.897879064083099365e-01
4.084030985832214355e-01
4.859512448310852051e-01
4.592096209526062012e-01
5.095498561859130859e-01
4.500350356101989746e-01
4.843229949474334717e-01
5.065364837646484375e-01
4.776453375816345215e-01
4.591979980468750000e-01
4.706602692604064941e-01
4.237147867679595947e-01
4.617617726325988770e-01
4.622953534126281738e-01
4.418639242649078369e-01
3.920208811759948730e-01
4.615071117877960205e-01
4.862445890903472900e-01
4.743106067180633545e-01
4.569279253482818604e-01
5.154701471328735352e-01
4.725656211376190186e-01
4.769773483276367188e-01
4.454978108406066895e-01
4.576535224914550781e-01
4.674284756183624268e-01
4.683679044246673584e-01
4.552969634532928467e-01
4.667195975780487061e-01
4.736480414867401123e-01
4.790826439857482910e-01
3.675721585750579834e-01
4.660226404666900635e-01
4.632956981658935547e-01
4.356207549571990967e-01
4.327877461910247803e-01
5.086606740951538086e-01
4.640633761882781982e-01
4.563862681388854980e-01
4.660008549690246582e-01
5.170665383338928223e-01
4.432420134544372559e-01
4.615707099437713623e-01
4.637781679630279541e-01
4.651781618595123291e-01
4.964992403984069824e-01
6.793642640113830566e-01
4.675059020519256592e-01
4.578117728233337402e-01
4.927616119384765625e-01
5.161238908767700195e-01
4.712781012058258057e-01
4.348078966140747070e-01
4.574342072010040283e-01
4.573739469051361084e-01
4.535607993602752686e-01
4.438779950141906738e-01
4.440197646617889404e-01
4.646589159965515137e-01
4.594430625438690186e-01
4.687175452709197998e-01
4.564910233020782471e-01
4.738702178001403809e-01
4.625169038772583008e-01
4.511417746543884277e-01
4.778721630573272705e-01
4.656214416027069092e-01
6.861844062805175781e-01
4.825896620750427246e-01
4.682881236076354980e-01
4.490308761596679688e-01
4.681519567966461182e-01
4.652944803237915039e-01
7.455540895462036133e-01
4.545236825942993164e-01
4.707495272159576416e-01
4.603694379329681396e-01
4.607760608196258545e-01
4.818923175334930420e-01
5.056612491607666016e-01
4.994963705539703369e-01
4.956992864608764648e-01
4.134766161441802979e-01
5.188027024269104004e-01
4.804137349128723145e-01
5.027447938919067383e-01
4.995793104171752930e-01
4.691025912761688232e-01
5.166478157043457031e-01
5.031009316444396973e-01
5.229051709175109863e-01
5.046238303184509277e-01
5.360440611839294434e-01
5.009328722953796387e-01
5.512727499008178711e-01
4.836131036281585693e-01
4.864076077938079834e-01
4.760531187057495117e-01
4.504082500934600830e-01
4.012431204319000244e-01
5.067253112792968750e-01
5.220367908477783203e-01
5.523793697357177734e-01
5.065522193908691406e-01
6.989634633064270020e-01
5.354690551757812500e-01
4.682509005069732666e-01
5.002620816230773926e-01
5.141742825508117676e-01
4.510648548603057861e-01
4.040333330631256104e-01
5.488710999488830566e-01
5.332263112068176270e-01
5.097103714942932129e-01
4.057397246360778809e-01
5.021067261695861816e-01
5.183833241462707520e-01
5.401422977447509766e-01
5.023462772369384766e-01
4.908181428909301758e-01
4.829193055629730225e-01
5.354459285736083984e-01
5.229547023773193359e-01
5.220729708671569824e-01
5.494196414947509766e-01
4.870197772979736328e-01
5.240300297737121582e-01
4.948775470256805420e-01
5.135400295257568359e-01
4.912419617176055908e-01
4.868351519107818604e-01
4.952488839626312256e-01
4.792334735393524170e-01
5.084133744239807129e-01
5.252944827079772949e-01
4.958497881889343262e-01
4.803746640682220459e-01
4.993343949317932129e-01
5.036568045616149902e-01
5.006604194641113281e-01
4.935657978057861328e-01
5.081763863563537598e-01
5.135536193847656250e-01
5.013169050216674805e-01
5.376158356666564941e-01
5.044143795967102051e-01
5.212661623954772949e-01
4.774557948112487793e-01
5.129759907722473145e-01
4.661595821380615234e-01
4.884882867336273193e-01
5.039954185485839844e-01
5.070439577102661133e-01
4.899807572364807129e-01
4.979895949363708496e-01
4.790709912776947021e-01
5.073154568672180176e-01
5.480216741561889648e-01
5.214245915412902832e-01
5.117194056510925293e-01
5.079747438430786133e-01
5.027054548263549805e-01
5.124108195304870605e-01
5.393961071968078613e-01
5.102367401123046875e-01
5.206084251403808594e-01
4.976507425308227539e-01
5.262328982353210449e-01
4.943301081657409668e-01
4.880446493625640869e-01
5.020081996917724609e-01
4.996547698974609375e-01
4.844228923320770264e-01
5.315509438514709473e-01
5.560194849967956543e-01
5.377173423767089844e-01
5.394721031188964844e-01
5.719549059867858887e-01
5.067256689071655273e-01
5.057780742645263672e-01
5.020028948783874512e-01
5.647467374801635742e-01
5.147907733917236328e-01
4.937020540237426758e-01
5.017418861389160156e-01
3.990304470062255859e-01
3.814105689525604248e-01
4.019543826580047607e-01
3.007119297981262207e-01
4.730575382709503174e-01
3.125678002834320068e-01
3.683950304985046387e-01
3.906124234199523926e-01
3.838975429534912109e-01
6.917278170585632324e-01
3.394378721714019775e-01
7.028651237487792969e-01
6.092751622200012207e-01
4.000885188579559326e-01
3.496557176113128662e-01
3.804655075073242188e-01
6.701452136039733887e-01
6.243865489959716797e-01
3.197015225887298584e-01
3.993048071861267090e-01
4.035594463348388672e-01
3.224845230579376221e-01
6.917163729667663574e-01
4.114088416099548340e-01
3.733953237533569336e-01
4.145588874816894531e-01
3.848944306373596191e-01
5.974506139755249023e-01
3.418731391429901123e-01
6.404977440834045410e-01
2.505832016468048096e-01
3.921222388744354248e-01
4.185395836830139160e-01
3.230741620063781738e-01
3.979388773441314697e-01
3.644393086433410645e-01
3.775835633277893066e-01
6.271824836730957031e-01
3.122176229953765869e-01
4.160307645797729492e-01
3.695007860660552979e-01
3.256193995475769043e-01
6.508944034576416016e-01
3.200713098049163818e-01
4.054054021835327148e-01
4.164006710052490234e-01
4.038793444633483887e-01
3.837681114673614502e-01
3.695362210273742676e-01
5.715870261192321777e-01
4.081837832927703857e-01
4.104766845703125000e-01
4.644865691661834717e-01
3.113115429878234863e-01
4.785033762454986572e-01
3.733713924884796143e-01
3.211884498596191406e-01
6.372830867767333984e-01
4.079807400703430176e-01
3.943876028060913086e-01
3.820997774600982666e-01
3.297300338745117188e-01
6.467624306678771973e-01
2.841126620769500732e-01
3.081562817096710205e-01
3.418639302253723145e-01
3.908733427524566650e-01
6.233982443809509277e-01
6.948025822639465332e-01
2.996037006378173828e-01
6.407132744789123535e-01
2.486447095870971680e-01
3.855450749397277832e-01
3.588017821311950684e-01
6.664360761642456055e-01
