8.500472307205200195e-01
6.199580430984497070e-01
9.124052524566650391e-01
9.447980523109436035e-01
9.160376191139221191e-01
9.393373727798461914e-01
9.726449251174926758e-01
9.597465395927429199e-01
9.584345221519470215e-01
9.737598299980163574e-01
9.281902909278869629e-01
7.329316735267639160e-01
8.688002824783325195e-01
9.574643969535827637e-01
9.657287001609802246e-01
9.442645311355590820e-01
9.514839649200439453e-01
8.871973752975463867e-01
8.769717216491699219e-01
9.724214076995849609e-01
9.701876044273376465e-01
9.357616305351257324e-01
9.442748427391052246e-01
9.024794697761535645e-01
9.348729848861694336e-01
8.718599081039428711e-01
8.815194368362426758e-01
9.559859037399291992e-01
9.256658554077148438e-01
8.931260704994201660e-01
9.039463996887207031e-01
8.766078948974609375e-01
9.218916893005371094e-01
9.217352867126464844e-01
9.673873186111450195e-01
8.935524821281433105e-01
8.571934103965759277e-01
8.955463767051696777e-01
9.607363343238830566e-01
9.014241695404052734e-01
9.517957568168640137e-01
9.255499243736267090e-01
9.393661022186279297e-01
8.140942454338073730e-01
9.794799089431762695e-01
9.467692971229553223e-01
9.036234021186828613e-01
9.208909869194030762e-01
8.709396123886108398e-01
9.164025783538818359e-01
9.517164826393127441e-01
8.831927776336669922e-01
9.269291758537292480e-01
9.271502494812011719e-01
9.602321386337280273e-01
9.008779525756835938e-01
9.176673293113708496e-01
9.591870903968811035e-01
9.429328441619873047e-01
7.071498632431030273e-01
9.214629530906677246e-01
9.207671880722045898e-01
9.517666697502136230e-01
9.513353705406188965e-01
9.393305778503417969e-01
9.236056804656982422e-01
8.844167590141296387e-01
9.116698503494262695e-01
9.013360738754272461e-01
8.987529873847961426e-01
9.773018360137939453e-01
8.896616101264953613e-01
9.654517769813537598e-01
9.267031550407409668e-01
9.267714619636535645e-01
9.869835376739501953e-01
9.901393651962280273e-01
9.913715124130249023e-01
9.861564636230468750e-01
9.835970997810363770e-01
9.903454184532165527e-01
9.869210720062255859e-01
9.934660792350769043e-01
9.961607456207275391e-01
9.916241765022277832e-01
9.866676330566406250e-01
9.863092899322509766e-01
9.873901605606079102e-01
9.872274398803710938e-01
9.915416836738586426e-01
9.820373058319091797e-01
9.889001846313476562e-01
9.913745522499084473e-01
9.898346066474914551e-01
9.764848351478576660e-01
9.848854541778564453e-01
9.843940138816833496e-01
9.893293976783752441e-01
9.953725934028625488e-01
9.896971583366394043e-01
9.941446185111999512e-01
9.923521876335144043e-01
9.903934597969055176e-01
9.868867993354797363e-01
9.868800640106201172e-01
9.967688322067260742e-01
9.825929403305053711e-01
9.481408596038818359e-01
9.914724230766296387e-01
9.900349974632263184e-01
9.819023609161376953e-01
9.691767692565917969e-01
9.871854186058044434e-01
9.910675883293151855e-01
9.915557503700256348e-01
9.858132004737854004e-01
9.822351932525634766e-01
9.756222367286682129e-01
9.882532954216003418e-01
9.837268590927124023e-01
9.937635064125061035e-01
9.858010411262512207e-01
9.855027198791503906e-01
9.831448793411254883e-01
9.902783036231994629e-01
9.923803806304931641e-01
9.858087897300720215e-01
9.923527836799621582e-01
9.912074208259582520e-01
9.893274307250976562e-01
9.965339899063110352e-01
9.908985495567321777e-01
9.692998528480529785e-01
9.941351413726806641e-01
9.907701611518859863e-01
9.913547635078430176e-01
9.678560495376586914e-01
9.919763207435607910e-01
9.892593622207641602e-01
9.879876375198364258e-01
9.637040495872497559e-01
9.870480895042419434e-01
9.875420928001403809e-01
9.903180599212646484e-01
9.909504055976867676e-01
9.824710488319396973e-01
9.952791929244995117e-01
9.725396633148193359e-01
9.926536083221435547e-01
9.955608844757080078e-01
9.979758858680725098e-01
9.968292117118835449e-01
9.988505840301513672e-01
9.961320161819458008e-01
9.985308647155761719e-01
9.948220252990722656e-01
9.962552785873413086e-01
9.988087415695190430e-01
9.989745616912841797e-01
9.984793066978454590e-01
9.987207055091857910e-01
9.982514977455139160e-01
9.926088452339172363e-01
9.990435242652893066e-01
9.972973465919494629e-01
9.989293217658996582e-01
9.995205402374267578e-01
9.994621872901916504e-01
9.991760849952697754e-01
9.993779659271240234e-01
9.911414384841918945e-01
9.805247783660888672e-01
9.927338361740112305e-01
9.954984188079833984e-01
9.937638640403747559e-01
9.922989010810852051e-01
9.924340248107910156e-01
9.808306694030761719e-01
9.968512654304504395e-01
9.963315129280090332e-01
9.975211024284362793e-01
9.976574182510375977e-01
9.938394427299499512e-01
9.976111650466918945e-01
9.970544576644897461e-01
9.918280839920043945e-01
9.970695376396179199e-01
9.983048439025878906e-01
9.905162453651428223e-01
9.842378497123718262e-01
9.944447875022888184e-01
9.948577880859375000e-01
9.960736036300659180e-01
9.876532554626464844e-01
9.954366087913513184e-01
9.929558038711547852e-01
9.891093969345092773e-01
9.886962175369262695e-01
9.869723916053771973e-01
9.850319623947143555e-01
9.889977574348449707e-01
9.938905239105224609e-01
9.973221421241760254e-01
9.921356439590454102e-01
9.940258264541625977e-01
9.917715191841125488e-01
9.969586133956909180e-01
9.969078898429870605e-01
9.923708438873291016e-01
9.940947890281677246e-01
9.923213124275207520e-01
9.914006590843200684e-01
9.969013929367065430e-01
9.926500916481018066e-01
9.955653548240661621e-01
9.948891401290893555e-01
9.944522976875305176e-01
9.952675104141235352e-01
9.878575801849365234e-01
9.957687854766845703e-01
9.831427931785583496e-01
9.943315982818603516e-01
9.951609969139099121e-01
9.980613589286804199e-01
9.902212619781494141e-01
9.893107414245605469e-01
9.966963529586791992e-01
9.949472546577453613e-01
9.866712689399719238e-01
9.958670139312744141e-01
9.964840412139892578e-01
9.951583743095397949e-01
9.951136708259582520e-01
9.964247345924377441e-01
9.898529648780822754e-01
9.983395338058471680e-01
9.961777925491333008e-01
9.936716556549072266e-01
9.512607455253601074e-01
9.905755519866943359e-01
9.975109100341796875e-01
9.814965724945068359e-01
9.968679547309875488e-01
9.906675219535827637e-01
9.969089627265930176e-01
9.981538653373718262e-01
9.987385869026184082e-01
9.986956715583801270e-01
9.989889264106750488e-01
9.984264373779296875e-01
9.988565444946289062e-01
9.984858632087707520e-01
9.986972212791442871e-01
9.954525828361511230e-01
9.970785379409790039e-01
9.983088970184326172e-01
9.978094696998596191e-01
9.678900241851806641e-01
9.990063309669494629e-01
9.990228414535522461e-01
9.990106821060180664e-01
9.970957040786743164e-01
9.989105463027954102e-01
9.976325035095214844e-01
9.978435039520263672e-01
9.977996945381164551e-01
9.987795948982238770e-01
9.977914094924926758e-01
9.973918199539184570e-01
9.985545277595520020e-01
9.988046884536743164e-01
9.983242154121398926e-01
9.989879727363586426e-01
9.968305230140686035e-01
9.982249140739440918e-01
9.978924393653869629e-01
9.982498288154602051e-01
9.988337159156799316e-01
9.988108873367309570e-01
9.966160655021667480e-01
9.987868666648864746e-01
9.980471134185791016e-01
9.965147972106933594e-01
9.684716463088989258e-01
9.955077171325683594e-01
9.972983002662658691e-01
9.985461235046386719e-01
9.976199269294738770e-01
9.979348182678222656e-01
9.984006285667419434e-01
9.980303645133972168e-01
9.988948702812194824e-01
9.961501359939575195e-01
9.970753192901611328e-01
9.991769194602966309e-01
9.989712238311767578e-01
9.986010193824768066e-01
9.985333681106567383e-01
9.978559613227844238e-01
9.984519481658935547e-01
9.983568787574768066e-01
9.991173148155212402e-01
9.987750649452209473e-01
9.960416555404663086e-01
9.965298771858215332e-01
9.982448816299438477e-01
9.982616305351257324e-01
9.953690171241760254e-01
9.989595413208007812e-01
9.988804459571838379e-01
9.955869913101196289e-01
9.990181922912597656e-01
9.968189001083374023e-01
9.986094236373901367e-01
9.984324574470520020e-01
9.987328648567199707e-01
9.971458315849304199e-01
9.992025494575500488e-01
9.991052746772766113e-01
9.865017533302307129e-01
9.880293011665344238e-01
9.979274272918701172e-01
9.935629367828369141e-01
9.993714690208435059e-01
9.964494705200195312e-01
9.970268607139587402e-01
9.958843588829040527e-01
9.757330417633056641e-01
9.961661100387573242e-01
9.987248778343200684e-01
9.723973870277404785e-01
9.950858950614929199e-01
9.861549735069274902e-01
9.972465038299560547e-01
9.984025359153747559e-01
9.979792237281799316e-01
9.905093908309936523e-01
9.919873476028442383e-01
9.931576848030090332e-01
9.942923784255981445e-01
9.908723235130310059e-01
9.945677518844604492e-01
9.974496960639953613e-01
9.935198426246643066e-01
9.959123730659484863e-01
9.970926046371459961e-01
9.936605095863342285e-01
9.949156045913696289e-01
9.979274272918701172e-01
9.986145496368408203e-01
9.911571741104125977e-01
9.861874580383300781e-01
9.972546696662902832e-01
9.938311576843261719e-01
9.913427829742431641e-01
9.914487004280090332e-01
9.975850582122802734e-01
9.955202341079711914e-01
9.968754053115844727e-01
9.963104128837585449e-01
9.969304203987121582e-01
9.982599616050720215e-01
9.868966937065124512e-01
9.943075776100158691e-01
9.909719228744506836e-01
9.974130988121032715e-01
9.904310107231140137e-01
9.954041242599487305e-01
9.913602471351623535e-01
9.725626707077026367e-01
9.929084777832031250e-01
9.969974756240844727e-01
9.990579485893249512e-01
9.965695142745971680e-01
9.973387122154235840e-01
9.851373434066772461e-01
9.914759397506713867e-01
9.969509840011596680e-01
9.848166108131408691e-01
9.655432701110839844e-01
9.972642660140991211e-01
9.801162481307983398e-01
9.986287355422973633e-01
9.723287820816040039e-01
9.920835494995117188e-01
9.792789220809936523e-01
9.915469288825988770e-01
9.971990585327148438e-01
9.870547056198120117e-01
9.975314140319824219e-01
9.982134103775024414e-01
9.946346282958984375e-01
9.959813356399536133e-01
9.828316569328308105e-01
9.969689249992370605e-01
9.942151904106140137e-01
9.982306361198425293e-01
9.948118925094604492e-01
9.902472496032714844e-01
9.859886169433593750e-01
9.862664937973022461e-01
9.948427081108093262e-01
9.764325022697448730e-01
9.969883561134338379e-01
9.982434511184692383e-01
9.947550296783447266e-01
9.967715144157409668e-01
9.943114519119262695e-01
9.904423356056213379e-01
9.950442314147949219e-01
9.946972131729125977e-01
9.956935644149780273e-01
9.787702560424804688e-01
9.635049104690551758e-01
9.897493720054626465e-01
9.834194183349609375e-01
9.946545362472534180e-01
9.946227073669433594e-01
9.969851374626159668e-01
9.979510903358459473e-01
9.944291114807128906e-01
9.974833130836486816e-01
9.970374107360839844e-01
9.950546026229858398e-01
9.965488314628601074e-01
9.561389088630676270e-01
9.656856656074523926e-01
9.857538938522338867e-01
9.031217098236083984e-01
9.388398528099060059e-01
9.235531091690063477e-01
8.782414793968200684e-01
9.628867506980895996e-01
9.841578006744384766e-01
9.040193557739257812e-01
9.624359607696533203e-01
9.570216536521911621e-01
9.853485226631164551e-01
9.869844913482666016e-01
9.570297598838806152e-01
9.580723047256469727e-01
9.593871831893920898e-01
9.341467618942260742e-01
9.666717052459716797e-01
9.920864701271057129e-01
9.879528880119323730e-01
9.402224421501159668e-01
9.098863601684570312e-01
9.230142235755920410e-01
9.749867916107177734e-01
9.504891037940979004e-01
9.561892151832580566e-01
9.911180138587951660e-01
8.525285124778747559e-01
9.803079366683959961e-01
8.285738825798034668e-01
9.628400206565856934e-01
9.920181632041931152e-01
9.825587272644042969e-01
9.687454700469970703e-01
9.804527759552001953e-01
9.544758796691894531e-01
9.806312322616577148e-01
8.584011793136596680e-01
9.620177149772644043e-01
9.489434361457824707e-01
5.873920321464538574e-01
8.651486635208129883e-01
9.684172868728637695e-01
9.888902902603149414e-01
9.817206859588623047e-01
9.829024076461791992e-01
9.891895055770874023e-01
9.511996507644653320e-01
9.683802127838134766e-01
9.688006043434143066e-01
8.115860819816589355e-01
9.684889912605285645e-01
9.783443212509155273e-01
9.898764491081237793e-01
9.281120300292968750e-01
9.794025421142578125e-01
9.576371908187866211e-01
9.805417060852050781e-01
9.755113124847412109e-01
9.379913806915283203e-01
8.813239336013793945e-01
9.824183583259582520e-01
9.852218031883239746e-01
8.951863050460815430e-01
9.682781696319580078e-01
9.698698520660400391e-01
8.535249829292297363e-01
9.357956647872924805e-01
9.386950731277465820e-01
9.324944019317626953e-01
5.924969315528869629e-01
9.618231654167175293e-01
9.700891375541687012e-01
9.639620780944824219e-01
7.610581517219543457e-01
1.420263666659593582e-03
6.774886697530746460e-02
1.721705310046672821e-02
9.949553012847900391e-02
1.013684435747563839e-03
1.902875304222106934e-01
8.152777329087257385e-03
5.891486406326293945e-01
1.487816590815782547e-02
6.639049388468265533e-03
4.187730606645345688e-03
2.125332131981849670e-02
1.808726345188915730e-03
2.484588138759136200e-02
4.433485810295678675e-05
1.655615866184234619e-02
1.947752200067043304e-02
7.669755723327398300e-05
9.217502921819686890e-02
3.584223985671997070e-02
1.034376255120150745e-04
2.687937393784523010e-02
8.161763101816177368e-02
8.469142485409975052e-04
1.053975243121385574e-02
2.390731498599052429e-02
6.746150255203247070e-01
1.175146899186074734e-03
7.737229466438293457e-01
4.144769012928009033e-01
3.805399313569068909e-02
1.375669520348310471e-02
5.131891812197864056e-04
2.334609813988208771e-02
7.241286039352416992e-01
1.166532374918460846e-02
1.293006725609302521e-02
2.601260133087635040e-02
1.495095640420913696e-01
7.094773463904857635e-04
4.911613464355468750e-02
2.559174038469791412e-02
1.634339429438114166e-02
8.072241544723510742e-01
7.755379378795623779e-02
5.630075465887784958e-03
5.693051964044570923e-02
6.909247636795043945e-01
9.803211688995361328e-02
2.463947609066963196e-02
2.964450977742671967e-04
5.704603157937526703e-03
4.059317708015441895e-02
1.776021206751465797e-03
5.353120565414428711e-01
5.903195589780807495e-03
1.816688105463981628e-03
7.239754796028137207e-01
2.222209051251411438e-02
2.637151628732681274e-03
4.129120707511901855e-02
1.646689325571060181e-02
3.886765334755182266e-03
5.754749290645122528e-03
6.385528016835451126e-03
1.574443839490413666e-02
7.502623368054628372e-03
2.915947511792182922e-02
1.895233057439327240e-02
1.438687182962894440e-02
6.108726840466260910e-03
1.611257670447230339e-03
8.470516651868820190e-03
1.476086326874792576e-03
3.265969688072800636e-03
3.399136662483215332e-02
9.428101591765880585e-03
8.879916742444038391e-03
2.173648215830326080e-02
8.278156630694866180e-03
7.344439625740051270e-03
1.047173421829938889e-02
9.951446205377578735e-03
8.298799395561218262e-02
1.670982688665390015e-02
4.114829003810882568e-03
2.067670924589037895e-03
5.965828429907560349e-03
1.925768330693244934e-02
8.125681430101394653e-03
2.352043986320495605e-02
2.501581329852342606e-03
3.195599885657429695e-03
9.201906621456146240e-03
5.825400352478027344e-03
1.194860599935054779e-02
3.976448625326156616e-02
2.504560910165309906e-02
3.421223908662796021e-02
1.349764131009578705e-02
1.268330402672290802e-02
1.752242445945739746e-02
1.633682474493980408e-02
9.891738183796405792e-03
3.243351355195045471e-03
4.573469050228595734e-03
4.595809150487184525e-03
2.753815613687038422e-02
2.572424523532390594e-02
7.099389098584651947e-03
6.007925141602754593e-03
5.228189285844564438e-03
2.871506847441196442e-02
6.012913770973682404e-03
3.798254951834678650e-02
3.434823127463459969e-03
2.643020451068878174e-02
2.905730344355106354e-02
1.527077704668045044e-02
5.531796440482139587e-02
2.208790481090545654e-01
1.538813710212707520e-01
4.035469591617584229e-01
7.329991459846496582e-02
3.572199493646621704e-02
1.626018667593598366e-03
7.241764105856418610e-04
1.319673359394073486e-01
7.231605122797191143e-04
7.719863671809434891e-03
6.201004725880920887e-04
5.297202733345329762e-04
3.821643888950347900e-01
3.287176415324211121e-02
1.080002710223197937e-01
3.659699559211730957e-01
3.827880024909973145e-01
2.552275173366069794e-02
5.275646690279245377e-04
2.605804183986037970e-04
7.633381756022572517e-04
3.491306910291314125e-03
1.628504716791212559e-03
2.511428892612457275e-01
6.060893647372722626e-03
1.183191896416246891e-03
8.776918053627014160e-03
1.008663559332489967e-03
8.899797685444355011e-03
1.627437421120703220e-03
2.829612465575337410e-03
3.874056041240692139e-01
1.388690550811588764e-03
1.610133447684347630e-03
7.320726290345191956e-03
2.614986300468444824e-01
7.738832500763237476e-04
1.685790903866291046e-02
7.743026944808661938e-04
1.511360169388353825e-03
2.523655770346522331e-03
2.485723234713077545e-04
1.549090724438428879e-03
1.769352820701897144e-03
9.268635883927345276e-03
6.245170254260301590e-03
4.317897371947765350e-03
3.600625088438391685e-03
3.050905361305922270e-04
4.762071371078491211e-01
1.105906814336776733e-02
6.894959509372711182e-02
2.037021219730377197e-01
2.718184292316436768e-01
6.306486902758479118e-04
3.011276572942733765e-02
1.191880321130156517e-03
9.533502161502838135e-03
4.699783865362405777e-03
6.545702368021011353e-02
3.311152569949626923e-03
9.649383137002587318e-04
6.001177709549665451e-03
7.588479202240705490e-04
1.210420019924640656e-02
4.699543416500091553e-01
1.559285912662744522e-02
1.264191269874572754e-01
1.667578238993883133e-03
2.586490241810679436e-03
6.340460386127233505e-04
1.658708602190017700e-02
1.116142049431800842e-02
1.265880372375249863e-02
1.311070052906870842e-03
3.262861371040344238e-01
5.112065002322196960e-03
1.849678345024585724e-02
2.927337586879730225e-01
6.535379361594095826e-05
7.465623202733695507e-04
4.332390613853931427e-03
7.338757626712322235e-03
1.255923882126808167e-03
1.584451273083686829e-02
2.491079038009047508e-03
5.783588811755180359e-02
4.260453395545482635e-03
4.270372912287712097e-03
2.508600475266575813e-03
1.398520357906818390e-02
1.116675790399312973e-02
1.552101341076195240e-03
1.052235253155231476e-02
2.214557491242885590e-02
1.739443093538284302e-02
5.883418954908847809e-03
1.138363685458898544e-02
2.052650321274995804e-03
3.246778389438986778e-03
1.025687623769044876e-02
8.552259765565395355e-03
3.020480042323470116e-03
2.628866815939545631e-03
1.920419745147228241e-03
8.815595065243542194e-04
1.078564580529928207e-02
1.337412372231483459e-02
7.848285138607025146e-03
1.850674394518136978e-03
1.257676258683204651e-02
3.703434951603412628e-03
4.279972054064273834e-03
4.839498549699783325e-02
2.986826468259096146e-03
3.755816956982016563e-03
1.037847530096769333e-02
5.760688800364732742e-03
1.310239429585635662e-03
4.845101851969957352e-03
2.756341174244880676e-02
1.606323756277561188e-03
2.845593960955739021e-03
8.480249671265482903e-04
1.253523048944771290e-03
2.629349473863840103e-03
1.405686722137033939e-03
2.760084811598062515e-03
3.290911205112934113e-03
9.295923635363578796e-03
3.686699643731117249e-02
1.067371340468525887e-03
1.370130339637398720e-03
1.144439098425209522e-03
2.417825721204280853e-02
4.907808732241392136e-03
3.008756786584854126e-03
2.220393531024456024e-02
3.141761990264058113e-03
1.796282478608191013e-03
2.675475552678108215e-03
6.334376055747270584e-03
2.591805066913366318e-03
7.630173116922378540e-03
1.650077663362026215e-02
1.789216999895870686e-03
6.443473510444164276e-03
2.267536707222461700e-03
2.513143047690391541e-02
8.504601195454597473e-03
3.228010609745979309e-03
1.149209290742874146e-01
3.918626531958580017e-02
3.798041865229606628e-02
1.077027409337460995e-03
2.146188728511333466e-02
2.889320021495223045e-03
2.463144809007644653e-01
1.508801802992820740e-02
2.541392445564270020e-01
9.526926442049443722e-04
1.616183668375015259e-03
1.309996703639626503e-03
1.389032229781150818e-02
4.175738245248794556e-02
2.346796728670597076e-02
1.316957757808268070e-03
2.838542917743325233e-03
1.562101300805807114e-02
7.540691643953323364e-02
2.362451329827308655e-02
9.972348809242248535e-02
6.987349595874547958e-03
7.406838238239288330e-03
4.542500898241996765e-02
8.402252569794654846e-03
3.743927925825119019e-02
1.519975834526121616e-03
2.459302917122840881e-02
5.287415534257888794e-02
3.333114460110664368e-02
8.764701895415782928e-03
3.059272654354572296e-02
1.444103755056858063e-02
3.152735065668821335e-03
3.249533101916313171e-02
1.543672084808349609e-01
9.899474680423736572e-02
8.572831749916076660e-03
7.736533880233764648e-03
2.509813942015171051e-02
2.191139198839664459e-02
4.868667572736740112e-02
4.225839674472808838e-02
1.857593655586242676e-02
2.942816819995641708e-03
8.702206425368785858e-03
1.408298593014478683e-02
5.920339375734329224e-03
1.099155563861131668e-02
2.003444824367761612e-03
3.326152637600898743e-02
2.144481986761093140e-02
3.411995479837059975e-03
6.849996745586395264e-03
6.101513747125864029e-03
2.120769117027521133e-03
8.613035082817077637e-02
2.227886207401752472e-02
2.085086144506931305e-02
2.442586794495582581e-02
3.612311091274023056e-03
3.124098666012287140e-02
7.759140804409980774e-03
1.240278109908103943e-01
2.169330371543765068e-03
1.813615858554840088e-02
3.098592162132263184e-02
3.067049756646156311e-02
1.701193116605281830e-02
6.838664412498474121e-02
4.017713014036417007e-03
1.122570224106311798e-02
3.539293538779020309e-03
9.863329119980335236e-03
1.374444738030433655e-02
7.330869324505329132e-03
8.036536164581775665e-03
8.600097894668579102e-02
1.735784299671649933e-02
3.477653954178094864e-03
7.553969044238328934e-03
5.693320184946060181e-03
5.196930840611457825e-03
6.039462052285671234e-03
2.150643989443778992e-02
1.421326305717229843e-02
1.458482630550861359e-02
6.697785854339599609e-02
3.525634063407778740e-03
1.306023448705673218e-02
5.623622983694076538e-02
3.334085224196314812e-03
7.906745187938213348e-03
3.205137560144066811e-03
3.145401179790496826e-02
9.147026576101779938e-03
6.356094498187303543e-03
6.593109108507633209e-03
3.068059869110584259e-02
7.162921130657196045e-03
3.765817359089851379e-02
1.803954131901264191e-02
5.970833823084831238e-02
3.949362784624099731e-03
2.707885503768920898e-01
7.588494569063186646e-03
4.231671616435050964e-02
5.154020711779594421e-02
1.822707615792751312e-02
1.955532282590866089e-02
6.253325380384922028e-03
5.958783440291881561e-03
6.701929960399866104e-03
8.711211383342742920e-03
3.660232573747634888e-02
6.548741366714239120e-03
6.292750239372253418e-01
3.554554283618927002e-02
2.566746771335601807e-01
2.480283193290233612e-02
4.407021701335906982e-01
1.055489256978034973e-01
2.086663246154785156e-01
6.378376483917236328e-02
6.632263958454132080e-02
9.351683408021926880e-02
2.681712619960308075e-02
2.870886772871017456e-02
1.664094254374504089e-02
3.533194586634635925e-02
3.329303488135337830e-02
6.800528764724731445e-01
7.677499204874038696e-02
2.290408164262771606e-01
1.504134833812713623e-01
7.080940902233123779e-02
1.849528551101684570e-01
2.282487899065017700e-01
1.837608814239501953e-01
2.274120450019836426e-01
7.240893319249153137e-03
1.621436178684234619e-01
4.660678505897521973e-01
4.613749086856842041e-01
5.056676864624023438e-01
4.464405477046966553e-01
2.129689604043960571e-02
6.181310415267944336e-01
1.034205779433250427e-02
6.381640583276748657e-02
1.398783326148986816e-01
4.974593222141265869e-02
6.342972815036773682e-02
1.174634415656328201e-02
1.064496580511331558e-02
1.951196900336071849e-04
9.146720170974731445e-03
7.624431513249874115e-03
9.726917051011696458e-05
1.911571025848388672e-01
2.869699336588382721e-02
6.868715584278106689e-02
3.848934546113014221e-02
4.375691339373588562e-02
4.740783572196960449e-02
1.154047995805740356e-02
1.476249247789382935e-01
2.068248577415943146e-03
3.016295470297336578e-02
4.459950141608715057e-03
1.178982574492692947e-02
3.350669145584106445e-02
5.337871238589286804e-02
1.874589174985885620e-02
3.816257119178771973e-01
8.445545245194807649e-05
2.100160717964172363e-01
4.243688285350799561e-02
6.275165826082229614e-02
1.570386737585067749e-01
1.847006380558013916e-02
9.861680679023265839e-03
2.099451230606064200e-04
4.655605927109718323e-02
7.736774533987045288e-02
3.297167422715574503e-04
3.206869959831237793e-02
3.950619138777256012e-04
1.569789461791515350e-02
3.158812522888183594e-01
1.417900770902633667e-01
1.396023854613304138e-02
6.001914665102958679e-02
6.797705776989459991e-03
4.465485364198684692e-02
1.237089633941650391e-01
1.809392869472503662e-02
2.632303722202777863e-02
2.929716836661100388e-03
1.076393853873014450e-02
7.462234050035476685e-02
3.609796613454818726e-02
5.793302319943904877e-03
6.982821822166442871e-01
2.741873823106288910e-02
7.977908826433122158e-04
1.670292168855667114e-01
4.195065051317214966e-02
4.952098056674003601e-02
2.676063776016235352e-02
2.925232797861099243e-02
2.017490938305854797e-02
4.529387503862380981e-02
1.682406145846471190e-04
7.355030179023742676e-01
5.110220052301883698e-03
7.459011673927307129e-02
8.178734034299850464e-02
4.115509986877441406e-02
2.914800541475415230e-03
4.480244815349578857e-01
8.842368610203266144e-03
4.800908267498016357e-02
2.983350493013858795e-02
1.698943413794040680e-02
2.712067682296037674e-03
3.838801085948944092e-01
6.605904549360275269e-02
7.624323479831218719e-03
3.335736691951751709e-02
1.131227537989616394e-01
1.389133045449852943e-03
1.057829260826110840e-01
3.768780454993247986e-02
4.006354138255119324e-02
5.048048123717308044e-02
8.758422918617725372e-04
6.089439988136291504e-02
3.768571615219116211e-01
4.954595565795898438e-01
6.777851581573486328e-01
4.910552408546209335e-03
1.903931610286235809e-03
1.827345974743366241e-02
1.199157093651592731e-03
2.799297217279672623e-03
1.001925207674503326e-03
1.011548470705747604e-02
7.782848086208105087e-03
1.803112827474251390e-04
4.773117601871490479e-03
6.481215953826904297e-01
6.319609880447387695e-01
3.143703565001487732e-02
2.521369140595197678e-03
1.189287431770935655e-04
2.308664470911026001e-02
2.598071470856666565e-02
2.768081380054354668e-03
7.172724697738885880e-03
