4.867137074470520020e-01
4.867137074470520020e-01
5.947757959365844727e-01
5.947757959365844727e-01
4.867137074470520020e-01
4.867137074470520020e-01
5.947757959365844727e-01
4.867137074470520020e-01
5.947757959365844727e-01
4.867137074470520020e-01
4.867137074470520020e-01
5.947757959365844727e-01
5.943566560745239258e-01
4.867137074470520020e-01
5.947757959365844727e-01
4.867137074470520020e-01
4.867137074470520020e-01
5.947757959365844727e-01
4.867137074470520020e-01
4.867137074470520020e-01
4.867137074470520020e-01
5.947757959365844727e-01
3.646420538425445557e-01
5.933971405029296875e-01
5.947757959365844727e-01
5.947757959365844727e-01
4.867137074470520020e-01
5.947757959365844727e-01
5.947757959365844727e-01
5.947757959365844727e-01
4.867137074470520020e-01
4.867137074470520020e-01
4.867137074470520020e-01
5.947757959365844727e-01
5.947757959365844727e-01
4.867137074470520020e-01
5.947757959365844727e-01
5.947757959365844727e-01
4.867137074470520020e-01
5.947757959365844727e-01
5.947757959365844727e-01
5.947757959365844727e-01
4.867137074470520020e-01
5.947757959365844727e-01
5.947757959365844727e-01
5.947757959365844727e-01
4.867137074470520020e-01
5.947757959365844727e-01
5.947757959365844727e-01
4.867137074470520020e-01
5.947757959365844727e-01
5.947757959365844727e-01
5.947730541229248047e-01
5.853199362754821777e-01
5.947180986404418945e-01
4.867137074470520020e-01
4.867137074470520020e-01
5.947757959365844727e-01
4.867137074470520020e-01
5.947757959365844727e-01
5.947757959365844727e-01
4.867137074470520020e-01
5.947757959365844727e-01
5.947757959365844727e-01
5.947757959365844727e-01
5.947757959365844727e-01
4.867137074470520020e-01
5.947757959365844727e-01
5.947757959365844727e-01
4.867137074470520020e-01
5.141428709030151367e-01
5.947757959365844727e-01
5.947757959365844727e-01
5.947750806808471680e-01
2.988017797470092773e-01
5.947757959365844727e-01
5.947757959365844727e-01
5.947757959365844727e-01
2.988017797470092773e-01
4.867137074470520020e-01
5.947757959365844727e-01
5.947757959365844727e-01
5.879384875297546387e-01
4.867137074470520020e-01
4.867137074470520020e-01
5.947757959365844727e-01
5.947757959365844727e-01
4.867137074470520020e-01
5.803828835487365723e-01
5.947757959365844727e-01
5.947757959365844727e-01
5.947757959365844727e-01
4.867137074470520020e-01
4.867137074470520020e-01
5.947718620300292969e-01
5.947757959365844727e-01
4.867137074470520020e-01
4.867137074470520020e-01
4.867137074470520020e-01
4.867137074470520020e-01
5.947757959365844727e-01
5.947757959365844727e-01
5.947757959365844727e-01
5.947518944740295410e-01
4.867137074470520020e-01
5.816815495491027832e-01
4.867137074470520020e-01
5.820102691650390625e-01
4.867137074470520020e-01
5.947756171226501465e-01
5.947067737579345703e-01
5.339628458023071289e-01
5.438084006309509277e-01
4.867137074470520020e-01
3.571622371673583984e-01
5.943357944488525391e-01
5.406898260116577148e-01
5.947595238685607910e-01
5.294956564903259277e-01
5.438084006309509277e-01
4.867137074470520020e-01
5.271021127700805664e-01
3.571622371673583984e-01
4.867137074470520020e-01
4.867137074470520020e-01
4.867137074470520020e-01
5.946913361549377441e-01
5.941238999366760254e-01
4.867137074470520020e-01
4.867137074470520020e-01
4.867137074470520020e-01
4.867137074470520020e-01
3.639860153198242188e-01
4.867137074470520020e-01
4.867137074470520020e-01
4.867137074470520020e-01
5.947493910789489746e-01
5.947752594947814941e-01
4.867137074470520020e-01
4.867137074470520020e-01
4.867137074470520020e-01
5.916371941566467285e-01
4.867137074470520020e-01
5.413910746574401855e-01
5.946131348609924316e-01
4.867137074470520020e-01
5.933758616447448730e-01
5.577700138092041016e-01
5.910253524780273438e-01
4.867137074470520020e-01
3.571622371673583984e-01
5.908150672912597656e-01
5.947744846343994141e-01
5.818226933479309082e-01
5.947533249855041504e-01
5.905848741531372070e-01
4.867137074470520020e-01
5.946872234344482422e-01
4.867137074470520020e-01
5.938925147056579590e-01
4.867137074470520020e-01
3.571622371673583984e-01
3.571622371673583984e-01
5.947037339210510254e-01
5.841696262359619141e-01
4.867137074470520020e-01
5.402857661247253418e-01
5.818226933479309082e-01
4.867137074470520020e-01
3.571622371673583984e-01
5.947756171226501465e-01
4.867137074470520020e-01
5.908150672912597656e-01
5.356871485710144043e-01
5.947757959365844727e-01
4.867137074470520020e-01
4.867137074470520020e-01
4.867137074470520020e-01
5.947756767272949219e-01
4.867137074470520020e-01
3.555305898189544678e-01
4.867137074470520020e-01
3.555305898189544678e-01
5.413911342620849609e-01
5.831683874130249023e-01
4.867137074470520020e-01
3.571622371673583984e-01
4.867137074470520020e-01
4.867137074470520020e-01
5.138378739356994629e-01
5.326482653617858887e-01
4.867137074470520020e-01
5.947735905647277832e-01
3.237935602664947510e-01
4.867137074470520020e-01
3.555305898189544678e-01
4.867137074470520020e-01
4.867137074470520020e-01
5.417065024375915527e-01
4.867137074470520020e-01
4.867137074470520020e-01
4.867137074470520020e-01
3.571622371673583984e-01
4.867137074470520020e-01
5.947743058204650879e-01
5.413911342620849609e-01
