5.386192202568054199e-01
5.399026274681091309e-01
5.607241988182067871e-01
5.032360553741455078e-01
4.521299898624420166e-01
5.037129521369934082e-01
5.400920510292053223e-01
5.400044918060302734e-01
5.370078682899475098e-01
5.409617424011230469e-01
5.538115501403808594e-01
5.087292790412902832e-01
5.301370620727539062e-01
5.399810671806335449e-01
4.091750383377075195e-01
5.398207306861877441e-01
4.135683476924896240e-01
5.305615663528442383e-01
4.743268489837646484e-01
5.400177836418151855e-01
5.400094985961914062e-01
5.390663146972656250e-01
5.400019288063049316e-01
4.472334682941436768e-01
5.400658845901489258e-01
5.297870039939880371e-01
4.622571468353271484e-01
5.090361833572387695e-01
4.665660858154296875e-01
5.373408198356628418e-01
5.399069786071777344e-01
5.128288865089416504e-01
5.278102755546569824e-01
4.824714660644531250e-01
5.193431973457336426e-01
5.400605201721191406e-01
5.339611172676086426e-01
5.164920091629028320e-01
5.366605520248413086e-01
5.289471149444580078e-01
5.399733781814575195e-01
4.722740948200225830e-01
5.351106524467468262e-01
5.400663614273071289e-01
5.400041341781616211e-01
5.400097370147705078e-01
5.191168785095214844e-01
5.375502705574035645e-01
5.389099717140197754e-01
5.207818746566772461e-01
5.400044918060302734e-01
5.290884375572204590e-01
5.398709177970886230e-01
5.506545901298522949e-01
5.326780080795288086e-01
5.230978727340698242e-01
4.919076859951019287e-01
5.400018692016601562e-01
5.399552583694458008e-01
5.427883267402648926e-01
5.233184695243835449e-01
5.395988821983337402e-01
5.416858792304992676e-01
5.043247342109680176e-01
5.400747656822204590e-01
5.399496555328369141e-01
5.117235183715820312e-01
5.021560192108154297e-01
4.651620686054229736e-01
5.399587750434875488e-01
5.414059162139892578e-01
5.399701595306396484e-01
5.399900078773498535e-01
5.399664044380187988e-01
4.727357923984527588e-01
5.167410969734191895e-01
5.435087680816650391e-01
5.467041730880737305e-01
5.039784908294677734e-01
5.462574958801269531e-01
5.308664441108703613e-01
5.473742485046386719e-01
5.480467081069946289e-01
5.381898880004882812e-01
5.513778924942016602e-01
5.345314741134643555e-01
5.161433219909667969e-01
5.534980893135070801e-01
4.702300131320953369e-01
5.409036278724670410e-01
4.877847433090209961e-01
5.036439895629882812e-01
5.482891798019409180e-01
4.401219487190246582e-01
5.506829619407653809e-01
5.479089617729187012e-01
5.159381628036499023e-01
5.427483916282653809e-01
5.483290553092956543e-01
5.389627218246459961e-01
5.406458973884582520e-01
5.471265912055969238e-01
5.541788935661315918e-01
5.464727282524108887e-01
5.520554780960083008e-01
5.453118085861206055e-01
5.414072871208190918e-01
4.991664588451385498e-01
5.455757975578308105e-01
5.470035672187805176e-01
5.486704707145690918e-01
5.462024807929992676e-01
5.492923855781555176e-01
5.488092899322509766e-01
5.484877228736877441e-01
5.212600231170654297e-01
5.494921803474426270e-01
5.407861471176147461e-01
5.378410220146179199e-01
5.365770459175109863e-01
5.546686649322509766e-01
5.379049181938171387e-01
5.505427122116088867e-01
5.508347153663635254e-01
5.387898683547973633e-01
5.356142520904541016e-01
5.375937819480895996e-01
5.066727399826049805e-01
5.520083308219909668e-01
5.498555302619934082e-01
5.217966437339782715e-01
5.478655695915222168e-01
5.282378196716308594e-01
5.478839278221130371e-01
4.516607224941253662e-01
5.185661315917968750e-01
5.507544875144958496e-01
5.367020964622497559e-01
5.401813983917236328e-01
5.068900585174560547e-01
5.451171994209289551e-01
5.212629437446594238e-01
5.393260717391967773e-01
5.542873740196228027e-01
5.410339236259460449e-01
5.156444311141967773e-01
5.453605055809020996e-01
5.413325428962707520e-01
5.481095314025878906e-01
5.504553914070129395e-01
5.307179689407348633e-01
5.215196013450622559e-01
5.226182937622070312e-01
5.398895144462585449e-01
5.260500311851501465e-01
5.399567484855651855e-01
5.401385426521301270e-01
5.150233507156372070e-01
5.256431698799133301e-01
5.398834347724914551e-01
5.398838520050048828e-01
5.434752702713012695e-01
5.157696008682250977e-01
5.255431532859802246e-01
5.405891537666320801e-01
5.285592079162597656e-01
5.267652273178100586e-01
5.318094491958618164e-01
5.363186597824096680e-01
5.240140557289123535e-01
4.571060836315155029e-01
5.069716572761535645e-01
5.404847860336303711e-01
5.385457873344421387e-01
5.401160120964050293e-01
5.402649044990539551e-01
5.358672142028808594e-01
5.403423309326171875e-01
5.371255278587341309e-01
5.399982333183288574e-01
5.313541889190673828e-01
4.855287373065948486e-01
5.405730605125427246e-01
5.373005270957946777e-01
5.404767394065856934e-01
5.403804779052734375e-01
5.377008914947509766e-01
3.812152743339538574e-01
5.280915498733520508e-01
5.403323173522949219e-01
5.354211330413818359e-01
5.383809804916381836e-01
4.824112653732299805e-01
5.386531352996826172e-01
5.385358929634094238e-01
5.386969447135925293e-01
5.010859370231628418e-01
5.402300953865051270e-01
5.019360780715942383e-01
5.378521680831909180e-01
5.403146147727966309e-01
5.387553572654724121e-01
5.389471054077148438e-01
5.386130213737487793e-01
5.401422977447509766e-01
5.405157804489135742e-01
5.371609926223754883e-01
5.380674600601196289e-01
5.377541780471801758e-01
5.396548509597778320e-01
5.008018016815185547e-01
5.380128622055053711e-01
5.389700531959533691e-01
4.717846214771270752e-01
5.292011499404907227e-01
5.156534910202026367e-01
5.397416949272155762e-01
5.373160839080810547e-01
5.077420473098754883e-01
5.358787775039672852e-01
5.376946330070495605e-01
4.799966812133789062e-01
5.405244231224060059e-01
5.356945395469665527e-01
5.374410748481750488e-01
5.024731755256652832e-01
5.344928503036499023e-01
5.378581881523132324e-01
5.377896428108215332e-01
5.395196080207824707e-01
5.377920866012573242e-01
5.402101278305053711e-01
5.362648963928222656e-01
5.309925079345703125e-01
5.387934446334838867e-01
4.725659489631652832e-01
5.390306115150451660e-01
5.194428563117980957e-01
5.405653119087219238e-01
5.173198580741882324e-01
5.408320426940917969e-01
5.330168604850769043e-01
5.376410484313964844e-01
5.291758179664611816e-01
5.059666633605957031e-01
5.181975364685058594e-01
5.134657025337219238e-01
4.911456108093261719e-01
4.915722608566284180e-01
5.127161145210266113e-01
5.365041494369506836e-01
5.053156018257141113e-01
5.053553581237792969e-01
5.197860598564147949e-01
5.054438114166259766e-01
4.936368465423583984e-01
5.195536613464355469e-01
5.231395363807678223e-01
5.129136443138122559e-01
4.700273275375366211e-01
5.167733430862426758e-01
4.766559898853302002e-01
5.183385610580444336e-01
5.127855539321899414e-01
4.724228382110595703e-01
4.535368084907531738e-01
4.955988824367523193e-01
5.269939303398132324e-01
5.120533704757690430e-01
4.820670485496520996e-01
5.089934468269348145e-01
5.304903984069824219e-01
5.218127369880676270e-01
5.152176618576049805e-01
5.285382270812988281e-01
5.061953067779541016e-01
5.197536945343017578e-01
4.955776929855346680e-01
4.970793724060058594e-01
5.188330411911010742e-01
4.760687649250030518e-01
5.151039361953735352e-01
5.314900875091552734e-01
5.239595174789428711e-01
4.907608032226562500e-01
5.133225917816162109e-01
5.169765949249267578e-01
5.218759179115295410e-01
5.169029831886291504e-01
4.979505836963653564e-01
4.092576205730438232e-01
5.237256884574890137e-01
5.265281796455383301e-01
4.999944567680358887e-01
5.169141888618469238e-01
4.757033586502075195e-01
5.180168747901916504e-01
4.993710219860076904e-01
4.962582290172576904e-01
4.681465625762939453e-01
4.670531451702117920e-01
5.181276798248291016e-01
5.135748982429504395e-01
4.015908539295196533e-01
4.623864293098449707e-01
5.155267119407653809e-01
5.160852670669555664e-01
4.977338910102844238e-01
5.121188163757324219e-01
5.253498554229736328e-01
5.266234874725341797e-01
4.564932584762573242e-01
4.997757971286773682e-01
5.183118581771850586e-01
5.167731046676635742e-01
4.832687377929687500e-01
5.164449810981750488e-01
5.120905041694641113e-01
5.258694291114807129e-01
5.410155057907104492e-01
5.367336869239807129e-01
5.341339707374572754e-01
5.404681563377380371e-01
5.400626063346862793e-01
5.334936380386352539e-01
5.415373444557189941e-01
5.400402545928955078e-01
5.318964719772338867e-01
4.969422519207000732e-01
5.343311429023742676e-01
5.481326580047607422e-01
5.445876121520996094e-01
4.576950371265411377e-01
5.334814786911010742e-01
5.400480031967163086e-01
5.290979146957397461e-01
5.405444502830505371e-01
5.334845781326293945e-01
5.260738134384155273e-01
5.339623689651489258e-01
5.369252562522888184e-01
5.336937904357910156e-01
5.338293910026550293e-01
5.044785141944885254e-01
5.326809883117675781e-01
5.362249612808227539e-01
5.436465740203857422e-01
5.244679450988769531e-01
5.341339707374572754e-01
5.401162505149841309e-01
5.384427905082702637e-01
5.375191569328308105e-01
5.315095782279968262e-01
5.363399982452392578e-01
4.176984131336212158e-01
5.367621779441833496e-01
5.338093638420104980e-01
5.323621630668640137e-01
5.355585813522338867e-01
5.076314210891723633e-01
5.375490188598632812e-01
5.369648337364196777e-01
5.303977727890014648e-01
5.382515788078308105e-01
5.072780847549438477e-01
5.401051640510559082e-01
5.264284610748291016e-01
5.241941809654235840e-01
5.398831963539123535e-01
5.049632787704467773e-01
5.398829579353332520e-01
5.398828983306884766e-01
5.398840904235839844e-01
5.398839116096496582e-01
5.398836731910705566e-01
5.172216296195983887e-01
5.314994454383850098e-01
5.455692410469055176e-01
5.101120471954345703e-01
5.094347000122070312e-01
5.398834943771362305e-01
4.763588607311248779e-01
5.398831367492675781e-01
5.419740080833435059e-01
4.259551465511322021e-01
5.391882658004760742e-01
5.168678164482116699e-01
5.457249879837036133e-01
5.513085722923278809e-01
5.562027096748352051e-01
5.398829579353332520e-01
5.398952364921569824e-01
4.957313239574432373e-01
4.665027558803558350e-01
5.078300237655639648e-01
5.400451421737670898e-01
5.398929715156555176e-01
5.398836731910705566e-01
5.407971739768981934e-01
5.235823392868041992e-01
5.159659385681152344e-01
5.061583518981933594e-01
5.398840308189392090e-01
5.405952334403991699e-01
5.444361567497253418e-01
4.984847009181976318e-01
5.398830175399780273e-01
5.398836731910705566e-01
5.130079984664916992e-01
4.849020838737487793e-01
5.398830771446228027e-01
5.398836731910705566e-01
5.135899782180786133e-01
5.427575111389160156e-01
5.398859977722167969e-01
5.413063168525695801e-01
5.314362645149230957e-01
4.967268705368041992e-01
5.398832559585571289e-01
5.419229865074157715e-01
5.287637114524841309e-01
5.561558604240417480e-01
4.606255292892456055e-01
5.401955842971801758e-01
5.177697539329528809e-01
5.325588583946228027e-01
5.399965643882751465e-01
5.400041341781616211e-01
5.289880037307739258e-01
5.247895717620849609e-01
5.399888753890991211e-01
5.317507386207580566e-01
5.399894714355468750e-01
5.159600377082824707e-01
5.339427590370178223e-01
5.399084687232971191e-01
5.495438575744628906e-01
5.384150147438049316e-01
5.399719476699829102e-01
5.280439853668212891e-01
5.120015740394592285e-01
5.400308966636657715e-01
5.429278612136840820e-01
5.317711234092712402e-01
5.561378002166748047e-01
5.352094769477844238e-01
5.323300957679748535e-01
5.389403700828552246e-01
5.355804562568664551e-01
5.399113893508911133e-01
5.399133563041687012e-01
5.400321483612060547e-01
5.362908840179443359e-01
4.971338510513305664e-01
5.359995365142822266e-01
5.459342002868652344e-01
4.719914495944976807e-01
5.399878621101379395e-01
5.235150456428527832e-01
5.399711728096008301e-01
5.336429476737976074e-01
4.636296927928924561e-01
5.332753658294677734e-01
5.230549573898315430e-01
5.398969650268554688e-01
4.938682913780212402e-01
5.338762998580932617e-01
5.265398621559143066e-01
5.400305390357971191e-01
5.399927496910095215e-01
5.353807806968688965e-01
5.465999841690063477e-01
5.399951338768005371e-01
5.343962907791137695e-01
5.444967150688171387e-01
5.398923158645629883e-01
5.399414896965026855e-01
5.391873121261596680e-01
5.399553179740905762e-01
5.557399392127990723e-01
5.399985909461975098e-01
5.407020449638366699e-01
5.392259955406188965e-01
5.433226227760314941e-01
5.290572047233581543e-01
5.347757935523986816e-01
5.441401600837707520e-01
5.399310588836669922e-01
5.399345159530639648e-01
5.434858798980712891e-01
5.399895310401916504e-01
5.399917960166931152e-01
5.082551836967468262e-01
5.289810299873352051e-01
5.263413786888122559e-01
5.363923907279968262e-01
5.470921993255615234e-01
4.804149568080902100e-01
5.399014949798583984e-01
5.377903580665588379e-01
5.369137525558471680e-01
3.121792078018188477e-01
3.409391343593597412e-01
5.400338768959045410e-01
4.239276051521301270e-01
5.323809385299682617e-01
5.400772690773010254e-01
5.274718999862670898e-01
5.399956703186035156e-01
2.390051931142807007e-01
1.696081161499023438e-01
5.274147391319274902e-01
5.226615071296691895e-01
4.527746140956878662e-01
4.275157451629638672e-01
5.399942994117736816e-01
5.399679541587829590e-01
5.150439739227294922e-01
5.234142541885375977e-01
5.399981737136840820e-01
5.349206924438476562e-01
5.358981490135192871e-01
5.400125980377197266e-01
5.298539996147155762e-01
5.351384878158569336e-01
5.266134738922119141e-01
5.379294753074645996e-01
3.303249478340148926e-01
5.370903611183166504e-01
5.397711396217346191e-01
4.803459942340850830e-01
5.400196313858032227e-01
5.322192907333374023e-01
4.801723957061767578e-01
3.090772032737731934e-01
5.400751829147338867e-01
5.201954841613769531e-01
4.328160285949707031e-01
5.400872230529785156e-01
5.399886965751647949e-01
4.184727370738983154e-01
5.359147787094116211e-01
5.400406718254089355e-01
5.390459895133972168e-01
5.384647846221923828e-01
5.320684313774108887e-01
5.399920344352722168e-01
5.399911403656005859e-01
3.501511812210083008e-01
5.249302983283996582e-01
5.343963503837585449e-01
5.239423513412475586e-01
3.761371076107025146e-01
3.272938132286071777e-01
5.400475859642028809e-01
5.276554226875305176e-01
5.197628736495971680e-01
5.400195717811584473e-01
4.937442541122436523e-01
4.939513504505157471e-01
5.236349701881408691e-01
4.365347921848297119e-01
4.243798255920410156e-01
4.806750416755676270e-01
4.964737296104431152e-01
4.546496570110321045e-01
5.316581130027770996e-01
4.805140793323516846e-01
5.134927034378051758e-01
5.195944309234619141e-01
4.519163072109222412e-01
5.399598479270935059e-01
5.400086045265197754e-01
4.902881085872650146e-01
4.366093277931213379e-01
5.419347286224365234e-01
2.770142555236816406e-01
2.775145471096038818e-01
5.412757992744445801e-01
2.830431163311004639e-01
2.417274862527847290e-01
3.284666836261749268e-01
3.008521199226379395e-01
3.011289536952972412e-01
5.451532602310180664e-01
2.604127824306488037e-01
5.125678181648254395e-01
3.066703677177429199e-01
5.416225194931030273e-01
5.418635010719299316e-01
5.449878573417663574e-01
5.417506098747253418e-01
3.083850741386413574e-01
4.506679177284240723e-01
3.106380105018615723e-01
2.923377454280853271e-01
5.421202182769775391e-01
5.359997153282165527e-01
3.175320625305175781e-01
4.591971039772033691e-01
2.520188391208648682e-01
2.733904123306274414e-01
3.390224874019622803e-01
2.780760228633880615e-01
3.301759362220764160e-01
3.841475844383239746e-01
5.420089960098266602e-01
5.425426363945007324e-01
2.716172933578491211e-01
2.740146517753601074e-01
3.181668221950531006e-01
3.917754292488098145e-01
3.004260957241058350e-01
3.584181070327758789e-01
5.451151132583618164e-01
2.361883968114852905e-01
3.764799833297729492e-01
5.418300628662109375e-01
5.418585538864135742e-01
5.087059736251831055e-01
3.391495645046234131e-01
5.415662527084350586e-01
3.191109597682952881e-01
3.154646456241607666e-01
5.421348810195922852e-01
2.568968534469604492e-01
5.409230589866638184e-01
5.003807544708251953e-01
3.148975968360900879e-01
3.126125037670135498e-01
2.316699028015136719e-01
5.425418615341186523e-01
5.415692329406738281e-01
2.851734757423400879e-01
4.411101639270782471e-01
5.420275926589965820e-01
3.204292356967926025e-01
2.539819180965423584e-01
5.416479110717773438e-01
2.286480367183685303e-01
2.800723910331726074e-01
5.418804287910461426e-01
4.528420865535736084e-01
3.090155124664306641e-01
5.419937372207641602e-01
5.416654944419860840e-01
2.750777006149291992e-01
5.419342517852783203e-01
3.010463118553161621e-01
3.477512300014495850e-01
4.253818392753601074e-01
5.399065613746643066e-01
5.398932695388793945e-01
5.398834943771362305e-01
5.399917364120483398e-01
5.398836135864257812e-01
5.034747123718261719e-01
4.873638451099395752e-01
4.607592225074768066e-01
5.263549089431762695e-01
5.116966962814331055e-01
5.398837924003601074e-01
5.102396011352539062e-01
4.506022930145263672e-01
5.118446946144104004e-01
4.885981678962707520e-01
5.111921429634094238e-01
4.497558176517486572e-01
5.219562649726867676e-01
5.344212055206298828e-01
4.100620746612548828e-01
4.771264791488647461e-01
5.403867959976196289e-01
5.363832712173461914e-01
5.389130711555480957e-01
5.279337167739868164e-01
5.370237231254577637e-01
5.404922962188720703e-01
5.381809473037719727e-01
5.397177934646606445e-01
5.400138497352600098e-01
5.275524854660034180e-01
5.403175950050354004e-01
5.386705994606018066e-01
5.396519899368286133e-01
5.405322313308715820e-01
5.395497083663940430e-01
4.254482388496398926e-01
5.406070351600646973e-01
5.404682159423828125e-01
5.384767055511474609e-01
4.580698907375335693e-01
5.383697748184204102e-01
5.339484214782714844e-01
5.380954742431640625e-01
4.839514195919036865e-01
5.402537584304809570e-01
4.526517391204833984e-01
5.379388928413391113e-01
5.405461192131042480e-01
5.356663465499877930e-01
5.392346978187561035e-01
5.389159917831420898e-01
5.387466549873352051e-01
5.407336950302124023e-01
5.360320806503295898e-01
5.389618873596191406e-01
5.071532130241394043e-01
5.309162735939025879e-01
4.607594013214111328e-01
5.360172390937805176e-01
5.390553474426269531e-01
4.008523821830749512e-01
5.314162969589233398e-01
4.589309692382812500e-01
5.399977564811706543e-01
5.318924188613891602e-01
5.044703483581542969e-01
5.393310785293579102e-01
4.140233397483825684e-01
4.855158030986785889e-01
5.409128665924072266e-01
5.378951430320739746e-01
5.386193990707397461e-01
5.121092200279235840e-01
5.370004177093505859e-01
5.404293537139892578e-01
4.768934845924377441e-01
5.373461246490478516e-01
5.387901663780212402e-01
5.379595160484313965e-01
5.405471920967102051e-01
5.351914167404174805e-01
5.392858982086181641e-01
4.335120022296905518e-01
5.313733220100402832e-01
4.548606872558593750e-01
5.409735441207885742e-01
5.237069129943847656e-01
5.408484935760498047e-01
5.351824164390563965e-01
5.346687436103820801e-01
5.022632479667663574e-01
3.263000547885894775e-01
4.566730856895446777e-01
5.179839730262756348e-01
4.796157479286193848e-01
5.248663425445556641e-01
4.210528731346130371e-01
3.796543180942535400e-01
4.695619642734527588e-01
5.165618062019348145e-01
5.210095047950744629e-01
5.141766667366027832e-01
5.027602314949035645e-01
5.187124013900756836e-01
5.211136937141418457e-01
4.967955946922302246e-01
5.186414718627929688e-01
5.197728276252746582e-01
5.010452270507812500e-01
4.929971694946289062e-01
4.931989014148712158e-01
3.925887048244476318e-01
4.866226613521575928e-01
5.226126313209533691e-01
5.229758024215698242e-01
5.121828913688659668e-01
5.243806838989257812e-01
5.161780714988708496e-01
3.493863940238952637e-01
3.435290157794952393e-01
5.133618116378784180e-01
4.732450842857360840e-01
5.207387804985046387e-01
4.748580157756805420e-01
5.167447924613952637e-01
5.010011792182922363e-01
5.162727236747741699e-01
5.190441012382507324e-01
5.188459753990173340e-01
5.196716785430908203e-01
4.238137304782867432e-01
4.330767393112182617e-01
5.152279734611511230e-01
5.187773704528808594e-01
3.202113807201385498e-01
5.171312093734741211e-01
4.499730467796325684e-01
4.374017119407653809e-01
4.391456246376037598e-01
5.253692269325256348e-01
5.306518673896789551e-01
4.047289788722991943e-01
5.207021236419677734e-01
5.091978311538696289e-01
4.731793105602264404e-01
5.111053586006164551e-01
5.093365907669067383e-01
5.234814882278442383e-01
5.253838896751403809e-01
5.176627039909362793e-01
5.290727019309997559e-01
5.250189304351806641e-01
4.277157783508300781e-01
5.199848413467407227e-01
4.345747530460357666e-01
5.086166262626647949e-01
5.183913707733154297e-01
5.213285684585571289e-01
5.173044204711914062e-01
5.254443883895874023e-01
4.657486379146575928e-01
5.074326395988464355e-01
5.189352631568908691e-01
3.991728425025939941e-01
5.216444134712219238e-01
5.075466036796569824e-01
4.425826966762542725e-01
5.305067300796508789e-01
5.330877900123596191e-01
5.407320261001586914e-01
5.400029420852661133e-01
5.320543050765991211e-01
5.189459919929504395e-01
5.398226976394653320e-01
5.314578413963317871e-01
5.290709137916564941e-01
4.267493188381195068e-01
5.317078232765197754e-01
4.412435293197631836e-01
5.308189988136291504e-01
5.349439978599548340e-01
3.507414758205413818e-01
5.337779521942138672e-01
5.067119002342224121e-01
5.371332168579101562e-01
5.312381982803344727e-01
3.394802808761596680e-01
5.392389893531799316e-01
5.358428955078125000e-01
5.278190970420837402e-01
5.325646400451660156e-01
5.298836827278137207e-01
4.606589674949645996e-01
5.311419367790222168e-01
3.585588335990905762e-01
4.221812784671783447e-01
5.350469946861267090e-01
5.280098319053649902e-01
5.319886207580566406e-01
4.968899190425872803e-01
3.736519813537597656e-01
4.453017711639404297e-01
5.289594531059265137e-01
5.255311727523803711e-01
5.360870957374572754e-01
5.357283353805541992e-01
5.271900892257690430e-01
5.404791235923767090e-01
5.400613546371459961e-01
5.391576290130615234e-01
5.330317020416259766e-01
5.280002355575561523e-01
3.817707002162933350e-01
5.408842563629150391e-01
4.079220294952392578e-01
4.433958530426025391e-01
4.882055819034576416e-01
5.368513464927673340e-01
4.710668623447418213e-01
4.264295697212219238e-01
5.434535741806030273e-01
4.940992891788482666e-01
4.765670299530029297e-01
5.398833155632019043e-01
5.398439764976501465e-01
5.207391381263732910e-01
5.398833155632019043e-01
4.952254593372344971e-01
5.248475074768066406e-01
5.025647878646850586e-01
5.398834347724914551e-01
4.873063862323760986e-01
5.398881435394287109e-01
4.681602716445922852e-01
3.853236436843872070e-01
5.398831963539123535e-01
4.940550327301025391e-01
3.067067563533782959e-01
5.398831367492675781e-01
5.415297746658325195e-01
5.329031944274902344e-01
3.928627371788024902e-01
4.799722731113433838e-01
5.398836135864257812e-01
5.398836135864257812e-01
5.398827791213989258e-01
5.399498343467712402e-01
4.323798716068267822e-01
5.379440784454345703e-01
5.398842692375183105e-01
3.500166833400726318e-01
5.398831963539123535e-01
5.404274463653564453e-01
5.398828983306884766e-01
3.484879136085510254e-01
3.396907150745391846e-01
5.249029397964477539e-01
5.413142442703247070e-01
5.457132458686828613e-01
5.398831367492675781e-01
4.729673266410827637e-01
5.335078835487365723e-01
5.317966938018798828e-01
5.387480854988098145e-01
4.062950313091278076e-01
5.098332166671752930e-01
4.388891756534576416e-01
5.309400558471679688e-01
5.398830175399780273e-01
4.949254393577575684e-01
3.632729649543762207e-01
5.269869565963745117e-01
5.388666391372680664e-01
5.389125943183898926e-01
5.391150116920471191e-01
1.760815978050231934e-01
5.135813951492309570e-01
5.214468836784362793e-01
4.835466444492340088e-01
5.399789214134216309e-01
5.133894681930541992e-01
5.399723052978515625e-01
3.671204447746276855e-01
2.192056179046630859e-01
5.399548411369323730e-01
5.330078005790710449e-01
5.399991273880004883e-01
5.399969816207885742e-01
4.976791441440582275e-01
3.244957625865936279e-01
5.400003194808959961e-01
2.650162577629089355e-01
5.399143099784851074e-01
5.386930108070373535e-01
5.369969606399536133e-01
5.122122168540954590e-01
4.233498573303222656e-01
4.787197411060333252e-01
5.344812870025634766e-01
4.756193161010742188e-01
5.399792790412902832e-01
5.399129986763000488e-01
2.748547494411468506e-01
5.399897098541259766e-01
5.208332538604736328e-01
5.399996042251586914e-01
5.399523973464965820e-01
5.291982889175415039e-01
4.637474119663238525e-01
3.768702745437622070e-01
4.871291816234588623e-01
5.431212186813354492e-01
5.346409678459167480e-01
4.800658822059631348e-01
5.038055777549743652e-01
5.335801839828491211e-01
4.835752546787261963e-01
5.399838685989379883e-01
5.433954000473022461e-01
5.399895310401916504e-01
5.400025248527526855e-01
3.199932575225830078e-01
5.431451201438903809e-01
5.399306416511535645e-01
5.399894714355468750e-01
5.399966239929199219e-01
2.549157440662384033e-01
5.374787449836730957e-01
5.399057865142822266e-01
3.044345378875732422e-01
5.147631168365478516e-01
5.400364995002746582e-01
4.978877604007720947e-01
3.140057027339935303e-01
5.399240851402282715e-01
5.399459004402160645e-01
4.933225214481353760e-01
5.328086018562316895e-01
5.298665165901184082e-01
5.399857759475708008e-01
4.730954170227050781e-01
4.373352229595184326e-01
5.338717103004455566e-01
5.529388189315795898e-01
5.399816632270812988e-01
3.320644795894622803e-01
5.325277447700500488e-01
