9.647411108016967773e-01
9.984632730484008789e-01
8.798337578773498535e-01
4.850117564201354980e-01
2.062607854604721069e-01
9.915596842765808105e-01
4.873766601085662842e-01
5.199925303459167480e-01
4.330598413944244385e-01
8.467406630516052246e-01
9.527543783187866211e-01
1.556055694818496704e-01
9.820036292076110840e-01
9.736018180847167969e-01
4.169151186943054199e-01
7.410794496536254883e-01
9.968852400779724121e-01
9.706665277481079102e-01
3.922679722309112549e-01
9.987939596176147461e-01
6.758965849876403809e-01
9.809097647666931152e-01
3.250599205493927002e-01
9.729803800582885742e-01
6.563702225685119629e-01
9.356111288070678711e-01
9.735801219940185547e-01
9.886091947555541992e-01
9.430342912673950195e-01
5.247883200645446777e-01
9.911507368087768555e-01
4.826491475105285645e-01
9.997735619544982910e-01
9.880179166793823242e-01
9.967008233070373535e-01
9.639430046081542969e-01
9.564440250396728516e-01
9.988713860511779785e-01
4.179403483867645264e-01
9.539876580238342285e-01
5.507283210754394531e-01
2.504369914531707764e-01
9.421296119689941406e-01
4.646771252155303955e-01
4.877862334251403809e-01
4.795699119567871094e-01
4.678890705108642578e-01
3.374467492103576660e-01
9.669592976570129395e-01
1.541691869497299194e-01
9.923403263092041016e-01
3.614424169063568115e-01
7.289782762527465820e-01
9.998940229415893555e-01
6.242218017578125000e-01
6.127820014953613281e-01
9.914019703865051270e-01
5.774363875389099121e-01
7.037605643272399902e-01
9.923551082611083984e-01
9.985823631286621094e-01
9.999997615814208984e-01
8.688014149665832520e-01
3.375723659992218018e-01
9.728355407714843750e-01
7.630043029785156250e-01
5.241062641143798828e-01
9.726408123970031738e-01
2.485139667987823486e-01
6.440715193748474121e-01
9.702720046043395996e-01
9.932481050491333008e-01
5.376001000404357910e-01
3.998917639255523682e-01
7.686905264854431152e-01
4.126510322093963623e-01
7.617647051811218262e-01
8.790165781974792480e-01
9.867738485336303711e-01
9.458798170089721680e-01
6.652959585189819336e-01
9.291411638259887695e-01
9.610733985900878906e-01
5.333999395370483398e-01
8.813970088958740234e-01
8.578708171844482422e-01
9.741097092628479004e-01
9.334079027175903320e-01
9.791846275329589844e-01
3.401199877262115479e-01
9.696932435035705566e-01
9.795562028884887695e-01
9.050421118736267090e-01
9.564957022666931152e-01
9.774705171585083008e-01
9.919541478157043457e-01
9.088972210884094238e-01
9.800980091094970703e-01
9.392923712730407715e-01
7.933405041694641113e-01
8.737157583236694336e-01
9.955680966377258301e-01
7.003280520439147949e-01
9.458166956901550293e-01
8.853569030761718750e-01
9.729943871498107910e-01
9.996186494827270508e-01
5.776062011718750000e-01
9.341563582420349121e-01
6.718979477882385254e-01
8.324269652366638184e-01
3.831765353679656982e-01
7.007430791854858398e-01
8.747345209121704102e-01
9.926585555076599121e-01
8.462570905685424805e-01
5.993587970733642578e-01
9.938714504241943359e-01
9.322748184204101562e-01
9.911474585533142090e-01
9.611573219299316406e-01
9.966609477996826172e-01
9.838719964027404785e-01
9.034057259559631348e-01
9.731248617172241211e-01
9.297521710395812988e-01
9.979631900787353516e-01
5.472353100776672363e-01
9.481166601181030273e-01
9.993933439254760742e-01
9.981322884559631348e-01
9.709149599075317383e-01
9.511269927024841309e-01
8.802849054336547852e-01
9.663451910018920898e-01
5.105870962142944336e-01
9.988468885421752930e-01
9.749393463134765625e-01
9.804065227508544922e-01
9.794229865074157715e-01
8.565298318862915039e-01
9.707357287406921387e-01
9.987995624542236328e-01
9.451860189437866211e-01
9.919371604919433594e-01
5.986813306808471680e-01
8.827874064445495605e-01
6.477202177047729492e-01
9.916218519210815430e-01
9.945194125175476074e-01
9.522013068199157715e-01
5.167671442031860352e-01
7.963016629219055176e-01
4.807518422603607178e-01
9.910303354263305664e-01
9.751600027084350586e-01
9.671470522880554199e-01
9.566453695297241211e-01
8.888427615165710449e-01
5.207973718643188477e-01
4.863001108169555664e-01
8.897028565406799316e-01
7.910802364349365234e-01
9.912450909614562988e-01
9.945299029350280762e-01
7.782474756240844727e-01
4.732288122177124023e-01
4.647703766822814941e-01
8.791140913963317871e-01
4.822714328765869141e-01
4.534573256969451904e-01
9.999864101409912109e-01
6.900087594985961914e-01
9.761407375335693359e-01
9.399099349975585938e-01
5.053915381431579590e-01
8.975341320037841797e-01
2.784045338630676270e-01
5.429913997650146484e-01
8.816499114036560059e-01
4.791332781314849854e-01
4.159110784530639648e-01
8.788023591041564941e-01
4.387030601501464844e-01
9.561089277267456055e-01
9.950143694877624512e-01
5.846537351608276367e-01
4.467591941356658936e-01
9.486862421035766602e-01
9.883502721786499023e-01
6.430343389511108398e-01
4.960763752460479736e-01
9.515990018844604492e-01
9.942774176597595215e-01
4.379689097404479980e-01
9.970396161079406738e-01
3.395919799804687500e-01
4.921245872974395752e-01
4.142977893352508545e-01
9.862998127937316895e-01
3.591126501560211182e-01
9.994204044342041016e-01
5.561110377311706543e-01
9.714415073394775391e-01
9.690842032432556152e-01
4.798881411552429199e-01
4.871953725814819336e-01
4.452003240585327148e-01
9.999933242797851562e-01
4.804224967956542969e-01
4.012467265129089355e-01
5.333652496337890625e-01
4.647913873195648193e-01
9.914551973342895508e-01
9.844253063201904297e-01
9.487650990486145020e-01
9.965378046035766602e-01
4.831145107746124268e-01
9.563380479812622070e-01
9.491989016532897949e-01
7.182140350341796875e-01
9.667701721191406250e-01
9.552618265151977539e-01
5.926458239555358887e-01
9.099380373954772949e-01
5.089408755302429199e-01
5.439754128456115723e-01
4.384336471557617188e-01
9.952889680862426758e-01
9.798103570938110352e-01
3.899463117122650146e-01
4.551084339618682861e-01
4.226284325122833252e-01
8.274675011634826660e-01
9.996814727783203125e-01
9.604045152664184570e-01
5.752264857292175293e-01
9.997438788414001465e-01
9.905470013618469238e-01
9.917422533035278320e-01
4.935604035854339600e-01
9.995833039283752441e-01
5.966812372207641602e-01
9.358319044113159180e-01
4.411309063434600830e-01
1.221750304102897644e-01
4.703250229358673096e-01
9.958307147026062012e-01
3.858669102191925049e-01
4.325889348983764648e-01
3.677799701690673828e-01
2.843230068683624268e-01
4.487472474575042725e-01
9.821395277976989746e-01
4.766087830066680908e-01
9.993971586227416992e-01
9.537031650543212891e-01
9.865795969963073730e-01
9.667037725448608398e-01
1.677767038345336914e-01
9.880218505859375000e-01
2.058118581771850586e-01
4.265882670879364014e-01
4.366436898708343506e-01
8.745945692062377930e-01
3.751988410949707031e-01
9.494121670722961426e-01
9.316604137420654297e-01
4.504675269126892090e-01
9.670362472534179688e-01
3.976923525333404541e-01
9.428442716598510742e-01
9.995372295379638672e-01
9.478345513343811035e-01
9.901037812232971191e-01
3.239086866378784180e-01
2.666292786598205566e-01
2.708219587802886963e-01
2.767315506935119629e-01
4.477500617504119873e-01
9.936729669570922852e-01
4.237772524356842041e-01
4.817678928375244141e-01
9.490895867347717285e-01
9.991818070411682129e-01
9.821184873580932617e-01
4.624396860599517822e-01
9.471298456192016602e-01
9.791231155395507812e-01
3.197160363197326660e-01
1.361436694860458374e-01
3.908773660659790039e-01
5.524740815162658691e-01
9.996505975723266602e-01
8.616533279418945312e-01
3.190895318984985352e-01
8.232163786888122559e-01
2.757540345191955566e-01
2.348469942808151245e-01
9.383523464202880859e-01
4.300436973571777344e-01
9.818875193595886230e-01
4.156730771064758301e-01
1.393706500530242920e-01
9.884810447692871094e-01
9.841460585594177246e-01
2.495451271533966064e-01
9.297728538513183594e-01
9.931321740150451660e-01
2.874486744403839111e-01
3.603700101375579834e-01
2.569607198238372803e-01
9.941621422767639160e-01
9.981346130371093750e-01
4.643408060073852539e-01
2.785725593566894531e-01
9.709496498107910156e-01
3.052310943603515625e-01
9.650646448135375977e-01
9.993273019790649414e-01
4.854518473148345947e-01
6.399478912353515625e-01
9.972158670425415039e-01
5.789088010787963867e-01
7.084929347038269043e-01
9.336320161819458008e-01
1.540386825799942017e-01
7.370781898498535156e-01
9.718268513679504395e-01
9.999573230743408203e-01
9.987154006958007812e-01
9.981708526611328125e-01
1.207442060112953186e-01
8.312808275222778320e-01
6.435983180999755859e-01
7.036694288253784180e-01
2.613567709922790527e-01
5.343075394630432129e-01
9.820497632026672363e-01
8.144490122795104980e-01
9.997105002403259277e-01
9.989570379257202148e-01
4.728401601314544678e-01
9.965470433235168457e-01
6.492750644683837891e-01
8.421253561973571777e-01
9.381486177444458008e-01
6.066494584083557129e-01
6.399478912353515625e-01
9.996044039726257324e-01
1.000000000000000000e+00
8.040384650230407715e-01
7.844955921173095703e-01
8.779047131538391113e-01
3.388332724571228027e-01
9.935037493705749512e-01
7.675071954727172852e-01
7.145631313323974609e-01
9.971587657928466797e-01
6.934731602668762207e-01
1.000000000000000000e+00
4.138101041316986084e-01
2.120828777551651001e-01
9.984063506126403809e-01
5.172932147979736328e-01
9.138748645782470703e-01
4.999184012413024902e-01
8.589117527008056641e-01
7.980083823204040527e-01
5.293358564376831055e-01
9.812121987342834473e-01
9.291216135025024414e-01
9.154331088066101074e-01
9.297449588775634766e-01
5.109165906906127930e-01
5.272026658058166504e-01
9.495929479598999023e-01
9.694669246673583984e-01
5.257268548011779785e-01
5.051347613334655762e-01
9.657423496246337891e-01
5.281599164009094238e-01
7.576592564582824707e-01
4.247131049633026123e-01
8.717804551124572754e-01
4.574014544486999512e-01
5.117315649986267090e-01
7.655153274536132812e-01
8.873702287673950195e-01
7.111490368843078613e-01
7.309697866439819336e-01
4.145428240299224854e-01
4.028295278549194336e-01
5.091268420219421387e-01
5.405970215797424316e-01
7.104064226150512695e-01
8.113166093826293945e-01
8.881281018257141113e-01
2.296570539474487305e-01
7.823036909103393555e-01
4.156124889850616455e-01
9.949834346771240234e-01
6.502345800399780273e-01
9.167482852935791016e-01
8.956840038299560547e-01
9.629084467887878418e-01
6.272813677787780762e-01
7.865883111953735352e-01
2.830593287944793701e-01
9.813846349716186523e-01
6.907300353050231934e-01
8.416928648948669434e-01
4.914969205856323242e-01
4.640512466430664062e-01
5.110530257225036621e-01
5.371902585029602051e-01
4.583866596221923828e-01
2.728844285011291504e-01
8.944745659828186035e-01
7.016252279281616211e-01
4.939219355583190918e-01
5.518279671669006348e-01
4.347557127475738525e-01
4.449487924575805664e-01
6.899440288543701172e-01
4.471489787101745605e-01
4.437767863273620605e-01
9.963489770889282227e-01
9.845608472824096680e-01
9.998142123222351074e-01
9.782069921493530273e-01
9.982053041458129883e-01
9.978057742118835449e-01
2.782286703586578369e-01
6.323333382606506348e-01
9.119532108306884766e-01
9.985425472259521484e-01
9.665430784225463867e-01
9.824476838111877441e-01
4.499714970588684082e-01
5.218394398689270020e-01
9.032166004180908203e-01
5.543869137763977051e-01
4.862889647483825684e-01
8.740475177764892578e-01
9.874186515808105469e-01
9.744399785995483398e-01
9.097591638565063477e-01
9.610913395881652832e-01
8.370997309684753418e-01
3.708912730216979980e-01
4.571244120597839355e-01
9.998126626014709473e-01
3.932265341281890869e-01
4.845072925090789795e-01
9.400914311408996582e-01
9.844796061515808105e-01
4.954537153244018555e-01
5.837621092796325684e-01
9.909145832061767578e-01
4.467950761318206787e-01
9.818952679634094238e-01
4.528145194053649902e-01
5.194519162178039551e-01
7.520825266838073730e-01
3.732770681381225586e-01
9.323626160621643066e-01
3.783114552497863770e-01
4.363934099674224854e-01
9.999992847442626953e-01
9.945295453071594238e-01
9.294911026954650879e-01
5.443863272666931152e-01
5.327131748199462891e-01
9.941613078117370605e-01
9.184403419494628906e-01
9.739524722099304199e-01
9.982848763465881348e-01
5.639520883560180664e-01
8.995899558067321777e-01
5.005751252174377441e-01
9.005534648895263672e-01
9.991552829742431641e-01
9.080336093902587891e-01
4.786691963672637939e-01
5.920535922050476074e-01
7.466525435447692871e-01
8.405466079711914062e-01
9.189751148223876953e-01
9.999232292175292969e-01
9.940401911735534668e-01
5.936955213546752930e-01
9.068980813026428223e-01
9.579069018363952637e-01
9.894191026687622070e-01
4.834407567977905273e-01
9.957793951034545898e-01
5.179829597473144531e-01
8.780354261398315430e-01
4.662770628929138184e-01
1.990287750959396362e-01
3.381651593372225761e-03
2.305269055068492889e-02
1.990870535373687744e-01
5.579615477472543716e-03
1.760547794401645660e-02
5.944263935089111328e-02
1.627476662397384644e-01
8.908344805240631104e-02
1.589205116033554077e-02
1.839235238730907440e-02
4.180796444416046143e-02
1.984883658587932587e-02
6.658522039651870728e-02
3.160876929759979248e-01
1.064359955489635468e-02
1.026934459805488586e-01
1.134480684995651245e-01
1.253341287374496460e-01
3.541694022715091705e-03
7.144023478031158447e-02
1.451170723885297775e-02
8.503024280071258545e-02
2.525295019149780273e-01
1.701312698423862457e-02
5.787424743175506592e-03
6.357250967994332314e-04
4.739460349082946777e-02
9.579312056303024292e-03
1.030914063449017704e-04
4.834321327507495880e-03
4.666615426540374756e-01
2.426064461469650269e-01
5.533765535801649094e-03
5.635451991111040115e-03
2.393833734095096588e-02
2.860058546066284180e-01
4.683641493320465088e-01
3.064057230949401855e-01
1.223391145467758179e-01
2.505722083151340485e-02
3.200259804725646973e-01
1.172064244747161865e-01
3.438022732734680176e-02
3.386355936527252197e-01
6.817276775836944580e-02
3.025004863739013672e-01
8.159083127975463867e-02
1.395183894783258438e-02
7.284125685691833496e-02
3.942629396915435791e-01
2.393645467236638069e-03
2.904548309743404388e-02
4.235206544399261475e-02
9.025930613279342651e-02
2.064340114593505859e-01
6.604944355785846710e-03
5.112687870860099792e-02
1.173957064747810364e-01
1.712834695354104042e-03
2.354023233056068420e-02
1.083681881427764893e-01
3.063997328281402588e-01
4.618882834911346436e-01
3.760056197643280029e-02
9.190563112497329712e-02
4.512327536940574646e-02
4.378463029861450195e-01
1.638867706060409546e-01
1.758291199803352356e-02
2.868436463177204132e-02
4.418932646512985229e-02
5.908617749810218811e-03
3.966289758682250977e-02
9.751257300376892090e-02
5.306649953126907349e-03
8.813316002488136292e-03
5.027905572205781937e-03
1.066286303102970123e-02
4.155483469367027283e-02
8.917593397200107574e-03
4.155483469367027283e-02
1.419109292328357697e-02
5.448926240205764771e-02
1.248195674270391464e-02
6.864379160106182098e-03
1.584202237427234650e-02
2.510075457394123077e-02
9.242530912160873413e-03
3.832034021615982056e-02
3.653823956847190857e-02
1.493218820542097092e-02
1.419109292328357697e-02
7.274659350514411926e-03
7.635994255542755127e-02
9.222488850355148315e-03
4.157335031777620316e-03
2.227098792791366577e-01
1.419109292328357697e-02
9.222488850355148315e-03
7.036769762635231018e-03
5.369934253394603729e-03
1.054278668016195297e-02
9.192694909870624542e-03
8.212217129766941071e-03
4.337319731712341309e-02
2.032505907118320465e-02
7.878249511122703552e-03
5.027905572205781937e-03
9.100604057312011719e-02
4.787037521600723267e-02
6.308507919311523438e-02
6.308507919311523438e-02
5.381003953516483307e-03
8.887301199138164520e-03
8.813316002488136292e-03
5.381003953516483307e-03
3.653823956847190857e-02
2.265151590108871460e-02
9.222488850355148315e-03
6.864379160106182098e-03
8.084616810083389282e-02
5.058735609054565430e-03
7.631808519363403320e-02
3.827711567282676697e-02
7.036769762635231018e-03
1.964612863957881927e-02
5.178997758775949478e-03
4.155483469367027283e-02
9.100604057312011719e-02
9.100604057312011719e-02
1.502197142690420151e-02
1.448527723550796509e-02
6.864379160106182098e-03
1.032862439751625061e-01
8.740867488086223602e-03
9.916815906763076782e-03
2.805813960731029510e-02
1.881930045783519745e-02
1.096571888774633408e-02
5.369934253394603729e-03
1.814004182815551758e-01
1.294194534420967102e-02
8.917593397200107574e-03
1.019844263792037964e-01
2.029071748256683350e-02
1.199562381953001022e-02
4.629746079444885254e-02
2.766736596822738647e-02
1.380572281777858734e-02
4.192933440208435059e-01
3.269623816013336182e-01
3.855075538158416748e-01
8.877191692590713501e-02
6.213907524943351746e-02
2.458968013525009155e-01
2.628417015075683594e-01
2.080823332071304321e-01
1.991030722856521606e-01
4.091340601444244385e-01
8.807037025690078735e-02
9.069371968507766724e-02
6.438444256782531738e-01
6.079430878162384033e-02
2.818240821361541748e-01
4.012303054332733154e-01
2.123373150825500488e-01
4.800349473953247070e-01
4.793930649757385254e-01
4.803285598754882812e-01
8.317217975854873657e-02
1.896353624761104584e-02
3.585421442985534668e-01
1.860910505056381226e-01
4.697564542293548584e-01
1.874465346336364746e-01
1.001240909099578857e-01
1.756120175123214722e-01
2.548122107982635498e-01
3.779306113719940186e-01
3.064574599266052246e-01
1.624305993318557739e-01
4.737926125526428223e-01
3.480701744556427002e-01
4.553766548633575439e-01
2.492189407348632812e-01
2.160983383655548096e-01
1.034176200628280640e-01
3.403595685958862305e-01
5.288901925086975098e-01
2.914196848869323730e-01
2.750439345836639404e-01
8.989797532558441162e-02
4.344980120658874512e-01
1.527066901326179504e-02
1.470578014850616455e-01
4.016687572002410889e-01
3.226716220378875732e-01
4.441667720675468445e-02
2.825138568878173828e-01
1.436049193143844604e-01
4.310143738985061646e-02
7.077288627624511719e-02
9.844491630792617798e-02
1.631811708211898804e-01
1.914666444063186646e-01
4.093321859836578369e-01
2.122690081596374512e-01
4.042394086718559265e-02
4.616985321044921875e-01
1.336538046598434448e-01
3.710533678531646729e-02
3.196063339710235596e-01
1.484062224626541138e-01
9.971604496240615845e-02
3.605706691741943359e-01
8.244556933641433716e-02
4.176694750785827637e-01
3.959985971450805664e-01
2.918114364147186279e-01
2.511932253837585449e-01
6.148372292518615723e-01
1.301799565553665161e-01
6.996753066778182983e-02
2.904493808746337891e-01
4.598518311977386475e-01
9.117836505174636841e-02
3.849145770072937012e-01
4.377502501010894775e-01
6.479925513267517090e-01
4.089131653308868408e-01
3.661853969097137451e-01
1.120925694704055786e-01
4.219811558723449707e-01
4.857713282108306885e-01
3.088403642177581787e-01
2.396417856216430664e-01
4.650348722934722900e-01
3.220461905002593994e-01
1.668589264154434204e-01
5.280200242996215820e-01
9.049210697412490845e-02
1.433471441268920898e-01
2.484240680932998657e-01
2.492476701736450195e-01
2.946869134902954102e-01
3.347090184688568115e-01
3.746293783187866211e-01
1.540703475475311279e-01
9.025538712739944458e-02
8.654683083295822144e-02
2.293656766414642334e-02
4.416469857096672058e-02
2.508078515529632568e-01
7.775568217039108276e-02
1.887653721496462822e-03
1.416868567466735840e-01
7.605493813753128052e-02
1.645441502332687378e-01
2.289766967296600342e-01
4.256122112274169922e-01
3.941988050937652588e-01
1.596429198980331421e-01
1.861962229013442993e-01
2.041870355606079102e-01
1.629654616117477417e-01
6.181614473462104797e-02
8.965174853801727295e-02
3.576242625713348389e-01
6.944923847913742065e-02
9.263939410448074341e-02
3.344599157571792603e-02
5.537676438689231873e-02
4.301627874374389648e-01
6.583974510431289673e-02
1.388451755046844482e-01
1.263685077428817749e-01
1.235578767955303192e-02
2.822481328621506691e-03
1.325763016939163208e-01
3.130948245525360107e-01
6.906349211931228638e-02
4.268049728125333786e-03
5.335386469960212708e-02
1.048133373260498047e-01
2.949588894844055176e-01
4.631640613079071045e-01
4.232162237167358398e-01
2.526935636997222900e-01
4.228843450546264648e-01
1.332370489835739136e-01
2.351567298173904419e-01
5.617693066596984863e-02
4.644023254513740540e-03
2.283173613250255585e-02
5.986139923334121704e-02
8.043188601732254028e-02
1.198483444750308990e-02
4.967774450778961182e-01
9.348652511835098267e-02
7.122975587844848633e-02
1.330864522606134415e-02
2.774995267391204834e-01
2.072861790657043457e-01
9.929045289754867554e-02
1.062284260988235474e-01
2.802098989486694336e-01
2.457540780305862427e-01
1.194192320108413696e-01
2.851291000843048096e-01
2.762576751410961151e-02
1.329635828733444214e-01
4.265716671943664551e-01
1.157063320279121399e-01
1.450806409120559692e-01
1.024892181158065796e-01
7.992295920848846436e-02
5.386219825595617294e-03
9.534172713756561279e-03
3.655875846743583679e-02
1.643604040145874023e-01
4.404190462082624435e-03
2.488930523395538330e-02
3.150474727153778076e-01
5.848600342869758606e-02
1.425058990716934204e-01
3.545734286308288574e-02
4.531722888350486755e-02
1.037590950727462769e-02
2.809161245822906494e-01
3.787169232964515686e-02
9.429249912500381470e-03
2.489023283123970032e-02
1.242284290492534637e-02
2.458358183503150940e-02
2.904884982854127884e-03
4.490132629871368408e-02
2.547706849873065948e-02
2.513413783162832260e-03
1.527043245732784271e-02
1.042535752058029175e-01
1.943304389715194702e-02
1.256729513406753540e-01
2.266764491796493530e-01
1.210564747452735901e-02
3.944416344165802002e-02
1.278614401817321777e-01
1.547695547342300415e-01
9.368824958801269531e-02
7.884938269853591919e-02
3.527074819430708885e-03
4.037251323461532593e-02
1.020384132862091064e-01
1.452374160289764404e-01
2.253887988626956940e-02
1.780970953404903412e-02
1.144227683544158936e-01
5.026799067854881287e-02
9.288951754570007324e-03
8.231440559029579163e-03
3.793538734316825867e-02
8.681784570217132568e-02
5.735184997320175171e-02
4.916198551654815674e-02
4.017376154661178589e-02
1.298345327377319336e-01
4.103128015995025635e-01
4.515511393547058105e-01
8.136804401874542236e-02
4.045211374759674072e-01
4.494169354438781738e-02
4.342299103736877441e-01
3.138406276702880859e-01
1.792571991682052612e-01
1.378382146358489990e-01
1.297553628683090210e-01
8.959666639566421509e-02
2.664566598832607269e-02
4.253734052181243896e-01
4.734951257705688477e-01
1.649763733148574829e-01
2.264801263809204102e-01
2.806344330310821533e-01
3.800951242446899414e-01
4.878959655761718750e-01
4.019258320331573486e-01
1.534760892391204834e-01
3.232941031455993652e-02
2.717239558696746826e-01
1.127984523773193359e-01
4.440936744213104248e-01
1.505443006753921509e-01
5.214464664459228516e-01
2.549672424793243408e-01
5.991350859403610229e-02
1.239524632692337036e-01
1.683670133352279663e-01
4.892761409282684326e-01
4.849459230899810791e-01
2.248375266790390015e-01
4.491523802280426025e-01
3.049658536911010742e-01
2.387888729572296143e-01
6.254053115844726562e-01
2.881435155868530273e-01
1.115455925464630127e-01
3.277868032455444336e-01
3.919928148388862610e-02
1.190658584237098694e-01
2.814010083675384521e-01
1.566687971353530884e-01
2.962269783020019531e-01
2.436866983771324158e-02
4.180238246917724609e-01
3.790235221385955811e-01
4.952393770217895508e-01
5.521344542503356934e-01
1.503935754299163818e-01
3.866059184074401855e-01
4.899371564388275146e-01
5.548802018165588379e-02
3.061031401157379150e-01
3.315548598766326904e-01
4.531920701265335083e-02
2.287876158952713013e-01
2.433123067021369934e-02
2.616209909319877625e-03
8.854028582572937012e-02
1.698298156261444092e-01
4.213179345242679119e-04
6.765516940504312515e-03
9.519098699092864990e-02
1.207561343908309937e-01
4.890330433845520020e-01
5.059642791748046875e-01
2.405184134840965271e-02
4.254399985074996948e-02
2.303087897598743439e-02
1.045890450477600098e-01
4.882243871688842773e-01
1.434234669432044029e-03
6.447543855756521225e-03
6.841804832220077515e-02
1.496992856264114380e-01
1.634567379951477051e-01
1.227666214108467102e-01
5.037085413932800293e-01
5.164498090744018555e-01
5.529376268386840820e-01
3.176172375679016113e-01
2.189494371414184570e-01
6.096197757869958878e-04
6.524711847305297852e-02
3.960255126003175974e-04
2.617914378643035889e-01
2.299279905855655670e-03
4.752061963081359863e-01
6.402093172073364258e-02
1.477328091859817505e-01
9.618115611374378204e-03
1.325053279288113117e-03
3.189913630485534668e-01
6.735898554325103760e-02
5.620108451694250107e-03
2.401542812585830688e-01
4.055435582995414734e-02
5.840813275426626205e-03
5.911024287343025208e-03
1.170524507761001587e-01
3.325386717915534973e-02
3.532228991389274597e-03
1.168728768825531006e-01
4.359190464019775391e-01
6.087644025683403015e-03
1.257291436195373535e-02
1.350402086973190308e-01
1.612395346164703369e-01
2.410487383604049683e-01
3.482821211218833923e-02
1.707158386707305908e-01
2.866833470761775970e-02
1.219580993056297302e-01
6.525284796953201294e-02
4.106946662068367004e-02
4.433347284793853760e-01
3.596181273460388184e-01
1.692027412354946136e-02
2.228245511651039124e-02
3.366379067301750183e-03
2.065485808998346329e-03
2.355444431304931641e-01
7.572591304779052734e-02
1.819194406270980835e-01
2.796794772148132324e-01
4.777585715055465698e-02
4.257065951824188232e-01
1.339753740467131138e-03
2.906440012156963348e-02
1.152269542217254639e-02
3.140400350093841553e-02
