4.616418182849884033e-01
4.802253544330596924e-01
4.679238796234130859e-01
4.569591283798217773e-01
4.569591283798217773e-01
4.693695306777954102e-01
4.569591283798217773e-01
4.569591283798217773e-01
4.569591283798217773e-01
4.671770036220550537e-01
4.697642922401428223e-01
4.569591283798217773e-01
4.777187108993530273e-01
4.558520615100860596e-01
4.569591283798217773e-01
4.569591283798217773e-01
4.697803854942321777e-01
4.659711718559265137e-01
4.569591283798217773e-01
4.712048768997192383e-01
4.569591283798217773e-01
4.712651371955871582e-01
4.569591283798217773e-01
4.729701876640319824e-01
4.569591283798217773e-01
4.740243554115295410e-01
4.540228545665740967e-01
4.709630906581878662e-01
4.710768163204193115e-01
4.569591283798217773e-01
4.777399003505706787e-01
4.569591283798217773e-01
4.574747383594512939e-01
4.722443819046020508e-01
4.757550954818725586e-01
4.687205851078033447e-01
4.766176640987396240e-01
4.650126099586486816e-01
4.569591283798217773e-01
4.552140533924102783e-01
4.569591283798217773e-01
4.569591283798217773e-01
4.694811701774597168e-01
4.569591283798217773e-01
4.569591283798217773e-01
4.569591283798217773e-01
4.569591283798217773e-01
4.569591283798217773e-01
4.679439663887023926e-01
4.569591283798217773e-01
4.674496948719024658e-01
4.569591283798217773e-01
4.569591283798217773e-01
4.529370665550231934e-01
4.569591283798217773e-01
4.569591283798217773e-01
4.640194177627563477e-01
4.569591283798217773e-01
4.569591283798217773e-01
4.688659906387329102e-01
4.725393354892730713e-01
4.737448692321777344e-01
4.752368032932281494e-01
4.569591283798217773e-01
4.692592024803161621e-01
4.569591283798217773e-01
4.569591283798217773e-01
4.704957604408264160e-01
4.569591283798217773e-01
4.569591283798217773e-01
4.681094884872436523e-01
4.768340587615966797e-01
4.569591283798217773e-01
4.569591283798217773e-01
4.752877354621887207e-01
4.569591283798217773e-01
4.569591283798217773e-01
4.569591283798217773e-01
4.774194359779357910e-01
4.569591283798217773e-01
4.569591283798217773e-01
4.609601497650146484e-01
4.569591283798217773e-01
4.569591283798217773e-01
4.569591283798217773e-01
4.569591283798217773e-01
4.865254759788513184e-01
4.569591283798217773e-01
4.681712985038757324e-01
4.569591283798217773e-01
4.736763834953308105e-01
4.678011238574981689e-01
4.569591283798217773e-01
4.714152514934539795e-01
4.698245227336883545e-01
4.779799878597259521e-01
4.747815132141113281e-01
4.845937788486480713e-01
4.569591283798217773e-01
4.569591283798217773e-01
4.569591283798217773e-01
4.701194167137145996e-01
4.569591283798217773e-01
4.569591283798217773e-01
4.730273783206939697e-01
4.603384733200073242e-01
4.812893569469451904e-01
4.569591283798217773e-01
4.569591283798217773e-01
4.569591283798217773e-01
4.742085039615631104e-01
4.569591283798217773e-01
4.569591283798217773e-01
4.569591283798217773e-01
4.734543859958648682e-01
4.569591283798217773e-01
4.569591283798217773e-01
4.861171245574951172e-01
4.812121093273162842e-01
4.981549680233001709e-01
4.600031971931457520e-01
4.831669926643371582e-01
4.693970084190368652e-01
4.569591283798217773e-01
4.913280010223388672e-01
4.569591283798217773e-01
4.831256866455078125e-01
4.569591283798217773e-01
4.688610136508941650e-01
4.928978681564331055e-01
4.767217636108398438e-01
4.699200093746185303e-01
4.768542349338531494e-01
4.569591283798217773e-01
4.671293497085571289e-01
4.569591283798217773e-01
4.590248763561248779e-01
4.817631840705871582e-01
4.866218268871307373e-01
4.683098196983337402e-01
4.569591283798217773e-01
4.973950386047363281e-01
4.752295613288879395e-01
4.569591283798217773e-01
4.857950508594512939e-01
4.569591283798217773e-01
4.569591283798217773e-01
4.569591283798217773e-01
4.614829421043395996e-01
4.723183512687683105e-01
4.671809673309326172e-01
4.569591283798217773e-01
4.818043112754821777e-01
4.569591283798217773e-01
4.731912612915039062e-01
4.728790819644927979e-01
4.749363958835601807e-01
4.763685464859008789e-01
4.635904133319854736e-01
4.569591283798217773e-01
4.569591283798217773e-01
4.569591283798217773e-01
4.569591283798217773e-01
4.555558860301971436e-01
4.750168323516845703e-01
4.719093739986419678e-01
4.569591283798217773e-01
4.569591283798217773e-01
4.777665436267852783e-01
4.569591283798217773e-01
4.569591283798217773e-01
4.747050106525421143e-01
4.569591283798217773e-01
4.572737812995910645e-01
4.668487906455993652e-01
4.569591283798217773e-01
4.727018177509307861e-01
4.569591283798217773e-01
4.569591283798217773e-01
4.705740213394165039e-01
4.569591283798217773e-01
4.569591283798217773e-01
4.674061834812164307e-01
4.569591283798217773e-01
4.760558605194091797e-01
4.872811734676361084e-01
4.569591283798217773e-01
4.569591283798217773e-01
4.675420820713043213e-01
4.576853513717651367e-01
4.569591283798217773e-01
4.569591283798217773e-01
4.742373526096343994e-01
4.831870198249816895e-01
4.569591283798217773e-01
4.757164716720581055e-01
4.569591283798217773e-01
4.569591283798217773e-01
4.569591283798217773e-01
4.621454775333404541e-01
4.569591283798217773e-01
4.797981083393096924e-01
4.569591283798217773e-01
4.782218337059020996e-01
4.735513031482696533e-01
4.569591283798217773e-01
4.569591283798217773e-01
4.569591283798217773e-01
4.600330591201782227e-01
4.569591283798217773e-01
4.569591283798217773e-01
4.569591283798217773e-01
4.569591283798217773e-01
4.690292179584503174e-01
4.818843603134155273e-01
4.668990075588226318e-01
4.761577248573303223e-01
4.569591283798217773e-01
4.584843218326568604e-01
4.771357774734497070e-01
4.748639762401580811e-01
4.769962728023529053e-01
4.718720316886901855e-01
4.569591283798217773e-01
4.735742509365081787e-01
4.569591283798217773e-01
4.569591283798217773e-01
4.569591283798217773e-01
4.838232100009918213e-01
4.701956212520599365e-01
4.569591283798217773e-01
4.569591283798217773e-01
4.569591283798217773e-01
4.710856974124908447e-01
4.596198797225952148e-01
4.727939367294311523e-01
4.569591283798217773e-01
4.742923080921173096e-01
4.730164408683776855e-01
4.715341627597808838e-01
4.569591283798217773e-01
4.807800352573394775e-01
4.569591283798217773e-01
4.699485599994659424e-01
4.569591283798217773e-01
4.569591283798217773e-01
4.569591283798217773e-01
4.676968157291412354e-01
4.569591283798217773e-01
4.569591283798217773e-01
4.569591283798217773e-01
4.569591283798217773e-01
4.569591283798217773e-01
4.554016590118408203e-01
4.569591283798217773e-01
4.698923230171203613e-01
4.617157578468322754e-01
4.550053179264068604e-01
4.675681293010711670e-01
4.569591283798217773e-01
4.689556956291198730e-01
4.569591283798217773e-01
4.569591283798217773e-01
4.569591283798217773e-01
4.713304936885833740e-01
4.569591283798217773e-01
4.713938534259796143e-01
4.557310640811920166e-01
4.569591283798217773e-01
4.660087227821350098e-01
4.569591283798217773e-01
4.676778614521026611e-01
4.712994098663330078e-01
4.763001501560211182e-01
4.716468453407287598e-01
4.569591283798217773e-01
4.569591283798217773e-01
4.569591283798217773e-01
4.569591283798217773e-01
4.569591283798217773e-01
4.681146442890167236e-01
4.569591283798217773e-01
4.569591283798217773e-01
4.569591283798217773e-01
4.843995273113250732e-01
4.686088263988494873e-01
4.569591283798217773e-01
4.676778614521026611e-01
4.675807356834411621e-01
4.569591283798217773e-01
4.569591283798217773e-01
4.569591283798217773e-01
4.569591283798217773e-01
4.707290530204772949e-01
4.644840061664581299e-01
4.569591283798217773e-01
4.532524645328521729e-01
4.569591283798217773e-01
4.569591283798217773e-01
4.557967782020568848e-01
4.569591283798217773e-01
4.681651890277862549e-01
4.569591283798217773e-01
4.569591283798217773e-01
4.732663333415985107e-01
4.671341776847839355e-01
4.569591283798217773e-01
4.746210575103759766e-01
4.778877198696136475e-01
4.569591283798217773e-01
4.569591283798217773e-01
4.569591283798217773e-01
4.567590951919555664e-01
4.736007750034332275e-01
4.569591283798217773e-01
4.569591283798217773e-01
4.770616888999938965e-01
4.569591283798217773e-01
4.552341103553771973e-01
4.537734687328338623e-01
4.569591283798217773e-01
4.569591283798217773e-01
4.705808460712432861e-01
4.569591283798217773e-01
4.569591283798217773e-01
4.569591283798217773e-01
4.569591283798217773e-01
4.569591283798217773e-01
4.569591283798217773e-01
4.707645475864410400e-01
4.601387381553649902e-01
4.705059826374053955e-01
4.569591283798217773e-01
4.569591283798217773e-01
4.569591283798217773e-01
4.569591283798217773e-01
4.569591283798217773e-01
4.569591283798217773e-01
4.569591283798217773e-01
4.569591283798217773e-01
4.759784340858459473e-01
4.706253111362457275e-01
4.569591283798217773e-01
4.659640491008758545e-01
4.569591283798217773e-01
4.569591283798217773e-01
4.569591283798217773e-01
4.569591283798217773e-01
4.569591283798217773e-01
4.710362851619720459e-01
4.871247112751007080e-01
4.569591283798217773e-01
4.569591283798217773e-01
4.569591283798217773e-01
4.569591283798217773e-01
4.763680994510650635e-01
4.569591283798217773e-01
4.569591283798217773e-01
4.635504782199859619e-01
4.569591283798217773e-01
4.723454713821411133e-01
4.569591283798217773e-01
4.569591283798217773e-01
4.668402671813964844e-01
4.569591283798217773e-01
4.569591283798217773e-01
4.569591283798217773e-01
4.607875049114227295e-01
4.569591283798217773e-01
4.569591283798217773e-01
4.710983932018280029e-01
4.714480936527252197e-01
4.569591283798217773e-01
4.569591283798217773e-01
4.569591283798217773e-01
4.569591283798217773e-01
4.683795273303985596e-01
4.618355333805084229e-01
4.569591283798217773e-01
4.569591283798217773e-01
4.569591283798217773e-01
4.569591283798217773e-01
4.569591283798217773e-01
4.569591283798217773e-01
4.738135337829589844e-01
4.569591283798217773e-01
4.569591283798217773e-01
4.569591283798217773e-01
4.569591283798217773e-01
4.569591283798217773e-01
4.569591283798217773e-01
4.569591283798217773e-01
4.569591283798217773e-01
4.569591283798217773e-01
4.569591283798217773e-01
4.569591283798217773e-01
4.569591283798217773e-01
4.736454784870147705e-01
4.569591283798217773e-01
4.569591283798217773e-01
4.569591283798217773e-01
4.778800606727600098e-01
4.668586254119873047e-01
4.569591283798217773e-01
4.569591283798217773e-01
4.710086882114410400e-01
4.569591283798217773e-01
4.569591283798217773e-01
4.569591283798217773e-01
4.707521200180053711e-01
4.569591283798217773e-01
4.569591283798217773e-01
4.569591283798217773e-01
4.569591283798217773e-01
4.569591283798217773e-01
4.569591283798217773e-01
4.569591283798217773e-01
4.569591283798217773e-01
4.796662032604217529e-01
4.569591283798217773e-01
4.569591283798217773e-01
4.569591283798217773e-01
4.569591283798217773e-01
4.569591283798217773e-01
4.569591283798217773e-01
4.569591283798217773e-01
4.569591283798217773e-01
4.685277938842773438e-01
4.733547866344451904e-01
4.564754366874694824e-01
4.583635330200195312e-01
4.749341607093811035e-01
4.746089577674865723e-01
4.569591283798217773e-01
4.569591283798217773e-01
4.569591283798217773e-01
4.537105858325958252e-01
4.690246880054473877e-01
4.681883156299591064e-01
4.569591283798217773e-01
4.569591283798217773e-01
4.664853215217590332e-01
4.569591283798217773e-01
4.569591283798217773e-01
4.569591283798217773e-01
4.634628593921661377e-01
4.738914370536804199e-01
4.714517593383789062e-01
4.663262665271759033e-01
4.569591283798217773e-01
4.569591283798217773e-01
4.569591283798217773e-01
4.795735180377960205e-01
4.569591283798217773e-01
4.569591283798217773e-01
4.660995006561279297e-01
4.744288623332977295e-01
4.569591283798217773e-01
4.569591283798217773e-01
4.708037078380584717e-01
4.569591283798217773e-01
4.603027999401092529e-01
4.569591283798217773e-01
4.569591283798217773e-01
4.569591283798217773e-01
4.569591283798217773e-01
4.678696990013122559e-01
4.569591283798217773e-01
4.569591283798217773e-01
4.810110628604888916e-01
4.710941612720489502e-01
4.569591283798217773e-01
4.569591283798217773e-01
4.569591283798217773e-01
4.734146296977996826e-01
4.569591283798217773e-01
4.680298268795013428e-01
4.783972501754760742e-01
4.569591283798217773e-01
4.569591283798217773e-01
4.569591283798217773e-01
4.569591283798217773e-01
4.777994751930236816e-01
4.569591283798217773e-01
4.569591283798217773e-01
4.569591283798217773e-01
4.695328474044799805e-01
4.569591283798217773e-01
4.543263018131256104e-01
4.570466279983520508e-01
4.719963073730468750e-01
4.569591283798217773e-01
4.731894135475158691e-01
4.752470254898071289e-01
4.635094106197357178e-01
4.569591283798217773e-01
4.728685021400451660e-01
4.569591283798217773e-01
4.569591283798217773e-01
4.569591283798217773e-01
4.569591283798217773e-01
4.569591283798217773e-01
4.569591283798217773e-01
4.569591283798217773e-01
4.569591283798217773e-01
4.569591283798217773e-01
4.569591283798217773e-01
4.569591283798217773e-01
4.569591283798217773e-01
4.569591283798217773e-01
4.632877707481384277e-01
4.569591283798217773e-01
4.569591283798217773e-01
4.569591283798217773e-01
4.612520337104797363e-01
4.569591283798217773e-01
4.569591283798217773e-01
4.569591283798217773e-01
4.569591283798217773e-01
4.569591283798217773e-01
4.569591283798217773e-01
4.569591283798217773e-01
4.569591283798217773e-01
4.569591283798217773e-01
4.569591283798217773e-01
4.569591283798217773e-01
4.569591283798217773e-01
4.569591283798217773e-01
4.569591283798217773e-01
4.569591283798217773e-01
4.569591283798217773e-01
4.569591283798217773e-01
4.569591283798217773e-01
4.569591283798217773e-01
4.569591283798217773e-01
4.569591283798217773e-01
4.569591283798217773e-01
4.569591283798217773e-01
4.569591283798217773e-01
4.569591283798217773e-01
4.569591283798217773e-01
4.569591283798217773e-01
4.569591283798217773e-01
4.569591283798217773e-01
4.569591283798217773e-01
4.569591283798217773e-01
4.569591283798217773e-01
4.569591283798217773e-01
4.569591283798217773e-01
4.569591283798217773e-01
4.569591283798217773e-01
4.569591283798217773e-01
4.569591283798217773e-01
4.569591283798217773e-01
4.589335620403289795e-01
4.569591283798217773e-01
4.569591283798217773e-01
4.569591283798217773e-01
4.569591283798217773e-01
4.569591283798217773e-01
4.583492577075958252e-01
4.565805792808532715e-01
4.569591283798217773e-01
4.569591283798217773e-01
4.569591283798217773e-01
4.569591283798217773e-01
4.569591283798217773e-01
4.569591283798217773e-01
4.569591283798217773e-01
4.569591283798217773e-01
4.569591283798217773e-01
4.569591283798217773e-01
4.569591283798217773e-01
4.569591283798217773e-01
4.569591283798217773e-01
4.569591283798217773e-01
4.569591283798217773e-01
4.569591283798217773e-01
4.569591283798217773e-01
4.569591283798217773e-01
4.569591283798217773e-01
4.569591283798217773e-01
4.569591283798217773e-01
4.569591283798217773e-01
4.569591283798217773e-01
4.569591283798217773e-01
4.569591283798217773e-01
4.569591283798217773e-01
4.569591283798217773e-01
4.534650743007659912e-01
4.569591283798217773e-01
4.569591283798217773e-01
4.569591283798217773e-01
4.569591283798217773e-01
4.569591283798217773e-01
4.569591283798217773e-01
4.569591283798217773e-01
4.569591283798217773e-01
4.530329406261444092e-01
4.569591283798217773e-01
4.569591283798217773e-01
4.569591283798217773e-01
4.569591283798217773e-01
4.569591283798217773e-01
4.569591283798217773e-01
4.569591283798217773e-01
4.569591283798217773e-01
4.569591283798217773e-01
4.569591283798217773e-01
4.569591283798217773e-01
4.569591283798217773e-01
4.569591283798217773e-01
4.569591283798217773e-01
4.569591283798217773e-01
4.569591283798217773e-01
4.569591283798217773e-01
4.569591283798217773e-01
4.569591283798217773e-01
4.569591283798217773e-01
4.569591283798217773e-01
4.569591283798217773e-01
4.569591283798217773e-01
4.569591283798217773e-01
4.569591283798217773e-01
4.569591283798217773e-01
4.569591283798217773e-01
4.569591283798217773e-01
4.569591283798217773e-01
4.569591283798217773e-01
4.569591283798217773e-01
4.569591283798217773e-01
4.569591283798217773e-01
4.569591283798217773e-01
4.569591283798217773e-01
4.569591283798217773e-01
4.569591283798217773e-01
4.569591283798217773e-01
4.569591283798217773e-01
4.569591283798217773e-01
4.569591283798217773e-01
4.569591283798217773e-01
4.569591283798217773e-01
4.569591283798217773e-01
4.569591283798217773e-01
4.569591283798217773e-01
4.569591283798217773e-01
4.569591283798217773e-01
4.569591283798217773e-01
4.569591283798217773e-01
4.587560594081878662e-01
4.569591283798217773e-01
4.569591283798217773e-01
4.569591283798217773e-01
4.569591283798217773e-01
4.569591283798217773e-01
4.569591283798217773e-01
4.569591283798217773e-01
4.569591283798217773e-01
4.569591283798217773e-01
4.569591283798217773e-01
4.569591283798217773e-01
4.569591283798217773e-01
4.569591283798217773e-01
4.569591283798217773e-01
4.569591283798217773e-01
4.569591283798217773e-01
4.569591283798217773e-01
4.569591283798217773e-01
4.569591283798217773e-01
4.569591283798217773e-01
4.569591283798217773e-01
4.569591283798217773e-01
4.569591283798217773e-01
4.569591283798217773e-01
4.569591283798217773e-01
4.569591283798217773e-01
4.569591283798217773e-01
4.569591283798217773e-01
4.569591283798217773e-01
4.569591283798217773e-01
4.569591283798217773e-01
4.569591283798217773e-01
4.569591283798217773e-01
4.541431963443756104e-01
4.569591283798217773e-01
4.558520615100860596e-01
4.569591283798217773e-01
4.569591283798217773e-01
4.540228545665740967e-01
4.574747383594512939e-01
4.569591283798217773e-01
4.552140533924102783e-01
4.569591283798217773e-01
4.529370665550231934e-01
4.640194177627563477e-01
4.569591283798217773e-01
4.569591283798217773e-01
4.609601497650146484e-01
4.681712985038757324e-01
4.678011238574981689e-01
4.569591283798217773e-01
4.569591283798217773e-01
4.603384733200073242e-01
4.600031971931457520e-01
4.569591283798217773e-01
4.569591283798217773e-01
4.671293497085571289e-01
4.590248763561248779e-01
4.569591283798217773e-01
4.614829421043395996e-01
4.635904133319854736e-01
4.555558860301971436e-01
4.569591283798217773e-01
4.572737812995910645e-01
4.569591283798217773e-01
4.576853513717651367e-01
4.621454775333404541e-01
4.569591283798217773e-01
4.569591283798217773e-01
4.600330591201782227e-01
4.569591283798217773e-01
4.584843218326568604e-01
4.569591283798217773e-01
4.569591283798217773e-01
4.596198797225952148e-01
4.569591283798217773e-01
4.554016590118408203e-01
4.550053179264068604e-01
4.557310640811920166e-01
4.716468453407287598e-01
4.569591283798217773e-01
4.569591283798217773e-01
4.569591283798217773e-01
4.532524645328521729e-01
4.557967782020568848e-01
4.569591283798217773e-01
4.567590951919555664e-01
4.552341103553771973e-01
4.537734687328338623e-01
4.569591283798217773e-01
4.601387381553649902e-01
4.569591283798217773e-01
4.569591283798217773e-01
4.569591283798217773e-01
4.569591283798217773e-01
4.607875049114227295e-01
4.618355333805084229e-01
4.569591283798217773e-01
4.569591283798217773e-01
4.569591283798217773e-01
4.569591283798217773e-01
4.569591283798217773e-01
4.569591283798217773e-01
4.564754366874694824e-01
4.583635330200195312e-01
4.537105858325958252e-01
4.569591283798217773e-01
4.569591283798217773e-01
4.603027999401092529e-01
4.569591283798217773e-01
4.569591283798217773e-01
4.569591283798217773e-01
4.543263018131256104e-01
4.570466279983520508e-01
4.569591283798217773e-01
4.569591283798217773e-01
4.569591283798217773e-01
4.569591283798217773e-01
4.569591283798217773e-01
4.569591283798217773e-01
4.569591283798217773e-01
4.569591283798217773e-01
4.569591283798217773e-01
4.551036953926086426e-01
4.569591283798217773e-01
4.569591283798217773e-01
4.569591283798217773e-01
4.569591283798217773e-01
4.569591283798217773e-01
4.569591283798217773e-01
4.569591283798217773e-01
4.569591283798217773e-01
4.569591283798217773e-01
4.569591283798217773e-01
4.569591283798217773e-01
4.569591283798217773e-01
4.569591283798217773e-01
4.569591283798217773e-01
4.569591283798217773e-01
4.569591283798217773e-01
4.569591283798217773e-01
4.569591283798217773e-01
4.569591283798217773e-01
4.569591283798217773e-01
4.569591283798217773e-01
4.569591283798217773e-01
4.569591283798217773e-01
4.569591283798217773e-01
4.569591283798217773e-01
4.569591283798217773e-01
4.569591283798217773e-01
4.569591283798217773e-01
4.569591283798217773e-01
4.569591283798217773e-01
4.569591283798217773e-01
4.569591283798217773e-01
4.569591283798217773e-01
4.569591283798217773e-01
4.569591283798217773e-01
4.569591283798217773e-01
4.569591283798217773e-01
4.569591283798217773e-01
4.569591283798217773e-01
4.569591283798217773e-01
4.569591283798217773e-01
4.569591283798217773e-01
4.569591283798217773e-01
4.569591283798217773e-01
4.569591283798217773e-01
4.569591283798217773e-01
4.569591283798217773e-01
4.569591283798217773e-01
4.569591283798217773e-01
4.569591283798217773e-01
4.569591283798217773e-01
4.569591283798217773e-01
4.569591283798217773e-01
4.569591283798217773e-01
4.569591283798217773e-01
4.569591283798217773e-01
4.569591283798217773e-01
4.569591283798217773e-01
4.569591283798217773e-01
4.569591283798217773e-01
4.569591283798217773e-01
4.569591283798217773e-01
4.569591283798217773e-01
4.569591283798217773e-01
4.569591283798217773e-01
4.569591283798217773e-01
4.569591283798217773e-01
4.569591283798217773e-01
4.569591283798217773e-01
4.569591283798217773e-01
4.569591283798217773e-01
4.569591283798217773e-01
4.569591283798217773e-01
4.569591283798217773e-01
4.569591283798217773e-01
4.569591283798217773e-01
4.569591283798217773e-01
4.569591283798217773e-01
4.569591283798217773e-01
4.569591283798217773e-01
4.569591283798217773e-01
4.569591283798217773e-01
4.569591283798217773e-01
4.569591283798217773e-01
4.569591283798217773e-01
4.569591283798217773e-01
4.569591283798217773e-01
4.569591283798217773e-01
4.569591283798217773e-01
4.569591283798217773e-01
4.569591283798217773e-01
4.569591283798217773e-01
4.569591283798217773e-01
4.569591283798217773e-01
4.569591283798217773e-01
4.569591283798217773e-01
4.569591283798217773e-01
4.569591283798217773e-01
4.569591283798217773e-01
4.569591283798217773e-01
4.569591283798217773e-01
4.569591283798217773e-01
4.569591283798217773e-01
4.569591283798217773e-01
4.569591283798217773e-01
4.569591283798217773e-01
4.569591283798217773e-01
4.569591283798217773e-01
4.569591283798217773e-01
4.569591283798217773e-01
4.569591283798217773e-01
4.569591283798217773e-01
4.569591283798217773e-01
4.569591283798217773e-01
4.569591283798217773e-01
4.569591283798217773e-01
4.569591283798217773e-01
4.517750442028045654e-01
4.569591283798217773e-01
4.569591283798217773e-01
4.569591283798217773e-01
4.559953808784484863e-01
4.569591283798217773e-01
4.569591283798217773e-01
4.569591283798217773e-01
4.569591283798217773e-01
4.569591283798217773e-01
4.569591283798217773e-01
4.569591283798217773e-01
4.569591283798217773e-01
4.569591283798217773e-01
4.569591283798217773e-01
4.569591283798217773e-01
4.594802260398864746e-01
4.569591283798217773e-01
4.569591283798217773e-01
4.569591283798217773e-01
4.569591283798217773e-01
4.569591283798217773e-01
4.569591283798217773e-01
4.569591283798217773e-01
4.569591283798217773e-01
4.569591283798217773e-01
4.569591283798217773e-01
4.569591283798217773e-01
4.569591283798217773e-01
4.569591283798217773e-01
4.569591283798217773e-01
4.569591283798217773e-01
4.569591283798217773e-01
4.569591283798217773e-01
4.569591283798217773e-01
4.569591283798217773e-01
4.569591283798217773e-01
4.569591283798217773e-01
4.569591283798217773e-01
4.569591283798217773e-01
4.569591283798217773e-01
4.569591283798217773e-01
4.569591283798217773e-01
4.569591283798217773e-01
4.569591283798217773e-01
4.569591283798217773e-01
4.569591283798217773e-01
4.569591283798217773e-01
4.569591283798217773e-01
4.569591283798217773e-01
4.569591283798217773e-01
4.569591283798217773e-01
4.569591283798217773e-01
4.569591283798217773e-01
4.569591283798217773e-01
4.569591283798217773e-01
4.569591283798217773e-01
4.569591283798217773e-01
4.569591283798217773e-01
4.569591283798217773e-01
4.569591283798217773e-01
4.569591283798217773e-01
4.569591283798217773e-01
4.569591283798217773e-01
4.569591283798217773e-01
4.569591283798217773e-01
4.569591283798217773e-01
4.569591283798217773e-01
4.569591283798217773e-01
4.569591283798217773e-01
4.569591283798217773e-01
4.569591283798217773e-01
4.569591283798217773e-01
4.569591283798217773e-01
4.569591283798217773e-01
4.569591283798217773e-01
4.569591283798217773e-01
4.569591283798217773e-01
4.569591283798217773e-01
4.569591283798217773e-01
4.569591283798217773e-01
4.569591283798217773e-01
4.569591283798217773e-01
4.569591283798217773e-01
4.569591283798217773e-01
4.569591283798217773e-01
4.569591283798217773e-01
4.569591283798217773e-01
4.569591283798217773e-01
4.569591283798217773e-01
4.569591283798217773e-01
4.569591283798217773e-01
4.569591283798217773e-01
4.569591283798217773e-01
4.569591283798217773e-01
4.569591283798217773e-01
4.569591283798217773e-01
4.569591283798217773e-01
4.569591283798217773e-01
4.569591283798217773e-01
4.569591283798217773e-01
4.569591283798217773e-01
4.569591283798217773e-01
4.569591283798217773e-01
4.569591283798217773e-01
4.569591283798217773e-01
4.569591283798217773e-01
4.569591283798217773e-01
4.569591283798217773e-01
4.569591283798217773e-01
4.569591283798217773e-01
4.569591283798217773e-01
4.569591283798217773e-01
4.569591283798217773e-01
4.569591283798217773e-01
4.569591283798217773e-01
4.569591283798217773e-01
4.569591283798217773e-01
4.569591283798217773e-01
4.569591283798217773e-01
4.569591283798217773e-01
4.569591283798217773e-01
4.569591283798217773e-01
4.569591283798217773e-01
4.569591283798217773e-01
4.569591283798217773e-01
4.569591283798217773e-01
4.569591283798217773e-01
4.569591283798217773e-01
4.569591283798217773e-01
4.569591283798217773e-01
4.569591283798217773e-01
4.569591283798217773e-01
4.569591283798217773e-01
