9.712687134742736816e-01
9.961218237876892090e-01
9.762840270996093750e-01
8.308731317520141602e-01
8.308731317520141602e-01
8.931531906127929688e-01
8.308731317520141602e-01
8.308731317520141602e-01
8.308731317520141602e-01
9.944853186607360840e-01
9.517150521278381348e-01
8.308731317520141602e-01
9.939477443695068359e-01
9.843892455101013184e-01
8.308731317520141602e-01
8.308731317520141602e-01
9.919936656951904297e-01
9.930815100669860840e-01
8.064921498298645020e-01
9.609189033508300781e-01
8.308731317520141602e-01
9.625270366668701172e-01
8.308731317520141602e-01
9.754554033279418945e-01
8.308731317520141602e-01
9.918626546859741211e-01
9.671754837036132812e-01
9.857249259948730469e-01
9.568725824356079102e-01
8.308731317520141602e-01
9.610337615013122559e-01
8.282104134559631348e-01
9.270673394203186035e-01
9.931287765502929688e-01
9.125009179115295410e-01
9.922965168952941895e-01
9.351888298988342285e-01
9.905824661254882812e-01
8.308731317520141602e-01
9.896009564399719238e-01
8.308731317520141602e-01
8.308731317520141602e-01
9.603379964828491211e-01
8.308333158493041992e-01
8.308731317520141602e-01
8.308731317520141602e-01
8.308731317520141602e-01
8.308731317520141602e-01
9.665572047233581543e-01
8.308731317520141602e-01
9.887037873268127441e-01
8.308731317520141602e-01
8.308731317520141602e-01
9.857155680656433105e-01
8.308731317520141602e-01
8.308731317520141602e-01
9.903311729431152344e-01
8.308731317520141602e-01
8.308731317520141602e-01
9.841271042823791504e-01
9.983171224594116211e-01
9.840421676635742188e-01
9.713607430458068848e-01
8.308731317520141602e-01
9.833206534385681152e-01
2.889829277992248535e-01
8.308731317520141602e-01
9.918694496154785156e-01
8.308731317520141602e-01
8.308731317520141602e-01
9.791650772094726562e-01
9.931313395500183105e-01
8.308731317520141602e-01
8.308731317520141602e-01
9.546718597412109375e-01
2.889829277992248535e-01
2.889829277992248535e-01
2.889829277992248535e-01
9.639493227005004883e-01
2.889829277992248535e-01
2.889829277992248535e-01
8.671889305114746094e-01
2.889829277992248535e-01
2.889829277992248535e-01
2.889829277992248535e-01
2.889829277992248535e-01
9.876784682273864746e-01
2.889829277992248535e-01
9.724489450454711914e-01
2.889829277992248535e-01
9.655290246009826660e-01
9.374100565910339355e-01
2.889829277992248535e-01
8.416673541069030762e-01
9.753922224044799805e-01
9.911944866180419922e-01
9.689542651176452637e-01
9.712230563163757324e-01
2.889829277992248535e-01
2.889829277992248535e-01
2.889829277992248535e-01
9.457224011421203613e-01
2.889829277992248535e-01
2.889829277992248535e-01
7.575278282165527344e-01
8.867808580398559570e-01
9.051387906074523926e-01
2.889829277992248535e-01
2.889829277992248535e-01
2.889829277992248535e-01
8.201224803924560547e-01
2.889829277992248535e-01
2.889829277992248535e-01
2.889829277992248535e-01
9.633391499519348145e-01
2.889829277992248535e-01
2.889829277992248535e-01
9.835408329963684082e-01
9.293655753135681152e-01
9.753000140190124512e-01
8.204361796379089355e-01
9.880514144897460938e-01
8.904869556427001953e-01
2.889829277992248535e-01
9.807615876197814941e-01
2.889829277992248535e-01
9.843236804008483887e-01
2.889829277992248535e-01
8.404213190078735352e-01
9.439903497695922852e-01
9.897403717041015625e-01
8.044818043708801270e-01
9.390857815742492676e-01
2.889829277992248535e-01
9.706104993820190430e-01
2.889829277992248535e-01
9.563564658164978027e-01
9.960947632789611816e-01
9.811495542526245117e-01
9.213733673095703125e-01
2.889829277992248535e-01
9.392997622489929199e-01
9.992940425872802734e-01
2.889829277992248535e-01
9.759923219680786133e-01
2.889829277992248535e-01
2.889829277992248535e-01
2.889829277992248535e-01
8.825348019599914551e-01
9.181813001632690430e-01
9.883021712303161621e-01
2.889829277992248535e-01
9.825627803802490234e-01
2.889829277992248535e-01
9.886005520820617676e-01
8.136575222015380859e-01
9.897676110267639160e-01
9.693763852119445801e-01
9.925508499145507812e-01
2.889829277992248535e-01
2.889829277992248535e-01
2.889829277992248535e-01
2.889829277992248535e-01
9.635431766510009766e-01
8.653597831726074219e-01
9.673773646354675293e-01
2.889829277992248535e-01
2.889829277992248535e-01
9.885888099670410156e-01
2.889829277992248535e-01
2.889829277992248535e-01
9.827139973640441895e-01
2.889829277992248535e-01
9.881500005722045898e-01
9.591807126998901367e-01
2.889829277992248535e-01
9.421305656433105469e-01
2.889829277992248535e-01
2.889829277992248535e-01
9.633741378784179688e-01
2.889829277992248535e-01
2.889829277992248535e-01
9.668097496032714844e-01
2.889829277992248535e-01
9.911432266235351562e-01
9.354832172393798828e-01
2.889829277992248535e-01
2.889829277992248535e-01
9.442533254623413086e-01
9.979890584945678711e-01
2.889829277992248535e-01
2.889829277992248535e-01
9.813204407691955566e-01
9.718501567840576172e-01
2.889829277992248535e-01
9.413833618164062500e-01
2.889829277992248535e-01
2.889829277992248535e-01
2.889829277992248535e-01
9.851939082145690918e-01
2.889829277992248535e-01
9.989292025566101074e-01
2.889829277992248535e-01
9.381492733955383301e-01
9.661865234375000000e-01
2.889829277992248535e-01
2.889829277992248535e-01
2.889829277992248535e-01
9.883784651756286621e-01
2.889829277992248535e-01
2.889829277992248535e-01
2.889829277992248535e-01
2.889829277992248535e-01
9.583658576011657715e-01
9.820783734321594238e-01
9.849690198898315430e-01
9.912896156311035156e-01
2.889829277992248535e-01
9.990355968475341797e-01
9.929333925247192383e-01
9.870611429214477539e-01
9.314179420471191406e-01
9.309751987457275391e-01
2.889829277992248535e-01
9.720761775970458984e-01
2.889829277992248535e-01
2.889829277992248535e-01
2.889829277992248535e-01
9.967136383056640625e-01
9.842526316642761230e-01
2.889829277992248535e-01
2.889829277992248535e-01
2.889829277992248535e-01
9.624816775321960449e-01
8.572406172752380371e-01
9.818125963211059570e-01
2.889829277992248535e-01
9.999186992645263672e-01
9.928083419799804688e-01
9.979743361473083496e-01
2.889829277992248535e-01
9.966122508049011230e-01
2.889829277992248535e-01
9.738614559173583984e-01
2.889829277992248535e-01
2.889829277992248535e-01
8.308731317520141602e-01
9.949395656585693359e-01
8.308731317520141602e-01
2.889829277992248535e-01
2.889829277992248535e-01
8.308731317520141602e-01
3.678463399410247803e-01
9.148035049438476562e-01
2.889829277992248535e-01
9.928424358367919922e-01
9.894794821739196777e-01
9.269214868545532227e-01
9.921101927757263184e-01
8.308731317520141602e-01
9.127948880195617676e-01
8.308731317520141602e-01
2.889829277992248535e-01
2.889829277992248535e-01
9.808886647224426270e-01
8.308731317520141602e-01
9.975991845130920410e-01
9.925152659416198730e-01
2.889829277992248535e-01
9.948098659515380859e-01
8.308731317520141602e-01
9.921116828918457031e-01
9.661950469017028809e-01
9.864142537117004395e-01
9.922349452972412109e-01
8.308731317520141602e-01
8.308731317520141602e-01
8.308731317520141602e-01
8.308731317520141602e-01
8.308731317520141602e-01
9.995044469833374023e-01
8.308731317520141602e-01
2.889829277992248535e-01
2.889829277992248535e-01
9.969955682754516602e-01
9.579015374183654785e-01
8.308731317520141602e-01
9.921116828918457031e-01
9.911749362945556641e-01
8.308731317520141602e-01
8.308731317520141602e-01
8.308731317520141602e-01
2.889829277992248535e-01
9.861576557159423828e-01
9.844664335250854492e-01
8.308731317520141602e-01
9.533751606941223145e-01
8.308731317520141602e-01
8.308731317520141602e-01
9.818955659866333008e-01
8.308731317520141602e-01
9.664375185966491699e-01
8.308731317520141602e-01
2.889829277992248535e-01
9.331977367401123047e-01
9.972483515739440918e-01
3.678463399410247803e-01
9.954521059989929199e-01
9.810077548027038574e-01
8.308731317520141602e-01
2.889829277992248535e-01
8.302502632141113281e-01
9.019402265548706055e-01
9.910190701484680176e-01
8.308731317520141602e-01
8.308731317520141602e-01
9.573148488998413086e-01
8.308731317520141602e-01
9.793409109115600586e-01
9.846413731575012207e-01
2.889829277992248535e-01
8.308731317520141602e-01
9.538456797599792480e-01
7.333515286445617676e-01
2.889829277992248535e-01
2.889829277992248535e-01
8.308731317520141602e-01
2.889829277992248535e-01
2.889829277992248535e-01
9.882672429084777832e-01
9.762042164802551270e-01
9.855782985687255859e-01
2.889829277992248535e-01
2.889829277992248535e-01
2.889829277992248535e-01
8.308731317520141602e-01
8.308731317520141602e-01
2.889829277992248535e-01
2.889829277992248535e-01
2.889829277992248535e-01
9.881672263145446777e-01
9.889534711837768555e-01
2.889829277992248535e-01
9.732383489608764648e-01
2.889829277992248535e-01
2.889829277992248535e-01
2.889829277992248535e-01
8.308731317520141602e-01
8.308731317520141602e-01
9.815828204154968262e-01
9.894616007804870605e-01
2.889829277992248535e-01
8.308731317520141602e-01
2.889829277992248535e-01
2.889829277992248535e-01
9.898780584335327148e-01
2.889829277992248535e-01
2.889829277992248535e-01
9.805224537849426270e-01
2.889829277992248535e-01
9.997052550315856934e-01
2.889829277992248535e-01
2.889829277992248535e-01
9.912219047546386719e-01
2.889829277992248535e-01
2.889829277992248535e-01
2.889829277992248535e-01
9.836105108261108398e-01
2.889829277992248535e-01
2.889829277992248535e-01
8.971372246742248535e-01
9.594233632087707520e-01
2.889829277992248535e-01
2.889829277992248535e-01
2.889829277992248535e-01
2.889829277992248535e-01
9.813592433929443359e-01
9.928713440895080566e-01
2.889829277992248535e-01
2.889829277992248535e-01
2.889829277992248535e-01
2.889829277992248535e-01
2.889829277992248535e-01
2.889829277992248535e-01
9.481911063194274902e-01
2.889829277992248535e-01
2.889829277992248535e-01
2.889829277992248535e-01
2.889829277992248535e-01
2.889829277992248535e-01
2.889829277992248535e-01
2.889829277992248535e-01
2.889829277992248535e-01
2.889829277992248535e-01
2.889829277992248535e-01
2.889829277992248535e-01
2.889829277992248535e-01
9.862288236618041992e-01
2.889829277992248535e-01
2.889829277992248535e-01
2.889829277992248535e-01
9.956169128417968750e-01
9.424698948860168457e-01
2.889829277992248535e-01
2.889829277992248535e-01
9.907515048980712891e-01
2.889829277992248535e-01
2.889829277992248535e-01
2.889829277992248535e-01
9.670251011848449707e-01
2.889829277992248535e-01
2.889829277992248535e-01
2.889829277992248535e-01
2.889829277992248535e-01
2.889829277992248535e-01
2.889829277992248535e-01
2.889829277992248535e-01
2.889829277992248535e-01
9.001358151435852051e-01
2.889829277992248535e-01
2.889829277992248535e-01
2.889829277992248535e-01
2.889829277992248535e-01
2.889829277992248535e-01
2.889829277992248535e-01
2.889829277992248535e-01
8.308731317520141602e-01
9.923817515373229980e-01
9.373654127120971680e-01
9.842809438705444336e-01
9.903946518898010254e-01
9.827069640159606934e-01
9.702898859977722168e-01
8.308731317520141602e-01
8.308731317520141602e-01
8.308731317520141602e-01
9.904950857162475586e-01
9.845576286315917969e-01
9.950615763664245605e-01
8.308731317520141602e-01
8.308731317520141602e-01
9.737914800643920898e-01
8.308731317520141602e-01
8.308731317520141602e-01
4.162278473377227783e-01
9.933405518531799316e-01
9.633147120475769043e-01
9.710210561752319336e-01
9.798076152801513672e-01
8.308731317520141602e-01
8.308731317520141602e-01
8.308731317520141602e-01
9.618610143661499023e-01
2.889829277992248535e-01
8.308731317520141602e-01
9.448763132095336914e-01
9.803493022918701172e-01
8.308731317520141602e-01
8.308731317520141602e-01
9.815930724143981934e-01
8.308731317520141602e-01
9.989087581634521484e-01
8.308731317520141602e-01
8.308347463607788086e-01
8.308731317520141602e-01
8.308731317520141602e-01
9.551518559455871582e-01
8.308731317520141602e-01
8.308731317520141602e-01
9.989022016525268555e-01
9.939270615577697754e-01
7.696161866188049316e-01
8.308731317520141602e-01
8.308731317520141602e-01
9.884397983551025391e-01
8.308731317520141602e-01
9.787940979003906250e-01
9.522829055786132812e-01
8.308731317520141602e-01
2.889829277992248535e-01
8.308731317520141602e-01
8.308731317520141602e-01
9.585307836532592773e-01
8.308731317520141602e-01
8.308731317520141602e-01
8.308731317520141602e-01
9.560877680778503418e-01
8.308731317520141602e-01
9.539084434509277344e-01
9.263296723365783691e-01
9.851368665695190430e-01
8.308731317520141602e-01
9.403556585311889648e-01
9.603978991508483887e-01
8.795635700225830078e-01
8.308731317520141602e-01
9.706747531890869141e-01
8.308731317520141602e-01
8.308731317520141602e-01
8.273387551307678223e-01
2.889829277992248535e-01
2.889829277992248535e-01
2.889829277992248535e-01
2.889829277992248535e-01
2.889829277992248535e-01
2.619651854038238525e-01
8.307736515998840332e-01
2.889829277992248535e-01
2.889829277992248535e-01
1.740318089723587036e-01
8.287409543991088867e-01
1.385240703821182251e-01
3.813685476779937744e-01
2.889829277992248535e-01
2.889829277992248535e-01
2.889829277992248535e-01
8.300608396530151367e-01
8.308731317520141602e-01
8.308731317520141602e-01
2.889829277992248535e-01
2.889829277992248535e-01
2.889829277992248535e-01
2.889829277992248535e-01
2.889829277992248535e-01
2.889829277992248535e-01
1.586387008428573608e-01
2.889829277992248535e-01
3.414992988109588623e-01
2.889829277992248535e-01
2.889829277992248535e-01
2.889829277992248535e-01
2.889829277992248535e-01
2.889829277992248535e-01
2.889829277992248535e-01
2.889829277992248535e-01
2.889829277992248535e-01
3.829988241195678711e-01
8.065151572227478027e-01
2.889829277992248535e-01
2.371325045824050903e-01
2.889829277992248535e-01
8.308722376823425293e-01
3.504159152507781982e-01
3.829988241195678711e-01
2.889829277992248535e-01
2.127608656883239746e-01
1.778796464204788208e-01
2.889829277992248535e-01
2.889829277992248535e-01
8.219298124313354492e-01
2.889829277992248535e-01
2.889829277992248535e-01
2.889829277992248535e-01
2.889829277992248535e-01
2.889829277992248535e-01
2.889829277992248535e-01
2.889829277992248535e-01
2.889829277992248535e-01
2.889829277992248535e-01
2.889829277992248535e-01
9.271798282861709595e-02
2.889829277992248535e-01
2.889829277992248535e-01
2.889829277992248535e-01
8.272029757499694824e-01
2.889829277992248535e-01
2.889829277992248535e-01
8.285541534423828125e-01
2.889829277992248535e-01
2.889829277992248535e-01
4.963319301605224609e-01
2.889829277992248535e-01
2.889829277992248535e-01
3.986085653305053711e-01
1.648321151733398438e-01
2.889829277992248535e-01
2.889829277992248535e-01
2.889829277992248535e-01
2.889829277992248535e-01
2.889829277992248535e-01
2.889829277992248535e-01
2.889829277992248535e-01
2.889829277992248535e-01
2.889829277992248535e-01
2.889829277992248535e-01
2.889829277992248535e-01
2.889829277992248535e-01
2.889829277992248535e-01
2.889829277992248535e-01
2.889829277992248535e-01
2.889829277992248535e-01
2.889829277992248535e-01
2.889829277992248535e-01
2.889829277992248535e-01
2.889829277992248535e-01
2.889829277992248535e-01
2.889829277992248535e-01
2.889829277992248535e-01
2.889829277992248535e-01
2.889829277992248535e-01
2.889829277992248535e-01
2.889829277992248535e-01
2.889829277992248535e-01
2.889829277992248535e-01
2.889829277992248535e-01
2.889829277992248535e-01
2.889829277992248535e-01
2.889829277992248535e-01
2.889829277992248535e-01
2.889829277992248535e-01
2.889829277992248535e-01
2.889829277992248535e-01
2.889829277992248535e-01
2.889829277992248535e-01
2.889829277992248535e-01
2.889829277992248535e-01
2.889829277992248535e-01
2.889829277992248535e-01
2.889829277992248535e-01
2.889829277992248535e-01
2.889829277992248535e-01
2.889829277992248535e-01
2.889829277992248535e-01
2.889829277992248535e-01
2.889829277992248535e-01
2.889829277992248535e-01
2.441401928663253784e-01
2.889829277992248535e-01
2.889829277992248535e-01
2.889829277992248535e-01
2.889829277992248535e-01
2.889829277992248535e-01
2.889829277992248535e-01
2.889829277992248535e-01
2.889829277992248535e-01
2.889829277992248535e-01
2.889829277992248535e-01
2.889829277992248535e-01
2.889829277992248535e-01
2.889829277992248535e-01
2.889829277992248535e-01
2.889829277992248535e-01
2.889829277992248535e-01
2.889829277992248535e-01
2.889829277992248535e-01
2.889829277992248535e-01
2.889829277992248535e-01
2.889829277992248535e-01
2.889829277992248535e-01
2.889829277992248535e-01
2.889829277992248535e-01
2.889829277992248535e-01
2.889829277992248535e-01
2.889829277992248535e-01
2.889829277992248535e-01
2.889829277992248535e-01
2.889829277992248535e-01
1.810350120067596436e-01
2.889829277992248535e-01
2.889829277992248535e-01
2.889829277992248535e-01
2.889829277992248535e-01
2.889829277992248535e-01
2.889829277992248535e-01
2.889829277992248535e-01
2.889829277992248535e-01
2.889829277992248535e-01
2.889829277992248535e-01
2.889829277992248535e-01
2.889829277992248535e-01
2.889829277992248535e-01
2.889829277992248535e-01
2.889829277992248535e-01
2.889829277992248535e-01
2.889829277992248535e-01
3.402302861213684082e-01
2.889829277992248535e-01
2.889829277992248535e-01
2.889829277992248535e-01
2.889829277992248535e-01
2.889829277992248535e-01
2.889829277992248535e-01
2.889829277992248535e-01
2.889829277992248535e-01
2.889829277992248535e-01
2.889829277992248535e-01
2.889829277992248535e-01
2.889829277992248535e-01
2.889829277992248535e-01
2.889829277992248535e-01
2.889829277992248535e-01
2.889829277992248535e-01
2.889829277992248535e-01
2.889829277992248535e-01
2.889829277992248535e-01
2.889829277992248535e-01
2.889829277992248535e-01
2.889829277992248535e-01
2.889829277992248535e-01
2.889829277992248535e-01
2.889829277992248535e-01
2.889829277992248535e-01
2.889829277992248535e-01
2.889829277992248535e-01
2.889829277992248535e-01
2.889829277992248535e-01
2.889829277992248535e-01
2.889829277992248535e-01
2.889829277992248535e-01
2.889829277992248535e-01
2.889829277992248535e-01
2.889829277992248535e-01
2.889829277992248535e-01
2.889829277992248535e-01
2.889829277992248535e-01
2.889829277992248535e-01
2.889829277992248535e-01
2.889829277992248535e-01
2.889829277992248535e-01
2.889829277992248535e-01
2.889829277992248535e-01
2.889829277992248535e-01
2.889829277992248535e-01
2.889829277992248535e-01
2.889829277992248535e-01
2.889829277992248535e-01
2.889829277992248535e-01
2.889829277992248535e-01
2.889829277992248535e-01
2.889829277992248535e-01
2.889829277992248535e-01
2.889829277992248535e-01
2.889829277992248535e-01
2.889829277992248535e-01
2.889829277992248535e-01
2.889829277992248535e-01
2.889829277992248535e-01
2.889829277992248535e-01
2.889829277992248535e-01
2.889829277992248535e-01
2.889829277992248535e-01
2.889829277992248535e-01
2.889829277992248535e-01
2.889829277992248535e-01
2.889829277992248535e-01
2.889829277992248535e-01
2.889829277992248535e-01
2.889829277992248535e-01
2.889829277992248535e-01
2.889829277992248535e-01
2.889829277992248535e-01
2.889829277992248535e-01
2.889829277992248535e-01
2.889829277992248535e-01
2.889829277992248535e-01
2.889829277992248535e-01
2.889829277992248535e-01
2.889829277992248535e-01
2.889829277992248535e-01
2.889829277992248535e-01
2.889829277992248535e-01
2.889829277992248535e-01
2.889829277992248535e-01
2.889829277992248535e-01
2.889829277992248535e-01
2.889829277992248535e-01
2.889829277992248535e-01
2.889829277992248535e-01
2.889829277992248535e-01
2.889829277992248535e-01
2.889829277992248535e-01
2.889829277992248535e-01
2.889829277992248535e-01
2.889829277992248535e-01
2.889829277992248535e-01
2.889829277992248535e-01
2.889829277992248535e-01
2.889829277992248535e-01
1.769057810306549072e-01
2.889829277992248535e-01
2.889829277992248535e-01
2.889829277992248535e-01
2.889829277992248535e-01
2.889829277992248535e-01
2.889829277992248535e-01
2.889829277992248535e-01
3.678463399410247803e-01
2.889829277992248535e-01
2.889829277992248535e-01
2.889829277992248535e-01
2.889829277992248535e-01
2.889829277992248535e-01
3.384097516536712646e-01
2.889829277992248535e-01
2.889829277992248535e-01
2.889829277992248535e-01
2.889829277992248535e-01
2.889829277992248535e-01
2.889829277992248535e-01
2.889829277992248535e-01
2.889829277992248535e-01
1.499204486608505249e-01
2.889829277992248535e-01
2.889829277992248535e-01
2.889829277992248535e-01
2.889829277992248535e-01
2.889829277992248535e-01
3.396455943584442139e-01
2.889829277992248535e-01
2.889829277992248535e-01
2.889829277992248535e-01
2.889829277992248535e-01
2.889829277992248535e-01
8.030425310134887695e-01
2.889829277992248535e-01
2.889829277992248535e-01
2.889829277992248535e-01
2.889829277992248535e-01
2.889829277992248535e-01
2.889829277992248535e-01
2.889829277992248535e-01
2.889829277992248535e-01
2.889829277992248535e-01
2.889829277992248535e-01
2.889829277992248535e-01
2.889829277992248535e-01
2.889829277992248535e-01
2.889829277992248535e-01
2.889829277992248535e-01
2.889829277992248535e-01
2.889829277992248535e-01
2.889829277992248535e-01
2.889829277992248535e-01
2.889829277992248535e-01
2.889829277992248535e-01
2.889829277992248535e-01
2.889829277992248535e-01
2.889829277992248535e-01
2.889829277992248535e-01
2.889829277992248535e-01
2.889829277992248535e-01
2.889829277992248535e-01
2.889829277992248535e-01
2.889829277992248535e-01
7.333515286445617676e-01
2.889829277992248535e-01
2.889829277992248535e-01
2.889829277992248535e-01
2.889829277992248535e-01
2.889829277992248535e-01
2.889829277992248535e-01
2.889829277992248535e-01
2.889829277992248535e-01
2.889829277992248535e-01
2.889829277992248535e-01
2.889829277992248535e-01
2.889829277992248535e-01
2.889829277992248535e-01
2.889829277992248535e-01
2.889829277992248535e-01
2.889829277992248535e-01
2.889829277992248535e-01
2.889829277992248535e-01
2.889829277992248535e-01
2.889829277992248535e-01
2.889829277992248535e-01
2.889829277992248535e-01
2.889829277992248535e-01
2.889829277992248535e-01
2.889829277992248535e-01
2.889829277992248535e-01
2.889829277992248535e-01
2.889829277992248535e-01
2.889829277992248535e-01
2.889829277992248535e-01
2.889829277992248535e-01
1.331083476543426514e-01
2.889829277992248535e-01
2.889829277992248535e-01
2.889829277992248535e-01
2.889829277992248535e-01
2.889829277992248535e-01
2.889829277992248535e-01
2.889829277992248535e-01
2.889829277992248535e-01
2.889829277992248535e-01
2.889829277992248535e-01
2.889829277992248535e-01
2.889829277992248535e-01
2.889829277992248535e-01
2.889829277992248535e-01
2.889829277992248535e-01
2.889829277992248535e-01
2.889829277992248535e-01
2.889829277992248535e-01
2.889829277992248535e-01
2.889829277992248535e-01
2.889829277992248535e-01
2.889829277992248535e-01
2.889829277992248535e-01
2.889829277992248535e-01
2.889829277992248535e-01
2.889829277992248535e-01
2.889829277992248535e-01
2.889829277992248535e-01
2.889829277992248535e-01
2.889829277992248535e-01
2.889829277992248535e-01
2.889829277992248535e-01
2.889829277992248535e-01
2.889829277992248535e-01
2.889829277992248535e-01
2.889829277992248535e-01
2.889829277992248535e-01
2.889829277992248535e-01
2.889829277992248535e-01
2.889829277992248535e-01
2.889829277992248535e-01
2.889829277992248535e-01
2.889829277992248535e-01
2.889829277992248535e-01
2.889829277992248535e-01
2.889829277992248535e-01
2.889829277992248535e-01
2.889829277992248535e-01
2.889829277992248535e-01
2.889829277992248535e-01
2.889829277992248535e-01
2.889829277992248535e-01
2.889829277992248535e-01
2.889829277992248535e-01
2.889829277992248535e-01
2.889829277992248535e-01
2.889829277992248535e-01
7.598764896392822266e-01
2.889829277992248535e-01
7.254364490509033203e-01
4.326640367507934570e-01
2.889829277992248535e-01
2.889829277992248535e-01
2.889829277992248535e-01
7.603628635406494141e-01
3.985611796379089355e-01
2.889829277992248535e-01
2.889829277992248535e-01
2.889829277992248535e-01
2.889829277992248535e-01
7.348667979240417480e-01
2.889829277992248535e-01
2.889829277992248535e-01
2.889829277992248535e-01
2.889829277992248535e-01
3.628735840320587158e-01
2.889829277992248535e-01
3.628735840320587158e-01
2.889829277992248535e-01
2.889829277992248535e-01
2.889829277992248535e-01
2.889829277992248535e-01
2.889829277992248535e-01
2.889829277992248535e-01
1.836853176355361938e-01
3.512427806854248047e-01
2.889829277992248535e-01
2.889829277992248535e-01
2.889829277992248535e-01
2.889829277992248535e-01
3.684836626052856445e-01
2.889829277992248535e-01
2.889829277992248535e-01
2.889829277992248535e-01
2.889829277992248535e-01
2.889829277992248535e-01
2.889829277992248535e-01
3.799490630626678467e-01
2.889829277992248535e-01
2.889829277992248535e-01
2.889829277992248535e-01
2.889829277992248535e-01
2.889829277992248535e-01
2.889829277992248535e-01
2.889829277992248535e-01
3.592312037944793701e-01
2.889829277992248535e-01
2.889829277992248535e-01
2.889829277992248535e-01
2.889829277992248535e-01
3.592312037944793701e-01
2.889829277992248535e-01
2.125231176614761353e-01
2.889829277992248535e-01
2.889829277992248535e-01
1.595350503921508789e-01
1.851870268583297729e-01
2.889828979969024658e-01
3.799490630626678467e-01
1.963886171579360962e-01
2.889828979969024658e-01
2.889828979969024658e-01
6.367328166961669922e-01
