6.791139841079711914e-01
6.959893703460693359e-01
6.645717024803161621e-01
5.843060016632080078e-01
6.474822759628295898e-01
6.185169219970703125e-01
6.124953031539916992e-01
5.994899272918701172e-01
6.402385234832763672e-01
6.898661255836486816e-01
6.234444379806518555e-01
6.019708514213562012e-01
6.316568851470947266e-01
7.127562165260314941e-01
6.885470747947692871e-01
6.155243515968322754e-01
6.516272425651550293e-01
5.652267932891845703e-01
5.647221803665161133e-01
6.121924519538879395e-01
6.478808522224426270e-01
6.992030143737792969e-01
6.806424856185913086e-01
6.400626897811889648e-01
6.130607724189758301e-01
6.046028137207031250e-01
5.670343637466430664e-01
6.574364304542541504e-01
6.380454301834106445e-01
6.293270587921142578e-01
6.782932281494140625e-01
5.885498523712158203e-01
5.848428606986999512e-01
4.426780939102172852e-01
6.885709166526794434e-01
5.874350070953369141e-01
5.915958881378173828e-01
6.131507158279418945e-01
6.202604174613952637e-01
5.813112258911132812e-01
6.360927224159240723e-01
6.175974607467651367e-01
6.110976338386535645e-01
5.767711997032165527e-01
6.523247361183166504e-01
5.909914970397949219e-01
6.212176084518432617e-01
6.429544687271118164e-01
2.542175650596618652e-01
6.206267476081848145e-01
6.404067277908325195e-01
5.818784236907958984e-01
6.505689620971679688e-01
2.548046410083770752e-01
5.956046581268310547e-01
6.872984170913696289e-01
6.458085775375366211e-01
6.647050380706787109e-01
6.981100440025329590e-01
6.855094432830810547e-01
6.075226068496704102e-01
6.643351912498474121e-01
6.540508866310119629e-01
6.154714822769165039e-01
5.878846049308776855e-01
2.394227832555770874e-01
5.947293639183044434e-01
6.055597066879272461e-01
6.774898171424865723e-01
6.751986145973205566e-01
6.411218047142028809e-01
6.704419851303100586e-01
6.270523071289062500e-01
6.899615526199340820e-01
6.401666402816772461e-01
3.846091628074645996e-01
4.610160887241363525e-01
4.567050337791442871e-01
3.842327296733856201e-01
4.571832120418548584e-01
4.642260372638702393e-01
4.466227591037750244e-01
4.545862972736358643e-01
3.994866609573364258e-01
4.552589654922485352e-01
4.546376168727874756e-01
3.830676376819610596e-01
4.616914093494415283e-01
3.787236511707305908e-01
3.901368975639343262e-01
3.879468441009521484e-01
3.858785927295684814e-01
4.499534368515014648e-01
3.815160989761352539e-01
4.564436972141265869e-01
4.579139351844787598e-01
3.862141966819763184e-01
4.678169488906860352e-01
4.388709366321563721e-01
4.630476832389831543e-01
4.676475822925567627e-01
4.577528238296508789e-01
4.384271800518035889e-01
4.651955068111419678e-01
4.488263726234436035e-01
4.023784399032592773e-01
3.878982961177825928e-01
3.902978301048278809e-01
4.504538178443908691e-01
4.582271277904510498e-01
4.391225874423980713e-01
4.209026396274566650e-01
4.530821740627288818e-01
4.449618756771087646e-01
4.220758080482482910e-01
4.617795646190643311e-01
4.389817118644714355e-01
3.794366121292114258e-01
3.852348625659942627e-01
4.497929513454437256e-01
4.649584293365478516e-01
3.801394104957580566e-01
4.567388296127319336e-01
4.542490839958190918e-01
3.874770402908325195e-01
4.659971296787261963e-01
4.124186635017395020e-01
3.974856436252593994e-01
4.535422623157501221e-01
4.528841376304626465e-01
4.654561877250671387e-01
4.448050260543823242e-01
3.855129778385162354e-01
4.532602131366729736e-01
3.958816826343536377e-01
3.873224556446075439e-01
4.565080404281616211e-01
4.722411930561065674e-01
3.793956637382507324e-01
4.664032757282257080e-01
4.540460407733917236e-01
3.860623240470886230e-01
4.627443850040435791e-01
4.629369378089904785e-01
3.909837007522583008e-01
3.824608922004699707e-01
4.559706449508666992e-01
3.806017637252807617e-01
4.514341056346893311e-01
4.579101502895355225e-01
4.416995644569396973e-01
4.805569052696228027e-01
4.394900500774383545e-01
4.155854880809783936e-01
4.227378964424133301e-01
4.643184840679168701e-01
4.338974058628082275e-01
4.424985647201538086e-01
4.369882345199584961e-01
4.336346983909606934e-01
4.243289828300476074e-01
4.651229679584503174e-01
4.153733551502227783e-01
4.450703263282775879e-01
4.631159901618957520e-01
4.424208998680114746e-01
4.444028735160827637e-01
4.487818181514739990e-01
4.378008842468261719e-01
4.373642504215240479e-01
4.942848980426788330e-01
4.804707467555999756e-01
4.979275763034820557e-01
5.131947994232177734e-01
4.867804646492004395e-01
4.933691620826721191e-01
4.857340753078460693e-01
4.597614109516143799e-01
5.178028941154479980e-01
5.113447308540344238e-01
5.010789632797241211e-01
5.072997808456420898e-01
5.018677711486816406e-01
5.202449560165405273e-01
5.055805444717407227e-01
4.893452525138854980e-01
5.228045582771301270e-01
5.224596261978149414e-01
5.075166821479797363e-01
4.947809875011444092e-01
4.957936108112335205e-01
5.174729824066162109e-01
4.976023435592651367e-01
4.827550053596496582e-01
5.052677392959594727e-01
5.003051161766052246e-01
4.693974852561950684e-01
4.739536046981811523e-01
4.950162172317504883e-01
4.809253215789794922e-01
4.496270716190338135e-01
4.959611892700195312e-01
5.205397605895996094e-01
4.920713603496551514e-01
4.682434797286987305e-01
4.910567104816436768e-01
5.167297124862670898e-01
5.094134807586669922e-01
4.936126768589019775e-01
5.001275539398193359e-01
5.000224709510803223e-01
5.021165609359741211e-01
5.002463459968566895e-01
5.055334568023681641e-01
5.191388726234436035e-01
5.100618004798889160e-01
4.842614829540252686e-01
5.230394601821899414e-01
4.887701570987701416e-01
5.082424283027648926e-01
4.995489716529846191e-01
5.122752785682678223e-01
4.907423853874206543e-01
5.248129963874816895e-01
5.017366409301757812e-01
4.919756054878234863e-01
5.196923613548278809e-01
5.060213208198547363e-01
4.837671816349029541e-01
5.141688585281372070e-01
5.017867088317871094e-01
5.154051780700683594e-01
4.894717037677764893e-01
5.110524892807006836e-01
4.857959449291229248e-01
5.229216217994689941e-01
5.261155962944030762e-01
4.930676221847534180e-01
4.261454343795776367e-01
4.942272603511810303e-01
4.924442172050476074e-01
4.819193482398986816e-01
5.225991010665893555e-01
4.616309106349945068e-01
4.278724193572998047e-01
4.108628332614898682e-01
7.876719236373901367e-01
7.676437497138977051e-01
7.831729650497436523e-01
4.594657719135284424e-01
4.478588104248046875e-01
7.780155539512634277e-01
6.558725833892822266e-01
7.787965536117553711e-01
4.183777570724487305e-01
7.671149969100952148e-01
7.806226015090942383e-01
6.757001876831054688e-01
7.711436748504638672e-01
7.749221324920654297e-01
7.705110907554626465e-01
7.737072110176086426e-01
4.607903957366943359e-01
4.028438627719879150e-01
4.368545114994049072e-01
7.845497131347656250e-01
7.684531211853027344e-01
7.882827520370483398e-01
3.964264392852783203e-01
7.743936181068420410e-01
7.750833630561828613e-01
7.840250730514526367e-01
4.395743310451507568e-01
7.606932520866394043e-01
7.837108969688415527e-01
7.737441062927246094e-01
7.741304636001586914e-01
7.827961444854736328e-01
7.862877249717712402e-01
7.680833935737609863e-01
7.727650403976440430e-01
7.798094153404235840e-01
4.984191656112670898e-01
4.277266263961791992e-01
4.173187613487243652e-01
7.816771864891052246e-01
7.773876190185546875e-01
7.785103917121887207e-01
7.832486033439636230e-01
7.794774174690246582e-01
7.759526968002319336e-01
7.998408079147338867e-01
4.305268824100494385e-01
4.311753511428833008e-01
7.953177094459533691e-01
7.848700881004333496e-01
7.801039814949035645e-01
7.775623202323913574e-01
7.763331532478332520e-01
7.728824615478515625e-01
7.811239957809448242e-01
7.760040760040283203e-01
7.828895449638366699e-01
4.129275083541870117e-01
4.189653396606445312e-01
7.863590121269226074e-01
6.487092375755310059e-01
4.151366353034973145e-01
7.862335443496704102e-01
7.859921455383300781e-01
4.657025039196014404e-01
7.764423489570617676e-01
4.158967435359954834e-01
7.846087217330932617e-01
7.740936875343322754e-01
7.848771214485168457e-01
4.130512475967407227e-01
7.889792323112487793e-01
7.856058478355407715e-01
4.178339838981628418e-01
4.043887555599212646e-01
7.865882515907287598e-01
4.058346450328826904e-01
7.620847225189208984e-01
3.944045007228851318e-01
4.305371344089508057e-01
7.720706462860107422e-01
4.322007596492767334e-01
4.804662466049194336e-01
7.753402590751647949e-01
4.556475579738616943e-01
4.146525263786315918e-01
3.987567126750946045e-01
4.510085880756378174e-01
4.137383401393890381e-01
7.782498002052307129e-01
7.722705602645874023e-01
4.035715460777282715e-01
4.470567107200622559e-01
4.260891079902648926e-01
7.853665947914123535e-01
4.295706748962402344e-01
3.993614614009857178e-01
7.776417136192321777e-01
4.334180951118469238e-01
4.157730638980865479e-01
4.379209876060485840e-01
7.806963920593261719e-01
7.865882515907287598e-01
4.208056032657623291e-01
7.780444025993347168e-01
4.019543230533599854e-01
7.797172069549560547e-01
4.101096391677856445e-01
3.877033889293670654e-01
3.614236414432525635e-01
3.945808708667755127e-01
3.791007399559020996e-01
7.754770517349243164e-01
3.949292302131652832e-01
3.953006267547607422e-01
3.976821303367614746e-01
4.074980318546295166e-01
3.870259225368499756e-01
4.456548690795898438e-01
4.121895432472229004e-01
3.793623149394989014e-01
3.982873857021331787e-01
3.975029587745666504e-01
4.222644269466400146e-01
3.787933588027954102e-01
3.802782595157623291e-01
4.192018806934356689e-01
4.132216274738311768e-01
3.889684081077575684e-01
3.680495023727416992e-01
3.922629952430725098e-01
4.193716943264007568e-01
3.573745787143707275e-01
3.737675845623016357e-01
4.237176477909088135e-01
3.980555236339569092e-01
4.027907252311706543e-01
3.736329674720764160e-01
3.691701591014862061e-01
3.780714869499206543e-01
3.712470531463623047e-01
4.060057103633880615e-01
4.461772143840789795e-01
4.009254574775695801e-01
4.001820385456085205e-01
3.958286345005035400e-01
3.805791437625885010e-01
3.513586223125457764e-01
4.004416167736053467e-01
3.982533514499664307e-01
4.057359099388122559e-01
3.990171849727630615e-01
4.061221778392791748e-01
3.978118002414703369e-01
3.675345778465270996e-01
3.784150481224060059e-01
3.869874179363250732e-01
4.190358221530914307e-01
4.160701334476470947e-01
4.105952084064483643e-01
3.915523290634155273e-01
4.017236530780792236e-01
3.877779841423034668e-01
3.852884769439697266e-01
3.782109320163726807e-01
4.102440178394317627e-01
3.473336994647979736e-01
3.750813901424407959e-01
3.728261590003967285e-01
3.771610260009765625e-01
3.780672550201416016e-01
3.803988099098205566e-01
3.711994290351867676e-01
4.342393577098846436e-01
3.805942535400390625e-01
4.097186028957366943e-01
3.929960727691650391e-01
3.698229491710662842e-01
4.121219813823699951e-01
2.209402173757553101e-01
6.220437288284301758e-01
6.527529954910278320e-01
7.042075991630554199e-01
2.593850791454315186e-01
6.442810893058776855e-01
6.541876196861267090e-01
7.013871073722839355e-01
6.676667332649230957e-01
5.858406424522399902e-01
6.764733195304870605e-01
7.039390802383422852e-01
6.276043653488159180e-01
6.376144886016845703e-01
6.432759761810302734e-01
6.090529561042785645e-01
5.801845788955688477e-01
6.520149707794189453e-01
6.128031015396118164e-01
5.907747745513916016e-01
6.464688181877136230e-01
5.716683268547058105e-01
5.983051657676696777e-01
6.460160613059997559e-01
6.699007153511047363e-01
7.022556662559509277e-01
5.686131715774536133e-01
6.445798277854919434e-01
1.413141191005706787e-01
6.704986095428466797e-01
6.938120722770690918e-01
6.263938546180725098e-01
6.670165061950683594e-01
6.452189683914184570e-01
6.420023441314697266e-01
6.398589015007019043e-01
6.616615056991577148e-01
6.170501708984375000e-01
6.308180689811706543e-01
6.750789284706115723e-01
6.280788779258728027e-01
4.941765367984771729e-01
6.646245718002319336e-01
5.972627401351928711e-01
7.117794752120971680e-01
2.165059149265289307e-01
7.011178135871887207e-01
6.510286331176757812e-01
6.103622913360595703e-01
6.246877312660217285e-01
7.385876774787902832e-01
6.995375156402587891e-01
7.094262242317199707e-01
6.405819058418273926e-01
2.973582446575164795e-01
6.412778496742248535e-01
6.746889352798461914e-01
6.476646065711975098e-01
6.804586052894592285e-01
6.515649557113647461e-01
6.886789202690124512e-01
7.058367729187011719e-01
6.591008901596069336e-01
6.638447642326354980e-01
6.553840637207031250e-01
5.775775313377380371e-01
6.371939182281494141e-01
5.632551312446594238e-01
6.239123940467834473e-01
2.680987119674682617e-01
6.341316103935241699e-01
2.272658050060272217e-01
6.653383970260620117e-01
6.745524406433105469e-01
5.719833970069885254e-01
1.752667874097824097e-01
1.601502895355224609e-01
1.283702850341796875e-01
2.332561612129211426e-01
5.748461484909057617e-01
5.873832702636718750e-01
4.258369505405426025e-01
2.195224761962890625e-01
1.740582585334777832e-01
5.418919324874877930e-01
1.964399069547653198e-01
4.596497416496276855e-01
1.654467135667800903e-01
5.828275084495544434e-01
1.374321728944778442e-01
1.934568583965301514e-01
6.276924014091491699e-01
1.482388824224472046e-01
1.453248858451843262e-01
1.998409628868103027e-01
1.722388863563537598e-01
1.989389508962631226e-01
4.623584449291229248e-01
2.297533899545669556e-01
1.478536278009414673e-01
1.339872479438781738e-01
1.625722944736480713e-01
1.635368168354034424e-01
5.579679012298583984e-01
1.904931664466857910e-01
5.644652843475341797e-01
1.453667134046554565e-01
4.729168117046356201e-01
1.656732261180877686e-01
2.063357532024383545e-01
1.447076797485351562e-01
1.399001628160476685e-01
1.638773679733276367e-01
1.292914301156997681e-01
1.450974047183990479e-01
2.329496890306472778e-01
4.044745564460754395e-01
1.860470920801162720e-01
1.837920695543289185e-01
1.319592744112014771e-01
5.347445011138916016e-01
1.444130837917327881e-01
5.541850924491882324e-01
1.709773093461990356e-01
6.283040046691894531e-01
1.814472079277038574e-01
1.450974047183990479e-01
1.618829667568206787e-01
5.153667330741882324e-01
1.944731771945953369e-01
1.497244238853454590e-01
1.859900057315826416e-01
5.960726737976074219e-01
1.668013632297515869e-01
2.152307629585266113e-01
1.581905037164688110e-01
2.085972279310226440e-01
1.983243227005004883e-01
2.363825589418411255e-01
1.989137530326843262e-01
5.841239094734191895e-01
5.155066847801208496e-01
1.409253031015396118e-01
1.636645197868347168e-01
1.726936250925064087e-01
5.650089979171752930e-01
1.411739736795425415e-01
1.623598337173461914e-01
1.712316870689392090e-01
1.929560899734497070e-01
3.891189694404602051e-01
3.802611529827117920e-01
4.077074229717254639e-01
4.051072299480438232e-01
3.782149851322174072e-01
3.696689307689666748e-01
3.857960104942321777e-01
4.084020853042602539e-01
3.705647587776184082e-01
3.732438981533050537e-01
3.714312911033630371e-01
4.035431146621704102e-01
4.003022015094757080e-01
3.909776210784912109e-01
3.950161933898925781e-01
3.952004611492156982e-01
4.194227755069732666e-01
3.857960104942321777e-01
4.301857352256774902e-01
3.860405087471008301e-01
3.936061263084411621e-01
3.970137238502502441e-01
3.860405087471008301e-01
3.889888226985931396e-01
3.881400227546691895e-01
3.883532583713531494e-01
4.084020853042602539e-01
3.695370256900787354e-01
3.806135058403015137e-01
3.860986828804016113e-01
3.938237428665161133e-01
3.983069062232971191e-01
3.863731622695922852e-01
3.733648657798767090e-01
4.003022015094757080e-01
3.995736241340637207e-01
3.630039393901824951e-01
3.995736241340637207e-01
4.174582958221435547e-01
3.827919960021972656e-01
3.766830861568450928e-01
3.705647587776184082e-01
4.280764162540435791e-01
4.000822305679321289e-01
3.689930140972137451e-01
3.827270865440368652e-01
3.860405087471008301e-01
3.827919960021972656e-01
3.653210997581481934e-01
3.864821791648864746e-01
3.792158365249633789e-01
3.938150107860565186e-01
3.864821791648864746e-01
3.860986828804016113e-01
3.766830861568450928e-01
3.630039393901824951e-01
3.714110851287841797e-01
3.917538821697235107e-01
3.771473467350006104e-01
3.834471106529235840e-01
3.924545943737030029e-01
3.710813820362091064e-01
4.000822305679321289e-01
3.920709192752838135e-01
4.084020853042602539e-01
3.708876371383666992e-01
3.939976096153259277e-01
3.825384974479675293e-01
3.733648657798767090e-01
3.803323805332183838e-01
4.256573319435119629e-01
4.172197580337524414e-01
3.952538371086120605e-01
3.705876469612121582e-01
3.732438981533050537e-01
4.208040833473205566e-01
4.285183250904083252e-01
4.382611215114593506e-01
4.179083406925201416e-01
4.203398525714874268e-01
4.048639237880706787e-01
4.179083406925201416e-01
4.370200335979461670e-01
4.413620233535766602e-01
4.651069343090057373e-01
4.157372713088989258e-01
4.555636048316955566e-01
4.467094838619232178e-01
4.150955080986022949e-01
4.124867916107177734e-01
4.406873881816864014e-01
4.317421317100524902e-01
4.390150010585784912e-01
4.332267343997955322e-01
4.856961667537689209e-01
4.795968234539031982e-01
4.838198423385620117e-01
4.963947236537933350e-01
4.978185594081878662e-01
4.776900410652160645e-01
5.055708885192871094e-01
4.831610918045043945e-01
4.998511373996734619e-01
5.016441345214843750e-01
5.028400421142578125e-01
4.695744216442108154e-01
4.906667768955230713e-01
5.004761219024658203e-01
4.923179745674133301e-01
4.945320188999176025e-01
5.046873092651367188e-01
4.967516362667083740e-01
5.115199089050292969e-01
5.013863444328308105e-01
4.894466102123260498e-01
4.898765683174133301e-01
4.715617299079895020e-01
4.858142435550689697e-01
4.482304751873016357e-01
4.852460622787475586e-01
4.701408147811889648e-01
4.970318973064422607e-01
4.771144390106201172e-01
4.912768900394439697e-01
5.170162320137023926e-01
4.849649369716644287e-01
4.930769205093383789e-01
4.883539378643035889e-01
5.195208191871643066e-01
4.684562087059020996e-01
4.802119731903076172e-01
4.946040213108062744e-01
5.052460432052612305e-01
5.030986070632934570e-01
4.819875657558441162e-01
4.745390415191650391e-01
4.604825079441070557e-01
4.855302572250366211e-01
5.109010934829711914e-01
4.819214940071105957e-01
4.953252077102661133e-01
4.527625143527984619e-01
5.213568806648254395e-01
5.001974105834960938e-01
4.915215671062469482e-01
4.872733652591705322e-01
4.871269762516021729e-01
4.692825078964233398e-01
4.801420569419860840e-01
5.014069676399230957e-01
5.088466405868530273e-01
4.787613749504089355e-01
4.686336517333984375e-01
5.189183354377746582e-01
4.709157049655914307e-01
4.992224276065826416e-01
4.958106279373168945e-01
5.053501129150390625e-01
4.902838170528411865e-01
4.887706339359283447e-01
5.159599781036376953e-01
4.664918184280395508e-01
4.619740545749664307e-01
5.175266861915588379e-01
4.110361039638519287e-01
3.891112506389617920e-01
4.036019146442413330e-01
4.123769402503967285e-01
3.787254095077514648e-01
4.163643717765808105e-01
4.047303795814514160e-01
3.955405652523040771e-01
4.047059118747711182e-01
4.003713130950927734e-01
4.174844920635223389e-01
3.784973919391632080e-01
4.015718102455139160e-01
3.935566544532775879e-01
4.284282624721527100e-01
3.987829387187957764e-01
4.306659102439880371e-01
4.030352234840393066e-01
4.018928706645965576e-01
4.047260582447052002e-01
3.940947949886322021e-01
4.529539644718170166e-01
3.840897977352142334e-01
4.063286185264587402e-01
4.060435593128204346e-01
4.284222126007080078e-01
3.912926018238067627e-01
7.670840024948120117e-01
4.241254329681396484e-01
4.152231812477111816e-01
3.972507417201995850e-01
3.930923938751220703e-01
4.134317040443420410e-01
4.030363261699676514e-01
4.049311578273773193e-01
4.103108346462249756e-01
4.100005924701690674e-01
3.985933661460876465e-01
3.921318948268890381e-01
4.071903824806213379e-01
3.921651542186737061e-01
4.124991893768310547e-01
3.803691565990447998e-01
3.926948308944702148e-01
3.974471986293792725e-01
3.900593817234039307e-01
4.244213104248046875e-01
4.221520125865936279e-01
4.094078540802001953e-01
6.534885764122009277e-01
4.381775557994842529e-01
4.165035486221313477e-01
4.015435278415679932e-01
4.225842654705047607e-01
4.125224351882934570e-01
4.463671743869781494e-01
4.080844223499298096e-01
3.993188738822937012e-01
3.886450529098510742e-01
4.166906476020812988e-01
4.102719724178314209e-01
4.208590388298034668e-01
7.512354254722595215e-01
3.816890418529510498e-01
4.120795130729675293e-01
3.848130702972412109e-01
3.909376561641693115e-01
6.333918571472167969e-01
4.311839640140533447e-01
4.400497078895568848e-01
4.103322327136993408e-01
4.159506857395172119e-01
4.080223143100738525e-01
3.936902880668640137e-01
4.012224376201629639e-01
4.146071374416351318e-01
3.780871629714965820e-01
3.898694813251495361e-01
3.714464902877807617e-01
4.185732901096343994e-01
3.729165196418762207e-01
3.585034608840942383e-01
3.925319910049438477e-01
3.949426114559173584e-01
3.665531873703002930e-01
3.712787926197052002e-01
7.501766681671142578e-01
3.531702756881713867e-01
3.684375286102294922e-01
3.881642222404479980e-01
3.722546398639678955e-01
3.789757192134857178e-01
3.680413663387298584e-01
3.941154181957244873e-01
3.586812019348144531e-01
4.207828938961029053e-01
3.369188308715820312e-01
3.871712088584899902e-01
3.740428090095520020e-01
4.028508663177490234e-01
3.955200910568237305e-01
3.911656737327575684e-01
3.735418319702148438e-01
3.757494390010833740e-01
3.918993771076202393e-01
3.726946413516998291e-01
4.109342098236083984e-01
4.240800440311431885e-01
3.902680873870849609e-01
3.695199191570281982e-01
4.082612991333007812e-01
3.906563222408294678e-01
3.568066954612731934e-01
3.882668018341064453e-01
3.778369724750518799e-01
3.672194480895996094e-01
3.853915333747863770e-01
3.622057139873504639e-01
4.223671257495880127e-01
3.955295681953430176e-01
3.712889552116394043e-01
3.649640977382659912e-01
4.094241261482238770e-01
3.622369170188903809e-01
3.737523257732391357e-01
4.014786779880523682e-01
3.920035660266876221e-01
3.875745534896850586e-01
3.905503451824188232e-01
3.681153357028961182e-01
3.571988344192504883e-01
3.533790409564971924e-01
3.799335062503814697e-01
3.681756258010864258e-01
3.892406821250915527e-01
3.701684176921844482e-01
3.730710744857788086e-01
3.642240762710571289e-01
3.611642718315124512e-01
3.754544556140899658e-01
3.981323242187500000e-01
3.586872816085815430e-01
3.852753639221191406e-01
3.477861583232879639e-01
3.739362359046936035e-01
3.854869604110717773e-01
3.991040289402008057e-01
4.186280667781829834e-01
3.919795751571655273e-01
4.270918369293212891e-01
3.511787950992584229e-01
3.900099992752075195e-01
3.742285072803497314e-01
3.796809315681457520e-01
3.845560252666473389e-01
3.808328509330749512e-01
4.138810932636260986e-01
3.817301690578460693e-01
3.835928440093994141e-01
3.542129993438720703e-01
3.944446146488189697e-01
3.826483786106109619e-01
4.150732159614562988e-01
3.970751762390136719e-01
3.807761371135711670e-01
3.547181487083435059e-01
4.033775925636291504e-01
3.720132112503051758e-01
4.434999823570251465e-01
3.717305362224578857e-01
3.625143170356750488e-01
3.739502131938934326e-01
4.165031313896179199e-01
3.646882474422454834e-01
3.984285891056060791e-01
3.982330262660980225e-01
1.535643190145492554e-01
2.026460170745849609e-01
1.443177759647369385e-01
2.208446711301803589e-01
2.043256759643554688e-01
2.048516571521759033e-01
1.427997350692749023e-01
2.099355757236480713e-01
2.051722705364227295e-01
1.348783820867538452e-01
2.139743119478225708e-01
1.736487895250320435e-01
1.533878892660140991e-01
4.392120838165283203e-01
1.567732095718383789e-01
1.405479907989501953e-01
4.053097665309906006e-01
4.867810308933258057e-01
1.560138761997222900e-01
2.088733613491058350e-01
1.465573906898498535e-01
1.470383554697036743e-01
1.466253697872161865e-01
5.425910353660583496e-01
1.462963819503784180e-01
5.595437288284301758e-01
6.134563684463500977e-01
3.911288976669311523e-01
1.628017723560333252e-01
1.611938625574111938e-01
1.500350236892700195e-01
1.669084131717681885e-01
1.904044151306152344e-01
4.249190390110015869e-01
4.785565435886383057e-01
2.017393112182617188e-01
2.103071659803390503e-01
5.874469280242919922e-01
1.833586096763610840e-01
2.197177559137344360e-01
1.749990433454513550e-01
1.799823343753814697e-01
2.361937463283538818e-01
1.953550577163696289e-01
1.865682005882263184e-01
1.665882468223571777e-01
1.553644835948944092e-01
1.775429695844650269e-01
2.169396430253982544e-01
2.280941158533096313e-01
2.523624300956726074e-01
1.789609342813491821e-01
4.532839059829711914e-01
4.920841157436370850e-01
1.838252544403076172e-01
1.732718050479888916e-01
2.499195635318756104e-01
5.231500267982482910e-01
1.634547412395477295e-01
1.921435594558715820e-01
1.546476483345031738e-01
3.051690459251403809e-01
1.793649792671203613e-01
1.605863124132156372e-01
1.983687877655029297e-01
1.646613329648971558e-01
4.632825553417205811e-01
1.691772639751434326e-01
1.414215862751007080e-01
6.293289065361022949e-01
2.012427151203155518e-01
1.990544050931930542e-01
1.575255990028381348e-01
1.544790118932723999e-01
1.333556324243545532e-01
