9.995974898338317871e-01
9.991706609725952148e-01
9.977192282676696777e-01
9.137399792671203613e-01
9.077395200729370117e-01
9.792768359184265137e-01
8.871521353721618652e-01
8.995704650878906250e-01
9.227750897407531738e-01
9.934765696525573730e-01
9.864208698272705078e-01
9.201985001564025879e-01
9.990860223770141602e-01
9.996961355209350586e-01
9.278203845024108887e-01
9.179316163063049316e-01
9.984627962112426758e-01
9.992432594299316406e-01
8.736621737480163574e-01
9.941195249557495117e-01
9.479295611381530762e-01
9.981569647789001465e-01
9.356754422187805176e-01
9.994113445281982422e-01
9.085265994071960449e-01
9.971252083778381348e-01
9.870544075965881348e-01
9.958118200302124023e-01
9.931596517562866211e-01
9.415237903594970703e-01
9.999755620956420898e-01
9.159621000289916992e-01
9.798229336738586426e-01
9.535014033317565918e-01
9.958531856536865234e-01
9.982073307037353516e-01
9.916573762893676758e-01
9.997392296791076660e-01
9.020592570304870605e-01
9.632005691528320312e-01
9.115011692047119141e-01
8.988989591598510742e-01
9.982409477233886719e-01
8.739241957664489746e-01
9.238902926445007324e-01
9.019771218299865723e-01
8.953126668930053711e-01
8.911424279212951660e-01
9.994474053382873535e-01
8.861092329025268555e-01
9.939777851104736328e-01
8.472033143043518066e-01
9.276620149612426758e-01
9.999996423721313477e-01
9.175199866294860840e-01
9.222195744514465332e-01
9.999960660934448242e-01
9.306765198707580566e-01
9.185312390327453613e-01
9.006298780441284180e-01
9.993236064910888672e-01
9.999238252639770508e-01
9.971459507942199707e-01
9.131726026535034180e-01
9.838317632675170898e-01
4.630641043186187744e-01
9.122644066810607910e-01
9.959073066711425781e-01
9.142917990684509277e-01
9.305051565170288086e-01
9.997765421867370605e-01
9.998390674591064453e-01
9.223799109458923340e-01
9.357537031173706055e-01
9.999995231628417969e-01
3.099830746650695801e-01
7.441489696502685547e-01
6.961159706115722656e-01
9.968994855880737305e-01
8.046419024467468262e-01
7.801820635795593262e-01
9.986506104469299316e-01
8.355096578598022461e-01
3.952859044075012207e-01
7.898144125938415527e-01
8.328992128372192383e-01
9.997021555900573730e-01
8.305513858795166016e-01
9.992372989654541016e-01
4.152671694755554199e-01
9.964536428451538086e-01
9.998273849487304688e-01
7.199974060058593750e-01
9.349938631057739258e-01
9.827036261558532715e-01
9.999951124191284180e-01
9.888064861297607422e-01
9.997283816337585449e-01
6.975793242454528809e-01
7.033081054687500000e-01
8.967719078063964844e-01
9.927525520324707031e-01
4.540990591049194336e-01
8.417345881462097168e-01
9.981784820556640625e-01
9.917655587196350098e-01
1.000000000000000000e+00
3.175555169582366943e-01
8.039214015007019043e-01
8.063113689422607422e-01
9.998875856399536133e-01
3.515831828117370605e-01
5.816556215286254883e-01
6.659618020057678223e-01
9.967867136001586914e-01
7.465410828590393066e-01
5.174276232719421387e-01
9.994569420814514160e-01
9.992269277572631836e-01
9.999613761901855469e-01
9.996732473373413086e-01
9.997896552085876465e-01
9.960636496543884277e-01
7.523713111877441406e-01
9.992473125457763672e-01
8.690574169158935547e-01
9.948819875717163086e-01
3.623791635036468506e-01
9.992294311523437500e-01
9.999990463256835938e-01
9.997747540473937988e-01
9.987296462059020996e-01
9.873887300491333008e-01
7.095434069633483887e-01
9.815835356712341309e-01
3.197793364524841309e-01
9.968885779380798340e-01
9.999607801437377930e-01
9.987208247184753418e-01
9.999570846557617188e-01
7.331308722496032715e-01
9.993261098861694336e-01
9.995526671409606934e-01
8.358613848686218262e-01
9.996290206909179688e-01
2.949515581130981445e-01
7.944151759147644043e-01
3.544701635837554932e-01
9.998958110809326172e-01
9.996362924575805664e-01
9.999979734420776367e-01
2.711571455001831055e-01
9.999021291732788086e-01
3.013103008270263672e-01
9.999655485153198242e-01
9.858751893043518066e-01
9.845675230026245117e-01
9.895025491714477539e-01
9.989665746688842773e-01
1.634734570980072021e-01
1.568058282136917114e-01
7.558006048202514648e-01
2.654106318950653076e-01
9.998176693916320801e-01
9.995679259300231934e-01
9.898674488067626953e-01
2.354658395051956177e-01
2.308336645364761353e-01
9.999325275421142578e-01
2.563821077346801758e-01
2.944130003452301025e-01
9.996151924133300781e-01
5.770106315612792969e-01
9.978673458099365234e-01
9.971868395805358887e-01
3.742239475250244141e-01
9.843868613243103027e-01
2.438298761844635010e-01
5.438005924224853516e-01
9.870936274528503418e-01
6.222581267356872559e-01
4.554855525493621826e-01
9.842995405197143555e-01
6.054661273956298828e-01
9.997863173484802246e-01
9.887300133705139160e-01
6.683929562568664551e-01
5.074477791786193848e-01
9.998381137847900391e-01
9.999331235885620117e-01
6.392444372177124023e-01
4.895799160003662109e-01
9.989497065544128418e-01
9.947872161865234375e-01
3.948465287685394287e-01
9.999971389770507812e-01
1.970759928226470947e-01
2.707535326480865479e-01
4.272380769252777100e-01
9.991839528083801270e-01
1.103622168302536011e-01
9.999927282333374023e-01
5.898476839065551758e-01
9.940938353538513184e-01
9.999946355819702148e-01
2.996905744075775146e-01
7.016392350196838379e-01
2.881362438201904297e-01
9.911482334136962891e-01
3.750792443752288818e-01
3.298733234405517578e-01
3.195194900035858154e-01
4.296773970127105713e-01
9.842833280563354492e-01
9.999358654022216797e-01
9.975129365921020508e-01
9.946628808975219727e-01
4.348806142807006836e-01
9.983172416687011719e-01
9.999262094497680664e-01
9.549887776374816895e-01
9.967648983001708984e-01
9.983509778976440430e-01
5.280490517616271973e-01
9.996570348739624023e-01
3.775710463523864746e-01
5.373292565345764160e-01
3.690570890903472900e-01
9.999694824218750000e-01
9.992448091506958008e-01
1.774273067712783813e-01
4.582280218601226807e-01
4.707651138305664062e-01
9.901691675186157227e-01
9.996260404586791992e-01
9.958606362342834473e-01
5.536818504333496094e-01
8.441590070724487305e-01
9.990440011024475098e-01
9.997171759605407715e-01
4.761881232261657715e-01
9.944666028022766113e-01
7.188766002655029297e-01
9.701761007308959961e-01
1.020429059863090515e-01
6.240161508321762085e-02
8.982729315757751465e-01
9.961685538291931152e-01
8.922245502471923828e-01
2.021635770797729492e-01
2.095001637935638428e-01
8.831923604011535645e-01
7.104507684707641602e-01
9.889913797378540039e-01
1.380530744791030884e-01
9.924186468124389648e-01
9.916287660598754883e-01
9.768064022064208984e-01
9.838367104530334473e-01
8.713734745979309082e-01
9.975373744964599609e-01
8.744174242019653320e-01
2.491702586412429810e-01
7.056847959756851196e-02
8.652677536010742188e-01
8.805266022682189941e-01
9.978879094123840332e-01
9.770316481590270996e-01
8.881932497024536133e-02
9.993528723716735840e-01
8.637032508850097656e-01
9.940450787544250488e-01
9.982179999351501465e-01
9.979634284973144531e-01
9.984266757965087891e-01
8.888874053955078125e-01
8.548851013183593750e-01
8.842643499374389648e-01
8.948826193809509277e-01
8.828314542770385742e-01
9.126050472259521484e-01
8.950123786926269531e-01
5.813173651695251465e-01
3.175522387027740479e-01
9.977859258651733398e-01
9.256571531295776367e-01
8.942246437072753906e-01
9.939415454864501953e-01
9.939094781875610352e-01
8.880473375320434570e-01
8.801284432411193848e-01
9.043538570404052734e-01
1.930460929870605469e-01
9.750820994377136230e-01
9.801717996597290039e-01
8.891997337341308594e-01
9.976000189781188965e-01
8.738019466400146484e-01
8.861755728721618652e-01
9.420803785324096680e-01
8.930418491363525391e-01
9.757712483406066895e-01
8.832617402076721191e-01
7.262411713600158691e-02
9.933857321739196777e-01
9.842903017997741699e-01
6.538243293762207031e-01
9.714981913566589355e-01
9.970065951347351074e-01
8.668174743652343750e-01
2.308004349470138550e-01
8.743158578872680664e-01
9.669591188430786133e-01
9.625298976898193359e-01
8.840305805206298828e-01
8.897554278373718262e-01
9.991977810859680176e-01
8.930673003196716309e-01
9.852906465530395508e-01
9.930215477943420410e-01
4.878362715244293213e-01
9.212371110916137695e-01
1.000000000000000000e+00
8.921956419944763184e-01
2.827018797397613525e-01
6.494376063346862793e-01
9.063313603401184082e-01
5.929514169692993164e-01
7.969493269920349121e-01
9.995834231376647949e-01
9.960857629776000977e-01
9.960916638374328613e-01
3.795228898525238037e-01
7.311516404151916504e-01
4.940244853496551514e-01
9.317632913589477539e-01
9.131626486778259277e-01
4.198690056800842285e-01
7.596470713615417480e-01
6.266546249389648438e-01
9.990450739860534668e-01
8.983297944068908691e-01
4.090237617492675781e-01
9.997964501380920410e-01
4.850617349147796631e-01
4.795870184898376465e-01
5.659444928169250488e-01
9.161471724510192871e-01
9.212371110916137695e-01
9.779516458511352539e-01
9.984847903251647949e-01
2.795839607715606689e-01
9.186565876007080078e-01
5.096616744995117188e-01
2.476235926151275635e-01
9.870682954788208008e-01
3.372394144535064697e-01
2.479458749294281006e-01
9.762870669364929199e-01
2.930553555488586426e-01
9.922807812690734863e-01
4.102141857147216797e-01
4.045667052268981934e-01
9.786567091941833496e-01
4.420565366744995117e-01
5.047819018363952637e-01
4.130180478096008301e-01
9.949250221252441406e-01
6.176508069038391113e-01
5.725980401039123535e-01
9.902764558792114258e-01
9.319317936897277832e-01
5.900401473045349121e-01
6.966208219528198242e-01
2.536661624908447266e-01
5.032475590705871582e-01
8.823916316032409668e-01
9.916772842407226562e-01
4.181383848190307617e-01
3.337493836879730225e-01
8.271207213401794434e-01
3.301778137683868408e-01
2.513714730739593506e-01
4.416584968566894531e-01
9.903001785278320312e-01
2.162661552429199219e-01
3.367840647697448730e-01
4.716064929962158203e-01
9.267089366912841797e-01
3.317528367042541504e-01
4.371145665645599365e-01
3.184853196144104004e-01
2.880833745002746582e-01
2.793647348880767822e-01
3.701791465282440186e-01
4.306833744049072266e-01
4.894923865795135498e-01
9.385371804237365723e-01
3.312721252441406250e-01
7.467558979988098145e-01
3.384059965610504150e-01
9.993846416473388672e-01
9.833047389984130859e-01
5.749752521514892578e-01
6.556754708290100098e-01
9.851291179656982422e-01
4.163712859153747559e-01
5.956903696060180664e-01
2.713050842285156250e-01
8.738213181495666504e-01
3.472514748573303223e-01
6.906043291091918945e-01
3.616341054439544678e-01
5.515710115432739258e-01
3.705567121505737305e-01
4.659537374973297119e-01
3.495990335941314697e-01
2.293410152196884155e-01
9.351149797439575195e-01
3.177492320537567139e-01
3.976147770881652832e-01
6.254168748855590820e-01
3.280514478683471680e-01
2.561866939067840576e-01
4.712380766868591309e-01
6.380448937416076660e-01
9.232716560363769531e-01
9.808170199394226074e-01
9.993876218795776367e-01
9.905897378921508789e-01
9.945185780525207520e-01
9.812892675399780273e-01
9.970382452011108398e-01
9.512664079666137695e-01
9.065456986427307129e-01
9.698104262351989746e-01
9.982450008392333984e-01
9.905993342399597168e-01
9.939686059951782227e-01
8.780890703201293945e-01
9.246248602867126465e-01
9.835337996482849121e-01
9.117761850357055664e-01
9.178625941276550293e-01
9.311615228652954102e-01
9.921755194664001465e-01
9.998708963394165039e-01
9.970587491989135742e-01
9.938833713531494141e-01
9.752895832061767578e-01
9.252899289131164551e-01
9.034125208854675293e-01
9.915584325790405273e-01
1.434382796287536621e-01
9.607187509536743164e-01
9.839504957199096680e-01
9.973172545433044434e-01
9.230049848556518555e-01
9.321638941764831543e-01
9.976590871810913086e-01
9.245052337646484375e-01
9.996849298477172852e-01
8.908893465995788574e-01
9.245284199714660645e-01
9.728636145591735840e-01
9.174557328224182129e-01
9.968083500862121582e-01
9.090602397918701172e-01
9.136633276939392090e-01
9.990678429603576660e-01
9.999520778656005859e-01
9.221630096435546875e-01
9.414027333259582520e-01
9.162538051605224609e-01
9.705215692520141602e-01
9.890166521072387695e-01
9.994190931320190430e-01
9.996900558471679688e-01
9.138978719711303711e-01
8.158841729164123535e-01
9.356526732444763184e-01
9.512801170349121094e-01
9.988421797752380371e-01
9.536323547363281250e-01
9.262878298759460449e-01
9.201480746269226074e-01
9.981404542922973633e-01
9.200556874275207520e-01
9.895304441452026367e-01
9.998912811279296875e-01
9.999890327453613281e-01
9.225391745567321777e-01
9.902481436729431152e-01
9.997105002403259277e-01
9.985367059707641602e-01
8.984414935111999512e-01
9.999980926513671875e-01
9.147097468376159668e-01
9.748650789260864258e-01
9.101827144622802734e-01
5.241250991821289062e-02
4.235732555389404297e-02
4.716788232326507568e-01
1.286862641572952271e-01
4.662956297397613525e-01
8.721187114715576172e-01
7.430360317230224609e-01
1.712008938193321228e-02
6.938464194536209106e-02
4.952914118766784668e-01
4.837819933891296387e-02
4.170228540897369385e-01
1.650096923112869263e-01
8.566834926605224609e-01
3.084028139710426331e-02
1.185117661952972412e-01
9.099229574203491211e-01
2.937379479408264160e-02
7.805282622575759888e-02
2.343334071338176727e-02
6.725881248712539673e-02
5.880325660109519958e-02
3.440345525741577148e-01
2.657485604286193848e-01
8.435083553194999695e-03
1.546740233898162842e-01
6.721306592226028442e-02
6.220417469739913940e-02
1.295052468776702881e-01
3.604323044419288635e-02
3.727659583091735840e-01
3.073552064597606659e-02
7.904481887817382812e-01
2.594948746263980865e-02
4.104128852486610413e-02
4.266782477498054504e-02
1.932023838162422180e-02
1.121486350893974304e-02
1.536439545452594757e-02
1.105112433433532715e-01
5.456268787384033203e-02
5.953127145767211914e-01
2.233320847153663635e-02
8.801619708538055420e-02
1.644917204976081848e-02
8.016769886016845703e-01
1.386730559170246124e-02
4.053813815116882324e-01
2.679410576820373535e-01
9.204761981964111328e-01
1.489707827568054199e-01
1.105112433433532715e-01
6.306923180818557739e-02
7.133237719535827637e-01
5.323690548539161682e-02
1.266098618507385254e-01
8.446972817182540894e-03
6.586538553237915039e-01
1.160546317696571350e-01
9.778983891010284424e-02
5.654536560177803040e-02
1.017806604504585266e-01
4.863044247031211853e-02
1.806964874267578125e-01
4.959417134523391724e-02
5.324695110321044922e-01
1.736525744199752808e-01
8.479181677103042603e-02
7.845425605773925781e-02
1.630234718322753906e-02
4.155570864677429199e-01
9.526970237493515015e-02
8.649832755327224731e-02
5.649090278893709183e-03
6.927828490734100342e-02
5.153409764170646667e-02
6.765651702880859375e-02
2.130332291126251221e-01
7.902350276708602905e-02
2.341735213994979858e-01
3.169657662510871887e-02
4.238035902380943298e-02
1.048361212015151978e-01
3.202059492468833923e-02
6.161583214998245239e-02
2.792567946016788483e-02
1.746904104948043823e-01
7.395031303167343140e-02
6.648932397365570068e-02
7.310715317726135254e-02
5.639993026852607727e-02
1.547072976827621460e-01
4.238035902380943298e-02
7.627853751182556152e-02
4.658233374357223511e-02
8.151934295892715454e-02
3.466036170721054077e-02
4.658233374357223511e-02
2.923611998558044434e-01
2.790450155735015869e-01
5.669660121202468872e-02
1.048361212015151978e-01
4.757367447018623352e-02
4.275471717119216919e-02
5.199414864182472229e-02
5.821020156145095825e-02
1.526886075735092163e-01
9.595444798469543457e-02
6.502154469490051270e-02
7.395031303167343140e-02
3.961755335330963135e-02
1.501572038978338242e-02
3.961755335330963135e-02
1.342042386531829834e-01
5.229351669549942017e-02
1.698642373085021973e-01
3.202059492468833923e-02
1.071819514036178589e-01
7.505001127719879150e-02
6.228125095367431641e-02
9.906785935163497925e-02
4.658233374357223511e-02
5.229351669549942017e-02
3.676598519086837769e-02
6.590291112661361694e-02
3.922867402434349060e-02
5.176643654704093933e-02
6.590291112661361694e-02
5.199414864182472229e-02
1.698642373085021973e-01
1.501572038978338242e-02
3.797491267323493958e-02
5.010227486491203308e-02
1.229896172881126404e-01
1.270743161439895630e-01
6.953771412372589111e-02
3.982234373688697815e-02
7.505001127719879150e-02
5.519918724894523621e-02
1.048361212015151978e-01
2.629504725337028503e-02
8.184771984815597534e-02
5.537604168057441711e-02
6.502154469490051270e-02
4.865383356809616089e-02
1.489316374063491821e-01
1.461376249790191650e-01
6.364689767360687256e-02
1.818459294736385345e-02
6.161583214998245239e-02
1.650631874799728394e-01
1.154379770159721375e-01
7.649009674787521362e-02
1.145347282290458679e-01
1.164296865463256836e-01
8.134790509939193726e-02
1.145347282290458679e-01
1.796855479478836060e-01
2.446821331977844238e-01
3.611606061458587646e-01
1.509311795234680176e-01
1.818544715642929077e-01
2.101122289896011353e-01
1.423058062791824341e-01
1.853852570056915283e-01
1.508803218603134155e-01
1.590489596128463745e-01
2.131550759077072144e-01
1.997643560171127319e-01
1.592673808336257935e-01
1.321003139019012451e-01
7.266105711460113525e-02
2.290057539939880371e-01
2.508041560649871826e-01
1.294126510620117188e-01
1.839770078659057617e-01
9.301827102899551392e-02
1.986995041370391846e-01
1.774375885725021362e-01
3.151968717575073242e-01
7.363252341747283936e-02
2.116696685552597046e-01
1.993588060140609741e-01
1.858450770378112793e-01
3.164901435375213623e-01
2.938865125179290771e-01
2.186240255832672119e-01
2.435040920972824097e-01
2.719900012016296387e-01
7.331470400094985962e-02
4.365881904959678650e-02
8.438467234373092651e-02
1.752313971519470215e-01
2.869706973433494568e-02
2.675595283508300781e-01
1.148234978318214417e-01
3.109875023365020752e-01
1.504102498292922974e-01
2.745244801044464111e-01
4.652322232723236084e-01
5.497674271464347839e-02
1.988087147474288940e-01
1.291117668151855469e-01
4.015391469001770020e-01
8.130183815956115723e-02
1.970349997282028198e-01
1.848135292530059814e-01
4.752466976642608643e-01
2.668638825416564941e-01
1.683475077152252197e-01
9.705654531717300415e-02
4.247748479247093201e-02
1.959976702928543091e-01
2.675560116767883301e-01
1.801186949014663696e-01
1.997872292995452881e-01
3.151512518525123596e-02
3.099986314773559570e-01
2.258211672306060791e-01
4.533989727497100830e-01
1.864360719919204712e-01
7.669419795274734497e-02
1.177059859037399292e-01
1.385369300842285156e-01
1.253223568201065063e-01
1.556664854288101196e-01
1.355559080839157104e-01
1.506832242012023926e-01
2.130066901445388794e-01
2.104825824499130249e-01
2.237352579832077026e-01
1.710411608219146729e-01
2.802183330059051514e-01
2.729106545448303223e-01
1.839924305677413940e-01
4.409238398075103760e-01
1.577217727899551392e-01
9.592722356319427490e-02
6.197241544723510742e-01
5.590336769819259644e-02
4.467751085758209229e-02
6.831318140029907227e-02
2.967883087694644928e-02
2.856290154159069061e-02
4.392323642969131470e-02
4.850321263074874878e-02
6.824107468128204346e-02
4.122461006045341492e-02
4.817263782024383545e-02
5.638394132256507874e-02
3.871600702404975891e-02
3.094259276986122131e-02
3.217102214694023132e-02
1.395143866539001465e-01
5.932863801717758179e-02
1.255709975957870483e-01
6.889035552740097046e-02
5.899126082658767700e-02
5.847732722759246826e-02
2.657826803624629974e-02
1.727305203676223755e-01
3.975187987089157104e-02
3.204037249088287354e-02
5.662157014012336731e-02
1.766838729381561279e-01
4.263024777173995972e-02
8.505173921585083008e-01
1.053128913044929504e-01
4.927677288651466370e-02
3.628186136484146118e-02
2.984661422669887543e-02
5.952573195099830627e-02
3.415232524275779724e-02
4.301257431507110596e-02
2.723455987870693207e-02
4.960641637444496155e-02
3.119649924337863922e-02
3.372567519545555115e-02
4.348245263099670410e-02
3.098769113421440125e-02
6.193194910883903503e-02
3.482271358370780945e-02
1.578221283853054047e-02
4.933158680796623230e-02
1.991200726479291916e-03
9.157352894544601440e-02
1.093224585056304932e-01
5.752147361636161804e-02
6.140617728233337402e-01
1.415019929409027100e-01
1.134970411658287048e-01
8.882392197847366333e-02
4.788776487112045288e-02
4.758009314537048340e-02
4.757456481456756592e-01
5.505434796214103699e-02
6.093009561300277710e-02
3.638432174921035767e-02
3.479292988777160645e-02
3.437910228967666626e-02
9.435608983039855957e-02
8.359175324440002441e-01
2.654700726270675659e-02
5.372349917888641357e-02
2.189460955560207367e-02
4.331470280885696411e-02
6.026723980903625488e-01
5.593072995543479919e-02
1.112513467669487000e-01
7.395850867033004761e-02
5.969499424099922180e-02
2.142692171037197113e-02
5.118833109736442566e-02
5.320188030600547791e-02
1.983244866132736206e-01
2.129406183958053589e-01
9.600013494491577148e-02
5.501904711127281189e-02
1.340403109788894653e-01
1.528904587030410767e-01
1.397902984172105789e-02
1.804499328136444092e-01
2.220707684755325317e-01
1.291187405586242676e-01
1.220995858311653137e-01
8.847626447677612305e-01
3.995799645781517029e-02
6.221063807606697083e-02
9.262744337320327759e-02
9.933400154113769531e-02
1.331217885017395020e-01
7.016422599554061890e-02
9.180755913257598877e-02
4.675037786364555359e-02
3.869612514972686768e-01
3.762605413794517517e-02
1.388212144374847412e-01
1.125786155462265015e-01
1.960157752037048340e-01
2.817339003086090088e-01
1.119954138994216919e-01
1.023034825921058655e-01
1.287450343370437622e-01
9.417591243982315063e-02
5.225432291626930237e-02
2.489924728870391846e-01
1.697290688753128052e-01
1.118274107575416565e-01
1.147652640938758850e-01
1.424490660429000854e-01
1.086436808109283447e-01
2.632455155253410339e-02
2.600791752338409424e-01
9.877473860979080200e-02
9.434760361909866333e-02
8.969550579786300659e-02
4.282615333795547485e-02
9.958461672067642212e-02
2.575547397136688232e-01
2.302633523941040039e-01
2.025813609361648560e-02
4.111811220645904541e-01
1.368635743856430054e-01
1.497960984706878662e-01
3.592971712350845337e-02
1.293887197971343994e-01
2.456976771354675293e-01
1.647058129310607910e-01
1.827068775892257690e-01
1.710792630910873413e-01
1.374365985393524170e-01
2.587755620479583740e-01
2.562328875064849854e-01
2.556418478488922119e-01
1.308117806911468506e-01
3.376408815383911133e-01
2.184887975454330444e-01
2.223746627569198608e-01
2.769066952168941498e-02
2.292791306972503662e-01
3.043226599693298340e-01
3.853975534439086914e-01
5.733703728765249252e-04
3.831785321235656738e-01
5.645179748535156250e-02
3.170723319053649902e-01
2.368002235889434814e-01
2.328868359327316284e-01
2.087418437004089355e-01
2.983320355415344238e-01
2.679228782653808594e-01
2.371181845664978027e-01
7.955973595380783081e-02
1.219196468591690063e-01
1.431616097688674927e-01
2.403419166803359985e-01
3.386462926864624023e-01
2.224085479974746704e-01
3.486705720424652100e-01
2.346272617578506470e-01
1.351747065782546997e-01
2.363891899585723877e-01
2.351182997226715088e-01
3.288685381412506104e-01
2.217107713222503662e-01
2.773457765579223633e-01
4.562747851014137268e-02
3.283626139163970947e-01
1.733333915472030640e-01
1.527507007122039795e-01
2.210108935832977295e-01
5.473409295082092285e-01
1.469411104917526245e-01
3.710440397262573242e-01
9.260705113410949707e-02
4.749603271484375000e-01
3.533229604363441467e-02
7.593024522066116333e-02
1.215933114290237427e-01
1.260857284069061279e-01
2.695535421371459961e-01
1.295764893293380737e-01
5.051844567060470581e-02
4.147788509726524353e-02
2.139719575643539429e-02
4.151555523276329041e-02
1.695518791675567627e-01
6.143800914287567139e-02
3.525326251983642578e-01
2.033528871834278107e-02
1.073015481233596802e-02
6.062163114547729492e-01
5.134902596473693848e-01
2.442737482488155365e-02
5.895258113741874695e-02
1.340895611792802811e-02
5.819253250956535339e-02
1.046612560749053955e-01
8.741061687469482422e-01
7.463843096047639847e-03
8.743093013763427734e-01
9.139712452888488770e-01
5.670994520187377930e-01
5.139340832829475403e-02
1.771977841854095459e-01
1.729574501514434814e-01
1.644379347562789917e-01
3.609314933419227600e-02
3.165078461170196533e-01
4.711463451385498047e-01
9.300376474857330322e-02
6.674171984195709229e-02
8.776523470878601074e-01
1.131140068173408508e-01
6.821603327989578247e-02
1.499607115983963013e-01
1.928627192974090576e-01
4.086714386940002441e-01
6.922468543052673340e-03
1.508793532848358154e-01
1.414327025413513184e-01
1.399369388818740845e-01
5.025426670908927917e-02
1.305997520685195923e-01
1.443142350763082504e-02
2.440912574529647827e-01
1.902492195367813110e-01
7.458047866821289062e-01
7.438049912452697754e-01
2.534843422472476959e-02
4.215779900550842285e-02
2.557310760021209717e-01
7.265658974647521973e-01
9.645653516054153442e-02
1.091213971376419067e-01
1.013322919607162476e-02
1.232051774859428406e-01
4.230951890349388123e-02
1.626537740230560303e-01
2.583787739276885986e-01
7.002612948417663574e-02
4.990203678607940674e-01
1.569105982780456543e-01
1.071223244071006775e-01
7.652475237846374512e-01
2.587380819022655487e-02
2.505489587783813477e-01
1.089476794004440308e-01
1.425241976976394653e-01
1.629014872014522552e-02
