9.183794260025024414e-01
9.999983310699462891e-01
9.878232479095458984e-01
3.575354516506195068e-01
3.575354516506195068e-01
9.998531341552734375e-01
3.575354516506195068e-01
3.575354516506195068e-01
3.575354516506195068e-01
8.498863577842712402e-01
9.986095428466796875e-01
3.575354516506195068e-01
9.993343949317932129e-01
9.907011985778808594e-01
3.575354516506195068e-01
3.575354516506195068e-01
9.929329156875610352e-01
9.993882179260253906e-01
3.575354516506195068e-01
9.999399185180664062e-01
3.575354516506195068e-01
9.956478476524353027e-01
3.575354516506195068e-01
9.936950802803039551e-01
3.575354516506195068e-01
9.831074476242065430e-01
9.997182488441467285e-01
9.887583255767822266e-01
9.993341565132141113e-01
3.575354516506195068e-01
9.999858140945434570e-01
3.575354516506195068e-01
9.999971389770507812e-01
9.997300505638122559e-01
9.999834299087524414e-01
9.991551637649536133e-01
9.998878240585327148e-01
9.999419450759887695e-01
3.575354516506195068e-01
9.997939467430114746e-01
3.575354516506195068e-01
3.575354516506195068e-01
9.999883174896240234e-01
3.575354516506195068e-01
3.575354516506195068e-01
3.575354516506195068e-01
3.575354516506195068e-01
3.575354516506195068e-01
9.729329943656921387e-01
3.575354516506195068e-01
9.989374279975891113e-01
3.575354516506195068e-01
3.575354516506195068e-01
9.998368024826049805e-01
3.575354516506195068e-01
3.575354516506195068e-01
9.953320622444152832e-01
3.575354516506195068e-01
3.575354516506195068e-01
9.999998807907104492e-01
9.999827146530151367e-01
1.000000000000000000e+00
9.954470992088317871e-01
3.575354516506195068e-01
9.998601675033569336e-01
3.575354516506195068e-01
3.575354516506195068e-01
9.995699524879455566e-01
3.575354516506195068e-01
3.575354516506195068e-01
9.995529055595397949e-01
9.978475570678710938e-01
3.575354516506195068e-01
3.575354516506195068e-01
9.998970031738281250e-01
3.575354516506195068e-01
3.575354516506195068e-01
3.575354516506195068e-01
9.987577199935913086e-01
3.575354516506195068e-01
3.575354516506195068e-01
9.870014190673828125e-01
3.575354516506195068e-01
3.575354516506195068e-01
3.575354516506195068e-01
3.575354516506195068e-01
9.988321661949157715e-01
3.575354516506195068e-01
9.997077584266662598e-01
3.575354516506195068e-01
9.999582767486572266e-01
9.994029998779296875e-01
3.575354516506195068e-01
9.971612691879272461e-01
9.994231462478637695e-01
9.999821186065673828e-01
9.982442855834960938e-01
9.988043308258056641e-01
3.575354516506195068e-01
3.575354516506195068e-01
3.575354516506195068e-01
9.999686479568481445e-01
3.575354516506195068e-01
3.575354516506195068e-01
9.991652965545654297e-01
9.993841648101806641e-01
4.914766550064086914e-01
3.575354516506195068e-01
3.575354516506195068e-01
3.575354516506195068e-01
9.926925897598266602e-01
3.575354516506195068e-01
3.575354516506195068e-01
3.575354516506195068e-01
9.998841285705566406e-01
3.575354516506195068e-01
3.575354516506195068e-01
9.999748468399047852e-01
9.972819089889526367e-01
9.999994039535522461e-01
9.921190738677978516e-01
9.999687671661376953e-01
9.992202520370483398e-01
3.575354516506195068e-01
9.973842501640319824e-01
3.575354516506195068e-01
9.996696710586547852e-01
3.575354516506195068e-01
9.875018596649169922e-01
9.999984502792358398e-01
9.999815225601196289e-01
9.958761930465698242e-01
9.984230995178222656e-01
3.575354516506195068e-01
9.997486472129821777e-01
3.575354516506195068e-01
9.999905824661254883e-01
9.980323910713195801e-01
9.992944002151489258e-01
9.994288086891174316e-01
3.575354516506195068e-01
9.999403953552246094e-01
9.989941716194152832e-01
3.575354516506195068e-01
9.996623992919921875e-01
3.575354516506195068e-01
3.575354516506195068e-01
3.575354516506195068e-01
9.964524507522583008e-01
9.719227552413940430e-01
9.999114274978637695e-01
3.575354516506195068e-01
9.971951246261596680e-01
3.575354516506195068e-01
9.999989271163940430e-01
9.994899034500122070e-01
9.911310076713562012e-01
1.000000000000000000e+00
6.771870851516723633e-01
3.575354516506195068e-01
3.575354516506195068e-01
3.575354516506195068e-01
3.575354516506195068e-01
9.993411898612976074e-01
9.951359629631042480e-01
9.950843453407287598e-01
3.575354516506195068e-01
3.575354516506195068e-01
9.994509816169738770e-01
3.575354516506195068e-01
3.575354516506195068e-01
9.999577999114990234e-01
3.575354516506195068e-01
9.990628361701965332e-01
9.764517545700073242e-01
3.575354516506195068e-01
9.992281198501586914e-01
3.575354516506195068e-01
3.575354516506195068e-01
9.963769316673278809e-01
3.575354516506195068e-01
3.575354516506195068e-01
9.786634445190429688e-01
3.575354516506195068e-01
9.994201660156250000e-01
9.999959468841552734e-01
3.575354516506195068e-01
3.575354516506195068e-01
9.957996010780334473e-01
9.996435642242431641e-01
3.575354516506195068e-01
3.575354516506195068e-01
9.969276785850524902e-01
9.995430707931518555e-01
3.575354516506195068e-01
9.999964237213134766e-01
3.575354516506195068e-01
3.575354516506195068e-01
3.575354516506195068e-01
9.907523393630981445e-01
3.575354516506195068e-01
9.999845027923583984e-01
3.575354516506195068e-01
9.999798536300659180e-01
9.927443265914916992e-01
3.575354516506195068e-01
3.575354516506195068e-01
3.575354516506195068e-01
9.999991655349731445e-01
3.575354516506195068e-01
3.575354516506195068e-01
3.575354516506195068e-01
3.575354516506195068e-01
9.984102249145507812e-01
9.991384744644165039e-01
9.953580498695373535e-01
9.998848438262939453e-01
3.575354516506195068e-01
9.998569488525390625e-01
9.950677156448364258e-01
9.891440272331237793e-01
9.933865666389465332e-01
8.104311823844909668e-01
3.575354516506195068e-01
9.984239339828491211e-01
3.575354516506195068e-01
3.575354516506195068e-01
3.575354516506195068e-01
9.986839890480041504e-01
9.996781349182128906e-01
3.575354516506195068e-01
3.575354516506195068e-01
3.575354516506195068e-01
9.980935454368591309e-01
1.000000000000000000e+00
9.999310970306396484e-01
3.575354516506195068e-01
9.759774208068847656e-01
9.999972581863403320e-01
9.999387264251708984e-01
3.575354516506195068e-01
9.999907016754150391e-01
3.575354516506195068e-01
9.996956586837768555e-01
3.575354516506195068e-01
3.575354516506195068e-01
3.575354516506195068e-01
9.999227523803710938e-01
3.575354516506195068e-01
3.575354516506195068e-01
3.575354516506195068e-01
3.575354516506195068e-01
3.575354516506195068e-01
9.967764019966125488e-01
3.575354516506195068e-01
9.987596273422241211e-01
9.962394237518310547e-01
9.862705469131469727e-01
9.996387958526611328e-01
3.575354516506195068e-01
9.999834299087524414e-01
3.575354516506195068e-01
3.575354516506195068e-01
3.575354516506195068e-01
9.910933375358581543e-01
3.575354516506195068e-01
9.985454082489013672e-01
9.982838034629821777e-01
3.575354516506195068e-01
9.971435666084289551e-01
3.575354516506195068e-01
9.933899641036987305e-01
9.999784231185913086e-01
9.994894266128540039e-01
9.999914169311523438e-01
3.575354516506195068e-01
3.575354516506195068e-01
3.575354516506195068e-01
3.575354516506195068e-01
3.575354516506195068e-01
9.998775720596313477e-01
3.575354516506195068e-01
3.575354516506195068e-01
3.575354516506195068e-01
9.999998807907104492e-01
9.933561086654663086e-01
3.575354516506195068e-01
9.933899641036987305e-01
9.997336268424987793e-01
3.575354516506195068e-01
3.575354516506195068e-01
3.575354516506195068e-01
3.575354516506195068e-01
9.999526739120483398e-01
9.426106810569763184e-01
3.575354516506195068e-01
9.963017702102661133e-01
3.575354516506195068e-01
3.575354516506195068e-01
9.978166818618774414e-01
3.575354516506195068e-01
9.996463060379028320e-01
3.575354516506195068e-01
3.575354516506195068e-01
9.844024181365966797e-01
9.998874664306640625e-01
3.575354516506195068e-01
9.994018077850341797e-01
9.998933076858520508e-01
3.575354516506195068e-01
3.575354516506195068e-01
3.575354516506195068e-01
9.957653284072875977e-01
9.993298053741455078e-01
3.575354516506195068e-01
3.575354516506195068e-01
9.999879598617553711e-01
3.575354516506195068e-01
1.000000000000000000e+00
9.999805688858032227e-01
3.575354516506195068e-01
3.575354516506195068e-01
9.999115467071533203e-01
3.575354516506195068e-01
3.575354516506195068e-01
3.575354516506195068e-01
3.575354516506195068e-01
3.575354516506195068e-01
3.575354516506195068e-01
9.999086856842041016e-01
9.993719458580017090e-01
9.994105100631713867e-01
3.575354516506195068e-01
3.575354516506195068e-01
3.575354516506195068e-01
3.575354516506195068e-01
3.575354516506195068e-01
3.575354516506195068e-01
3.575354516506195068e-01
3.575354516506195068e-01
1.000000000000000000e+00
9.996908903121948242e-01
3.575354516506195068e-01
9.991893172264099121e-01
3.575354516506195068e-01
3.575354516506195068e-01
3.575354516506195068e-01
3.575354516506195068e-01
3.575354516506195068e-01
9.998389482498168945e-01
9.998439550399780273e-01
3.575354516506195068e-01
3.575354516506195068e-01
3.575354516506195068e-01
3.575354516506195068e-01
9.998849630355834961e-01
3.575354516506195068e-01
3.575354516506195068e-01
9.999356269836425781e-01
3.575354516506195068e-01
9.971741437911987305e-01
3.575354516506195068e-01
3.575354516506195068e-01
9.989792704582214355e-01
3.575354516506195068e-01
3.575354516506195068e-01
3.575354516506195068e-01
9.998689889907836914e-01
3.575354516506195068e-01
3.575354516506195068e-01
9.999214410781860352e-01
9.966367483139038086e-01
3.575354516506195068e-01
3.575354516506195068e-01
3.575354516506195068e-01
3.575354516506195068e-01
9.979688525199890137e-01
9.861357212066650391e-01
3.575354516506195068e-01
3.575354516506195068e-01
3.575354516506195068e-01
3.575354516506195068e-01
3.575354516506195068e-01
3.575354516506195068e-01
9.995804429054260254e-01
3.575354516506195068e-01
3.575354516506195068e-01
3.575354516506195068e-01
3.575354516506195068e-01
3.575354516506195068e-01
3.575354516506195068e-01
3.575354516506195068e-01
3.575354516506195068e-01
3.575354516506195068e-01
3.575354516506195068e-01
3.575354516506195068e-01
3.575354516506195068e-01
9.973914623260498047e-01
3.575354516506195068e-01
3.575354516506195068e-01
3.575354516506195068e-01
9.992606043815612793e-01
9.928687214851379395e-01
3.575354516506195068e-01
3.575354516506195068e-01
9.991086125373840332e-01
3.575354516506195068e-01
3.575354516506195068e-01
3.575354516506195068e-01
9.992703795433044434e-01
3.575354516506195068e-01
3.575354516506195068e-01
3.575354516506195068e-01
3.575354516506195068e-01
3.575354516506195068e-01
3.575354516506195068e-01
3.575354516506195068e-01
3.575354516506195068e-01
9.945623278617858887e-01
3.575354516506195068e-01
3.575354516506195068e-01
3.575354516506195068e-01
3.575354516506195068e-01
3.575354516506195068e-01
3.575354516506195068e-01
3.575354516506195068e-01
3.575354516506195068e-01
9.990015625953674316e-01
9.957860112190246582e-01
9.992553591728210449e-01
9.931244254112243652e-01
9.988465309143066406e-01
9.973238706588745117e-01
3.575354516506195068e-01
3.575354516506195068e-01
3.575354516506195068e-01
9.998402595520019531e-01
9.996666908264160156e-01
9.977902173995971680e-01
3.575354516506195068e-01
3.575354516506195068e-01
9.857795238494873047e-01
3.575354516506195068e-01
3.575354516506195068e-01
3.575354516506195068e-01
9.968909621238708496e-01
9.997585415840148926e-01
9.999861717224121094e-01
9.041905403137207031e-01
3.575354516506195068e-01
3.575354516506195068e-01
3.575354516506195068e-01
9.992563128471374512e-01
3.575354516506195068e-01
3.575354516506195068e-01
9.947981834411621094e-01
9.999662637710571289e-01
3.575354516506195068e-01
3.575354516506195068e-01
9.999737739562988281e-01
3.575354516506195068e-01
9.999400377273559570e-01
3.575354516506195068e-01
3.575354516506195068e-01
3.575354516506195068e-01
3.575354516506195068e-01
9.875396490097045898e-01
3.575354516506195068e-01
3.575354516506195068e-01
9.967779517173767090e-01
6.639787554740905762e-01
3.575354516506195068e-01
3.575354516506195068e-01
3.575354516506195068e-01
9.987409710884094238e-01
3.575354516506195068e-01
9.723485112190246582e-01
9.983320832252502441e-01
3.575354516506195068e-01
3.575354516506195068e-01
3.575354516506195068e-01
3.575354516506195068e-01
1.000000000000000000e+00
3.575354516506195068e-01
3.575354516506195068e-01
3.575354516506195068e-01
9.736331701278686523e-01
3.575354516506195068e-01
9.987742304801940918e-01
9.999994039535522461e-01
9.995829463005065918e-01
3.575354516506195068e-01
9.793840050697326660e-01
9.998861551284790039e-01
9.999934434890747070e-01
3.575354516506195068e-01
9.999967813491821289e-01
3.575354516506195068e-01
3.575354516506195068e-01
3.575354516506195068e-01
3.575354516506195068e-01
3.575354516506195068e-01
3.575354516506195068e-01
3.575354516506195068e-01
3.575354516506195068e-01
2.205343917012214661e-03
3.575354516506195068e-01
3.575354516506195068e-01
3.575354516506195068e-01
1.085605588741600513e-03
3.575354516506195068e-01
3.113941848278045654e-01
3.575354516506195068e-01
3.575354516506195068e-01
3.575354516506195068e-01
3.575354516506195068e-01
3.575354516506195068e-01
3.575354516506195068e-01
3.575354516506195068e-01
3.575354516506195068e-01
3.575354516506195068e-01
3.575354516506195068e-01
3.575354516506195068e-01
3.575354516506195068e-01
3.575354516506195068e-01
1.449295878410339355e-02
3.575354516506195068e-01
3.575354516506195068e-01
3.575354516506195068e-01
3.575354516506195068e-01
3.575354516506195068e-01
3.575354516506195068e-01
3.575354516506195068e-01
3.575354516506195068e-01
3.575354516506195068e-01
3.575354516506195068e-01
3.575354516506195068e-01
3.575354516506195068e-01
3.575354516506195068e-01
1.698265522718429565e-01
3.575354516506195068e-01
3.575354516506195068e-01
3.575354516506195068e-01
3.575354516506195068e-01
3.575354516506195068e-01
8.667390048503875732e-02
1.017802432179450989e-01
3.575354516506195068e-01
3.575354516506195068e-01
3.575354516506195068e-01
3.575354516506195068e-01
3.575354516506195068e-01
3.575354516506195068e-01
3.575354516506195068e-01
3.575354516506195068e-01
3.575354516506195068e-01
3.575354516506195068e-01
3.575354516506195068e-01
3.575354516506195068e-01
3.575354516506195068e-01
8.581230044364929199e-01
3.575354516506195068e-01
3.575354516506195068e-01
3.575354516506195068e-01
3.575354516506195068e-01
3.575354516506195068e-01
3.575354516506195068e-01
3.575354516506195068e-01
3.575354516506195068e-01
3.575354516506195068e-01
3.575354516506195068e-01
3.575354516506195068e-01
3.575354516506195068e-01
3.575354516506195068e-01
1.299501676112413406e-02
3.575354516506195068e-01
3.575354516506195068e-01
3.575354516506195068e-01
3.575354516506195068e-01
3.575354516506195068e-01
3.575354516506195068e-01
3.575354516506195068e-01
3.575354516506195068e-01
3.575354516506195068e-01
3.575354516506195068e-01
3.575354516506195068e-01
3.575354516506195068e-01
3.575354516506195068e-01
3.575354516506195068e-01
3.575354516506195068e-01
3.575354516506195068e-01
3.575354516506195068e-01
3.575354516506195068e-01
3.575354516506195068e-01
3.575354516506195068e-01
3.575354516506195068e-01
3.575354516506195068e-01
3.575354516506195068e-01
3.575354516506195068e-01
3.575354516506195068e-01
3.575354516506195068e-01
3.575354516506195068e-01
3.575354516506195068e-01
3.575354516506195068e-01
3.575354516506195068e-01
3.575354516506195068e-01
3.575354516506195068e-01
3.575354516506195068e-01
3.575354516506195068e-01
3.575354516506195068e-01
3.575354516506195068e-01
3.575354516506195068e-01
3.575354516506195068e-01
3.575354516506195068e-01
3.575354516506195068e-01
3.575354516506195068e-01
3.575354516506195068e-01
3.575354516506195068e-01
3.575354516506195068e-01
3.575354516506195068e-01
3.575354516506195068e-01
3.575354516506195068e-01
3.575354516506195068e-01
3.575354516506195068e-01
3.575354516506195068e-01
3.575354516506195068e-01
1.738372743129730225e-01
3.575354516506195068e-01
3.575354516506195068e-01
3.575354516506195068e-01
3.575354516506195068e-01
3.575354516506195068e-01
3.575354516506195068e-01
3.575354516506195068e-01
3.575354516506195068e-01
3.575354516506195068e-01
3.575354516506195068e-01
3.575354516506195068e-01
3.575354516506195068e-01
3.575354516506195068e-01
3.575354516506195068e-01
3.575354516506195068e-01
3.575354516506195068e-01
3.575354516506195068e-01
3.575354516506195068e-01
3.575354516506195068e-01
3.575354516506195068e-01
3.575354516506195068e-01
3.575354516506195068e-01
3.575354516506195068e-01
3.575354516506195068e-01
3.575354516506195068e-01
3.575354516506195068e-01
3.575354516506195068e-01
3.575354516506195068e-01
3.575354516506195068e-01
3.575354516506195068e-01
1.988695934414863586e-02
3.575354516506195068e-01
3.575354516506195068e-01
3.575354516506195068e-01
3.575354516506195068e-01
3.575354516506195068e-01
3.575354516506195068e-01
3.575354516506195068e-01
3.575354516506195068e-01
3.575354516506195068e-01
3.575354516506195068e-01
3.575354516506195068e-01
3.575354516506195068e-01
3.575354516506195068e-01
3.575354516506195068e-01
3.575354516506195068e-01
3.575354516506195068e-01
3.575354516506195068e-01
6.460283398628234863e-01
3.575354516506195068e-01
3.575354516506195068e-01
3.575354516506195068e-01
3.575354516506195068e-01
3.575354516506195068e-01
3.575354516506195068e-01
3.575354516506195068e-01
3.575354516506195068e-01
3.575354516506195068e-01
3.575354516506195068e-01
3.575354516506195068e-01
3.575354516506195068e-01
3.575354516506195068e-01
3.575354516506195068e-01
3.575354516506195068e-01
3.575354516506195068e-01
3.575354516506195068e-01
3.575354516506195068e-01
3.575354516506195068e-01
3.575354516506195068e-01
3.575354516506195068e-01
3.575354516506195068e-01
3.575354516506195068e-01
3.575354516506195068e-01
3.575354516506195068e-01
3.575354516506195068e-01
3.575354516506195068e-01
3.575354516506195068e-01
3.575354516506195068e-01
3.575354516506195068e-01
3.575354516506195068e-01
3.575354516506195068e-01
3.575354516506195068e-01
3.575354516506195068e-01
3.575354516506195068e-01
3.575354516506195068e-01
3.575354516506195068e-01
3.575354516506195068e-01
3.575354516506195068e-01
3.575354516506195068e-01
3.575354516506195068e-01
3.575354516506195068e-01
3.575354516506195068e-01
3.575354516506195068e-01
3.575354516506195068e-01
3.575354516506195068e-01
3.575354516506195068e-01
3.575354516506195068e-01
3.575354516506195068e-01
3.575354516506195068e-01
3.575354516506195068e-01
3.575354516506195068e-01
3.575354516506195068e-01
3.575354516506195068e-01
3.575354516506195068e-01
3.575354516506195068e-01
3.575354516506195068e-01
3.575354516506195068e-01
3.575354516506195068e-01
3.575354516506195068e-01
3.575354516506195068e-01
3.575354516506195068e-01
3.575354516506195068e-01
3.575354516506195068e-01
3.575354516506195068e-01
3.575354516506195068e-01
3.575354516506195068e-01
3.575354516506195068e-01
3.575354516506195068e-01
3.575354516506195068e-01
3.575354516506195068e-01
3.575354516506195068e-01
3.575354516506195068e-01
3.575354516506195068e-01
3.575354516506195068e-01
3.575354516506195068e-01
3.575354516506195068e-01
3.575354516506195068e-01
3.575354516506195068e-01
3.575354516506195068e-01
3.575354516506195068e-01
3.575354516506195068e-01
3.575354516506195068e-01
3.575354516506195068e-01
3.575354516506195068e-01
3.575354516506195068e-01
3.575354516506195068e-01
3.575354516506195068e-01
3.575354516506195068e-01
3.575354516506195068e-01
3.575354516506195068e-01
3.575354516506195068e-01
3.575354516506195068e-01
3.575354516506195068e-01
3.575354516506195068e-01
3.575354516506195068e-01
3.575354516506195068e-01
3.575354516506195068e-01
3.575354516506195068e-01
3.575354516506195068e-01
3.575354516506195068e-01
3.575354516506195068e-01
5.339291412383317947e-03
3.575354516506195068e-01
3.575354516506195068e-01
3.575354516506195068e-01
3.575354516506195068e-01
3.575354516506195068e-01
3.575354516506195068e-01
3.575354516506195068e-01
3.575354516506195068e-01
3.575354516506195068e-01
3.575354516506195068e-01
3.575354516506195068e-01
3.575354516506195068e-01
3.575354516506195068e-01
5.302223563194274902e-02
3.575354516506195068e-01
3.575354516506195068e-01
3.575354516506195068e-01
3.575354516506195068e-01
3.575354516506195068e-01
3.575354516506195068e-01
3.575354516506195068e-01
3.575354516506195068e-01
6.157422661781311035e-01
3.575354516506195068e-01
3.575354516506195068e-01
3.575354516506195068e-01
3.575354516506195068e-01
3.575354516506195068e-01
3.575354516506195068e-01
3.575354516506195068e-01
3.575354516506195068e-01
3.575354516506195068e-01
3.575354516506195068e-01
3.575354516506195068e-01
3.575354516506195068e-01
3.575354516506195068e-01
3.575354516506195068e-01
3.575354516506195068e-01
3.575354516506195068e-01
3.575354516506195068e-01
3.575354516506195068e-01
3.575354516506195068e-01
3.575354516506195068e-01
3.575354516506195068e-01
3.575354516506195068e-01
3.575354516506195068e-01
3.575354516506195068e-01
3.575354516506195068e-01
3.575354516506195068e-01
3.575354516506195068e-01
3.575354516506195068e-01
3.575354516506195068e-01
3.575354516506195068e-01
3.575354516506195068e-01
3.575354516506195068e-01
3.575354516506195068e-01
3.575354516506195068e-01
3.575354516506195068e-01
3.575354516506195068e-01
3.575354516506195068e-01
3.575354516506195068e-01
3.575354516506195068e-01
3.575354516506195068e-01
3.575354516506195068e-01
3.575354516506195068e-01
3.575354516506195068e-01
3.575354516506195068e-01
3.575354516506195068e-01
3.575354516506195068e-01
3.575354516506195068e-01
3.575354516506195068e-01
3.575354516506195068e-01
3.575354516506195068e-01
3.575354516506195068e-01
3.575354516506195068e-01
3.575354516506195068e-01
3.575354516506195068e-01
3.575354516506195068e-01
3.575354516506195068e-01
3.575354516506195068e-01
3.575354516506195068e-01
3.575354516506195068e-01
3.575354516506195068e-01
3.575354516506195068e-01
3.575354516506195068e-01
3.575354516506195068e-01
3.575354516506195068e-01
3.575354516506195068e-01
3.575354516506195068e-01
3.575354516506195068e-01
3.575354516506195068e-01
3.575354516506195068e-01
3.575354516506195068e-01
3.575354516506195068e-01
3.575354516506195068e-01
3.575354516506195068e-01
3.575354516506195068e-01
6.846771389245986938e-02
3.575354516506195068e-01
3.575354516506195068e-01
3.575354516506195068e-01
3.575354516506195068e-01
3.575354516506195068e-01
3.575354516506195068e-01
3.575354516506195068e-01
3.575354516506195068e-01
3.575354516506195068e-01
3.575354516506195068e-01
3.575354516506195068e-01
3.575354516506195068e-01
3.575354516506195068e-01
3.575354516506195068e-01
3.575354516506195068e-01
3.575354516506195068e-01
3.575354516506195068e-01
3.575354516506195068e-01
3.575354516506195068e-01
3.575354516506195068e-01
3.575354516506195068e-01
3.575354516506195068e-01
3.575354516506195068e-01
3.575354516506195068e-01
3.575354516506195068e-01
3.575354516506195068e-01
3.575354516506195068e-01
3.575354516506195068e-01
3.575354516506195068e-01
3.575354516506195068e-01
3.575354516506195068e-01
3.575354516506195068e-01
3.575354516506195068e-01
3.575354516506195068e-01
3.575354516506195068e-01
3.575354516506195068e-01
3.575354516506195068e-01
3.575354516506195068e-01
3.575354516506195068e-01
3.575354516506195068e-01
3.575354516506195068e-01
3.575354516506195068e-01
3.575354516506195068e-01
3.575354516506195068e-01
3.575354516506195068e-01
3.575354516506195068e-01
3.575354516506195068e-01
3.575354516506195068e-01
3.575354516506195068e-01
3.575354516506195068e-01
3.575354516506195068e-01
3.575354516506195068e-01
3.575354516506195068e-01
3.575354516506195068e-01
3.575354516506195068e-01
3.575354516506195068e-01
3.575354516506195068e-01
3.575354516506195068e-01
3.575354516506195068e-01
3.575354516506195068e-01
3.575354516506195068e-01
3.575354516506195068e-01
3.575354516506195068e-01
3.575354516506195068e-01
3.575354516506195068e-01
3.575354516506195068e-01
3.575354516506195068e-01
3.575354516506195068e-01
3.575354516506195068e-01
3.575354516506195068e-01
3.575354516506195068e-01
3.575354516506195068e-01
3.575354516506195068e-01
3.575354516506195068e-01
3.575354516506195068e-01
3.575354516506195068e-01
3.575354516506195068e-01
3.575354516506195068e-01
3.575354516506195068e-01
3.575354516506195068e-01
3.575354516506195068e-01
3.575354516506195068e-01
3.575354516506195068e-01
3.575354516506195068e-01
2.112412452697753906e-01
3.575354516506195068e-01
3.575354516506195068e-01
3.575354516506195068e-01
3.575354516506195068e-01
3.575354516506195068e-01
3.575354516506195068e-01
3.575354516506195068e-01
3.575354516506195068e-01
3.575354516506195068e-01
3.575354516506195068e-01
3.575354516506195068e-01
3.575354516506195068e-01
3.575354516506195068e-01
3.575354516506195068e-01
3.575354516506195068e-01
3.575354516506195068e-01
3.575354516506195068e-01
3.575354516506195068e-01
3.575354516506195068e-01
3.575354516506195068e-01
3.575354516506195068e-01
3.575354516506195068e-01
3.575354516506195068e-01
3.575354516506195068e-01
3.575354516506195068e-01
3.575354516506195068e-01
3.575354516506195068e-01
1.234113648533821106e-01
3.575354516506195068e-01
3.575354516506195068e-01
9.239514358341693878e-03
2.137108594179153442e-01
3.575354516506195068e-01
3.575354516506195068e-01
7.426378033414948732e-06
3.575354516506195068e-01
3.575354516506195068e-01
3.575354516506195068e-01
