8.118937611579895020e-01
8.118937611579895020e-01
8.118937611579895020e-01
8.118937611579895020e-01
8.118937611579895020e-01
8.118852376937866211e-01
8.118937611579895020e-01
8.118937611579895020e-01
8.118937611579895020e-01
8.118937611579895020e-01
7.606899142265319824e-01
8.118937611579895020e-01
8.118937611579895020e-01
8.118937611579895020e-01
8.118937611579895020e-01
8.118937611579895020e-01
8.118937611579895020e-01
8.118937611579895020e-01
8.002090454101562500e-01
8.118937611579895020e-01
8.118937611579895020e-01
8.118937611579895020e-01
8.118937611579895020e-01
8.118937611579895020e-01
8.118937611579895020e-01
8.118937611579895020e-01
8.118937611579895020e-01
8.118937611579895020e-01
8.118937611579895020e-01
8.118937611579895020e-01
8.118937611579895020e-01
8.105716109275817871e-01
8.096887469291687012e-01
5.685229301452636719e-01
8.118937611579895020e-01
8.118937611579895020e-01
8.118937611579895020e-01
8.118937611579895020e-01
8.118937611579895020e-01
8.118937611579895020e-01
8.118937611579895020e-01
8.118937611579895020e-01
8.118937611579895020e-01
8.118740320205688477e-01
8.118937611579895020e-01
8.118937611579895020e-01
8.118937611579895020e-01
8.118937611579895020e-01
4.288831651210784912e-01
8.118937611579895020e-01
8.118937611579895020e-01
8.118937611579895020e-01
8.118937611579895020e-01
4.288831651210784912e-01
8.118937611579895020e-01
8.118937611579895020e-01
8.118937611579895020e-01
8.118937611579895020e-01
8.118937611579895020e-01
8.118937611579895020e-01
8.118937611579895020e-01
8.118937611579895020e-01
8.118937611579895020e-01
8.118937611579895020e-01
8.118937611579895020e-01
4.288831651210784912e-01
8.118937611579895020e-01
8.118937611579895020e-01
8.118937611579895020e-01
8.118937611579895020e-01
8.118937611579895020e-01
8.118937611579895020e-01
8.118937611579895020e-01
8.118937611579895020e-01
8.118937611579895020e-01
4.288831651210784912e-01
4.288831651210784912e-01
4.288831651210784912e-01
4.288831651210784912e-01
4.288831651210784912e-01
4.288831651210784912e-01
4.288831651210784912e-01
4.288831651210784912e-01
4.288831651210784912e-01
4.288831651210784912e-01
4.288831651210784912e-01
4.288831651210784912e-01
4.288831651210784912e-01
4.288831651210784912e-01
4.288831651210784912e-01
4.288831651210784912e-01
4.288831651210784912e-01
4.288831651210784912e-01
4.288831651210784912e-01
4.288831651210784912e-01
4.288831651210784912e-01
4.288831651210784912e-01
4.288831651210784912e-01
4.288831651210784912e-01
4.288831651210784912e-01
4.288831651210784912e-01
4.288831651210784912e-01
4.288831651210784912e-01
4.288831651210784912e-01
4.288831651210784912e-01
4.288831651210784912e-01
4.288831651210784912e-01
4.288831651210784912e-01
4.288831651210784912e-01
4.288831651210784912e-01
4.288831651210784912e-01
4.288831651210784912e-01
4.288831651210784912e-01
4.288831651210784912e-01
4.288831651210784912e-01
4.288831651210784912e-01
4.288831651210784912e-01
4.288831651210784912e-01
4.288831651210784912e-01
4.288831651210784912e-01
4.288831651210784912e-01
4.288831651210784912e-01
4.288831651210784912e-01
4.288831651210784912e-01
4.288831651210784912e-01
4.288831651210784912e-01
4.288831651210784912e-01
4.288831651210784912e-01
4.288831651210784912e-01
4.288831651210784912e-01
4.288831651210784912e-01
4.288831651210784912e-01
4.288831651210784912e-01
4.288831651210784912e-01
4.288831651210784912e-01
4.288831651210784912e-01
4.288831651210784912e-01
4.288831651210784912e-01
4.288831651210784912e-01
4.288831651210784912e-01
4.288831651210784912e-01
4.288831651210784912e-01
4.288831651210784912e-01
4.288831651210784912e-01
4.288831651210784912e-01
4.288831651210784912e-01
4.288831651210784912e-01
4.288831651210784912e-01
4.288831651210784912e-01
4.288831651210784912e-01
4.288831651210784912e-01
4.288831651210784912e-01
4.288831651210784912e-01
4.288831651210784912e-01
4.288831651210784912e-01
4.288831651210784912e-01
4.288831651210784912e-01
4.288831651210784912e-01
4.288831651210784912e-01
4.288831651210784912e-01
4.288831651210784912e-01
4.288831651210784912e-01
4.288831651210784912e-01
4.288831651210784912e-01
4.288831651210784912e-01
4.288831651210784912e-01
4.288831651210784912e-01
4.288831651210784912e-01
4.288831651210784912e-01
4.288831651210784912e-01
4.288831651210784912e-01
4.288831651210784912e-01
4.288831651210784912e-01
4.288831651210784912e-01
4.288831651210784912e-01
4.288831651210784912e-01
4.288831651210784912e-01
4.288831651210784912e-01
4.288831651210784912e-01
4.288831651210784912e-01
4.288831651210784912e-01
4.288831651210784912e-01
4.288831651210784912e-01
4.288831651210784912e-01
4.288831651210784912e-01
4.288831651210784912e-01
4.288831651210784912e-01
4.288831651210784912e-01
4.288831651210784912e-01
4.288831651210784912e-01
4.288831651210784912e-01
4.288831651210784912e-01
4.288831651210784912e-01
4.288831651210784912e-01
4.288831651210784912e-01
4.288831651210784912e-01
4.288831651210784912e-01
4.288831651210784912e-01
4.288831651210784912e-01
4.288831651210784912e-01
4.288831651210784912e-01
4.288831651210784912e-01
4.288831651210784912e-01
4.288831651210784912e-01
4.288831651210784912e-01
4.288831651210784912e-01
4.288831651210784912e-01
4.288831651210784912e-01
4.288831651210784912e-01
4.288831651210784912e-01
4.288831651210784912e-01
4.288831651210784912e-01
4.288831651210784912e-01
4.288831651210784912e-01
4.288831651210784912e-01
4.288831651210784912e-01
4.288831651210784912e-01
4.288831651210784912e-01
4.288831651210784912e-01
4.288831651210784912e-01
4.288831651210784912e-01
4.288831651210784912e-01
4.288831651210784912e-01
4.288831651210784912e-01
4.288831651210784912e-01
4.288831651210784912e-01
4.288831651210784912e-01
4.288831651210784912e-01
4.288831651210784912e-01
4.288831651210784912e-01
4.288831651210784912e-01
4.288831651210784912e-01
4.288831651210784912e-01
4.288831651210784912e-01
4.288831651210784912e-01
4.288831651210784912e-01
4.288831651210784912e-01
4.288831651210784912e-01
4.288831651210784912e-01
4.288831651210784912e-01
4.288831651210784912e-01
4.288831651210784912e-01
4.288831651210784912e-01
4.288831651210784912e-01
4.288831651210784912e-01
4.288831651210784912e-01
8.118937611579895020e-01
8.118937611579895020e-01
8.118937611579895020e-01
4.288831651210784912e-01
4.288831651210784912e-01
8.118937611579895020e-01
6.031675338745117188e-01
8.118937611579895020e-01
4.288831651210784912e-01
8.118937611579895020e-01
8.118937611579895020e-01
6.031675338745117188e-01
8.118937611579895020e-01
8.118937611579895020e-01
8.118937611579895020e-01
8.118937611579895020e-01
4.288831651210784912e-01
4.288831651210784912e-01
4.288831651210784912e-01
8.118937611579895020e-01
8.118937611579895020e-01
8.118937611579895020e-01
4.288831651210784912e-01
8.118937611579895020e-01
8.118937611579895020e-01
8.118937611579895020e-01
4.288831651210784912e-01
7.656484842300415039e-01
8.118937611579895020e-01
8.118937611579895020e-01
8.118937611579895020e-01
8.118937611579895020e-01
8.118937611579895020e-01
8.118937611579895020e-01
8.118937611579895020e-01
8.118937611579895020e-01
4.288831651210784912e-01
4.288831651210784912e-01
4.288831651210784912e-01
8.118937611579895020e-01
8.118937611579895020e-01
8.118937611579895020e-01
8.118937611579895020e-01
8.118937611579895020e-01
8.118937611579895020e-01
8.118937611579895020e-01
4.288831651210784912e-01
4.288831651210784912e-01
8.118937611579895020e-01
8.118937611579895020e-01
8.118937611579895020e-01
8.118937611579895020e-01
8.118937611579895020e-01
8.118937611579895020e-01
8.118937611579895020e-01
8.118937611579895020e-01
8.118937611579895020e-01
4.288831651210784912e-01
4.288831651210784912e-01
8.118937611579895020e-01
6.031675338745117188e-01
4.288831651210784912e-01
8.118937611579895020e-01
8.118937611579895020e-01
4.288831651210784912e-01
8.115838170051574707e-01
4.288831651210784912e-01
8.118937611579895020e-01
8.118937611579895020e-01
8.118937611579895020e-01
4.288831651210784912e-01
8.118937611579895020e-01
8.118937611579895020e-01
4.288831651210784912e-01
4.288831651210784912e-01
8.118937611579895020e-01
4.288831651210784912e-01
7.685864567756652832e-01
4.288831651210784912e-01
4.288831651210784912e-01
8.118937611579895020e-01
4.288831651210784912e-01
4.288831651210784912e-01
8.118937611579895020e-01
4.288831651210784912e-01
4.288831651210784912e-01
4.288831651210784912e-01
4.288831651210784912e-01
4.288831651210784912e-01
8.118937611579895020e-01
8.118937611579895020e-01
4.288831651210784912e-01
4.288831651210784912e-01
4.288831651210784912e-01
8.118937611579895020e-01
4.288831651210784912e-01
4.288831651210784912e-01
8.118937611579895020e-01
4.288831651210784912e-01
4.288831651210784912e-01
4.288831651210784912e-01
8.118937611579895020e-01
8.118937611579895020e-01
4.288831651210784912e-01
8.118937611579895020e-01
4.288831651210784912e-01
8.118937611579895020e-01
4.288831651210784912e-01
4.288831651210784912e-01
4.288831651210784912e-01
4.288831651210784912e-01
4.288831651210784912e-01
8.118937611579895020e-01
4.288831651210784912e-01
4.288831651210784912e-01
4.288831651210784912e-01
4.288831651210784912e-01
4.288831651210784912e-01
4.288831651210784912e-01
4.288831651210784912e-01
4.288831651210784912e-01
4.288831651210784912e-01
4.288831651210784912e-01
4.288831651210784912e-01
4.288831651210784912e-01
4.288831651210784912e-01
4.288831651210784912e-01
4.288831651210784912e-01
4.288831651210784912e-01
4.288831651210784912e-01
4.288831651210784912e-01
4.288831651210784912e-01
4.288831651210784912e-01
4.288831651210784912e-01
4.288831651210784912e-01
4.288831651210784912e-01
4.288831651210784912e-01
4.288831651210784912e-01
4.288831651210784912e-01
4.288831651210784912e-01
4.288831651210784912e-01
4.288831651210784912e-01
4.288831651210784912e-01
4.288831651210784912e-01
4.288831651210784912e-01
4.288831651210784912e-01
4.288831651210784912e-01
4.288831651210784912e-01
4.288831651210784912e-01
4.288831651210784912e-01
4.288831651210784912e-01
4.288831651210784912e-01
4.288831651210784912e-01
4.288831651210784912e-01
4.288831651210784912e-01
4.288831651210784912e-01
4.288831651210784912e-01
4.288831651210784912e-01
4.288831651210784912e-01
4.288831651210784912e-01
4.288831651210784912e-01
4.288831651210784912e-01
4.288831651210784912e-01
4.288831651210784912e-01
4.288831651210784912e-01
4.288831651210784912e-01
4.288831651210784912e-01
4.288831651210784912e-01
4.288831651210784912e-01
4.288831651210784912e-01
4.288831651210784912e-01
4.288831651210784912e-01
4.288831651210784912e-01
4.288831651210784912e-01
4.288831651210784912e-01
4.288831651210784912e-01
4.288831651210784912e-01
4.288831651210784912e-01
4.288831651210784912e-01
4.288831651210784912e-01
8.118937611579895020e-01
8.118937611579895020e-01
8.118888735771179199e-01
4.288831651210784912e-01
8.118937611579895020e-01
8.118937611579895020e-01
8.118937611579895020e-01
8.118937611579895020e-01
8.118937611579895020e-01
8.118937611579895020e-01
8.118929862976074219e-01
8.118937611579895020e-01
8.118937611579895020e-01
8.118937611579895020e-01
8.118937611579895020e-01
8.118937611579895020e-01
8.118937611579895020e-01
8.118937611579895020e-01
6.367070674896240234e-01
8.118937611579895020e-01
8.118937611579895020e-01
8.118937611579895020e-01
8.118937611579895020e-01
8.118937611579895020e-01
8.118937611579895020e-01
8.118937611579895020e-01
8.118937611579895020e-01
4.288831651210784912e-01
8.118937611579895020e-01
8.118937611579895020e-01
8.118761181831359863e-01
8.118937611579895020e-01
8.118937611579895020e-01
8.118937611579895020e-01
8.118937611579895020e-01
8.118937611579895020e-01
8.118937611579895020e-01
8.118747472763061523e-01
8.118937611579895020e-01
8.118937611579895020e-01
6.129521131515502930e-01
8.118937611579895020e-01
8.118937611579895020e-01
8.118937611579895020e-01
4.288831651210784912e-01
7.838079333305358887e-01
8.118937611579895020e-01
8.118937611579895020e-01
8.118937611579895020e-01
8.118937611579895020e-01
8.118937611579895020e-01
8.118937611579895020e-01
8.118937611579895020e-01
4.288831651210784912e-01
8.118937611579895020e-01
8.118937611579895020e-01
8.118937611579895020e-01
8.118937611579895020e-01
8.118937611579895020e-01
8.118937611579895020e-01
8.118937611579895020e-01
8.118937611579895020e-01
8.118937611579895020e-01
7.772568464279174805e-01
7.644157409667968750e-01
8.118937611579895020e-01
8.118937611579895020e-01
8.118937611579895020e-01
4.288831651210784912e-01
8.118937611579895020e-01
4.288831651210784912e-01
8.118937611579895020e-01
8.118937611579895020e-01
8.101409077644348145e-01
4.288831651210784912e-01
4.288831651210784912e-01
4.288831651210784912e-01
8.074888586997985840e-01
4.288831651210784912e-01
4.288831651210784912e-01
7.744798660278320312e-01
4.288831651210784912e-01
4.288831651210784912e-01
8.107721805572509766e-01
4.288831651210784912e-01
4.288831651210784912e-01
8.118442296981811523e-01
4.288831651210784912e-01
4.288831651210784912e-01
4.288831651210784912e-01
4.288831651210784912e-01
6.348314285278320312e-01
8.092105388641357422e-01
4.288831651210784912e-01
4.288831651210784912e-01
4.288831651210784912e-01
4.288831651210784912e-01
4.288831651210784912e-01
4.288831651210784912e-01
6.153126358985900879e-01
4.288831651210784912e-01
4.288831651210784912e-01
4.288831651210784912e-01
4.288831651210784912e-01
8.074522614479064941e-01
4.288831651210784912e-01
4.288831651210784912e-01
4.288831651210784912e-01
4.288831651210784912e-01
8.118937611579895020e-01
8.106401562690734863e-01
8.118760585784912109e-01
8.112844228744506836e-01
4.288831651210784912e-01
8.118937611579895020e-01
4.288831651210784912e-01
4.288831651210784912e-01
8.118038773536682129e-01
6.063762903213500977e-01
4.288831651210784912e-01
4.288831651210784912e-01
4.288831651210784912e-01
4.288831651210784912e-01
4.288831651210784912e-01
4.288831651210784912e-01
6.338031888008117676e-01
8.105186820030212402e-01
4.288831651210784912e-01
4.288831651210784912e-01
4.288831651210784912e-01
8.037666678428649902e-01
4.288831651210784912e-01
4.288831651210784912e-01
6.755472421646118164e-01
7.774482965469360352e-01
4.288831651210784912e-01
4.288831651210784912e-01
4.288831651210784912e-01
7.998628616333007812e-01
4.288831651210784912e-01
4.288831651210784912e-01
8.116925358772277832e-01
4.288831651210784912e-01
4.288831651210784912e-01
8.110657334327697754e-01
4.288831651210784912e-01
4.288831651210784912e-01
4.288831651210784912e-01
6.858983635902404785e-01
4.288831651210784912e-01
4.288831651210784912e-01
4.288831651210784912e-01
4.288831651210784912e-01
4.288831651210784912e-01
4.288831651210784912e-01
4.288831651210784912e-01
4.288831651210784912e-01
4.288831651210784912e-01
4.288831651210784912e-01
4.288831651210784912e-01
4.288831651210784912e-01
4.288831651210784912e-01
4.288831651210784912e-01
4.288831651210784912e-01
4.288831651210784912e-01
4.288831651210784912e-01
4.288831651210784912e-01
4.288831651210784912e-01
4.288831651210784912e-01
4.288831651210784912e-01
4.288831651210784912e-01
4.288831651210784912e-01
4.288831651210784912e-01
4.288831651210784912e-01
4.288831651210784912e-01
4.288831651210784912e-01
4.288831651210784912e-01
4.288831651210784912e-01
4.288831651210784912e-01
4.288831651210784912e-01
4.288831651210784912e-01
4.288831651210784912e-01
4.288831651210784912e-01
4.288831651210784912e-01
4.288831651210784912e-01
4.288831651210784912e-01
4.288831651210784912e-01
4.288831651210784912e-01
4.288831651210784912e-01
4.288831651210784912e-01
4.288831651210784912e-01
4.288831651210784912e-01
4.288831651210784912e-01
4.288831651210784912e-01
4.288831651210784912e-01
4.288831651210784912e-01
4.288831651210784912e-01
4.288831651210784912e-01
4.288831651210784912e-01
4.288831651210784912e-01
4.288831651210784912e-01
4.288831651210784912e-01
4.288831651210784912e-01
4.288831651210784912e-01
4.288831651210784912e-01
4.288831651210784912e-01
4.288831651210784912e-01
4.288831651210784912e-01
4.288831651210784912e-01
4.288831651210784912e-01
4.288831651210784912e-01
4.288831651210784912e-01
4.288831651210784912e-01
4.288831651210784912e-01
4.288831651210784912e-01
4.288831651210784912e-01
4.288831651210784912e-01
4.288831651210784912e-01
4.288831651210784912e-01
4.288831651210784912e-01
4.288831651210784912e-01
4.288831651210784912e-01
4.288831651210784912e-01
4.288831651210784912e-01
4.288831651210784912e-01
4.288831651210784912e-01
4.288831651210784912e-01
4.288831651210784912e-01
4.288831651210784912e-01
4.288831651210784912e-01
4.288831651210784912e-01
4.288831651210784912e-01
4.288831651210784912e-01
4.288831651210784912e-01
4.288831651210784912e-01
4.288831651210784912e-01
4.288831651210784912e-01
4.288831651210784912e-01
4.288831651210784912e-01
4.288831651210784912e-01
4.288831651210784912e-01
4.288831651210784912e-01
4.288831651210784912e-01
4.288831651210784912e-01
4.288831651210784912e-01
4.288831651210784912e-01
4.288831651210784912e-01
4.288831651210784912e-01
4.288831651210784912e-01
4.288831651210784912e-01
4.288831651210784912e-01
4.288831651210784912e-01
4.288831651210784912e-01
4.288831651210784912e-01
4.288831651210784912e-01
4.288831651210784912e-01
4.288831651210784912e-01
4.288831651210784912e-01
4.288831651210784912e-01
4.288831651210784912e-01
4.288831651210784912e-01
4.288831651210784912e-01
4.288831651210784912e-01
4.288831651210784912e-01
4.288831651210784912e-01
4.288831651210784912e-01
4.288831651210784912e-01
4.288831651210784912e-01
4.288831651210784912e-01
4.288831651210784912e-01
4.288831651210784912e-01
4.288831651210784912e-01
4.288831651210784912e-01
4.288831651210784912e-01
4.288831651210784912e-01
4.288831651210784912e-01
4.288831651210784912e-01
4.288831651210784912e-01
4.288831651210784912e-01
4.288831651210784912e-01
4.288831651210784912e-01
4.288831651210784912e-01
4.288831651210784912e-01
4.288831651210784912e-01
4.288831651210784912e-01
4.288831651210784912e-01
4.288831651210784912e-01
4.288831651210784912e-01
4.288831651210784912e-01
4.288831651210784912e-01
4.288831651210784912e-01
4.288831651210784912e-01
4.288831651210784912e-01
4.288831651210784912e-01
4.288831651210784912e-01
4.288831651210784912e-01
4.288831651210784912e-01
4.288831651210784912e-01
4.288831651210784912e-01
4.288831651210784912e-01
4.288831651210784912e-01
4.288831651210784912e-01
4.288831651210784912e-01
4.288831651210784912e-01
4.288831651210784912e-01
4.288831651210784912e-01
4.288831651210784912e-01
4.288831651210784912e-01
4.288831651210784912e-01
4.288831651210784912e-01
4.288831651210784912e-01
4.288831651210784912e-01
4.288831651210784912e-01
4.288831651210784912e-01
4.288831651210784912e-01
4.288831651210784912e-01
4.288831651210784912e-01
4.288831651210784912e-01
4.288831651210784912e-01
4.288831651210784912e-01
4.288831651210784912e-01
4.288831651210784912e-01
4.288831651210784912e-01
4.288831651210784912e-01
4.288831651210784912e-01
4.288831651210784912e-01
4.288831651210784912e-01
4.288831651210784912e-01
4.288831651210784912e-01
4.288831651210784912e-01
6.031675338745117188e-01
4.288831651210784912e-01
4.288831651210784912e-01
4.288831651210784912e-01
7.986234426498413086e-01
4.288831651210784912e-01
4.288831651210784912e-01
4.288831651210784912e-01
4.288831651210784912e-01
4.288831651210784912e-01
4.288831651210784912e-01
4.288831651210784912e-01
4.288831651210784912e-01
4.288831651210784912e-01
4.288831651210784912e-01
4.288831651210784912e-01
4.288831651210784912e-01
4.288831651210784912e-01
6.031675338745117188e-01
4.288831651210784912e-01
4.288831651210784912e-01
4.288831651210784912e-01
4.288831651210784912e-01
4.288831651210784912e-01
4.288831651210784912e-01
4.288831651210784912e-01
4.288831651210784912e-01
4.288831651210784912e-01
4.288831651210784912e-01
4.288831651210784912e-01
4.288831651210784912e-01
4.288831651210784912e-01
4.288831651210784912e-01
4.288831651210784912e-01
4.288831651210784912e-01
4.288831651210784912e-01
4.288831651210784912e-01
4.288831651210784912e-01
4.288831651210784912e-01
4.288831651210784912e-01
4.288831651210784912e-01
4.288831651210784912e-01
4.288831651210784912e-01
4.288831651210784912e-01
4.288831651210784912e-01
4.288831651210784912e-01
4.288831651210784912e-01
4.288831651210784912e-01
4.288831651210784912e-01
4.288831651210784912e-01
4.288831651210784912e-01
4.288831651210784912e-01
4.288831651210784912e-01
4.288831651210784912e-01
4.288831651210784912e-01
4.288831651210784912e-01
4.288831651210784912e-01
4.288831651210784912e-01
4.288831651210784912e-01
4.288831651210784912e-01
4.288831651210784912e-01
4.288831651210784912e-01
4.288831651210784912e-01
4.288831651210784912e-01
4.288831651210784912e-01
4.288831651210784912e-01
4.288831651210784912e-01
4.288831651210784912e-01
4.288831651210784912e-01
4.288831651210784912e-01
4.288831651210784912e-01
4.288831651210784912e-01
4.288831651210784912e-01
4.288831651210784912e-01
4.288831651210784912e-01
4.288831651210784912e-01
4.288831651210784912e-01
4.288831651210784912e-01
4.288831651210784912e-01
4.288831651210784912e-01
4.288831651210784912e-01
4.288831651210784912e-01
4.288831651210784912e-01
4.288831651210784912e-01
4.288831651210784912e-01
4.288831651210784912e-01
7.685864567756652832e-01
4.288831651210784912e-01
4.288831651210784912e-01
4.288831651210784912e-01
4.288831651210784912e-01
4.288831651210784912e-01
4.288831651210784912e-01
4.288831651210784912e-01
4.288831651210784912e-01
4.288831651210784912e-01
4.288831651210784912e-01
4.288831651210784912e-01
4.288831651210784912e-01
4.288831651210784912e-01
4.288831651210784912e-01
4.288831651210784912e-01
4.288831651210784912e-01
4.288831651210784912e-01
4.288831651210784912e-01
4.288831651210784912e-01
4.288831651210784912e-01
4.288831651210784912e-01
4.288831651210784912e-01
4.288831651210784912e-01
4.288831651210784912e-01
4.288831651210784912e-01
4.288831651210784912e-01
4.288831651210784912e-01
4.288831651210784912e-01
4.288831651210784912e-01
4.288831651210784912e-01
4.288831651210784912e-01
4.288831651210784912e-01
4.288831651210784912e-01
4.288831651210784912e-01
4.288831651210784912e-01
4.288831651210784912e-01
4.288831651210784912e-01
4.288831651210784912e-01
4.288831651210784912e-01
4.288831651210784912e-01
4.288831651210784912e-01
4.288831651210784912e-01
4.288831651210784912e-01
4.288831651210784912e-01
4.288831651210784912e-01
4.288831651210784912e-01
4.288831651210784912e-01
4.288831651210784912e-01
4.288831651210784912e-01
4.288831651210784912e-01
4.288831651210784912e-01
4.288831651210784912e-01
4.288831651210784912e-01
4.288831651210784912e-01
4.288831651210784912e-01
4.288831651210784912e-01
4.288831651210784912e-01
4.288831651210784912e-01
4.288831651210784912e-01
4.288831651210784912e-01
4.288831651210784912e-01
4.288831651210784912e-01
4.288831651210784912e-01
4.288831651210784912e-01
4.288831651210784912e-01
4.288831651210784912e-01
4.288831651210784912e-01
4.288831651210784912e-01
4.288831651210784912e-01
4.288831651210784912e-01
4.288831651210784912e-01
4.288831651210784912e-01
4.288831651210784912e-01
4.288831651210784912e-01
4.288831651210784912e-01
4.288831651210784912e-01
4.288831651210784912e-01
4.288831651210784912e-01
4.288831651210784912e-01
4.288831651210784912e-01
4.288831651210784912e-01
4.288831651210784912e-01
4.288831651210784912e-01
4.288831651210784912e-01
4.288831651210784912e-01
8.006685972213745117e-01
4.288831651210784912e-01
4.288831651210784912e-01
4.288831651210784912e-01
4.288831651210784912e-01
4.288831651210784912e-01
4.288831651210784912e-01
4.288831651210784912e-01
4.288831651210784912e-01
4.288831651210784912e-01
5.956138968467712402e-01
4.288831651210784912e-01
4.288831651210784912e-01
8.101891279220581055e-01
4.288831651210784912e-01
4.288831651210784912e-01
7.773482799530029297e-01
7.693846225738525391e-01
8.118937611579895020e-01
4.288831651210784912e-01
4.288831651210784912e-01
4.288831651210784912e-01
4.288831651210784912e-01
8.118937611579895020e-01
6.459849476814270020e-01
4.288831651210784912e-01
4.288831651210784912e-01
4.288831651210784912e-01
6.459849476814270020e-01
4.288831651210784912e-01
4.288831651210784912e-01
4.288831651210784912e-01
4.288831651210784912e-01
4.288831651210784912e-01
4.288831651210784912e-01
4.288831651210784912e-01
8.023232221603393555e-01
6.129521131515502930e-01
4.288831651210784912e-01
7.693846225738525391e-01
6.367070674896240234e-01
4.288831651210784912e-01
4.288831651210784912e-01
4.288831651210784912e-01
4.288831651210784912e-01
4.288831651210784912e-01
4.288831651210784912e-01
4.288831651210784912e-01
4.288831651210784912e-01
4.288831651210784912e-01
4.288831651210784912e-01
6.129521131515502930e-01
4.288831651210784912e-01
4.288831651210784912e-01
4.288831651210784912e-01
6.129521131515502930e-01
4.288831651210784912e-01
4.288831651210784912e-01
7.766910195350646973e-01
4.288831651210784912e-01
4.288831651210784912e-01
4.288831651210784912e-01
4.288831651210784912e-01
4.288831651210784912e-01
5.989856123924255371e-01
4.288831651210784912e-01
4.288831651210784912e-01
4.288831651210784912e-01
4.288831651210784912e-01
4.288831651210784912e-01
4.288831651210784912e-01
