4.990222454071044922e-01
4.228698015213012695e-01
3.929531276226043701e-01
3.129360377788543701e-01
4.406414330005645752e-01
4.376524984836578369e-01
4.506978690624237061e-01
3.756180107593536377e-01
3.770359456539154053e-01
4.428062736988067627e-01
4.550729990005493164e-01
3.014485239982604980e-01
4.419461488723754883e-01
4.762023985385894775e-01
4.175680875778198242e-01
2.832770347595214844e-01
4.966612756252288818e-01
4.262945055961608887e-01
4.561193585395812988e-01
3.920752406120300293e-01
3.302600383758544922e-01
3.166011869907379150e-01
3.350936770439147949e-01
5.013298392295837402e-01
4.178736805915832520e-01
5.089798569679260254e-01
4.535253047943115234e-01
4.320794939994812012e-01
5.043524503707885742e-01
3.034410476684570312e-01
4.351682662963867188e-01
3.077169954776763916e-01
4.742043614387512207e-01
5.111322999000549316e-01
3.628257811069488525e-01
4.449467658996582031e-01
4.309727251529693604e-01
5.384515523910522461e-01
4.718869030475616455e-01
4.742384254932403564e-01
4.513970315456390381e-01
4.904769062995910645e-01
4.137979149818420410e-01
4.722446203231811523e-01
3.876408040523529053e-01
4.481174349784851074e-01
5.208401679992675781e-01
3.644972443580627441e-01
3.739877343177795410e-01
4.853404462337493896e-01
3.744792640209197998e-01
4.282426536083221436e-01
3.987012505531311035e-01
4.721878468990325928e-01
4.587630927562713623e-01
3.656668365001678467e-01
4.575055837631225586e-01
3.026340007781982422e-01
4.553630948066711426e-01
4.627810418605804443e-01
3.332770764827728271e-01
5.376937389373779297e-01
4.632317423820495605e-01
3.499007225036621094e-01
4.724944531917572021e-01
4.309217035770416260e-01
3.832224011421203613e-01
5.199139714241027832e-01
4.336535930633544922e-01
2.023192644119262695e-01
4.341565668582916260e-01
4.518080949783325195e-01
3.262478113174438477e-01
4.696623980998992920e-01
4.805774986743927002e-01
6.979588270187377930e-01
8.487813472747802734e-01
8.756365776062011719e-01
7.489590644836425781e-01
8.138918280601501465e-01
8.317453861236572266e-01
7.811408042907714844e-01
8.264725804328918457e-01
5.075504779815673828e-01
7.807525992393493652e-01
7.667255997657775879e-01
6.238309741020202637e-01
8.507360816001892090e-01
7.144839167594909668e-01
7.596574425697326660e-01
7.588247060775756836e-01
6.484292745590209961e-01
8.469847440719604492e-01
7.725005149841308594e-01
8.023976087570190430e-01
8.927037119865417480e-01
7.742752432823181152e-01
8.875576257705688477e-01
8.060262203216552734e-01
8.884396553039550781e-01
8.385890722274780273e-01
8.920994400978088379e-01
8.398178815841674805e-01
8.658921122550964355e-01
8.433842062950134277e-01
6.830322146415710449e-01
6.348291039466857910e-01
8.101851344108581543e-01
8.253506422042846680e-01
8.725964426994323730e-01
7.519374489784240723e-01
8.126118779182434082e-01
8.635210394859313965e-01
8.195670247077941895e-01
7.600943446159362793e-01
8.377189040184020996e-01
8.256883621215820312e-01
7.832258939743041992e-01
7.571783661842346191e-01
8.633102774620056152e-01
8.690288662910461426e-01
6.603192090988159180e-01
8.165093660354614258e-01
8.653796911239624023e-01
7.607355713844299316e-01
8.176148533821105957e-01
5.892156362533569336e-01
7.315084934234619141e-01
8.646296858787536621e-01
8.161073923110961914e-01
7.927402853965759277e-01
7.912591099739074707e-01
7.488166689872741699e-01
8.941684961318969727e-01
8.124002814292907715e-01
7.188239693641662598e-01
9.174053072929382324e-01
8.496959805488586426e-01
6.741002798080444336e-01
8.277485966682434082e-01
8.483337163925170898e-01
7.052103281021118164e-01
8.639081120491027832e-01
8.930223584175109863e-01
7.003880739212036133e-01
7.527483701705932617e-01
7.837597727775573730e-01
6.506268978118896484e-01
8.749443888664245605e-01
9.135952591896057129e-01
7.661285400390625000e-01
8.828480243682861328e-01
7.911237478256225586e-01
6.438812613487243652e-01
7.701633572578430176e-01
8.094282150268554688e-01
8.127755522727966309e-01
7.957847118377685547e-01
7.354429960250854492e-01
8.066070079803466797e-01
7.322626709938049316e-01
8.111985325813293457e-01
4.906882345676422119e-01
8.667465448379516602e-01
8.682786226272583008e-01
8.002462983131408691e-01
7.939516305923461914e-01
7.861898541450500488e-01
7.795655727386474609e-01
7.008014321327209473e-01
8.543567061424255371e-01
8.196634650230407715e-01
8.034692406654357910e-01
8.527254462242126465e-01
8.043477535247802734e-01
7.216251492500305176e-01
7.546665668487548828e-01
7.909777164459228516e-01
8.774592876434326172e-01
7.998248934745788574e-01
7.177258133888244629e-01
8.308085799217224121e-01
8.834157586097717285e-01
7.770456075668334961e-01
8.345584869384765625e-01
7.945193648338317871e-01
8.894263505935668945e-01
8.336599469184875488e-01
6.022152900695800781e-01
6.771545410156250000e-01
4.969545006752014160e-01
8.108114004135131836e-01
7.557415962219238281e-01
8.101568818092346191e-01
8.122970461845397949e-01
7.927793860435485840e-01
7.446516156196594238e-01
7.042279243469238281e-01
7.312010526657104492e-01
8.083434104919433594e-01
8.273455500602722168e-01
8.125731348991394043e-01
8.448473215103149414e-01
8.018314838409423828e-01
8.019810318946838379e-01
8.106126785278320312e-01
8.320909142494201660e-01
7.953870296478271484e-01
8.228963613510131836e-01
7.693278789520263672e-01
7.548519372940063477e-01
8.656856417655944824e-01
7.819502353668212891e-01
8.483380675315856934e-01
8.282917141914367676e-01
8.374498486518859863e-01
7.516932487487792969e-01
8.775722384452819824e-01
7.045028805732727051e-01
8.404672741889953613e-01
7.295971512794494629e-01
7.610709071159362793e-01
8.204875588417053223e-01
8.810964226722717285e-01
8.502966165542602539e-01
7.353600263595581055e-01
8.319398760795593262e-01
7.955876588821411133e-01
6.766910552978515625e-01
8.498415946960449219e-01
8.312326669692993164e-01
8.302795290946960449e-01
6.895712018013000488e-01
5.037159919738769531e-01
8.193976283073425293e-01
7.973513007164001465e-01
9.047325849533081055e-01
7.331181168556213379e-01
6.586946249008178711e-01
8.858168721199035645e-01
8.479869961738586426e-01
7.599608302116394043e-01
8.606983423233032227e-01
7.301757335662841797e-01
8.908278942108154297e-01
9.302816390991210938e-01
9.187978506088256836e-01
8.766188025474548340e-01
9.152109026908874512e-01
8.990035057067871094e-01
9.228653311729431152e-01
9.067581295967102051e-01
9.390946030616760254e-01
9.322167038917541504e-01
9.279200434684753418e-01
9.016134738922119141e-01
8.800579905509948730e-01
8.316571712493896484e-01
9.192770123481750488e-01
8.818608522415161133e-01
9.254914522171020508e-01
8.987237215042114258e-01
8.885648846626281738e-01
9.380298852920532227e-01
8.843204379081726074e-01
8.979105353355407715e-01
9.150887727737426758e-01
9.547405242919921875e-01
9.187235236167907715e-01
9.023437500000000000e-01
9.093329310417175293e-01
9.125840663909912109e-01
8.824895620346069336e-01
9.216616749763488770e-01
9.153307080268859863e-01
9.168986678123474121e-01
9.184274077415466309e-01
9.249612689018249512e-01
8.889006376266479492e-01
8.991433382034301758e-01
8.786345720291137695e-01
8.853142261505126953e-01
8.926281929016113281e-01
5.822396278381347656e-01
9.113042950630187988e-01
9.483898878097534180e-01
9.269406199455261230e-01
8.747317790985107422e-01
9.046198725700378418e-01
9.059655666351318359e-01
9.108157157897949219e-01
8.939666152000427246e-01
9.151301980018615723e-01
9.183034300804138184e-01
9.066482782363891602e-01
9.302074313163757324e-01
9.203465580940246582e-01
8.999233245849609375e-01
8.990055322647094727e-01
9.120845794677734375e-01
9.105844497680664062e-01
9.343828558921813965e-01
9.261261224746704102e-01
9.149657487869262695e-01
8.934881091117858887e-01
9.162672162055969238e-01
9.258248209953308105e-01
9.095932245254516602e-01
9.545761346817016602e-01
9.410364627838134766e-01
8.851479291915893555e-01
8.802765011787414551e-01
8.977493643760681152e-01
9.193188548088073730e-01
9.122664928436279297e-01
9.239499568939208984e-01
8.980498313903808594e-01
9.342923164367675781e-01
9.196300506591796875e-01
7.320570349693298340e-01
7.263842225074768066e-01
6.581724882125854492e-01
6.614453792572021484e-01
6.634144783020019531e-01
6.424684524536132812e-01
5.459977388381958008e-01
6.240670680999755859e-01
7.764318585395812988e-01
7.878047227859497070e-01
6.807593107223510742e-01
5.665444135665893555e-01
6.615169644355773926e-01
6.610906124114990234e-01
4.877064824104309082e-01
6.345989108085632324e-01
6.395137310028076172e-01
6.227415204048156738e-01
7.139481306076049805e-01
6.078745722770690918e-01
6.282017827033996582e-01
7.578032016754150391e-01
7.749406099319458008e-01
6.522989869117736816e-01
5.002498030662536621e-01
6.834223866462707520e-01
5.914478898048400879e-01
6.421250104904174805e-01
6.481984257698059082e-01
6.581724882125854492e-01
6.000186204910278320e-01
4.637884199619293213e-01
6.321545839309692383e-01
6.351076364517211914e-01
7.079023718833923340e-01
5.892453789710998535e-01
6.370413303375244141e-01
6.160988211631774902e-01
6.087868809700012207e-01
6.303763389587402344e-01
5.851108431816101074e-01
5.380076766014099121e-01
6.722828745841979980e-01
6.967534422874450684e-01
6.677197217941284180e-01
4.563356339931488037e-01
6.102313995361328125e-01
8.048874139785766602e-01
7.622574567794799805e-01
5.983860492706298828e-01
9.048852324485778809e-01
7.838408946990966797e-01
7.313853502273559570e-01
7.101489305496215820e-01
7.312763333320617676e-01
7.265929579734802246e-01
7.653051018714904785e-01
8.429419994354248047e-01
8.130902051925659180e-01
7.003079652786254883e-01
6.884172558784484863e-01
7.028299570083618164e-01
8.628476262092590332e-01
7.353516221046447754e-01
7.742708921432495117e-01
6.793409585952758789e-01
7.110145688056945801e-01
7.869393825531005859e-01
6.954069733619689941e-01
8.008291125297546387e-01
7.985497117042541504e-01
7.195177674293518066e-01
7.395946979522705078e-01
7.563952803611755371e-01
5.750191211700439453e-01
7.563124895095825195e-01
6.181042194366455078e-01
7.321571111679077148e-01
6.667144894599914551e-01
6.683273315429687500e-01
7.088369727134704590e-01
6.245287656784057617e-01
7.032503485679626465e-01
6.512120366096496582e-01
6.549808382987976074e-01
5.363727211952209473e-01
8.413652777671813965e-01
7.223725914955139160e-01
6.897252798080444336e-01
6.101082563400268555e-01
6.982243061065673828e-01
6.613320112228393555e-01
6.015149354934692383e-01
6.382954120635986328e-01
7.553493976593017578e-01
7.957490086555480957e-01
8.241196870803833008e-01
7.956656813621520996e-01
7.325003147125244141e-01
7.027544379234313965e-01
6.452645063400268555e-01
6.680536270141601562e-01
7.656634449958801270e-01
7.130299806594848633e-01
6.753491163253784180e-01
8.584088087081909180e-01
3.240808546543121338e-01
3.178491294384002686e-01
4.243900775909423828e-01
5.085912942886352539e-01
4.919686019420623779e-01
4.656822979450225830e-01
4.814720153808593750e-01
5.428496003150939941e-01
3.074067234992980957e-01
6.947394013404846191e-01
2.822116613388061523e-01
4.454984664916992188e-01
3.616265058517456055e-01
3.984021842479705811e-01
4.767942726612091064e-01
3.559584617614746094e-01
4.587604403495788574e-01
4.926899373531341553e-01
3.752079308032989502e-01
4.690967798233032227e-01
3.925664424896240234e-01
4.251617491245269775e-01
5.226961970329284668e-01
3.860024213790893555e-01
2.581573724746704102e-01
4.385184645652770996e-01
3.834166228771209717e-01
4.227361977100372314e-01
4.194609224796295166e-01
3.331921398639678955e-01
4.907094836235046387e-01
5.127683877944946289e-01
3.853312134742736816e-01
4.875178337097167969e-01
3.245877325534820557e-01
4.041517674922943115e-01
3.271752595901489258e-01
3.633971810340881348e-01
5.399753451347351074e-01
2.936861813068389893e-01
4.127674400806427002e-01
4.958356022834777832e-01
4.446657001972198486e-01
3.706461191177368164e-01
4.901414513587951660e-01
4.742402434349060059e-01
4.457547068595886230e-01
4.185545444488525391e-01
4.360130131244659424e-01
4.499617516994476318e-01
2.809100151062011719e-01
4.232383668422698975e-01
5.048691630363464355e-01
3.270737528800964355e-01
4.242708981037139893e-01
4.225848615169525146e-01
3.490947782993316650e-01
4.464224278926849365e-01
2.961332201957702637e-01
4.272994995117187500e-01
4.307549893856048584e-01
4.407900869846343994e-01
3.497002422809600830e-01
3.499644398689270020e-01
4.152654111385345459e-01
4.656883776187896729e-01
3.766728341579437256e-01
3.679686486721038818e-01
4.778283834457397461e-01
5.171077251434326172e-01
4.855614900588989258e-01
4.771479964256286621e-01
4.692208170890808105e-01
3.140619993209838867e-01
3.889889121055603027e-01
4.836460053920745850e-01
4.926597476005554199e-01
1.206539105623960495e-03
2.261044224724173546e-03
2.360327634960412979e-03
9.742828086018562317e-03
9.634739835746586323e-04
3.054396947845816612e-03
4.103488102555274963e-02
3.915669620037078857e-01
5.940967239439487457e-04
1.664298120886087418e-03
2.135790735483169556e-01
2.257655560970306396e-01
3.503893688321113586e-02
2.547210268676280975e-02
1.504464447498321533e-01
3.607123494148254395e-01
4.710372388362884521e-01
3.739561438560485840e-01
1.467022951692342758e-02
2.472675144672393799e-01
1.348073943518102169e-03
3.237172204535454512e-04
3.190883100032806396e-01
1.240646690130233765e-01
1.025232207030057907e-02
2.773613333702087402e-01
9.671024978160858154e-03
3.136914670467376709e-01
6.557857990264892578e-02
4.215848743915557861e-01
2.110817469656467438e-03
4.170105755329132080e-01
4.964656829833984375e-01
3.789300844073295593e-02
6.055335048586130142e-03
1.873382925987243652e-02
4.080629441887140274e-03
1.799945719540119171e-03
6.312477402389049530e-03
1.081894114613533020e-01
1.623306050896644592e-02
2.785811014473438263e-02
5.149663891643285751e-03
3.108236193656921387e-01
3.800936043262481689e-01
4.016338884830474854e-01
1.700945780612528324e-03
3.771962597966194153e-03
1.680801622569561005e-03
4.391411542892456055e-01
8.299550041556358337e-03
2.730739535763859749e-03
6.135145667940378189e-04
4.498175680637359619e-01
1.990624517202377319e-02
3.334869863465428352e-03
3.327625989913940430e-01
1.175556853413581848e-01
3.819844685494899750e-03
2.658869512379169464e-02
1.129554817453026772e-03
3.371567651629447937e-02
8.861152455210685730e-03
5.578304529190063477e-01
5.704100728034973145e-01
8.878607302904129028e-03
3.120203912258148193e-01
5.685680662281811237e-04
1.473942189477384090e-03
7.626193761825561523e-02
1.229957863688468933e-01
3.006581664085388184e-01
4.417127668857574463e-01
4.941410720348358154e-01
4.428066778928041458e-03
3.335432615131139755e-03
4.701488316059112549e-01
4.045948013663291931e-02
1.235344707965850830e-01
3.766602277755737305e-01
2.937483601272106171e-02
3.251280784606933594e-01
3.413769975304603577e-02
3.433665931224822998e-01
1.449341475963592529e-01
4.213753938674926758e-01
8.177376538515090942e-02
6.571531295776367188e-02
1.734051108360290527e-01
3.410383760929107666e-01
2.002917379140853882e-01
4.121792968362569809e-03
1.493247896432876587e-01
6.501880884170532227e-01
2.796414494514465332e-02
9.170690178871154785e-02
9.475679695606231689e-02
9.142162278294563293e-03
2.140964008867740631e-02
2.330899424850940704e-02
1.147040724754333496e-01
4.690334200859069824e-02
3.956455290317535400e-01
2.259696833789348602e-03
1.266175806522369385e-01
1.472879648208618164e-01
6.177178025245666504e-01
4.464296102523803711e-01
6.250514416024088860e-04
1.777124255895614624e-01
1.191091607324779034e-03
1.648792475461959839e-01
2.283688081661239266e-04
4.220464229583740234e-01
3.181350603699684143e-02
1.306046545505523682e-01
3.213814273476600647e-02
5.302181839942932129e-01
6.860713362693786621e-01
7.227969169616699219e-01
1.977608203887939453e-01
5.011038184165954590e-01
3.256591781973838806e-02
4.657133817672729492e-01
1.776728183031082153e-01
4.163473546504974365e-01
1.107984315603971481e-02
2.318289726972579956e-01
2.030477672815322876e-02
5.230302736163139343e-02
2.267918586730957031e-01
6.285156011581420898e-01
4.070840775966644287e-02
3.791887164115905762e-01
2.231151610612869263e-02
1.333217471837997437e-01
4.220854043960571289e-01
1.636831164360046387e-01
8.720637112855911255e-02
1.707479655742645264e-01
4.706605896353721619e-02
3.158439099788665771e-01
2.363757928833365440e-03
3.292063474655151367e-01
6.923758238554000854e-02
8.949518203735351562e-02
3.093056082725524902e-01
2.852823138236999512e-01
3.919244408607482910e-01
6.382166147232055664e-01
7.588490843772888184e-02
6.190498825162649155e-03
1.175004243850708008e-01
7.731703575700521469e-03
5.852335095405578613e-01
5.129079818725585938e-01
5.664799828082323074e-03
4.685330390930175781e-02
1.851513609290122986e-02
3.280164906755089760e-03
1.035054549574851990e-01
1.266614347696304321e-01
2.609923481941223145e-01
4.703918099403381348e-01
2.674714624881744385e-01
4.954540636390447617e-03
2.261943649500608444e-03
1.798034086823463440e-02
8.487533195875585079e-04
1.139659900218248367e-03
2.982370788231492043e-03
8.711292594671249390e-02
4.152407050132751465e-01
2.564175985753536224e-03
7.187609672546386719e-01
1.030747406184673309e-02
1.392837911844253540e-01
3.208378553390502930e-01
1.002598647028207779e-02
3.204401433467864990e-01
5.667481571435928345e-02
3.889871295541524887e-03
8.910369127988815308e-03
2.860781252384185791e-01
2.534250356256961823e-02
1.114045502617955208e-03
1.856944989413022995e-03
4.922057092189788818e-01
2.930058399215340614e-04
5.654589273035526276e-03
7.148971781134605408e-04
1.110346019268035889e-01
3.838091194629669189e-01
4.316745325922966003e-03
1.849377155303955078e-01
6.707724928855895996e-02
3.664922416210174561e-01
2.960946261882781982e-01
2.375895977020263672e-01
1.939986199140548706e-01
2.300279885530471802e-01
5.544613301753997803e-02
5.110398633405566216e-04
7.091873884201049805e-01
4.462893307209014893e-01
9.747017920017242432e-02
1.463916450738906860e-01
1.159731857478618622e-02
7.875319719314575195e-01
6.656644493341445923e-02
3.269408131018280983e-03
4.322802275419235229e-02
2.319767698645591736e-02
1.948155313730239868e-01
8.000688627362251282e-03
4.752573149744421244e-04
4.456416964530944824e-01
8.297603577375411987e-03
2.724900245666503906e-01
3.624410927295684814e-01
3.296248912811279297e-01
1.858161576092243195e-02
6.243710592389106750e-02
5.879183411598205566e-01
5.452935397624969482e-02
6.930077914148569107e-03
7.036069408059120178e-03
8.384034037590026855e-02
1.914970725774765015e-01
1.581978576723486185e-04
1.080143153667449951e-01
1.243191491812467575e-02
8.183198049664497375e-03
2.885295748710632324e-01
4.449752867221832275e-01
8.354135602712631226e-02
3.629869818687438965e-01
3.214943455532193184e-03
8.229989558458328247e-03
1.987450756132602692e-02
3.786356747150421143e-01
8.008967852219939232e-04
6.101844906806945801e-01
4.682100117206573486e-01
1.040510982275009155e-01
7.103971671313047409e-03
4.661967232823371887e-02
3.658141940832138062e-02
2.622326314449310303e-01
1.166037768125534058e-01
5.977329239249229431e-02
4.383520781993865967e-01
3.250882923603057861e-01
5.182312726974487305e-01
5.042515397071838379e-01
1.922415569424629211e-02
8.054799586534500122e-02
2.084019593894481659e-03
1.019227057695388794e-01
1.838072538375854492e-01
1.423836946487426758e-01
4.251085817813873291e-01
3.360156416893005371e-01
7.141039520502090454e-02
2.755478620529174805e-01
2.573616243898868561e-02
3.717325627803802490e-02
3.315741419792175293e-01
6.047963630408048630e-03
5.172002688050270081e-02
1.363835483789443970e-01
4.908642172813415527e-02
6.023757457733154297e-01
5.350631475448608398e-01
4.253852069377899170e-01
1.525514572858810425e-02
4.409131594002246857e-03
2.847130298614501953e-01
3.105444367974996567e-03
3.864404559135437012e-01
8.417810499668121338e-02
3.451871275901794434e-01
4.437968507409095764e-02
1.101830750703811646e-01
1.217856071889400482e-02
6.289317607879638672e-01
3.075257837772369385e-01
9.721790254116058350e-02
3.110787868499755859e-01
2.038971930742263794e-01
1.877879202365875244e-01
1.769662462174892426e-02
9.969361126422882080e-02
4.318047687411308289e-02
2.458163797855377197e-01
3.444595336914062500e-01
3.086212277412414551e-01
3.608275353908538818e-01
2.294661998748779297e-01
3.139543235301971436e-01
2.761875391006469727e-01
8.347997814416885376e-02
1.294180005788803101e-01
2.033197730779647827e-01
4.012024961411952972e-03
8.607190847396850586e-01
8.322112262248992920e-03
1.545847952365875244e-02
2.180249197408556938e-03
6.945827510207891464e-03
4.714239835739135742e-01
3.428204953670501709e-01
5.228295177221298218e-02
1.316665410995483398e-01
4.520127084106206894e-03
1.152724307030439377e-02
3.629172742366790771e-01
4.642702341079711914e-01
3.053680807352066040e-02
3.762189447879791260e-01
6.916745901107788086e-01
1.924870535731315613e-02
7.543359398841857910e-01
6.655437406152486801e-03
1.670523732900619507e-02
2.712409496307373047e-01
6.509343981742858887e-01
3.869857788085937500e-01
9.361949632875621319e-04
1.071389093995094299e-01
3.932057414203882217e-03
2.593282982707023621e-02
2.070480436086654663e-01
2.383364588022232056e-01
3.072445988655090332e-01
4.552188911475241184e-04
2.691305279731750488e-01
3.274768590927124023e-01
6.771992892026901245e-03
1.236753463745117188e-01
2.768519222736358643e-01
4.079414904117584229e-02
2.423633933067321777e-01
4.663373902440071106e-02
2.297069132328033447e-01
3.290315866470336914e-01
4.527058079838752747e-02
2.688565850257873535e-01
1.760163754224777222e-01
9.800245612859725952e-02
1.085584401153028011e-03
2.080023288726806641e-01
6.301894187927246094e-01
2.879309356212615967e-01
1.816169321537017822e-01
3.446716815233230591e-02
6.431664228439331055e-01
8.930920958518981934e-01
2.951719760894775391e-01
8.271591505035758018e-04
7.692551612854003906e-02
5.111616570502519608e-03
2.407352440059185028e-02
3.738915622234344482e-01
7.177152484655380249e-02
7.492755055427551270e-01
3.750174343585968018e-01
9.995035827159881592e-02
2.095008790493011475e-01
3.101460039615631104e-01
6.184227531775832176e-04
1.433912664651870728e-01
5.540872737765312195e-02
6.302894353866577148e-01
6.242313608527183533e-02
4.177151918411254883e-01
2.620894275605678558e-02
4.392027040012180805e-04
4.104482233524322510e-01
1.675528883934020996e-01
4.953238070011138916e-01
1.643984168767929077e-01
2.089699357748031616e-01
2.071225643157958984e-02
6.011611316353082657e-03
2.545607388019561768e-01
2.545042335987091064e-02
3.128077387809753418e-01
1.159077975898981094e-03
1.683985255658626556e-02
1.053349394351243973e-02
9.115902334451675415e-02
2.514995336532592773e-01
2.242600619792938232e-01
4.766069760080426931e-04
1.098155975341796875e-01
1.774059259332716465e-03
3.393637388944625854e-02
1.200209092348814011e-02
4.121730625629425049e-01
3.374336287379264832e-03
7.693985104560852051e-02
4.100670218467712402e-01
2.453666413202881813e-03
4.778429865837097168e-03
1.817758381366729736e-01
4.477495849132537842e-01
2.321860194206237793e-01
4.458589013665914536e-03
5.455894023180007935e-02
3.569413125514984131e-01
5.689526442438364029e-04
1.331856548786163330e-01
1.484118308871984482e-02
2.157389372587203979e-01
1.866383999586105347e-01
4.900639057159423828e-01
2.205106467008590698e-01
2.679733792319893837e-03
3.416223451495170593e-02
1.533520668745040894e-01
3.623252809047698975e-01
6.339809298515319824e-02
3.791744410991668701e-01
7.992369681596755981e-02
7.220455259084701538e-02
1.245492026209831238e-01
1.516313701868057251e-01
1.454046368598937988e-02
9.074494242668151855e-02
2.418806077912449837e-03
5.935799796134233475e-03
7.996863685548305511e-03
2.152877161279320717e-03
2.547435760498046875e-01
5.142914131283760071e-02
3.140733391046524048e-02
2.408085763454437256e-02
1.373749412596225739e-02
6.124371662735939026e-03
1.800563484430313110e-01
2.356182318180799484e-03
2.856218814849853516e-01
7.358528673648834229e-04
2.229697704315185547e-01
1.999484896659851074e-01
3.282828032970428467e-01
4.693905413150787354e-01
1.396170109510421753e-01
5.650965496897697449e-03
3.959497809410095215e-01
1.188986003398895264e-03
1.413464993238449097e-01
2.737698331475257874e-02
3.637377172708511353e-02
3.410711884498596191e-02
2.604720592498779297e-01
1.133378818631172180e-01
1.580722332000732422e-01
3.245764644816517830e-03
2.493763417005538940e-01
7.279987912625074387e-03
4.890951327979564667e-03
1.357270753942430019e-03
2.502778470516204834e-01
7.883576154708862305e-01
7.904292643070220947e-02
1.347260922193527222e-01
7.013460397720336914e-01
1.249668374657630920e-01
1.725259795784950256e-02
2.723616547882556915e-02
8.240345120429992676e-02
2.475036084651947021e-01
3.994958102703094482e-01
8.307371288537979126e-02
3.350666910409927368e-02
1.346567869186401367e-01
2.985443770885467529e-01
7.034307122230529785e-01
4.749769568443298340e-01
5.413758754730224609e-01
1.189190372824668884e-01
1.673212274909019470e-02
3.208745643496513367e-02
1.410583220422267914e-02
1.834376603364944458e-01
2.111269719898700714e-02
3.459447920322418213e-01
1.969433426856994629e-01
9.439182467758655548e-03
2.996221780776977539e-01
3.857361972332000732e-01
3.575274720788002014e-02
2.244222443550825119e-03
3.622451424598693848e-01
3.726189956068992615e-02
6.771405786275863647e-02
2.341299317777156830e-03
1.733203651383519173e-03
3.529782989062368870e-04
3.676778376102447510e-01
4.947275295853614807e-02
3.338079154491424561e-02
1.388563541695475578e-03
2.240316569805145264e-01
3.610242903232574463e-01
4.725598394870758057e-01
2.736555412411689758e-03
3.525507450103759766e-01
1.173052587546408176e-03
2.277516061440110207e-03
7.062631193548440933e-03
4.217715263366699219e-01
4.205850884318351746e-03
3.257715702056884766e-01
1.205876022577285767e-01
2.749847946688532829e-03
3.710390999913215637e-03
4.316833913326263428e-01
2.107307082042098045e-03
4.290822520852088928e-02
1.729352516122162342e-03
1.473615225404500961e-02
3.926539421081542969e-01
3.295900998637080193e-03
8.709704852662980556e-04
5.176860839128494263e-03
1.409062836319208145e-02
2.343609184026718140e-01
5.874192342162132263e-03
1.628104713745415211e-03
4.096616990864276886e-03
5.753935500979423523e-02
3.097626566886901855e-01
2.342225611209869385e-02
1.987027935683727264e-03
4.979339428246021271e-04
7.854420691728591919e-03
1.435594353824853897e-02
2.899071574211120605e-02
3.608938753604888916e-01
1.136868447065353394e-02
4.164197742938995361e-01
6.109271664172410965e-03
2.301880391314625740e-03
2.467510639689862728e-04
1.564210839569568634e-02
3.499165475368499756e-01
1.277297921478748322e-02
3.940231800079345703e-01
2.635161858052015305e-03
1.484802924096584320e-03
4.405072424560785294e-03
5.491988062858581543e-01
3.185267448425292969e-01
2.232746221125125885e-02
6.498951697722077370e-04
1.065474748611450195e-02
