9.784399271011352539e-01
9.992357492446899414e-01
9.865417480468750000e-01
8.688920736312866211e-01
8.416209220886230469e-01
9.530422091484069824e-01
6.720157265663146973e-01
7.560950517654418945e-01
9.240320920944213867e-01
9.849762320518493652e-01
8.727594614028930664e-01
8.106276988983154297e-01
9.972242116928100586e-01
9.941850304603576660e-01
8.719356060028076172e-01
9.042879343032836914e-01
9.948982596397399902e-01
9.761338233947753906e-01
6.188721656799316406e-01
9.925543665885925293e-01
9.536830782890319824e-01
9.901776909828186035e-01
9.540045857429504395e-01
9.843136072158813477e-01
7.921847701072692871e-01
9.617002010345458984e-01
9.983301758766174316e-01
9.841904044151306152e-01
9.882987737655639648e-01
9.481155872344970703e-01
9.981354475021362305e-01
8.794082999229431152e-01
9.950085878372192383e-01
9.912667870521545410e-01
9.780579209327697754e-01
9.932901859283447266e-01
9.872674345970153809e-01
9.978366494178771973e-01
8.543660044670104980e-01
9.909000396728515625e-01
8.890485763549804688e-01
8.192842602729797363e-01
9.907211065292358398e-01
6.087134480476379395e-01
9.405685067176818848e-01
7.218858599662780762e-01
7.494156956672668457e-01
8.530119061470031738e-01
9.303721189498901367e-01
7.488914132118225098e-01
9.980194568634033203e-01
6.592337489128112793e-01
9.176415205001831055e-01
1.000000000000000000e+00
8.286334872245788574e-01
9.318020939826965332e-01
9.957382678985595703e-01
9.392294883728027344e-01
9.467167258262634277e-01
9.454861283302307129e-01
9.951422214508056641e-01
9.901662468910217285e-01
9.529244303703308105e-01
8.871242403984069824e-01
9.659512042999267578e-01
2.320735305547714233e-01
8.192539215087890625e-01
9.655819535255432129e-01
8.775135278701782227e-01
9.401357769966125488e-01
9.935094714164733887e-01
9.929036498069763184e-01
9.109312891960144043e-01
9.438565373420715332e-01
9.933342933654785156e-01
5.422804355621337891e-01
9.424271583557128906e-01
9.391729235649108887e-01
9.885109663009643555e-01
9.590030908584594727e-01
9.664221405982971191e-01
9.862917065620422363e-01
9.711810946464538574e-01
5.705798864364624023e-01
9.525026679039001465e-01
9.550001025199890137e-01
9.488428831100463867e-01
9.762166142463684082e-01
9.978550076484680176e-01
6.314069032669067383e-01
9.942408800125122070e-01
9.741189479827880859e-01
9.295745491981506348e-01
9.412774443626403809e-01
9.703555107116699219e-01
9.931463003158569336e-01
9.896524548530578613e-01
9.784333109855651855e-01
9.204276204109191895e-01
8.721242547035217285e-01
9.844264388084411621e-01
9.795984625816345215e-01
7.977556586265563965e-01
9.778993129730224609e-01
9.805585741996765137e-01
9.761269092559814453e-01
9.696871042251586914e-01
6.966568231582641602e-01
9.647092223167419434e-01
9.769440293312072754e-01
9.907213449478149414e-01
5.134367942810058594e-01
8.826469779014587402e-01
9.230455160140991211e-01
9.727488756179809570e-01
9.361937642097473145e-01
8.615813851356506348e-01
9.834727048873901367e-01
9.886634945869445801e-01
9.517778158187866211e-01
9.845464825630187988e-01
9.799701571464538574e-01
9.841773509979248047e-01
9.086565971374511719e-01
9.912987351417541504e-01
9.822012782096862793e-01
9.595334529876708984e-01
6.440755128860473633e-01
9.893682599067687988e-01
9.815195798873901367e-01
9.974869489669799805e-01
9.898086190223693848e-01
9.881358146667480469e-01
9.609660506248474121e-01
9.492746591567993164e-01
4.886612296104431152e-01
9.845530986785888672e-01
9.928030371665954590e-01
9.396120309829711914e-01
9.920686483383178711e-01
9.731495976448059082e-01
9.191864728927612305e-01
9.330283403396606445e-01
9.755900502204895020e-01
9.943923354148864746e-01
4.954139292240142822e-01
9.665465354919433594e-01
6.649982929229736328e-01
9.910045862197875977e-01
9.577112197875976562e-01
9.992328882217407227e-01
8.050547838211059570e-01
9.989022016525268555e-01
7.822396159172058105e-01
9.760846495628356934e-01
9.921174645423889160e-01
9.854562878608703613e-01
9.369792938232421875e-01
9.740014672279357910e-01
2.574481070041656494e-01
5.685979127883911133e-01
9.544541835784912109e-01
7.982863783836364746e-01
9.963220357894897461e-01
9.900578856468200684e-01
9.634765982627868652e-01
6.553010344505310059e-01
6.071224808692932129e-01
9.957872033119201660e-01
6.204272508621215820e-01
5.932183265686035156e-01
9.973449110984802246e-01
7.197644114494323730e-01
9.616869688034057617e-01
9.454292058944702148e-01
7.286050915718078613e-01
9.429718852043151855e-01
5.949009656906127930e-01
7.545139789581298828e-01
9.503303766250610352e-01
8.555497527122497559e-01
8.086600303649902344e-01
9.894748926162719727e-01
8.399350643157958984e-01
9.986587762832641602e-01
8.767702579498291016e-01
7.919836044311523438e-01
8.347702026367187500e-01
9.517791271209716797e-01
9.998611211776733398e-01
9.138340353965759277e-01
8.139161467552185059e-01
9.690890312194824219e-01
9.989462494850158691e-01
6.889845132827758789e-01
9.952337145805358887e-01
3.327374458312988281e-01
6.246629953384399414e-01
7.559067010879516602e-01
9.996942281723022461e-01
1.380826383829116821e-01
9.988011121749877930e-01
8.555128574371337891e-01
9.329944252967834473e-01
9.990911483764648438e-01
3.169840574264526367e-01
8.858439922332763672e-01
2.799152135848999023e-01
9.999138116836547852e-01
6.734471917152404785e-01
6.084662675857543945e-01
5.582703351974487305e-01
5.598456263542175293e-01
9.610880613327026367e-01
9.969705343246459961e-01
9.774011373519897461e-01
9.888500571250915527e-01
6.614519357681274414e-01
9.729774594306945801e-01
9.806327223777770996e-01
8.582920432090759277e-01
9.617738723754882812e-01
9.972032308578491211e-01
7.787383198738098145e-01
9.933007955551147461e-01
6.092395186424255371e-01
6.515664458274841309e-01
5.001577734947204590e-01
9.805903434753417969e-01
9.146800041198730469e-01
8.523254841566085815e-02
5.620890259742736816e-01
6.916267871856689453e-01
9.743061065673828125e-01
9.560922384262084961e-01
9.928317070007324219e-01
8.666667342185974121e-01
9.994077682495117188e-01
9.754588007926940918e-01
9.905748963356018066e-01
5.904058218002319336e-01
9.475654363632202148e-01
9.064374566078186035e-01
9.713492393493652344e-01
4.468111693859100342e-01
5.300686135888099670e-02
9.542197585105895996e-01
9.937979578971862793e-01
9.230020642280578613e-01
5.781177878379821777e-01
6.343873739242553711e-01
8.537653088569641113e-01
8.140562772750854492e-01
9.890260100364685059e-01
4.007426798343658447e-01
9.901110529899597168e-01
9.731940627098083496e-01
9.859156608581542969e-01
9.875871539115905762e-01
8.637916445732116699e-01
9.882557392120361328e-01
8.541961908340454102e-01
8.579508662223815918e-01
1.113271787762641907e-01
8.667914867401123047e-01
8.500375151634216309e-01
9.966843724250793457e-01
9.764989018440246582e-01
2.384679168462753296e-01
9.945580959320068359e-01
8.650602102279663086e-01
9.166675209999084473e-01
9.012138843536376953e-01
9.630119204521179199e-01
9.597738981246948242e-01
8.451887369155883789e-01
8.021181821823120117e-01
9.091299176216125488e-01
9.293647408485412598e-01
8.562757968902587891e-01
9.737473130226135254e-01
9.203695654869079590e-01
9.588537812232971191e-01
5.869115591049194336e-01
9.768309593200683594e-01
9.543563127517700195e-01
9.163485169410705566e-01
9.504874944686889648e-01
9.852793216705322266e-01
9.081837534904479980e-01
8.883528113365173340e-01
9.592671394348144531e-01
5.241916179656982422e-01
9.919378161430358887e-01
9.736498594284057617e-01
9.350485801696777344e-01
9.932401180267333984e-01
8.284764885902404785e-01
9.126589298248291016e-01
9.782155156135559082e-01
9.028221368789672852e-01
9.657974839210510254e-01
9.102366566658020020e-01
1.303633451461791992e-01
9.738168120384216309e-01
9.086506962776184082e-01
6.035100221633911133e-01
9.501711726188659668e-01
9.008965492248535156e-01
8.492063283920288086e-01
5.947074890136718750e-01
8.855333924293518066e-01
8.515326380729675293e-01
9.518231749534606934e-01
9.098985791206359863e-01
8.960626721382141113e-01
9.897274374961853027e-01
9.133374691009521484e-01
9.676018953323364258e-01
9.887251257896423340e-01
8.730121850967407227e-01
9.350708127021789551e-01
9.433207511901855469e-01
7.609078288078308105e-01
7.984068989753723145e-01
8.507139682769775391e-01
8.815626502037048340e-01
9.006819725036621094e-01
9.673370718955993652e-01
9.972463846206665039e-01
9.772828221321105957e-01
9.677538871765136719e-01
8.398638367652893066e-01
9.373977184295654297e-01
9.173634648323059082e-01
9.572581052780151367e-01
9.441046714782714844e-01
8.328593969345092773e-01
9.435738921165466309e-01
9.333603382110595703e-01
9.817251563072204590e-01
9.453135132789611816e-01
8.478567004203796387e-01
9.969314336776733398e-01
6.656824350357055664e-01
8.858034014701843262e-01
8.512129187583923340e-01
9.540889859199523926e-01
9.350708127021789551e-01
9.321861267089843750e-01
9.863737821578979492e-01
3.957359194755554199e-01
8.032498359680175781e-01
7.888845801353454590e-01
6.986002922058105469e-01
9.630678296089172363e-01
8.116638660430908203e-01
5.297707915306091309e-01
9.903823733329772949e-01
7.232043743133544922e-01
9.895770549774169922e-01
4.968372583389282227e-01
7.510305047035217285e-01
9.361165761947631836e-01
9.270148873329162598e-01
7.017830610275268555e-01
7.099308967590332031e-01
9.816492199897766113e-01
8.894013166427612305e-01
8.747386336326599121e-01
9.217301607131958008e-01
9.337189793586730957e-01
8.245510458946228027e-01
9.131666421890258789e-01
6.051443815231323242e-01
7.297098040580749512e-01
8.842614293098449707e-01
9.645962119102478027e-01
6.205345988273620605e-01
7.633011341094970703e-01
8.991097807884216309e-01
8.531396985054016113e-01
8.299016952514648438e-01
8.565968275070190430e-01
9.517850279808044434e-01
4.750577509403228760e-01
6.895159482955932617e-01
8.642405867576599121e-01
9.490658640861511230e-01
6.541945934295654297e-01
8.117248415946960449e-01
7.673805356025695801e-01
6.684283614158630371e-01
6.156500577926635742e-01
5.936753749847412109e-01
8.821778297424316406e-01
8.189381361007690430e-01
9.297021627426147461e-01
8.287955522537231445e-01
8.904466032981872559e-01
7.456374168395996094e-01
9.253008365631103516e-01
9.890654087066650391e-01
8.007041215896606445e-01
8.707395195960998535e-01
9.539133310317993164e-01
8.316333293914794922e-01
9.242322444915771484e-01
5.398730039596557617e-01
9.840301275253295898e-01
6.728336215019226074e-01
8.181052207946777344e-01
5.870647430419921875e-01
8.692911267280578613e-01
6.505259871482849121e-01
8.683159947395324707e-01
6.020133495330810547e-01
4.609529376029968262e-01
9.798079133033752441e-01
8.586711287498474121e-01
7.982381582260131836e-01
9.098692536354064941e-01
6.134164333343505859e-01
5.549021363258361816e-01
7.916434407234191895e-01
4.689801633358001709e-01
9.065533876419067383e-01
9.773589372634887695e-01
9.980917572975158691e-01
9.991683959960937500e-01
9.899167418479919434e-01
9.873255491256713867e-01
9.705888032913208008e-01
9.614170789718627930e-01
6.185714602470397949e-01
9.668749570846557617e-01
9.823618531227111816e-01
9.838266968727111816e-01
9.904919266700744629e-01
6.698224544525146484e-01
8.783285617828369141e-01
9.859806299209594727e-01
9.040058851242065430e-01
8.700401782989501953e-01
8.909313082695007324e-01
9.805381894111633301e-01
9.997554421424865723e-01
9.903557300567626953e-01
9.778197407722473145e-01
9.714999794960021973e-01
9.639236330986022949e-01
6.804486513137817383e-01
9.889951944351196289e-01
4.597778618335723877e-02
9.627742767333984375e-01
9.910274147987365723e-01
9.798439741134643555e-01
9.389932751655578613e-01
9.159727692604064941e-01
9.882937669754028320e-01
9.301185607910156250e-01
9.975863695144653320e-01
7.799643874168395996e-01
8.514077663421630859e-01
9.590069055557250977e-01
8.545809984207153320e-01
9.882849454879760742e-01
8.987615704536437988e-01
8.274469971656799316e-01
9.987971782684326172e-01
9.975965619087219238e-01
9.331377744674682617e-01
9.517138004302978516e-01
8.746854662895202637e-01
9.761255383491516113e-01
9.902831315994262695e-01
9.842709898948669434e-01
9.811221361160278320e-01
8.752224445343017578e-01
8.949111700057983398e-01
9.210871458053588867e-01
9.475337266921997070e-01
9.943647384643554688e-01
9.690570235252380371e-01
9.190799593925476074e-01
9.053980708122253418e-01
9.791402816772460938e-01
9.286189675331115723e-01
9.829139113426208496e-01
9.702048897743225098e-01
9.968466162681579590e-01
9.116468429565429688e-01
9.999415874481201172e-01
9.995363950729370117e-01
9.991617202758789062e-01
7.552927136421203613e-01
8.598139286041259766e-01
8.524008393287658691e-01
9.743864536285400391e-01
7.824026942253112793e-01
3.224848769605159760e-03
1.512402854859828949e-02
1.683907955884933472e-02
1.621087081730365753e-02
2.527022920548915863e-02
5.859563946723937988e-01
3.685334324836730957e-01
3.764721564948558807e-03
2.456098562106490135e-03
4.717153310775756836e-02
6.237140391021966934e-03
8.443731069564819336e-02
1.909393817186355591e-02
4.671351909637451172e-01
1.201412291266024113e-03
5.595555063337087631e-03
8.194600939750671387e-01
1.575450645759701729e-03
3.974568098783493042e-03
1.739266444928944111e-03
4.258339758962392807e-03
9.742989204823970795e-03
7.622442394495010376e-02
3.822495788335800171e-02
2.466906560584902763e-03
2.870123647153377533e-02
1.614880375564098358e-02
3.189737675711512566e-03
3.032855223864316940e-03
3.297891002148389816e-03
1.517394930124282837e-02
2.037405036389827728e-03
2.293354868888854980e-01
6.117731332778930664e-03
2.264044247567653656e-03
2.620573388412594795e-03
1.099883578717708588e-03
1.212159404531121254e-03
6.114460411481559277e-04
1.399125996977090836e-02
5.278807133436203003e-03
4.801495000720024109e-02
1.240073470398783684e-03
8.614574559032917023e-03
8.147602202370762825e-04
1.984044909477233887e-01
4.503978125285357237e-04
6.511342525482177734e-02
5.437336117029190063e-02
7.544717788696289062e-01
1.785522513091564178e-02
1.399125996977090836e-02
6.879129912704229355e-03
1.931470930576324463e-01
5.335064139217138290e-03
1.317149773240089417e-02
1.296351896598935127e-03
1.750091165304183960e-01
1.319474726915359497e-02
1.697278209030628204e-02
5.065676756203174591e-03
4.486026708036661148e-03
2.712153131142258644e-03
4.357753787189722061e-03
3.647478763014078140e-03
5.311501398682594299e-02
2.286003530025482178e-02
3.650939092040061951e-03
1.854156702756881714e-02
1.519278273917734623e-03
1.062579452991485596e-02
1.284337043762207031e-02
1.208123750984668732e-02
2.754455490503460169e-04
1.921391673386096954e-02
1.801008544862270355e-02
3.030832856893539429e-02
1.678008586168289185e-01
3.227284923195838928e-02
1.529219448566436768e-01
8.772583678364753723e-03
1.883890666067600250e-02
4.749676585197448730e-02
1.742240041494369507e-02
4.528135433793067932e-02
8.151011541485786438e-03
4.881258308887481689e-02
2.975314669311046600e-02
1.828834414482116699e-02
1.886995136737823486e-02
1.284838933497667313e-02
5.539992079138755798e-02
1.883890666067600250e-02
2.817254327237606049e-02
2.856335602700710297e-02
5.986541509628295898e-02
8.141652680933475494e-03
2.856335602700710297e-02
3.926115036010742188e-01
4.841421544551849365e-01
1.370242517441511154e-02
4.749676585197448730e-02
1.403623446822166443e-02
3.260251879692077637e-02
1.097091287374496460e-02
1.472353469580411911e-02
4.095568507909774780e-02
4.623712226748466492e-02
4.220398887991905212e-02
2.975314669311046600e-02
1.109478529542684555e-02
4.366451408714056015e-03
1.109478529542684555e-02
2.442403584718704224e-01
1.609495095908641815e-02
9.421394765377044678e-02
1.742240041494369507e-02
7.260494679212570190e-02
5.271179229021072388e-02
3.472381830215454102e-02
3.727276250720024109e-02
2.856335602700710297e-02
1.609495095908641815e-02
2.295493893325328827e-02
4.225015640258789062e-02
2.135128900408744812e-02
1.384045369923114777e-02
4.225015640258789062e-02
1.097091287374496460e-02
9.421394765377044678e-02
4.366451408714056015e-03
1.002860907465219498e-02
1.885565556585788727e-02
6.281019002199172974e-02
6.868909299373626709e-02
1.935325004160404205e-02
2.247676812112331390e-02
5.271179229021072388e-02
2.106785587966442108e-02
4.749676585197448730e-02
7.938128896057605743e-03
5.514580756425857544e-02
3.548178821802139282e-02
4.220398887991905212e-02
2.036510594189167023e-02
7.087604701519012451e-02
7.488539814949035645e-02
1.892977580428123474e-02
5.520110949873924255e-03
4.528135433793067932e-02
1.358896642923355103e-01
1.849150359630584717e-01
3.674795478582382202e-02
7.728568464517593384e-02
9.952137619256973267e-02
7.163661718368530273e-02
7.728568464517593384e-02
4.206599891185760498e-01
4.639836847782135010e-01
1.485427469015121460e-01
1.443917155265808105e-01
2.357431203126907349e-01
1.621443629264831543e-01
2.091310620307922363e-01
2.704612314701080322e-01
1.025163903832435608e-01
7.999134808778762817e-02
4.974559843540191650e-01
9.600295126438140869e-02
6.643386930227279663e-02
4.642765596508979797e-02
1.727610081434249878e-02
1.068392768502235413e-01
1.395102739334106445e-01
4.622703045606613159e-02
1.054779812693595886e-01
2.599063329398632050e-02
1.234692558646202087e-01
8.704435080289840698e-02
2.762016355991363525e-01
3.261255100369453430e-02
5.480255559086799622e-02
9.311655908823013306e-02
6.016536056995391846e-02
3.595676422119140625e-01
5.786636844277381897e-02
9.523970633745193481e-02
1.145311519503593445e-01
1.448001563549041748e-01
1.789562590420246124e-02
2.449548803269863129e-02
2.033385075628757477e-02
1.022726371884346008e-01
6.791414227336645126e-03
4.313030838966369629e-01
4.066036641597747803e-02
1.365749984979629517e-01
1.518964469432830811e-01
4.743402451276779175e-02
2.735009789466857910e-01
2.298165671527385712e-02
5.480055883526802063e-02
6.417790055274963379e-02
1.444185674190521240e-01
3.899211436510086060e-02
1.673800647258758545e-01
5.832268670201301575e-02
2.236652672290802002e-01
2.663763761520385742e-01
1.337072998285293579e-01
6.012052297592163086e-02
1.113861892372369766e-02
1.187885254621505737e-01
1.102508157491683960e-01
1.209394633769989014e-01
7.395137101411819458e-02
7.943286560475826263e-03
1.420315951108932495e-01
1.276708841323852539e-01
1.301795542240142822e-01
9.968528896570205688e-02
2.595057524740695953e-02
1.585640162229537964e-01
1.403870731592178345e-01
5.081474035978317261e-02
5.018573999404907227e-02
1.380107402801513672e-01
8.354504406452178955e-02
1.317330747842788696e-01
1.512732952833175659e-01
1.296588182449340820e-01
5.309518799185752869e-02
2.670005261898040771e-01
1.643287092447280884e-01
1.653558164834976196e-01
4.023451209068298340e-01
5.501316860318183899e-02
8.200814574956893921e-02
4.830469191074371338e-01
3.401770815253257751e-02
2.678958326578140259e-02
2.156480774283409119e-02
1.262493152171373367e-02
7.208723109215497971e-03
3.436385467648506165e-02
7.991463877260684967e-03
9.123235940933227539e-03
2.296268194913864136e-02
2.071535214781761169e-02
1.656175591051578522e-02
1.081522461026906967e-02
5.752454977482557297e-03
1.692809723317623138e-02
7.016626000404357910e-02
4.845565557479858398e-02
7.072506099939346313e-02
7.441777735948562622e-02
7.839605957269668579e-02
3.260433673858642578e-02
8.718052878975868225e-03
3.448638021945953369e-01
1.856644637882709503e-02
1.408904604613780975e-02
4.928905889391899109e-02
2.442876398563385010e-01
2.557557262480258942e-02
7.019678354263305664e-01
1.048436760902404785e-01
1.968895830214023590e-02
2.194888889789581299e-02
7.085352670401334763e-03
1.779795251786708832e-02
2.897469559684395790e-03
2.179096266627311707e-02
3.671112004667520523e-03
1.810813508927822113e-02
8.088180795311927795e-03
8.563595823943614960e-03
1.209797523915767670e-02
1.144850999116897583e-02
1.618074625730514526e-02
1.544587220996618271e-02
9.204920497722923756e-04
2.698027528822422028e-02
1.251775771379470825e-03
1.191888302564620972e-01
5.498239025473594666e-02
5.329637974500656128e-02
4.676077365875244141e-01
5.916857346892356873e-02
1.383998394012451172e-01
2.244239002466201782e-01
1.453139260411262512e-02
9.553834795951843262e-03
2.420219033956527710e-01
1.654831878840923309e-02
5.209721624851226807e-02
1.854798384010791779e-02
7.837709970772266388e-03
4.309589974582195282e-03
4.744651168584823608e-02
7.071186900138854980e-01
7.439543958753347397e-03
2.980679273605346680e-02
4.682844504714012146e-03
1.070607919245958328e-02
5.079982280731201172e-01
3.245110437273979187e-02
6.514130532741546631e-02
4.272897541522979736e-02
2.359666861593723297e-02
1.544975675642490387e-03
2.933768741786479950e-02
4.339432343840599060e-02
1.531984508037567139e-01
8.653036504983901978e-02
7.972755283117294312e-02
1.593386009335517883e-02
3.109142184257507324e-02
4.012845084071159363e-02
1.750644179992377758e-03
1.181309893727302551e-01
6.054757535457611084e-02
3.777780756354331970e-02
2.935255877673625946e-02
6.852187514305114746e-01
4.849432501941919327e-03
9.739447385072708130e-03
5.614999681711196899e-03
3.464598208665847778e-02
5.049442499876022339e-02
2.330882474780082703e-02
2.476410195231437683e-02
7.132519502192735672e-03
1.235049888491630554e-01
1.753635145723819733e-02
1.504120081663131714e-01
3.424552455544471741e-02
8.143519610166549683e-02
8.029936254024505615e-02
5.856133624911308289e-02
2.655178867280483246e-02
5.280131846666336060e-02
1.075106021016836166e-02
6.228888873010873795e-03
8.515304327011108398e-02
8.242572098970413208e-02
2.780158445239067078e-02
3.257837519049644470e-02
3.603094071149826050e-02
1.078143119812011719e-01
1.841182936914265156e-03
2.986857295036315918e-01
2.834285236895084381e-02
1.915336959064006805e-02
4.490642994642257690e-02
1.422034017741680145e-02
3.076260164380073547e-02
1.596057116985321045e-01
2.345196604728698730e-01
3.499586880207061768e-02
5.592293739318847656e-01
9.991237521171569824e-02
2.078919857740402222e-01
2.606706880033016205e-02
1.012716889381408691e-01
3.266019225120544434e-01
7.378311455249786377e-02
3.951673507690429688e-01
1.061548516154289246e-01
1.102594938129186630e-02
1.741567552089691162e-01
1.574390679597854614e-01
1.767017394304275513e-01
6.403002142906188965e-02
4.468211233615875244e-01
2.738386988639831543e-01
2.900104820728302002e-01
8.664657361805438995e-03
5.879007279872894287e-02
4.328285157680511475e-01
6.551969051361083984e-01
6.344057619571685791e-02
4.837507605552673340e-01
1.347645744681358337e-02
5.322949886322021484e-01
6.436517834663391113e-02
2.680129408836364746e-01
5.275443196296691895e-02
2.429943680763244629e-01
2.029055655002593994e-01
3.594958782196044922e-01
3.801512718200683594e-02
3.603974357247352600e-02
7.903179526329040527e-02
1.062967404723167419e-01
2.689667046070098877e-01
1.170683726668357849e-01
5.457100272178649902e-01
3.068232834339141846e-01
4.811010137200355530e-02
1.668392717838287354e-01
3.653620779514312744e-01
3.872633874416351318e-01
3.231152892112731934e-01
1.857802420854568481e-01
2.273928560316562653e-02
2.761729359626770020e-01
1.538679599761962891e-01
4.665534198284149170e-02
2.863742113113403320e-01
6.363901495933532715e-02
6.223483011126518250e-02
2.389891147613525391e-01
7.161058485507965088e-02
4.935284610837697983e-03
1.153493649326264858e-03
3.876759205013513565e-03
1.359612867236137390e-02
3.586945310235023499e-02
1.403906568884849548e-02
3.517753258347511292e-02
6.730651017278432846e-03
4.576971754431724548e-03
1.951939193531870842e-03
1.349962549284100533e-03
1.143364608287811279e-02
6.550758145749568939e-03
2.261892519891262054e-02
7.735905819572508335e-04
1.603892305865883827e-03
5.540549382567405701e-02
6.930921971797943115e-02
1.656778273172676563e-03
1.206838153302669525e-02
7.229634211398661137e-04
3.167760092765092850e-03
4.347801208496093750e-03
4.070474505424499512e-01
2.459318202454596758e-04
2.902390956878662109e-01
8.586224913597106934e-01
3.172253444790840149e-02
5.649296566843986511e-03
1.409423910081386566e-02
1.173097733408212662e-02
1.649199612438678741e-02
1.015213900245726109e-03
6.354133784770965576e-02
8.649138361215591431e-02
1.772131957113742828e-02
7.294520270079374313e-03
5.038844347000122070e-01
1.466063689440488815e-02
1.170757133513689041e-02
1.048947218805551529e-02
1.794181205332279205e-02
5.596160516142845154e-02
7.021871278993785381e-04
1.216233056038618088e-02
5.372461397200822830e-03
1.405068114399909973e-02
2.159356838092207909e-03
1.777910813689231873e-02
3.638397157192230225e-02
3.702636063098907471e-02
7.437300868332386017e-03
3.744404017925262451e-01
3.354806005954742432e-01
1.600926974788308144e-03
5.692988168448209763e-03
6.934515386819839478e-02
5.066834092140197754e-01
3.833608701825141907e-03
9.655104018747806549e-03
1.996859064092859626e-04
1.813613809645175934e-02
1.199148013256490231e-03
1.800221018493175507e-02
1.805058121681213379e-02
8.310393430292606354e-03
1.116813644766807556e-01
2.070456556975841522e-02
7.114921230822801590e-03
3.957771360874176025e-01
8.649438619613647461e-03
2.061429806053638458e-02
1.842332072556018829e-02
1.502940896898508072e-02
9.446591138839721680e-04
