9.768950939178466797e-01
3.135861158370971680e-01
7.805006504058837891e-01
4.206307232379913330e-01
4.206307232379913330e-01
7.565156817436218262e-01
4.206307232379913330e-01
4.206307232379913330e-01
4.206307232379913330e-01
9.464177489280700684e-01
6.971228122711181641e-01
4.206307232379913330e-01
9.433800578117370605e-01
9.452162384986877441e-01
4.206307232379913330e-01
4.206307232379913330e-01
9.667249917984008789e-01
9.262890815734863281e-01
4.206307232379913330e-01
8.824915289878845215e-01
4.206307232379913330e-01
8.591446280479431152e-01
4.206307232379913330e-01
9.769667983055114746e-01
4.206307232379913330e-01
8.204604387283325195e-01
9.626941680908203125e-01
9.363771677017211914e-01
9.547137022018432617e-01
4.206307232379913330e-01
9.118492007255554199e-01
4.206307232379913330e-01
9.361631870269775391e-01
9.391229748725891113e-01
9.315158724784851074e-01
4.210480749607086182e-01
3.691734373569488525e-01
9.778015017509460449e-01
4.206307232379913330e-01
2.883374691009521484e-01
4.206307232379913330e-01
4.206307232379913330e-01
9.289172887802124023e-01
4.206307232379913330e-01
4.206307232379913330e-01
4.206307232379913330e-01
4.206307232379913330e-01
4.206307232379913330e-01
9.828532338142395020e-01
4.206307232379913330e-01
4.301470816135406494e-01
4.206307232379913330e-01
4.206307232379913330e-01
9.582064747810363770e-01
4.206307232379913330e-01
4.206307232379913330e-01
9.732628464698791504e-01
4.206307232379913330e-01
4.206307232379913330e-01
9.541230797767639160e-01
8.973126411437988281e-01
9.001289010047912598e-01
9.141799807548522949e-01
4.206307232379913330e-01
8.926328420639038086e-01
4.206307232379913330e-01
4.206307232379913330e-01
9.288578629493713379e-01
4.206307232379913330e-01
4.206307232379913330e-01
9.743837714195251465e-01
9.679828286170959473e-01
4.206307232379913330e-01
4.206307232379913330e-01
8.756576776504516602e-01
4.206307232379913330e-01
4.206307232379913330e-01
4.206307232379913330e-01
4.820064008235931396e-01
4.206307232379913330e-01
4.206307232379913330e-01
9.653660058975219727e-01
4.206307232379913330e-01
4.206307232379913330e-01
4.206307232379913330e-01
4.206307232379913330e-01
9.735898375511169434e-01
4.206307232379913330e-01
9.679443240165710449e-01
4.206307232379913330e-01
9.469553828239440918e-01
6.442615985870361328e-01
4.206307232379913330e-01
8.747257590293884277e-01
9.349474310874938965e-01
9.630991220474243164e-01
9.053825139999389648e-01
9.753978848457336426e-01
4.206307232379913330e-01
4.206307232379913330e-01
4.206307232379913330e-01
9.339160919189453125e-01
4.206307232379913330e-01
4.206307232379913330e-01
9.275445342063903809e-01
7.962856292724609375e-01
9.865433573722839355e-01
4.206307232379913330e-01
4.206307232379913330e-01
4.206307232379913330e-01
9.817054271697998047e-01
4.206307232379913330e-01
4.206307232379913330e-01
4.206307232379913330e-01
9.690166711807250977e-01
4.206307232379913330e-01
4.206307232379913330e-01
9.275961518287658691e-01
9.420733451843261719e-01
9.864523410797119141e-01
9.437421560287475586e-01
9.468182325363159180e-01
9.342427849769592285e-01
4.206307232379913330e-01
9.245147109031677246e-01
4.206307232379913330e-01
4.501596391201019287e-01
4.206307232379913330e-01
8.928050398826599121e-01
9.853143692016601562e-01
9.858027696609497070e-01
9.151864051818847656e-01
8.230924606323242188e-01
4.206307232379913330e-01
9.338144063949584961e-01
4.206307232379913330e-01
9.857552647590637207e-01
6.558802723884582520e-01
5.910671949386596680e-01
9.070817828178405762e-01
4.206307232379913330e-01
9.890538454055786133e-01
9.151526093482971191e-01
4.206307232379913330e-01
9.588655233383178711e-01
4.206307232379913330e-01
4.206307232379913330e-01
4.206307232379913330e-01
9.724869132041931152e-01
9.175241589546203613e-01
8.780600428581237793e-01
4.206307232379913330e-01
9.176039695739746094e-01
4.206307232379913330e-01
9.489756822586059570e-01
9.293735027313232422e-01
8.735740184783935547e-01
8.962451219558715820e-01
9.333974123001098633e-01
4.206307232379913330e-01
4.206307232379913330e-01
4.206307232379913330e-01
4.206307232379913330e-01
9.586534500122070312e-01
9.787568449974060059e-01
9.641113877296447754e-01
4.206307232379913330e-01
4.206307232379913330e-01
9.478855729103088379e-01
4.206307232379913330e-01
4.206307232379913330e-01
9.689095020294189453e-01
4.206307232379913330e-01
9.466567039489746094e-01
9.654311537742614746e-01
4.206307232379913330e-01
9.739164113998413086e-01
4.206307232379913330e-01
4.206307232379913330e-01
9.068388938903808594e-01
4.206307232379913330e-01
4.206307232379913330e-01
9.282331466674804688e-01
4.206307232379913330e-01
9.410650730133056641e-01
9.338462352752685547e-01
4.206307232379913330e-01
4.206307232379913330e-01
5.801860094070434570e-01
9.876177906990051270e-01
4.206307232379913330e-01
4.206307232379913330e-01
9.089634418487548828e-01
9.181852340698242188e-01
4.206307232379913330e-01
9.028975367546081543e-01
4.206307232379913330e-01
4.206307232379913330e-01
4.206307232379913330e-01
9.205545783042907715e-01
4.206307232379913330e-01
9.667134881019592285e-01
4.206307232379913330e-01
9.884973764419555664e-01
9.651601910591125488e-01
4.206307232379913330e-01
4.206307232379913330e-01
4.206307232379913330e-01
9.509710669517517090e-01
4.206307232379913330e-01
4.206307232379913330e-01
4.206307232379913330e-01
4.206307232379913330e-01
9.751760959625244141e-01
9.726231098175048828e-01
9.625210762023925781e-01
8.627039790153503418e-01
4.206307232379913330e-01
9.233591556549072266e-01
9.189714193344116211e-01
9.680266380310058594e-01
9.054731130599975586e-01
3.748778998851776123e-01
4.206307232379913330e-01
9.190716743469238281e-01
4.206307232379913330e-01
4.206307232379913330e-01
4.206307232379913330e-01
9.949888586997985840e-01
8.978340625762939453e-01
4.206307232379913330e-01
4.206307232379913330e-01
4.206307232379913330e-01
8.911399841308593750e-01
9.051610231399536133e-01
4.005597829818725586e-01
4.206307232379913330e-01
9.614953994750976562e-01
7.320192456245422363e-01
9.526435136795043945e-01
4.206307232379913330e-01
9.533090591430664062e-01
4.206307232379913330e-01
8.710370063781738281e-01
4.206307232379913330e-01
4.206307232379913330e-01
4.206307232379913330e-01
5.486773252487182617e-01
4.206307232379913330e-01
4.206307232379913330e-01
4.206307232379913330e-01
4.206307232379913330e-01
4.206307232379913330e-01
8.333114385604858398e-01
4.206307232379913330e-01
9.494603872299194336e-01
9.039978981018066406e-01
5.874893665313720703e-01
9.927292466163635254e-01
4.206307232379913330e-01
9.296723008155822754e-01
4.206307232379913330e-01
4.206307232379913330e-01
4.206307232379913330e-01
9.357691407203674316e-01
4.206307232379913330e-01
9.573259353637695312e-01
4.411926567554473877e-01
4.206307232379913330e-01
8.896371126174926758e-01
4.206307232379913330e-01
9.037578701972961426e-01
9.578228592872619629e-01
8.918703794479370117e-01
8.847291469573974609e-01
4.206307232379913330e-01
4.206307232379913330e-01
4.206307232379913330e-01
4.206307232379913330e-01
4.206307232379913330e-01
4.999714493751525879e-01
4.206307232379913330e-01
4.206307232379913330e-01
4.206307232379913330e-01
9.074152708053588867e-01
8.929898142814636230e-01
4.206307232379913330e-01
9.037578701972961426e-01
9.512248039245605469e-01
4.206307232379913330e-01
4.206307232379913330e-01
4.206307232379913330e-01
4.206307232379913330e-01
9.749787449836730957e-01
8.730933666229248047e-01
4.206307232379913330e-01
8.104109764099121094e-01
4.206307232379913330e-01
4.206307232379913330e-01
9.220007658004760742e-01
4.206307232379913330e-01
9.828670620918273926e-01
4.206307232379913330e-01
4.206307232379913330e-01
9.144014120101928711e-01
9.433671236038208008e-01
4.206307232379913330e-01
8.909348845481872559e-01
9.635412096977233887e-01
4.206307232379913330e-01
4.206307232379913330e-01
4.206307232379913330e-01
9.245970249176025391e-01
8.676697611808776855e-01
4.206307232379913330e-01
4.206307232379913330e-01
9.412777423858642578e-01
4.206307232379913330e-01
7.131342887878417969e-01
9.470741748809814453e-01
4.206307232379913330e-01
4.206307232379913330e-01
9.478889703750610352e-01
4.206307232379913330e-01
4.206307232379913330e-01
4.206307232379913330e-01
4.206307232379913330e-01
4.206307232379913330e-01
4.206307232379913330e-01
9.469423294067382812e-01
3.517839610576629639e-01
4.317070245742797852e-01
4.206307232379913330e-01
4.206307232379913330e-01
4.206307232379913330e-01
4.206307232379913330e-01
4.206307232379913330e-01
4.206307232379913330e-01
4.206307232379913330e-01
4.206307232379913330e-01
9.124511480331420898e-01
8.924338817596435547e-01
4.206307232379913330e-01
8.792774677276611328e-01
4.206307232379913330e-01
4.206307232379913330e-01
4.206307232379913330e-01
4.206307232379913330e-01
4.206307232379913330e-01
4.480186402797698975e-01
8.938599228858947754e-01
4.206307232379913330e-01
4.206307232379913330e-01
4.206307232379913330e-01
4.206307232379913330e-01
9.258419871330261230e-01
4.206307232379913330e-01
4.206307232379913330e-01
9.466621279716491699e-01
4.206307232379913330e-01
9.240685105323791504e-01
4.206307232379913330e-01
4.206307232379913330e-01
9.657642245292663574e-01
4.206307232379913330e-01
4.206307232379913330e-01
4.206307232379913330e-01
9.638705849647521973e-01
4.206307232379913330e-01
4.206307232379913330e-01
9.693770408630371094e-01
9.254366755485534668e-01
4.206307232379913330e-01
4.206307232379913330e-01
4.206307232379913330e-01
4.206307232379913330e-01
9.109969139099121094e-01
7.772063612937927246e-01
4.206307232379913330e-01
4.206307232379913330e-01
4.206307232379913330e-01
4.206307232379913330e-01
4.206307232379913330e-01
4.206307232379913330e-01
8.843826055526733398e-01
4.206307232379913330e-01
4.206307232379913330e-01
4.206307232379913330e-01
4.206307232379913330e-01
4.206307232379913330e-01
4.206307232379913330e-01
4.206307232379913330e-01
4.206307232379913330e-01
4.206307232379913330e-01
4.206307232379913330e-01
4.206307232379913330e-01
4.206307232379913330e-01
9.285755753517150879e-01
4.206307232379913330e-01
4.206307232379913330e-01
4.206307232379913330e-01
9.428201317787170410e-01
9.555632472038269043e-01
4.206307232379913330e-01
4.206307232379913330e-01
9.415269494056701660e-01
4.206307232379913330e-01
4.206307232379913330e-01
4.206307232379913330e-01
9.436160326004028320e-01
4.206307232379913330e-01
4.206307232379913330e-01
4.206307232379913330e-01
4.206307232379913330e-01
4.206307232379913330e-01
4.206307232379913330e-01
4.206307232379913330e-01
4.206307232379913330e-01
9.537190794944763184e-01
4.206307232379913330e-01
4.206307232379913330e-01
4.206307232379913330e-01
4.206307232379913330e-01
4.206307232379913330e-01
4.206307232379913330e-01
4.206307232379913330e-01
4.206307232379913330e-01
9.297891855239868164e-01
9.616165161132812500e-01
9.562257528305053711e-01
8.819708228111267090e-01
8.745414614677429199e-01
6.776579022407531738e-01
4.206307232379913330e-01
4.206307232379913330e-01
4.206307232379913330e-01
8.873454332351684570e-01
4.368103444576263428e-01
9.341286420822143555e-01
4.206307232379913330e-01
4.206307232379913330e-01
4.843887686729431152e-01
4.206307232379913330e-01
4.206307232379913330e-01
4.206307232379913330e-01
8.567801713943481445e-01
9.459577798843383789e-01
4.580668807029724121e-01
8.826736211776733398e-01
4.206307232379913330e-01
4.206307232379913330e-01
4.206307232379913330e-01
9.169355630874633789e-01
4.206307232379913330e-01
4.206307232379913330e-01
9.465513825416564941e-01
9.397065639495849609e-01
4.206307232379913330e-01
4.206307232379913330e-01
8.555994033813476562e-01
4.206307232379913330e-01
9.226872324943542480e-01
4.206307232379913330e-01
4.206307232379913330e-01
4.206307232379913330e-01
4.206307232379913330e-01
8.800528049468994141e-01
4.206307232379913330e-01
4.206307232379913330e-01
8.922948241233825684e-01
9.491210579872131348e-01
4.206307232379913330e-01
4.206307232379913330e-01
4.206307232379913330e-01
3.602988123893737793e-01
4.206307232379913330e-01
8.999786972999572754e-01
9.561802744865417480e-01
4.206307232379913330e-01
4.206307232379913330e-01
4.206307232379913330e-01
4.206307232379913330e-01
8.492035269737243652e-01
4.206307232379913330e-01
4.206307232379913330e-01
4.206307232379913330e-01
8.915137052536010742e-01
4.206307232379913330e-01
8.725543022155761719e-01
9.569588899612426758e-01
8.765255212783813477e-01
4.206307232379913330e-01
4.299001097679138184e-01
9.498452544212341309e-01
9.569608569145202637e-01
4.206307232379913330e-01
4.145742356777191162e-01
4.206307232379913330e-01
4.206307232379913330e-01
4.206307232379913330e-01
3.135861158370971680e-01
9.556122869253158569e-02
4.206307232379913330e-01
4.206307232379913330e-01
6.044448912143707275e-02
4.206307232379913330e-01
4.206307232379913330e-01
7.196253538131713867e-02
2.688421905040740967e-01
1.113281697034835815e-01
4.206307232379913330e-01
4.206307232379913330e-01
4.206307232379913330e-01
4.206307232379913330e-01
4.206307232379913330e-01
4.206307232379913330e-01
2.488500922918319702e-01
4.206307232379913330e-01
4.206307232379913330e-01
4.206307232379913330e-01
4.206307232379913330e-01
5.814581364393234253e-02
4.206307232379913330e-01
4.206307232379913330e-01
5.100207403302192688e-02
4.206307232379913330e-01
4.210480749607086182e-01
1.876032948493957520e-01
4.206307232379913330e-01
4.206307232379913330e-01
2.883374691009521484e-01
4.206307232379913330e-01
4.206307232379913330e-01
5.402535572648048401e-02
4.206307232379913330e-01
4.206307232379913330e-01
5.701993033289909363e-02
4.206307232379913330e-01
4.206307232379913330e-01
4.301470816135406494e-01
4.206307232379913330e-01
4.206307232379913330e-01
4.206307232379913330e-01
4.206307232379913330e-01
2.061726599931716919e-01
4.206307232379913330e-01
4.206307232379913330e-01
2.679828703403472900e-01
9.001289010047912598e-01
4.206307232379913330e-01
4.206307232379913330e-01
4.206307232379913330e-01
1.779946237802505493e-01
1.311413347721099854e-01
4.206307232379913330e-01
4.206307232379913330e-01
4.206307232379913330e-01
1.523059606552124023e-01
4.206307232379913330e-01
4.206307232379913330e-01
6.776263564825057983e-02
4.206307232379913330e-01
4.206307232379913330e-01
4.206307232379913330e-01
4.820064008235931396e-01
4.206307232379913330e-01
4.206307232379913330e-01
4.206307232379913330e-01
4.206307232379913330e-01
4.206307232379913330e-01
4.206307232379913330e-01
4.206307232379913330e-01
4.206307232379913330e-01
6.442615985870361328e-01
4.206307232379913330e-01
4.206307232379913330e-01
4.206307232379913330e-01
4.206307232379913330e-01
4.206307232379913330e-01
4.206307232379913330e-01
4.206307232379913330e-01
4.206307232379913330e-01
4.206307232379913330e-01
4.206307232379913330e-01
4.206307232379913330e-01
4.206307232379913330e-01
4.206307232379913330e-01
4.206307232379913330e-01
4.206307232379913330e-01
4.206307232379913330e-01
4.206307232379913330e-01
4.206307232379913330e-01
4.206307232379913330e-01
4.206307232379913330e-01
2.168189734220504761e-01
4.206307232379913330e-01
4.206307232379913330e-01
4.206307232379913330e-01
4.206307232379913330e-01
4.501596391201019287e-01
4.206307232379913330e-01
4.206307232379913330e-01
9.853143692016601562e-01
4.206307232379913330e-01
1.605112254619598389e-01
4.206307232379913330e-01
2.661434113979339600e-01
4.206307232379913330e-01
4.206307232379913330e-01
6.558802723884582520e-01
5.910671949386596680e-01
1.862949132919311523e-01
4.206307232379913330e-01
9.151526093482971191e-01
4.206307232379913330e-01
4.206307232379913330e-01
4.206307232379913330e-01
4.206307232379913330e-01
4.206307232379913330e-01
4.206307232379913330e-01
4.206307232379913330e-01
4.206307232379913330e-01
4.206307232379913330e-01
4.206307232379913330e-01
4.206307232379913330e-01
4.206307232379913330e-01
4.206307232379913330e-01
4.206307232379913330e-01
4.206307232379913330e-01
4.206307232379913330e-01
4.206307232379913330e-01
4.206307232379913330e-01
4.206307232379913330e-01
4.206307232379913330e-01
4.206307232379913330e-01
4.206307232379913330e-01
4.206307232379913330e-01
8.996023982763290405e-02
4.206307232379913330e-01
4.206307232379913330e-01
1.010717675089836121e-01
4.206307232379913330e-01
3.682862967252731323e-02
4.206307232379913330e-01
7.476972788572311401e-02
4.206307232379913330e-01
2.553882636129856110e-02
4.671201482415199280e-02
3.563661500811576843e-02
5.476268008351325989e-02
3.191817924380302429e-02
1.262658685445785522e-01
2.353967726230621338e-02
4.206307232379913330e-01
7.780502736568450928e-02
4.206307232379913330e-01
4.519588500261306763e-02
4.206307232379913330e-01
4.206307232379913330e-01
5.263493955135345459e-02
4.206307232379913330e-01
4.206307232379913330e-01
4.206307232379913330e-01
4.206307232379913330e-01
4.206307232379913330e-01
4.206307232379913330e-01
3.910738974809646606e-02
4.206307232379913330e-01
4.206307232379913330e-01
4.206307232379913330e-01
4.206307232379913330e-01
1.729081422090530396e-01
4.573441669344902039e-02
4.936400055885314941e-02
6.974727660417556763e-02
4.206307232379913330e-01
1.236474663019180298e-01
4.206307232379913330e-01
8.769579976797103882e-02
4.206307232379913330e-01
4.206307232379913330e-01
4.206307232379913330e-01
4.206307232379913330e-01
2.650803513824939728e-02
6.058725062757730484e-03
4.206307232379913330e-01
4.206307232379913330e-01
5.359613522887229919e-02
4.206307232379913330e-01
4.206307232379913330e-01
4.206307232379913330e-01
4.162376374006271362e-02
6.928736716508865356e-02
4.206307232379913330e-01
5.240713432431221008e-02
1.081691533327102661e-01
4.206307232379913330e-01
1.026245392858982086e-02
4.206307232379913330e-01
8.118264377117156982e-02
4.206307232379913330e-01
4.206307232379913330e-01
8.404377102851867676e-02
1.555988937616348267e-01
4.206307232379913330e-01
4.206307232379913330e-01
4.206307232379913330e-01
4.206307232379913330e-01
4.206307232379913330e-01
4.206307232379913330e-01
4.206307232379913330e-01
4.206307232379913330e-01
4.206307232379913330e-01
4.206307232379913330e-01
4.206307232379913330e-01
4.206307232379913330e-01
4.206307232379913330e-01
4.206307232379913330e-01
4.206307232379913330e-01
4.206307232379913330e-01
4.206307232379913330e-01
4.206307232379913330e-01
4.206307232379913330e-01
4.206307232379913330e-01
4.206307232379913330e-01
4.206307232379913330e-01
4.206307232379913330e-01
4.206307232379913330e-01
4.206307232379913330e-01
4.206307232379913330e-01
4.206307232379913330e-01
4.206307232379913330e-01
4.206307232379913330e-01
4.206307232379913330e-01
4.206307232379913330e-01
4.206307232379913330e-01
4.206307232379913330e-01
4.206307232379913330e-01
4.206307232379913330e-01
1.703318804502487183e-01
4.206307232379913330e-01
6.668627262115478516e-02
4.206307232379913330e-01
1.137673668563365936e-02
6.629255414009094238e-02
4.206307232379913330e-01
4.206307232379913330e-01
4.206307232379913330e-01
4.206307232379913330e-01
4.206307232379913330e-01
4.206307232379913330e-01
4.206307232379913330e-01
4.206307232379913330e-01
4.206307232379913330e-01
4.206307232379913330e-01
4.206307232379913330e-01
4.206307232379913330e-01
4.206307232379913330e-01
4.206307232379913330e-01
4.206307232379913330e-01
4.206307232379913330e-01
4.206307232379913330e-01
4.206307232379913330e-01
4.206307232379913330e-01
4.206307232379913330e-01
4.206307232379913330e-01
4.206307232379913330e-01
1.158934235572814941e-01
4.206307232379913330e-01
4.206307232379913330e-01
4.206307232379913330e-01
4.206307232379913330e-01
4.206307232379913330e-01
4.206307232379913330e-01
4.206307232379913330e-01
4.206307232379913330e-01
4.206307232379913330e-01
4.206307232379913330e-01
5.801860094070434570e-01
4.206307232379913330e-01
4.206307232379913330e-01
4.206307232379913330e-01
4.206307232379913330e-01
6.810589879751205444e-02
4.206307232379913330e-01
4.206307232379913330e-01
4.206307232379913330e-01
4.206307232379913330e-01
3.623888790607452393e-01
4.206307232379913330e-01
4.206307232379913330e-01
4.206307232379913330e-01
2.163856178522109985e-01
4.206307232379913330e-01
4.206307232379913330e-01
4.206307232379913330e-01
4.206307232379913330e-01
4.206307232379913330e-01
4.206307232379913330e-01
4.206307232379913330e-01
4.206307232379913330e-01
4.206307232379913330e-01
4.206307232379913330e-01
4.206307232379913330e-01
4.206307232379913330e-01
1.449060291051864624e-01
2.093115448951721191e-01
4.206307232379913330e-01
3.748778998851776123e-01
4.206307232379913330e-01
4.206307232379913330e-01
4.206307232379913330e-01
4.206307232379913330e-01
4.206307232379913330e-01
4.206307232379913330e-01
4.206307232379913330e-01
4.206307232379913330e-01
4.206307232379913330e-01
4.206307232379913330e-01
4.206307232379913330e-01
4.005597829818725586e-01
4.206307232379913330e-01
4.206307232379913330e-01
7.320192456245422363e-01
4.206307232379913330e-01
4.206307232379913330e-01
1.601672321557998657e-01
4.206307232379913330e-01
4.206307232379913330e-01
4.206307232379913330e-01
5.486773252487182617e-01
4.206307232379913330e-01
4.206307232379913330e-01
4.206307232379913330e-01
4.206307232379913330e-01
4.206307232379913330e-01
4.206307232379913330e-01
5.874893665313720703e-01
4.206307232379913330e-01
4.206307232379913330e-01
4.206307232379913330e-01
4.206307232379913330e-01
4.206307232379913330e-01
4.206307232379913330e-01
4.206307232379913330e-01
4.206307232379913330e-01
4.411926567554473877e-01
4.206307232379913330e-01
4.206307232379913330e-01
4.206307232379913330e-01
4.206307232379913330e-01
6.022589653730392456e-02
4.206307232379913330e-01
4.206307232379913330e-01
4.206307232379913330e-01
4.206307232379913330e-01
4.206307232379913330e-01
4.206307232379913330e-01
4.999714493751525879e-01
4.206307232379913330e-01
4.206307232379913330e-01
4.206307232379913330e-01
4.206307232379913330e-01
1.185914352536201477e-01
4.206307232379913330e-01
4.206307232379913330e-01
4.206307232379913330e-01
4.206307232379913330e-01
2.913084998726844788e-02
4.206307232379913330e-01
4.206307232379913330e-01
4.206307232379913330e-01
4.206307232379913330e-01
4.206307232379913330e-01
4.206307232379913330e-01
4.206307232379913330e-01
4.206307232379913330e-01
4.206307232379913330e-01
4.206307232379913330e-01
4.206307232379913330e-01
4.206307232379913330e-01
4.206307232379913330e-01
4.206307232379913330e-01
4.206307232379913330e-01
4.206307232379913330e-01
4.206307232379913330e-01
4.206307232379913330e-01
4.206307232379913330e-01
4.206307232379913330e-01
4.206307232379913330e-01
4.206307232379913330e-01
4.206307232379913330e-01
4.206307232379913330e-01
3.517839610576629639e-01
4.317070245742797852e-01
4.206307232379913330e-01
4.206307232379913330e-01
4.206307232379913330e-01
4.206307232379913330e-01
4.206307232379913330e-01
4.206307232379913330e-01
4.206307232379913330e-01
4.206307232379913330e-01
4.206307232379913330e-01
4.206307232379913330e-01
4.206307232379913330e-01
4.480186402797698975e-01
4.206307232379913330e-01
4.206307232379913330e-01
4.206307232379913330e-01
4.206307232379913330e-01
8.205808699131011963e-02
4.206307232379913330e-01
4.206307232379913330e-01
2.710679173469543457e-01
8.316074311733245850e-02
1.257410645484924316e-01
4.206307232379913330e-01
4.206307232379913330e-01
4.206307232379913330e-01
4.206307232379913330e-01
4.206307232379913330e-01
4.206307232379913330e-01
4.206307232379913330e-01
4.206307232379913330e-01
4.206307232379913330e-01
4.206307232379913330e-01
4.206307232379913330e-01
4.206307232379913330e-01
4.206307232379913330e-01
4.206307232379913330e-01
4.206307232379913330e-01
2.288131266832351685e-01
4.206307232379913330e-01
4.206307232379913330e-01
4.206307232379913330e-01
4.206307232379913330e-01
4.206307232379913330e-01
4.206307232379913330e-01
4.206307232379913330e-01
4.206307232379913330e-01
4.206307232379913330e-01
4.206307232379913330e-01
4.206307232379913330e-01
4.206307232379913330e-01
4.206307232379913330e-01
4.206307232379913330e-01
4.206307232379913330e-01
4.206307232379913330e-01
2.205764800310134888e-01
4.206307232379913330e-01
4.206307232379913330e-01
4.206307232379913330e-01
4.206307232379913330e-01
4.206307232379913330e-01
4.206307232379913330e-01
4.206307232379913330e-01
4.206307232379913330e-01
4.206307232379913330e-01
4.206307232379913330e-01
4.206307232379913330e-01
4.206307232379913330e-01
4.206307232379913330e-01
4.206307232379913330e-01
4.206307232379913330e-01
4.206307232379913330e-01
4.206307232379913330e-01
4.206307232379913330e-01
4.206307232379913330e-01
4.206307232379913330e-01
4.206307232379913330e-01
2.381911426782608032e-01
2.049943804740905762e-01
4.206307232379913330e-01
1.208448708057403564e-01
6.776579022407531738e-01
4.206307232379913330e-01
4.206307232379913330e-01
4.206307232379913330e-01
4.368103444576263428e-01
4.206307232379913330e-01
4.206307232379913330e-01
4.843887686729431152e-01
6.406331807374954224e-02
4.206307232379913330e-01
4.206307232379913330e-01
4.580668807029724121e-01
4.206307232379913330e-01
4.206307232379913330e-01
4.206307232379913330e-01
6.057302653789520264e-02
4.206307232379913330e-01
4.206307232379913330e-01
1.747766733169555664e-01
4.206307232379913330e-01
4.206307232379913330e-01
8.478332310914993286e-02
4.206307232379913330e-01
4.206307232379913330e-01
4.206307232379913330e-01
4.206307232379913330e-01
4.206307232379913330e-01
4.206307232379913330e-01
4.206307232379913330e-01
4.206307232379913330e-01
4.206307232379913330e-01
4.206307232379913330e-01
4.206307232379913330e-01
4.206307232379913330e-01
3.602988123893737793e-01
4.206307232379913330e-01
4.206307232379913330e-01
4.206307232379913330e-01
4.206307232379913330e-01
4.206307232379913330e-01
4.206307232379913330e-01
4.206307232379913330e-01
4.206307232379913330e-01
4.206307232379913330e-01
4.206307232379913330e-01
4.206307232379913330e-01
4.206307232379913330e-01
4.206307232379913330e-01
4.206307232379913330e-01
4.299001097679138184e-01
4.206307232379913330e-01
1.806724667549133301e-01
4.206307232379913330e-01
4.145742356777191162e-01
4.206307232379913330e-01
4.206307232379913330e-01
4.206307232379913330e-01
