9.737329483032226562e-01
9.903981685638427734e-01
8.699312806129455566e-01
5.899595022201538086e-01
5.899595022201538086e-01
5.357152819633483887e-01
5.899595022201538086e-01
5.899595022201538086e-01
5.899595022201538086e-01
9.516889452934265137e-01
9.990979433059692383e-01
5.899595022201538086e-01
9.723387956619262695e-01
9.774401187896728516e-01
5.899595022201538086e-01
5.899595022201538086e-01
9.986365437507629395e-01
9.969648718833923340e-01
5.786541104316711426e-01
9.721928834915161133e-01
5.899595022201538086e-01
9.912876486778259277e-01
5.899595022201538086e-01
9.479879736900329590e-01
5.899595022201538086e-01
9.905249476432800293e-01
7.705357074737548828e-01
9.357266426086425781e-01
9.918032288551330566e-01
5.899595022201538086e-01
9.996271133422851562e-01
5.886632204055786133e-01
7.773116230964660645e-01
9.985350370407104492e-01
9.977506995201110840e-01
8.880040049552917480e-01
8.329017162322998047e-01
7.582209110260009766e-01
5.899595022201538086e-01
9.407544732093811035e-01
5.899595022201538086e-01
5.899595022201538086e-01
8.906790018081665039e-01
5.899398922920227051e-01
5.899595022201538086e-01
5.899595022201538086e-01
5.899595022201538086e-01
5.899595022201538086e-01
9.897191524505615234e-01
5.899595022201538086e-01
9.758968353271484375e-01
5.899595022201538086e-01
5.899595022201538086e-01
9.998801946640014648e-01
5.899595022201538086e-01
5.899595022201538086e-01
9.938117265701293945e-01
5.899595022201538086e-01
5.899595022201538086e-01
9.101911187171936035e-01
9.993270635604858398e-01
9.979943037033081055e-01
9.389109611511230469e-01
5.899595022201538086e-01
9.524487853050231934e-01
3.061209917068481445e-01
5.899595022201538086e-01
8.769543170928955078e-01
5.899595022201538086e-01
5.899595022201538086e-01
8.987542986869812012e-01
9.952480196952819824e-01
5.899595022201538086e-01
5.899595022201538086e-01
9.563254714012145996e-01
3.061209917068481445e-01
3.061209917068481445e-01
3.061209917068481445e-01
9.645318984985351562e-01
3.061209917068481445e-01
3.061209917068481445e-01
9.857666492462158203e-01
3.061209917068481445e-01
3.061209917068481445e-01
3.061209917068481445e-01
3.061209917068481445e-01
9.929901361465454102e-01
3.061209917068481445e-01
9.965727329254150391e-01
3.061209917068481445e-01
9.974910020828247070e-01
9.973546266555786133e-01
3.061209917068481445e-01
9.616860151290893555e-01
9.326863288879394531e-01
9.882083535194396973e-01
9.969833493232727051e-01
9.501193761825561523e-01
3.061209917068481445e-01
3.061209917068481445e-01
3.061209917068481445e-01
8.291438221931457520e-01
3.061209917068481445e-01
3.061209917068481445e-01
9.939709901809692383e-01
9.285044670104980469e-01
9.951795339584350586e-01
3.061209917068481445e-01
3.061209917068481445e-01
3.061209917068481445e-01
9.820669889450073242e-01
3.061209917068481445e-01
3.061209917068481445e-01
3.061209917068481445e-01
9.749208688735961914e-01
3.061209917068481445e-01
3.061209917068481445e-01
9.982596039772033691e-01
9.931725859642028809e-01
9.584996700286865234e-01
9.194761514663696289e-01
9.985967278480529785e-01
9.905329942703247070e-01
3.061209917068481445e-01
9.997658133506774902e-01
3.061209917068481445e-01
9.822221994400024414e-01
3.061209917068481445e-01
9.836524724960327148e-01
9.983050823211669922e-01
9.954653382301330566e-01
9.315507411956787109e-01
9.952677488327026367e-01
3.061209917068481445e-01
9.975190162658691406e-01
3.061209917068481445e-01
9.823083877563476562e-01
9.811579585075378418e-01
9.994106292724609375e-01
7.915852665901184082e-01
3.061209917068481445e-01
9.976037144660949707e-01
9.027644991874694824e-01
3.061209917068481445e-01
9.992207288742065430e-01
3.061209917068481445e-01
3.061209917068481445e-01
3.061209917068481445e-01
9.405584931373596191e-01
9.642288684844970703e-01
9.807929992675781250e-01
3.061209917068481445e-01
9.991006851196289062e-01
3.061209917068481445e-01
9.722096323966979980e-01
7.149915099143981934e-01
9.938540458679199219e-01
9.564175009727478027e-01
9.869446158409118652e-01
3.061209917068481445e-01
3.061209917068481445e-01
3.061209917068481445e-01
3.061209917068481445e-01
9.985582232475280762e-01
9.999902248382568359e-01
9.966608285903930664e-01
3.061209917068481445e-01
3.061209917068481445e-01
9.747337102890014648e-01
3.061209917068481445e-01
3.061209917068481445e-01
9.406645894050598145e-01
3.061209917068481445e-01
8.008551001548767090e-01
9.184039235115051270e-01
3.061209917068481445e-01
8.008410334587097168e-01
3.061209917068481445e-01
3.061209917068481445e-01
9.327206611633300781e-01
3.061209917068481445e-01
3.061209917068481445e-01
9.105615019798278809e-01
3.061209917068481445e-01
9.987200498580932617e-01
9.858444929122924805e-01
3.061209917068481445e-01
3.061209917068481445e-01
9.108700752258300781e-01
8.319022059440612793e-01
3.061209917068481445e-01
3.061209917068481445e-01
9.799942970275878906e-01
7.910572886466979980e-01
3.061209917068481445e-01
9.835244417190551758e-01
3.061209917068481445e-01
3.061209917068481445e-01
3.061209917068481445e-01
9.991466999053955078e-01
3.061209917068481445e-01
9.997978806495666504e-01
3.061209917068481445e-01
9.822240471839904785e-01
7.135838866233825684e-01
3.061209917068481445e-01
3.061209917068481445e-01
3.061209917068481445e-01
9.911086559295654297e-01
3.061209917068481445e-01
3.061209917068481445e-01
3.061209917068481445e-01
3.061209917068481445e-01
9.275783896446228027e-01
1.000000000000000000e+00
9.636712670326232910e-01
9.872215390205383301e-01
3.061209917068481445e-01
9.143776297569274902e-01
9.699378013610839844e-01
8.656022548675537109e-01
9.517239332199096680e-01
9.997624754905700684e-01
3.061209917068481445e-01
9.957001209259033203e-01
3.061209917068481445e-01
3.061209917068481445e-01
3.061209917068481445e-01
9.815023541450500488e-01
9.766476154327392578e-01
3.061209917068481445e-01
3.061209917068481445e-01
3.061209917068481445e-01
9.050767421722412109e-01
9.915409684181213379e-01
9.953985810279846191e-01
3.061209917068481445e-01
9.770683050155639648e-01
8.974596261978149414e-01
9.153462052345275879e-01
3.061209917068481445e-01
9.436380267143249512e-01
3.061209917068481445e-01
9.978588223457336426e-01
3.061209917068481445e-01
3.061209917068481445e-01
5.899595022201538086e-01
9.450049996376037598e-01
5.899595022201538086e-01
3.061209917068481445e-01
3.061209917068481445e-01
5.899595022201538086e-01
4.315311312675476074e-01
8.469263911247253418e-01
3.061209917068481445e-01
9.757098555564880371e-01
8.478265404701232910e-01
9.279804229736328125e-01
9.995917677879333496e-01
5.899595022201538086e-01
9.915472865104675293e-01
5.899595022201538086e-01
3.061209917068481445e-01
3.061209917068481445e-01
8.994829654693603516e-01
5.899595022201538086e-01
9.574429988861083984e-01
9.645915627479553223e-01
3.061209917068481445e-01
9.939315319061279297e-01
5.899595022201538086e-01
9.904088973999023438e-01
9.998413324356079102e-01
8.530537486076354980e-01
9.158911705017089844e-01
5.899595022201538086e-01
5.899595022201538086e-01
5.899595022201538086e-01
5.899595022201538086e-01
5.899595022201538086e-01
8.966615796089172363e-01
5.899595022201538086e-01
3.061209917068481445e-01
3.061209917068481445e-01
8.728908896446228027e-01
9.455699920654296875e-01
5.899595022201538086e-01
9.904088973999023438e-01
9.836303591728210449e-01
5.899595022201538086e-01
5.899595022201538086e-01
5.899595022201538086e-01
3.061209917068481445e-01
9.995457530021667480e-01
6.948085427284240723e-01
5.899595022201538086e-01
9.801579117774963379e-01
5.899595022201538086e-01
5.899595022201538086e-01
9.971520900726318359e-01
5.899595022201538086e-01
9.534295797348022461e-01
5.899595022201538086e-01
3.061209917068481445e-01
9.426425099372863770e-01
9.602640271186828613e-01
4.315311312675476074e-01
9.395791888236999512e-01
9.067423343658447266e-01
5.899595022201538086e-01
3.061209917068481445e-01
5.896549224853515625e-01
9.413523077964782715e-01
9.569916725158691406e-01
5.899595022201538086e-01
5.899595022201538086e-01
8.918193578720092773e-01
5.899595022201538086e-01
8.933037519454956055e-01
9.811878800392150879e-01
3.061209917068481445e-01
5.899595022201538086e-01
8.910338878631591797e-01
5.500323176383972168e-01
3.061209917068481445e-01
3.061209917068481445e-01
5.899595022201538086e-01
3.061209917068481445e-01
3.061209917068481445e-01
7.468203902244567871e-01
9.884917736053466797e-01
9.974792599678039551e-01
3.061209917068481445e-01
3.061209917068481445e-01
3.061209917068481445e-01
5.899595022201538086e-01
5.899595022201538086e-01
3.061209917068481445e-01
3.061209917068481445e-01
3.061209917068481445e-01
9.992801547050476074e-01
9.621193408966064453e-01
3.061209917068481445e-01
9.966015815734863281e-01
3.061209917068481445e-01
3.061209917068481445e-01
3.061209917068481445e-01
5.899595022201538086e-01
5.899595022201538086e-01
9.990580677986145020e-01
9.985654950141906738e-01
3.061209917068481445e-01
5.899595022201538086e-01
3.061209917068481445e-01
3.061209917068481445e-01
9.156269431114196777e-01
3.061209917068481445e-01
3.061209917068481445e-01
8.543256521224975586e-01
3.061209917068481445e-01
9.934515953063964844e-01
3.061209917068481445e-01
3.061209917068481445e-01
9.692656993865966797e-01
3.061209917068481445e-01
3.061209917068481445e-01
3.061209917068481445e-01
9.847322106361389160e-01
3.061209917068481445e-01
3.061209917068481445e-01
9.634162783622741699e-01
9.898412823677062988e-01
3.061209917068481445e-01
3.061209917068481445e-01
3.061209917068481445e-01
3.061209917068481445e-01
9.906286597251892090e-01
9.505602717399597168e-01
3.061209917068481445e-01
3.061209917068481445e-01
3.061209917068481445e-01
3.061209917068481445e-01
3.061209917068481445e-01
3.061209917068481445e-01
9.807198643684387207e-01
3.061209917068481445e-01
3.061209917068481445e-01
3.061209917068481445e-01
3.061209917068481445e-01
3.061209917068481445e-01
3.061209917068481445e-01
3.061209917068481445e-01
3.061209917068481445e-01
3.061209917068481445e-01
3.061209917068481445e-01
3.061209917068481445e-01
3.061209917068481445e-01
9.914466142654418945e-01
3.061209917068481445e-01
3.061209917068481445e-01
3.061209917068481445e-01
8.961429595947265625e-01
9.736708998680114746e-01
3.061209917068481445e-01
3.061209917068481445e-01
9.667429327964782715e-01
3.061209917068481445e-01
3.061209917068481445e-01
3.061209917068481445e-01
9.980399012565612793e-01
3.061209917068481445e-01
3.061209917068481445e-01
3.061209917068481445e-01
3.061209917068481445e-01
3.061209917068481445e-01
3.061209917068481445e-01
3.061209917068481445e-01
3.061209917068481445e-01
9.705603122711181641e-01
3.061209917068481445e-01
3.061209917068481445e-01
3.061209917068481445e-01
3.061209917068481445e-01
3.061209917068481445e-01
3.061209917068481445e-01
3.061209917068481445e-01
5.899595022201538086e-01
8.798369169235229492e-01
8.057419061660766602e-01
9.990960359573364258e-01
8.502926230430603027e-01
7.074574828147888184e-01
7.331538796424865723e-01
5.899595022201538086e-01
5.899595022201538086e-01
5.899595022201538086e-01
9.942071437835693359e-01
9.683271050453186035e-01
9.882442951202392578e-01
5.899595022201538086e-01
5.899595022201538086e-01
8.520298004150390625e-01
5.899595022201538086e-01
5.899595022201538086e-01
4.526343941688537598e-01
7.459642291069030762e-01
9.743832945823669434e-01
8.615679144859313965e-01
7.339386940002441406e-01
5.899595022201538086e-01
5.899595022201538086e-01
5.899595022201538086e-01
5.026102066040039062e-01
3.061209917068481445e-01
5.899595022201538086e-01
9.590656757354736328e-01
8.057171702384948730e-01
5.899595022201538086e-01
5.899595022201538086e-01
7.947065830230712891e-01
5.899595022201538086e-01
9.945586323738098145e-01
5.899595022201538086e-01
5.899406671524047852e-01
5.899595022201538086e-01
5.899595022201538086e-01
9.313253164291381836e-01
5.899595022201538086e-01
5.899595022201538086e-01
9.387975931167602539e-01
9.854295253753662109e-01
5.634421706199645996e-01
5.899595022201538086e-01
5.899595022201538086e-01
8.164263963699340820e-01
5.899595022201538086e-01
9.343835711479187012e-01
9.917486906051635742e-01
5.899595022201538086e-01
3.061209917068481445e-01
5.899595022201538086e-01
5.899595022201538086e-01
7.051978111267089844e-01
5.899595022201538086e-01
5.899595022201538086e-01
5.899595022201538086e-01
9.690927267074584961e-01
5.899595022201538086e-01
8.136129379272460938e-01
9.793668389320373535e-01
7.598266005516052246e-01
5.899595022201538086e-01
8.448563814163208008e-01
9.352383017539978027e-01
9.755046367645263672e-01
5.899595022201538086e-01
5.725361108779907227e-01
5.899595022201538086e-01
5.899595022201538086e-01
5.882421135902404785e-01
3.061209917068481445e-01
3.061209917068481445e-01
3.061209917068481445e-01
5.856579542160034180e-01
3.061209917068481445e-01
3.061209917068481445e-01
5.551621913909912109e-01
3.061209917068481445e-01
3.061209917068481445e-01
5.888593792915344238e-01
3.061209917068481445e-01
3.061209917068481445e-01
5.899107456207275391e-01
3.061209917068481445e-01
3.061209917068481445e-01
3.061209917068481445e-01
3.061209917068481445e-01
4.514189958572387695e-01
5.873345732688903809e-01
3.061209917068481445e-01
3.061209917068481445e-01
3.061209917068481445e-01
3.061209917068481445e-01
3.061209917068481445e-01
3.061209917068481445e-01
4.390644431114196777e-01
3.061209917068481445e-01
3.061209917068481445e-01
3.061209917068481445e-01
3.061209917068481445e-01
5.856223702430725098e-01
3.061209917068481445e-01
3.061209917068481445e-01
3.061209917068481445e-01
3.061209917068481445e-01
1.862692683935165405e-01
5.887300968170166016e-01
5.899419188499450684e-01
5.893612504005432129e-01
3.061209917068481445e-01
5.899595022201538086e-01
3.061209917068481445e-01
3.061209917068481445e-01
5.898711085319519043e-01
4.335308969020843506e-01
3.061209917068481445e-01
3.061209917068481445e-01
3.061209917068481445e-01
3.061209917068481445e-01
3.061209917068481445e-01
3.061209917068481445e-01
4.507543146610260010e-01
5.886113047599792480e-01
3.061209917068481445e-01
3.061209917068481445e-01
3.061209917068481445e-01
5.820552110671997070e-01
3.061209917068481445e-01
3.061209917068481445e-01
4.786047041416168213e-01
5.577738285064697266e-01
3.061209917068481445e-01
3.061209917068481445e-01
3.061209917068481445e-01
5.783250927925109863e-01
3.061209917068481445e-01
3.061209917068481445e-01
5.897618532180786133e-01
3.061209917068481445e-01
3.061209917068481445e-01
5.891469120979309082e-01
3.061209917068481445e-01
3.061209917068481445e-01
3.061209917068481445e-01
4.858461618423461914e-01
3.061209917068481445e-01
3.061209917068481445e-01
3.061209917068481445e-01
3.061209917068481445e-01
3.061209917068481445e-01
3.061209917068481445e-01
3.061209917068481445e-01
3.061209917068481445e-01
3.061209917068481445e-01
3.061209917068481445e-01
3.061209917068481445e-01
3.061209917068481445e-01
3.061209917068481445e-01
3.061209917068481445e-01
3.061209917068481445e-01
3.061209917068481445e-01
3.061209917068481445e-01
3.061209917068481445e-01
3.061209917068481445e-01
3.061209917068481445e-01
3.061209917068481445e-01
3.061209917068481445e-01
3.061209917068481445e-01
3.061209917068481445e-01
3.061209917068481445e-01
3.061209917068481445e-01
3.061209917068481445e-01
3.061209917068481445e-01
3.061209917068481445e-01
3.061209917068481445e-01
3.061209917068481445e-01
3.061209917068481445e-01
3.061209917068481445e-01
3.061209917068481445e-01
3.061209917068481445e-01
3.061209917068481445e-01
3.061209917068481445e-01
3.061209917068481445e-01
3.061209917068481445e-01
3.061209917068481445e-01
3.061209917068481445e-01
3.061209917068481445e-01
3.061209917068481445e-01
3.061209917068481445e-01
3.061209917068481445e-01
3.061209917068481445e-01
3.061209917068481445e-01
3.061209917068481445e-01
3.061209917068481445e-01
3.061209917068481445e-01
3.061209917068481445e-01
3.061209917068481445e-01
3.061209917068481445e-01
3.061209917068481445e-01
3.061209917068481445e-01
3.061209917068481445e-01
3.061209917068481445e-01
3.061209917068481445e-01
3.061209917068481445e-01
3.061209917068481445e-01
3.061209917068481445e-01
3.061209917068481445e-01
3.061209917068481445e-01
3.061209917068481445e-01
3.061209917068481445e-01
3.061209917068481445e-01
3.061209917068481445e-01
3.061209917068481445e-01
3.061209917068481445e-01
3.061209917068481445e-01
3.061209917068481445e-01
3.061209917068481445e-01
3.061209917068481445e-01
3.061209917068481445e-01
3.061209917068481445e-01
3.061209917068481445e-01
3.061209917068481445e-01
3.061209917068481445e-01
3.061209917068481445e-01
3.061209917068481445e-01
3.061209917068481445e-01
3.061209917068481445e-01
3.061209917068481445e-01
3.061209917068481445e-01
3.061209917068481445e-01
3.061209917068481445e-01
3.061209917068481445e-01
3.061209917068481445e-01
3.061209917068481445e-01
3.061209917068481445e-01
3.061209917068481445e-01
3.061209917068481445e-01
3.061209917068481445e-01
3.061209917068481445e-01
3.061209917068481445e-01
3.061209917068481445e-01
3.061209917068481445e-01
3.061209917068481445e-01
3.061209917068481445e-01
3.061209917068481445e-01
3.061209917068481445e-01
3.061209917068481445e-01
3.061209917068481445e-01
3.061209917068481445e-01
3.061209917068481445e-01
3.061209917068481445e-01
3.061209917068481445e-01
3.061209917068481445e-01
3.061209917068481445e-01
3.061209917068481445e-01
3.061209917068481445e-01
3.061209917068481445e-01
3.061209917068481445e-01
3.061209917068481445e-01
3.061209917068481445e-01
3.061209917068481445e-01
3.061209917068481445e-01
3.061209917068481445e-01
3.061209917068481445e-01
3.061209917068481445e-01
3.061209917068481445e-01
3.061209917068481445e-01
3.061209917068481445e-01
3.061209917068481445e-01
3.061209917068481445e-01
3.061209917068481445e-01
3.061209917068481445e-01
3.061209917068481445e-01
3.061209917068481445e-01
3.061209917068481445e-01
3.061209917068481445e-01
3.061209917068481445e-01
3.061209917068481445e-01
3.061209917068481445e-01
3.061209917068481445e-01
3.061209917068481445e-01
3.061209917068481445e-01
3.061209917068481445e-01
3.061209917068481445e-01
3.061209917068481445e-01
3.061209917068481445e-01
3.061209917068481445e-01
3.061209917068481445e-01
3.061209917068481445e-01
3.061209917068481445e-01
3.061209917068481445e-01
3.061209917068481445e-01
3.061209917068481445e-01
3.061209917068481445e-01
3.061209917068481445e-01
3.061209917068481445e-01
3.061209917068481445e-01
3.061209917068481445e-01
3.061209917068481445e-01
3.061209917068481445e-01
3.061209917068481445e-01
3.061209917068481445e-01
3.061209917068481445e-01
3.061209917068481445e-01
3.061209917068481445e-01
3.061209917068481445e-01
3.061209917068481445e-01
3.061209917068481445e-01
3.061209917068481445e-01
3.061209917068481445e-01
4.498271271586418152e-02
3.061209917068481445e-01
3.061209917068481445e-01
3.061209917068481445e-01
3.061209917068481445e-01
3.061209917068481445e-01
3.061209917068481445e-01
3.061209917068481445e-01
3.061209917068481445e-01
3.061209917068481445e-01
3.061209917068481445e-01
3.061209917068481445e-01
3.061209917068481445e-01
3.061209917068481445e-01
3.061209917068481445e-01
3.061209917068481445e-01
4.315311312675476074e-01
3.061209917068481445e-01
3.061209917068481445e-01
2.696342468261718750e-01
5.771502256393432617e-01
3.061209917068481445e-01
3.061209917068481445e-01
3.061209917068481445e-01
3.061209917068481445e-01
3.061209917068481445e-01
3.061209917068481445e-01
3.061209917068481445e-01
3.061209917068481445e-01
3.061209917068481445e-01
3.061209917068481445e-01
3.061209917068481445e-01
3.061209917068481445e-01
3.061209917068481445e-01
4.315311312675476074e-01
3.061209917068481445e-01
3.061209917068481445e-01
3.061209917068481445e-01
3.061209917068481445e-01
3.061209917068481445e-01
3.061209917068481445e-01
3.061209917068481445e-01
3.061209917068481445e-01
3.061209917068481445e-01
3.061209917068481445e-01
3.061209917068481445e-01
3.061209917068481445e-01
3.061209917068481445e-01
3.061209917068481445e-01
3.061209917068481445e-01
3.061209917068481445e-01
3.061209917068481445e-01
3.061209917068481445e-01
3.061209917068481445e-01
3.061209917068481445e-01
3.061209917068481445e-01
3.061209917068481445e-01
3.061209917068481445e-01
3.061209917068481445e-01
3.061209917068481445e-01
1.068253442645072937e-01
3.061209917068481445e-01
3.061209917068481445e-01
3.061209917068481445e-01
3.061209917068481445e-01
3.061209917068481445e-01
3.061209917068481445e-01
3.061209917068481445e-01
3.061209917068481445e-01
3.061209917068481445e-01
3.061209917068481445e-01
3.061209917068481445e-01
3.061209917068481445e-01
3.061209917068481445e-01
3.061209917068481445e-01
3.061209917068481445e-01
3.061209917068481445e-01
3.061209917068481445e-01
3.061209917068481445e-01
3.061209917068481445e-01
3.061209917068481445e-01
3.061209917068481445e-01
3.061209917068481445e-01
3.061209917068481445e-01
3.061209917068481445e-01
3.061209917068481445e-01
3.061209917068481445e-01
3.061209917068481445e-01
3.061209917068481445e-01
3.061209917068481445e-01
3.061209917068481445e-01
3.061209917068481445e-01
3.061209917068481445e-01
3.061209917068481445e-01
3.061209917068481445e-01
3.061209917068481445e-01
3.061209917068481445e-01
3.061209917068481445e-01
3.061209917068481445e-01
3.061209917068481445e-01
3.061209917068481445e-01
3.061209917068481445e-01
5.500323176383972168e-01
3.061209917068481445e-01
3.061209917068481445e-01
3.061209917068481445e-01
3.061209917068481445e-01
3.061209917068481445e-01
3.061209917068481445e-01
3.061209917068481445e-01
3.061209917068481445e-01
3.061209917068481445e-01
3.061209917068481445e-01
3.061209917068481445e-01
3.061209917068481445e-01
3.061209917068481445e-01
3.061209917068481445e-01
3.061209917068481445e-01
3.061209917068481445e-01
3.061209917068481445e-01
3.061209917068481445e-01
3.061209917068481445e-01
3.061209917068481445e-01
3.061209917068481445e-01
3.061209917068481445e-01
3.061209917068481445e-01
3.303598761558532715e-01
3.061209917068481445e-01
3.061209917068481445e-01
3.061209917068481445e-01
3.061209917068481445e-01
3.061209917068481445e-01
3.061209917068481445e-01
3.061209917068481445e-01
3.061209917068481445e-01
3.061209917068481445e-01
3.061209917068481445e-01
3.061209917068481445e-01
3.061209917068481445e-01
3.061209917068481445e-01
3.061209917068481445e-01
3.061209917068481445e-01
3.061209917068481445e-01
3.061209917068481445e-01
3.061209917068481445e-01
3.061209917068481445e-01
3.061209917068481445e-01
3.061209917068481445e-01
3.061209917068481445e-01
3.061209917068481445e-01
3.061209917068481445e-01
3.061209917068481445e-01
3.061209917068481445e-01
3.061209917068481445e-01
3.061209917068481445e-01
3.061209917068481445e-01
3.061209917068481445e-01
3.061209917068481445e-01
3.061209917068481445e-01
3.061209917068481445e-01
3.061209917068481445e-01
3.061209917068481445e-01
3.061209917068481445e-01
3.061209917068481445e-01
3.061209917068481445e-01
3.061209917068481445e-01
3.061209917068481445e-01
3.061209917068481445e-01
3.061209917068481445e-01
3.061209917068481445e-01
3.061209917068481445e-01
3.061209917068481445e-01
3.061209917068481445e-01
3.061209917068481445e-01
3.061209917068481445e-01
3.061209917068481445e-01
3.061209917068481445e-01
3.061209917068481445e-01
3.061209917068481445e-01
3.061209917068481445e-01
3.061209917068481445e-01
3.061209917068481445e-01
3.061209917068481445e-01
3.061209917068481445e-01
3.061209917068481445e-01
3.061209917068481445e-01
5.641596019268035889e-02
3.061209917068481445e-01
1.241870373487472534e-01
3.061209917068481445e-01
3.061209917068481445e-01
3.061209917068481445e-01
3.061209917068481445e-01
3.061209917068481445e-01
3.061209917068481445e-01
3.061209917068481445e-01
3.061209917068481445e-01
3.061209917068481445e-01
4.268859922885894775e-01
3.061209917068481445e-01
3.061209917068481445e-01
5.882890820503234863e-01
3.061209917068481445e-01
3.061209917068481445e-01
5.576854944229125977e-01
5.507229566574096680e-01
5.899595022201538086e-01
3.061209917068481445e-01
3.061209917068481445e-01
3.061209917068481445e-01
3.061209917068481445e-01
3.684355644509196281e-03
4.586977660655975342e-01
3.061209917068481445e-01
3.061209917068481445e-01
3.061209917068481445e-01
5.793241411447525024e-02
3.061209917068481445e-01
3.061209917068481445e-01
3.061209917068481445e-01
3.061209917068481445e-01
3.061209917068481445e-01
3.061209917068481445e-01
3.061209917068481445e-01
5.806710124015808105e-01
4.375928342342376709e-01
3.061209917068481445e-01
5.507229566574096680e-01
4.526343941688537598e-01
3.061209917068481445e-01
3.061209917068481445e-01
3.061209917068481445e-01
3.061209917068481445e-01
3.061209917068481445e-01
3.061209917068481445e-01
3.061209917068481445e-01
3.061209917068481445e-01
3.061209917068481445e-01
3.061209917068481445e-01
4.375928342342376709e-01
3.061209917068481445e-01
3.061209917068481445e-01
3.061209917068481445e-01
4.375928342342376709e-01
3.061209917068481445e-01
3.061209917068481445e-01
5.571054816246032715e-01
3.061209917068481445e-01
3.061209917068481445e-01
3.061209917068481445e-01
3.061209917068481445e-01
3.061209917068481445e-01
4.289522767066955566e-01
3.061209917068481445e-01
3.061209917068481445e-01
3.061209917068481445e-01
3.061209917068481445e-01
3.061209917068481445e-01
3.061209917068481445e-01
