9.633556604385375977e-01
9.810334444046020508e-01
9.786736369132995605e-01
3.606114387512207031e-01
3.606114387512207031e-01
9.978495836257934570e-01
3.606114387512207031e-01
3.606114387512207031e-01
3.606114387512207031e-01
9.947350025177001953e-01
9.996113181114196777e-01
3.606114387512207031e-01
9.928106665611267090e-01
9.896191954612731934e-01
3.606114387512207031e-01
3.606114387512207031e-01
9.996777772903442383e-01
9.979357719421386719e-01
3.606114387512207031e-01
9.909130334854125977e-01
3.606114387512207031e-01
9.840440154075622559e-01
3.606114387512207031e-01
6.887884736061096191e-01
3.606114387512207031e-01
9.938499331474304199e-01
9.291861653327941895e-01
9.951151609420776367e-01
9.988846182823181152e-01
3.606114387512207031e-01
9.992788434028625488e-01
3.606114387512207031e-01
9.827570915222167969e-01
9.999409914016723633e-01
9.876564741134643555e-01
9.909667372703552246e-01
9.600663185119628906e-01
9.898650050163269043e-01
3.606114387512207031e-01
9.891012310981750488e-01
3.606114387512207031e-01
3.606114387512207031e-01
9.951716065406799316e-01
3.606114387512207031e-01
3.606114387512207031e-01
3.606114387512207031e-01
3.606114387512207031e-01
3.606114387512207031e-01
9.999030828475952148e-01
3.606114387512207031e-01
9.871754050254821777e-01
3.606114387512207031e-01
3.606114387512207031e-01
9.999812841415405273e-01
3.606114387512207031e-01
3.606114387512207031e-01
9.956744313240051270e-01
3.606114387512207031e-01
3.606114387512207031e-01
9.921965599060058594e-01
9.990763664245605469e-01
9.974122643470764160e-01
9.922693967819213867e-01
3.606114387512207031e-01
9.784870743751525879e-01
3.606114387512207031e-01
3.606114387512207031e-01
9.882160425186157227e-01
3.606114387512207031e-01
3.606114387512207031e-01
9.450769424438476562e-01
9.986062645912170410e-01
3.606114387512207031e-01
3.606114387512207031e-01
9.887700080871582031e-01
3.606114387512207031e-01
3.606114387512207031e-01
3.606114387512207031e-01
9.868300557136535645e-01
3.606114387512207031e-01
3.606114387512207031e-01
9.975609779357910156e-01
3.606114387512207031e-01
3.606114387512207031e-01
3.606114387512207031e-01
3.606114387512207031e-01
9.994722008705139160e-01
3.606114387512207031e-01
9.986466765403747559e-01
3.606114387512207031e-01
9.978356957435607910e-01
9.965291619300842285e-01
3.606114387512207031e-01
9.826267361640930176e-01
9.879288077354431152e-01
9.942620992660522461e-01
9.942852854728698730e-01
9.962095022201538086e-01
3.606114387512207031e-01
3.606114387512207031e-01
3.606114387512207031e-01
9.874754548072814941e-01
3.606114387512207031e-01
3.606114387512207031e-01
9.957791566848754883e-01
9.849525094032287598e-01
9.973769187927246094e-01
3.606114387512207031e-01
3.606114387512207031e-01
3.606114387512207031e-01
9.959598183631896973e-01
3.606114387512207031e-01
3.606114387512207031e-01
3.606114387512207031e-01
9.906495213508605957e-01
3.606114387512207031e-01
3.606114387512207031e-01
9.978628754615783691e-01
9.881867766380310059e-01
9.774333834648132324e-01
9.902357459068298340e-01
9.984065890312194824e-01
9.973810315132141113e-01
3.606114387512207031e-01
9.997230172157287598e-01
3.606114387512207031e-01
9.961193799972534180e-01
3.606114387512207031e-01
9.803276658058166504e-01
9.992218017578125000e-01
9.983664155006408691e-01
9.976857900619506836e-01
9.952432513236999512e-01
3.606114387512207031e-01
9.951868653297424316e-01
3.606114387512207031e-01
9.942325949668884277e-01
9.950402379035949707e-01
9.973047971725463867e-01
9.862566590309143066e-01
3.606114387512207031e-01
9.942709207534790039e-01
9.388411045074462891e-01
3.606114387512207031e-01
9.997116923332214355e-01
3.606114387512207031e-01
3.606114387512207031e-01
3.606114387512207031e-01
9.959924817085266113e-01
9.955732822418212891e-01
9.996794462203979492e-01
3.606114387512207031e-01
9.987829327583312988e-01
3.606114387512207031e-01
9.981132745742797852e-01
9.999984502792358398e-01
9.712563753128051758e-01
9.767409563064575195e-01
9.657765030860900879e-01
3.606114387512207031e-01
3.606114387512207031e-01
3.606114387512207031e-01
3.606114387512207031e-01
9.966648221015930176e-01
9.354491829872131348e-01
9.958828687667846680e-01
3.606114387512207031e-01
3.606114387512207031e-01
9.908917546272277832e-01
3.606114387512207031e-01
3.606114387512207031e-01
9.356335401535034180e-01
3.606114387512207031e-01
9.141790270805358887e-01
9.781735539436340332e-01
3.606114387512207031e-01
9.921399950981140137e-01
3.606114387512207031e-01
3.606114387512207031e-01
9.907000660896301270e-01
3.606114387512207031e-01
3.606114387512207031e-01
9.817932248115539551e-01
3.606114387512207031e-01
9.985821247100830078e-01
9.995639920234680176e-01
3.606114387512207031e-01
3.606114387512207031e-01
9.770793318748474121e-01
9.686906337738037109e-01
3.606114387512207031e-01
3.606114387512207031e-01
9.892626404762268066e-01
9.997388720512390137e-01
3.606114387512207031e-01
9.936267137527465820e-01
3.606114387512207031e-01
3.606114387512207031e-01
3.606114387512207031e-01
9.977523684501647949e-01
3.606114387512207031e-01
9.963082671165466309e-01
3.606114387512207031e-01
9.752233624458312988e-01
9.971179962158203125e-01
3.606114387512207031e-01
3.606114387512207031e-01
3.606114387512207031e-01
8.954584002494812012e-01
3.606114387512207031e-01
3.606114387512207031e-01
3.606114387512207031e-01
3.606114387512207031e-01
9.814374446868896484e-01
9.989739656448364258e-01
9.695289731025695801e-01
9.979929924011230469e-01
3.606114387512207031e-01
9.393271207809448242e-01
9.861548542976379395e-01
9.415157437324523926e-01
8.904590010643005371e-01
9.954191446304321289e-01
3.606114387512207031e-01
9.979129433631896973e-01
3.606114387512207031e-01
3.606114387512207031e-01
3.606114387512207031e-01
9.707390069961547852e-01
9.925792813301086426e-01
3.606114387512207031e-01
3.606114387512207031e-01
3.606114387512207031e-01
9.841847419738769531e-01
7.693297266960144043e-01
9.886550903320312500e-01
3.606114387512207031e-01
9.891616106033325195e-01
9.739600419998168945e-01
9.537852406501770020e-01
3.606114387512207031e-01
9.903190135955810547e-01
3.606114387512207031e-01
9.945284724235534668e-01
3.606114387512207031e-01
3.606114387512207031e-01
3.606114387512207031e-01
9.275688529014587402e-01
3.606114387512207031e-01
3.606114387512207031e-01
3.606114387512207031e-01
3.606114387512207031e-01
3.606114387512207031e-01
9.995706677436828613e-01
3.606114387512207031e-01
9.441600441932678223e-01
9.900874495506286621e-01
9.804808497428894043e-01
9.988741278648376465e-01
3.606114387512207031e-01
9.962452054023742676e-01
3.606114387512207031e-01
3.606114387512207031e-01
3.606114387512207031e-01
9.830114841461181641e-01
3.606114387512207031e-01
9.638093113899230957e-01
9.313816428184509277e-01
3.606114387512207031e-01
9.983483552932739258e-01
3.606114387512207031e-01
9.923324584960937500e-01
9.999952316284179688e-01
9.972485899925231934e-01
9.984071850776672363e-01
3.606114387512207031e-01
3.606114387512207031e-01
3.606114387512207031e-01
3.606114387512207031e-01
3.606114387512207031e-01
9.705405235290527344e-01
3.606114387512207031e-01
3.606114387512207031e-01
3.606114387512207031e-01
9.914460182189941406e-01
9.949382543563842773e-01
3.606114387512207031e-01
9.923324584960937500e-01
9.866747260093688965e-01
3.606114387512207031e-01
3.606114387512207031e-01
3.606114387512207031e-01
3.606114387512207031e-01
9.654674530029296875e-01
8.480919599533081055e-01
3.606114387512207031e-01
9.691841006278991699e-01
3.606114387512207031e-01
3.606114387512207031e-01
9.982517361640930176e-01
3.606114387512207031e-01
9.890550374984741211e-01
3.606114387512207031e-01
3.606114387512207031e-01
9.791373014450073242e-01
9.900818467140197754e-01
3.606114387512207031e-01
9.952101111412048340e-01
9.122745394706726074e-01
3.606114387512207031e-01
3.606114387512207031e-01
3.606114387512207031e-01
9.932071566581726074e-01
9.785247445106506348e-01
3.606114387512207031e-01
3.606114387512207031e-01
9.580498933792114258e-01
3.606114387512207031e-01
9.997069239616394043e-01
9.624108672142028809e-01
3.606114387512207031e-01
3.606114387512207031e-01
9.691528081893920898e-01
3.606114387512207031e-01
3.606114387512207031e-01
3.606114387512207031e-01
3.606114387512207031e-01
3.606114387512207031e-01
3.606114387512207031e-01
9.443722963333129883e-01
9.939181804656982422e-01
9.991897940635681152e-01
3.606114387512207031e-01
3.606114387512207031e-01
3.606114387512207031e-01
3.606114387512207031e-01
3.606114387512207031e-01
3.606114387512207031e-01
3.606114387512207031e-01
3.606114387512207031e-01
9.857483506202697754e-01
9.358542561531066895e-01
3.606114387512207031e-01
9.980158805847167969e-01
3.606114387512207031e-01
3.606114387512207031e-01
3.606114387512207031e-01
3.606114387512207031e-01
3.606114387512207031e-01
9.932377338409423828e-01
9.999287128448486328e-01
3.606114387512207031e-01
3.606114387512207031e-01
3.606114387512207031e-01
3.606114387512207031e-01
9.523107409477233887e-01
3.606114387512207031e-01
3.606114387512207031e-01
9.917110204696655273e-01
3.606114387512207031e-01
1.000000000000000000e+00
3.606114387512207031e-01
3.606114387512207031e-01
9.430567622184753418e-01
3.606114387512207031e-01
3.606114387512207031e-01
3.606114387512207031e-01
9.992445707321166992e-01
3.606114387512207031e-01
3.606114387512207031e-01
9.999691247940063477e-01
9.975169897079467773e-01
3.606114387512207031e-01
3.606114387512207031e-01
3.606114387512207031e-01
3.606114387512207031e-01
9.973012804985046387e-01
9.856378436088562012e-01
3.606114387512207031e-01
3.606114387512207031e-01
3.606114387512207031e-01
3.606114387512207031e-01
3.606114387512207031e-01
3.606114387512207031e-01
9.944999217987060547e-01
3.606114387512207031e-01
3.606114387512207031e-01
3.606114387512207031e-01
3.606114387512207031e-01
3.606114387512207031e-01
3.606114387512207031e-01
3.606114387512207031e-01
3.606114387512207031e-01
3.606114387512207031e-01
3.606114387512207031e-01
3.606114387512207031e-01
3.606114387512207031e-01
9.948687553405761719e-01
3.606114387512207031e-01
3.606114387512207031e-01
3.606114387512207031e-01
9.806041717529296875e-01
9.750520586967468262e-01
3.606114387512207031e-01
3.606114387512207031e-01
9.850978851318359375e-01
3.606114387512207031e-01
3.606114387512207031e-01
3.606114387512207031e-01
9.973813891410827637e-01
3.606114387512207031e-01
3.606114387512207031e-01
3.606114387512207031e-01
3.606114387512207031e-01
3.606114387512207031e-01
3.606114387512207031e-01
3.606114387512207031e-01
3.606114387512207031e-01
9.946627616882324219e-01
3.606114387512207031e-01
3.606114387512207031e-01
3.606114387512207031e-01
3.606114387512207031e-01
3.606114387512207031e-01
3.606114387512207031e-01
3.606114387512207031e-01
3.606114387512207031e-01
9.810246229171752930e-01
9.895618557929992676e-01
9.963974356651306152e-01
8.895133137702941895e-01
9.770318865776062012e-01
9.647952318191528320e-01
3.606114387512207031e-01
3.606114387512207031e-01
3.606114387512207031e-01
9.736633300781250000e-01
9.995687603950500488e-01
9.924327135086059570e-01
3.606114387512207031e-01
3.606114387512207031e-01
9.904876351356506348e-01
3.606114387512207031e-01
3.606114387512207031e-01
3.606114387512207031e-01
9.450426697731018066e-01
9.997929930686950684e-01
9.586021900177001953e-01
9.965432286262512207e-01
3.606114387512207031e-01
3.606114387512207031e-01
3.606114387512207031e-01
9.856880903244018555e-01
3.606114387512207031e-01
3.606114387512207031e-01
9.897537231445312500e-01
9.826799631118774414e-01
3.606114387512207031e-01
3.606114387512207031e-01
9.878413081169128418e-01
3.606114387512207031e-01
9.958233833312988281e-01
3.606114387512207031e-01
3.606114387512207031e-01
3.606114387512207031e-01
3.606114387512207031e-01
9.592846035957336426e-01
3.606114387512207031e-01
3.606114387512207031e-01
9.994490742683410645e-01
9.977013468742370605e-01
3.606114387512207031e-01
3.606114387512207031e-01
3.606114387512207031e-01
9.962479472160339355e-01
3.606114387512207031e-01
9.922524094581604004e-01
9.963459372520446777e-01
3.606114387512207031e-01
3.606114387512207031e-01
3.606114387512207031e-01
3.606114387512207031e-01
9.657428860664367676e-01
3.606114387512207031e-01
3.606114387512207031e-01
3.606114387512207031e-01
9.571755528450012207e-01
3.606114387512207031e-01
9.404255151748657227e-01
9.958523511886596680e-01
8.018662929534912109e-01
3.606114387512207031e-01
9.949707388877868652e-01
9.877124428749084473e-01
9.994283318519592285e-01
3.606114387512207031e-01
9.517608880996704102e-01
3.606114387512207031e-01
3.606114387512207031e-01
3.606114387512207031e-01
3.606114387512207031e-01
3.606114387512207031e-01
3.606114387512207031e-01
3.606114387512207031e-01
3.606114387512207031e-01
3.606114387512207031e-01
3.606114387512207031e-01
3.606114387512207031e-01
3.606114387512207031e-01
3.606114387512207031e-01
3.606114387512207031e-01
3.606114387512207031e-01
3.606114387512207031e-01
3.606114387512207031e-01
3.606114387512207031e-01
3.606114387512207031e-01
3.606114387512207031e-01
3.606114387512207031e-01
3.606114387512207031e-01
3.606114387512207031e-01
3.606114387512207031e-01
3.606114387512207031e-01
3.606114387512207031e-01
3.606114387512207031e-01
3.606114387512207031e-01
3.606114387512207031e-01
3.606114387512207031e-01
3.606114387512207031e-01
3.606114387512207031e-01
3.606114387512207031e-01
3.606114387512207031e-01
3.606114387512207031e-01
3.606114387512207031e-01
3.606114387512207031e-01
3.606114387512207031e-01
2.073329240083694458e-01
3.606114387512207031e-01
3.606114387512207031e-01
3.606114387512207031e-01
3.606114387512207031e-01
3.606114387512207031e-01
3.606114387512207031e-01
3.606114387512207031e-01
3.606114387512207031e-01
3.606114387512207031e-01
3.606114387512207031e-01
3.606114387512207031e-01
3.606114387512207031e-01
3.606114387512207031e-01
3.606114387512207031e-01
3.606114387512207031e-01
3.606114387512207031e-01
3.606114387512207031e-01
3.606114387512207031e-01
3.606114387512207031e-01
3.606114387512207031e-01
3.606114387512207031e-01
3.606114387512207031e-01
3.606114387512207031e-01
3.606114387512207031e-01
3.606114387512207031e-01
3.606114387512207031e-01
3.606114387512207031e-01
3.606114387512207031e-01
3.606114387512207031e-01
3.606114387512207031e-01
3.606114387512207031e-01
3.606114387512207031e-01
3.606114387512207031e-01
3.606114387512207031e-01
3.606114387512207031e-01
3.606114387512207031e-01
3.606114387512207031e-01
3.606114387512207031e-01
3.606114387512207031e-01
3.606114387512207031e-01
3.606114387512207031e-01
3.606114387512207031e-01
3.606114387512207031e-01
3.606114387512207031e-01
3.606114387512207031e-01
3.606114387512207031e-01
3.606114387512207031e-01
3.606114387512207031e-01
3.606114387512207031e-01
3.606114387512207031e-01
3.606114387512207031e-01
3.606114387512207031e-01
3.606114387512207031e-01
3.606114387512207031e-01
3.606114387512207031e-01
3.606114387512207031e-01
3.606114387512207031e-01
3.606114387512207031e-01
3.606114387512207031e-01
3.606114387512207031e-01
3.606114387512207031e-01
3.606114387512207031e-01
3.606114387512207031e-01
3.606114387512207031e-01
3.606114387512207031e-01
3.606114387512207031e-01
3.606114387512207031e-01
3.606114387512207031e-01
3.606114387512207031e-01
3.606114387512207031e-01
3.606114387512207031e-01
3.606114387512207031e-01
3.606114387512207031e-01
3.606114387512207031e-01
3.606114387512207031e-01
3.606114387512207031e-01
3.606114387512207031e-01
3.606114387512207031e-01
3.606114387512207031e-01
3.606114387512207031e-01
3.606114387512207031e-01
3.606114387512207031e-01
3.606114387512207031e-01
3.606114387512207031e-01
3.606114387512207031e-01
3.606114387512207031e-01
3.606114387512207031e-01
3.606114387512207031e-01
3.606114387512207031e-01
3.606114387512207031e-01
3.606114387512207031e-01
3.606114387512207031e-01
3.606114387512207031e-01
3.606114387512207031e-01
3.606114387512207031e-01
3.606114387512207031e-01
3.606114387512207031e-01
3.606114387512207031e-01
3.606114387512207031e-01
3.606114387512207031e-01
3.606114387512207031e-01
3.606114387512207031e-01
3.606114387512207031e-01
3.606114387512207031e-01
3.606114387512207031e-01
3.606114387512207031e-01
3.606114387512207031e-01
3.606114387512207031e-01
3.606114387512207031e-01
3.606114387512207031e-01
3.606114387512207031e-01
3.606114387512207031e-01
3.606114387512207031e-01
3.606114387512207031e-01
3.606114387512207031e-01
3.606114387512207031e-01
3.606114387512207031e-01
3.606114387512207031e-01
3.606114387512207031e-01
3.606114387512207031e-01
3.606114387512207031e-01
3.606114387512207031e-01
3.606114387512207031e-01
3.606114387512207031e-01
3.606114387512207031e-01
3.606114387512207031e-01
3.606114387512207031e-01
3.606114387512207031e-01
3.606114387512207031e-01
3.606114387512207031e-01
3.606114387512207031e-01
3.606114387512207031e-01
3.606114387512207031e-01
3.606114387512207031e-01
3.606114387512207031e-01
3.606114387512207031e-01
3.606114387512207031e-01
3.606114387512207031e-01
3.606114387512207031e-01
3.606114387512207031e-01
3.606114387512207031e-01
3.606114387512207031e-01
3.606114387512207031e-01
3.606114387512207031e-01
3.606114387512207031e-01
3.606114387512207031e-01
3.606114387512207031e-01
3.606114387512207031e-01
3.606114387512207031e-01
3.606114387512207031e-01
3.606114387512207031e-01
3.606114387512207031e-01
3.606114387512207031e-01
3.606114387512207031e-01
3.606114387512207031e-01
3.606114387512207031e-01
3.606114387512207031e-01
3.606114387512207031e-01
3.606114387512207031e-01
3.606114387512207031e-01
3.606114387512207031e-01
3.606114387512207031e-01
3.606114387512207031e-01
3.606114387512207031e-01
3.606114387512207031e-01
3.606114387512207031e-01
3.606114387512207031e-01
3.606114387512207031e-01
3.606114387512207031e-01
3.606114387512207031e-01
3.606114387512207031e-01
3.606114387512207031e-01
3.606114387512207031e-01
3.606114387512207031e-01
3.606114387512207031e-01
3.606114387512207031e-01
3.606114387512207031e-01
3.606114387512207031e-01
3.606114387512207031e-01
3.606114387512207031e-01
3.606114387512207031e-01
3.606114387512207031e-01
3.606114387512207031e-01
3.606114387512207031e-01
3.606114387512207031e-01
3.606114387512207031e-01
3.606114387512207031e-01
3.606114387512207031e-01
3.606114387512207031e-01
3.606114387512207031e-01
3.606114387512207031e-01
3.606114387512207031e-01
3.606114387512207031e-01
3.606114387512207031e-01
3.606114387512207031e-01
3.606114387512207031e-01
3.606114387512207031e-01
3.606114387512207031e-01
3.606114387512207031e-01
3.606114387512207031e-01
3.606114387512207031e-01
3.606114387512207031e-01
3.606114387512207031e-01
3.606114387512207031e-01
1.173048391938209534e-01
3.606114387512207031e-01
3.606114387512207031e-01
3.606114387512207031e-01
3.606114387512207031e-01
3.606114387512207031e-01
3.606114387512207031e-01
3.606114387512207031e-01
3.606114387512207031e-01
3.606114387512207031e-01
3.606114387512207031e-01
3.606114387512207031e-01
3.606114387512207031e-01
3.606114387512207031e-01
3.606114387512207031e-01
3.606114387512207031e-01
3.606114387512207031e-01
3.606114387512207031e-01
3.606114387512207031e-01
3.075997531414031982e-01
3.606114387512207031e-01
3.606114387512207031e-01
3.606114387512207031e-01
3.606114387512207031e-01
3.606114387512207031e-01
3.606114387512207031e-01
3.606114387512207031e-01
3.606114387512207031e-01
3.606114387512207031e-01
3.606114387512207031e-01
3.606114387512207031e-01
3.606114387512207031e-01
3.606114387512207031e-01
3.606114387512207031e-01
3.606114387512207031e-01
3.606114387512207031e-01
3.606114387512207031e-01
3.606114387512207031e-01
3.606114387512207031e-01
3.606114387512207031e-01
3.606114387512207031e-01
3.606114387512207031e-01
3.606114387512207031e-01
3.606114387512207031e-01
3.606114387512207031e-01
3.606114387512207031e-01
3.606114387512207031e-01
3.606114387512207031e-01
3.606114387512207031e-01
3.606114387512207031e-01
3.606114387512207031e-01
3.606114387512207031e-01
3.606114387512207031e-01
3.606114387512207031e-01
3.606114387512207031e-01
3.606114387512207031e-01
3.606114387512207031e-01
3.606114387512207031e-01
3.606114387512207031e-01
3.606114387512207031e-01
1.852244138717651367e-01
3.606114387512207031e-01
3.606114387512207031e-01
3.606114387512207031e-01
3.606114387512207031e-01
3.606114387512207031e-01
3.606114387512207031e-01
3.606114387512207031e-01
3.606114387512207031e-01
3.606114387512207031e-01
3.606114387512207031e-01
3.606114387512207031e-01
3.606114387512207031e-01
3.606114387512207031e-01
3.606114387512207031e-01
3.606114387512207031e-01
3.606114387512207031e-01
3.606114387512207031e-01
3.606114387512207031e-01
3.606114387512207031e-01
3.606114387512207031e-01
3.606114387512207031e-01
3.606114387512207031e-01
3.606114387512207031e-01
3.606114387512207031e-01
3.606114387512207031e-01
3.606114387512207031e-01
3.606114387512207031e-01
3.606114387512207031e-01
3.606114387512207031e-01
3.606114387512207031e-01
3.606114387512207031e-01
3.606114387512207031e-01
3.606114387512207031e-01
3.606114387512207031e-01
3.606114387512207031e-01
3.606114387512207031e-01
3.606114387512207031e-01
3.606114387512207031e-01
3.606114387512207031e-01
3.606114387512207031e-01
3.606114387512207031e-01
3.606114387512207031e-01
3.606114387512207031e-01
3.606114387512207031e-01
3.606114387512207031e-01
3.606114387512207031e-01
3.606114387512207031e-01
3.606114387512207031e-01
3.606114387512207031e-01
3.606114387512207031e-01
3.606114387512207031e-01
3.606114387512207031e-01
3.606114387512207031e-01
3.606114387512207031e-01
3.606114387512207031e-01
3.606114387512207031e-01
3.606114387512207031e-01
3.606114387512207031e-01
3.606114387512207031e-01
3.606114387512207031e-01
3.606114387512207031e-01
3.606114387512207031e-01
3.606114387512207031e-01
3.606114387512207031e-01
3.606114387512207031e-01
3.364165127277374268e-01
3.606114387512207031e-01
3.606114387512207031e-01
3.606114387512207031e-01
3.606114387512207031e-01
3.606114387512207031e-01
3.606114387512207031e-01
3.606114387512207031e-01
3.606114387512207031e-01
3.606114387512207031e-01
3.606114387512207031e-01
3.606114387512207031e-01
3.606114387512207031e-01
3.606114387512207031e-01
3.606114387512207031e-01
3.606114387512207031e-01
3.606114387512207031e-01
3.606114387512207031e-01
3.606114387512207031e-01
3.606114387512207031e-01
3.606114387512207031e-01
3.606114387512207031e-01
3.606114387512207031e-01
3.606114387512207031e-01
3.606114387512207031e-01
3.606114387512207031e-01
3.606114387512207031e-01
3.606114387512207031e-01
3.606114387512207031e-01
3.606114387512207031e-01
3.606114387512207031e-01
3.606114387512207031e-01
3.606114387512207031e-01
3.606114387512207031e-01
3.606114387512207031e-01
3.606114387512207031e-01
3.606114387512207031e-01
3.606114387512207031e-01
3.606114387512207031e-01
3.606114387512207031e-01
3.606114387512207031e-01
3.606114387512207031e-01
3.606114387512207031e-01
3.606114387512207031e-01
3.606114387512207031e-01
3.606114387512207031e-01
3.606114387512207031e-01
3.606114387512207031e-01
3.606114387512207031e-01
3.606114387512207031e-01
3.606114387512207031e-01
3.606114387512207031e-01
3.606114387512207031e-01
3.606114387512207031e-01
3.606114387512207031e-01
3.606114387512207031e-01
3.606114387512207031e-01
3.606114387512207031e-01
3.606114387512207031e-01
3.606114387512207031e-01
2.063147872686386108e-01
3.606114387512207031e-01
1.683074384927749634e-01
3.606114387512207031e-01
3.606114387512207031e-01
3.606114387512207031e-01
3.606114387512207031e-01
3.606114387512207031e-01
3.606114387512207031e-01
3.606114387512207031e-01
3.606114387512207031e-01
3.606114387512207031e-01
3.606114387512207031e-01
3.606114387512207031e-01
3.606114387512207031e-01
3.606114387512207031e-01
3.606114387512207031e-01
3.606114387512207031e-01
3.606114387512207031e-01
3.606114387512207031e-01
3.606114387512207031e-01
3.606114387512207031e-01
3.606114387512207031e-01
3.606114387512207031e-01
3.606114387512207031e-01
8.912751078605651855e-02
3.606114387512207031e-01
3.606114387512207031e-01
3.606114387512207031e-01
3.606114387512207031e-01
1.882770359516143799e-01
3.606114387512207031e-01
3.606114387512207031e-01
3.606114387512207031e-01
3.606114387512207031e-01
3.606114387512207031e-01
3.606114387512207031e-01
3.606114387512207031e-01
3.606114387512207031e-01
3.606114387512207031e-01
3.606114387512207031e-01
3.606114387512207031e-01
3.606114387512207031e-01
3.606114387512207031e-01
3.606114387512207031e-01
3.606114387512207031e-01
3.606114387512207031e-01
3.606114387512207031e-01
3.606114387512207031e-01
3.606114387512207031e-01
3.606114387512207031e-01
3.606114387512207031e-01
3.606114387512207031e-01
3.606114387512207031e-01
3.606114387512207031e-01
3.606114387512207031e-01
3.606114387512207031e-01
3.606114387512207031e-01
3.606114387512207031e-01
3.606114387512207031e-01
3.606114387512207031e-01
3.606114387512207031e-01
3.606114387512207031e-01
3.606114387512207031e-01
3.606114387512207031e-01
3.606114387512207031e-01
3.606114387512207031e-01
3.606114387512207031e-01
3.606114387512207031e-01
3.606114387512207031e-01
3.606114387512207031e-01
3.606114387512207031e-01
3.606114387512207031e-01
