5.321891307830810547e-01
5.651636123657226562e-01
3.328902125358581543e-01
5.653383731842041016e-01
5.968524813652038574e-01
4.878838658332824707e-01
3.587428629398345947e-01
6.281276941299438477e-01
4.826976358890533447e-01
3.892518281936645508e-01
4.258478879928588867e-01
7.613616585731506348e-01
4.596961438655853271e-01
5.465160012245178223e-01
4.942121505737304688e-01
3.071510195732116699e-01
4.484096765518188477e-01
4.163093268871307373e-01
4.586067795753479004e-01
3.850525915622711182e-01
4.676987230777740479e-01
4.943914711475372314e-01
3.622980415821075439e-01
6.441068053245544434e-01
5.068352222442626953e-01
5.070765614509582520e-01
5.552923083305358887e-01
8.359627127647399902e-01
6.531234979629516602e-01
4.067831337451934814e-01
2.952518761157989502e-01
4.288929700851440430e-01
3.015093207359313965e-01
5.811122059822082520e-01
5.390139818191528320e-01
4.562454819679260254e-01
4.545877575874328613e-01
5.542395114898681641e-01
3.475669622421264648e-01
6.599032282829284668e-01
4.836087226867675781e-01
7.685028910636901855e-01
3.011284470558166504e-01
5.640732645988464355e-01
4.306243956089019775e-01
7.964061498641967773e-01
5.609903335571289062e-01
4.945318996906280518e-01
3.899551630020141602e-01
7.228829264640808105e-01
3.817319273948669434e-01
5.354404449462890625e-01
4.294581711292266846e-01
4.593038558959960938e-01
6.271336674690246582e-01
5.498729944229125977e-01
4.043185412883758545e-01
6.225416660308837891e-01
7.674015760421752930e-01
7.552331089973449707e-01
6.444867253303527832e-01
5.014437437057495117e-01
5.936565995216369629e-01
8.369215726852416992e-01
4.742672741413116455e-01
6.382185220718383789e-01
3.791050612926483154e-01
5.487606525421142578e-01
8.011020421981811523e-01
3.432538509368896484e-01
6.528548002243041992e-01
8.014129996299743652e-01
6.569272279739379883e-01
4.594289362430572510e-01
5.887647867202758789e-01
6.764583587646484375e-01
6.092032790184020996e-01
5.436207056045532227e-01
4.472420513629913330e-01
7.122718691825866699e-01
4.797297418117523193e-01
5.759054422378540039e-01
7.292999029159545898e-01
3.204567730426788330e-01
5.515142679214477539e-01
7.773875594139099121e-01
3.669463694095611572e-01
3.720553219318389893e-01
5.714954137802124023e-01
6.903982162475585938e-01
7.264385223388671875e-01
3.741715550422668457e-01
4.383798837661743164e-01
6.639886498451232910e-01
5.602716803550720215e-01
5.332259535789489746e-01
3.991773724555969238e-01
4.620837271213531494e-01
5.949882864952087402e-01
4.343856573104858398e-01
7.104672789573669434e-01
5.311269164085388184e-01
3.788944482803344727e-01
1.962399035692214966e-01
2.716350853443145752e-01
3.637679219245910645e-01
5.328252315521240234e-01
2.607385516166687012e-01
2.742714583873748779e-01
3.088331818580627441e-01
4.626306295394897461e-01
3.869962096214294434e-01
2.376843243837356567e-01
3.704492449760437012e-01
2.734984457492828369e-01
3.756948709487915039e-01
3.007918298244476318e-01
1.937021464109420776e-01
2.423241585493087769e-01
2.015026360750198364e-01
3.201598227024078369e-01
2.635122239589691162e-01
1.784311830997467041e-01
2.390749901533126831e-01
2.473371028900146484e-01
1.901644468307495117e-01
1.825268417596817017e-01
2.044511884450912476e-01
4.070402681827545166e-01
3.321156501770019531e-01
2.069880515336990356e-01
2.742310762405395508e-01
5.805222392082214355e-01
2.201796770095825195e-01
3.269164860248565674e-01
2.963249683380126953e-01
2.036592364311218262e-01
3.772082626819610596e-01
2.527005672454833984e-01
3.144232630729675293e-01
2.630524933338165283e-01
4.176839888095855713e-01
2.239864319562911987e-01
2.608398795127868652e-01
3.527837097644805908e-01
5.246163606643676758e-01
2.408592104911804199e-01
1.885517686605453491e-01
2.819845080375671387e-01
3.968808352947235107e-01
3.057191073894500732e-01
1.880889534950256348e-01
3.654723465442657471e-01
2.465700209140777588e-01
3.224046230316162109e-01
3.947197496891021729e-01
4.608983993530273438e-01
3.494574725627899170e-01
2.492398023605346680e-01
3.402149677276611328e-01
3.531807065010070801e-01
1.912851333618164062e-01
1.834404021501541138e-01
2.385173141956329346e-01
3.952125012874603271e-01
3.640644252300262451e-01
4.800475537776947021e-01
2.752919793128967285e-01
5.081827044486999512e-01
2.781713008880615234e-01
4.123213887214660645e-01
5.104269981384277344e-01
2.912425398826599121e-01
3.806459307670593262e-01
4.740457236766815186e-01
2.903531789779663086e-01
2.730872631072998047e-01
3.046775758266448975e-01
2.267753928899765015e-01
3.825108110904693604e-01
3.320018649101257324e-01
2.801154553890228271e-01
3.678776919841766357e-01
3.961317241191864014e-01
3.974574506282806396e-01
3.350750803947448730e-01
1.434016823768615723e-01
2.438286840915679932e-01
2.613840401172637939e-01
4.480907320976257324e-01
4.318868815898895264e-01
4.114014506340026855e-01
4.267890453338623047e-01
3.008471131324768066e-01
4.240071475505828857e-01
3.126159608364105225e-01
2.418857067823410034e-01
2.797513902187347412e-01
3.004096448421478271e-01
2.608346343040466309e-01
2.654082179069519043e-01
3.195302784442901611e-01
2.351208329200744629e-01
2.923833131790161133e-01
4.336019754409790039e-01
4.871632456779479980e-01
