5.089318752288818359e-01
5.104241371154785156e-01
4.559442400932312012e-01
5.060842037200927734e-01
5.115940570831298828e-01
5.093824267387390137e-01
4.952233433723449707e-01
5.156643390655517578e-01
5.110821723937988281e-01
4.986504614353179932e-01
5.077118277549743652e-01
5.087788701057434082e-01
4.955483675003051758e-01
5.088896155357360840e-01
5.038328170776367188e-01
4.918213486671447754e-01
5.185471177101135254e-01
4.995716214179992676e-01
5.013398528099060059e-01
4.652426540851593018e-01
5.020755529403686523e-01
4.891665875911712646e-01
5.054801106452941895e-01
4.995942413806915283e-01
4.999197125434875488e-01
4.947574138641357422e-01
5.080051422119140625e-01
5.093918442726135254e-01
5.090762376785278320e-01
5.007484555244445801e-01
4.954119324684143066e-01
4.991936683654785156e-01
4.661675691604614258e-01
5.021699070930480957e-01
5.071099996566772461e-01
5.005114078521728516e-01
5.074008703231811523e-01
4.993076324462890625e-01
4.939732253551483154e-01
5.043600797653198242e-01
4.974389672279357910e-01
5.098617076873779297e-01
4.620628058910369873e-01
5.210064649581909180e-01
5.050653815269470215e-01
5.113469958305358887e-01
5.027082562446594238e-01
4.821147620677947998e-01
4.823303818702697754e-01
5.081015229225158691e-01
4.974054694175720215e-01
4.989087581634521484e-01
4.960752129554748535e-01
5.096635222434997559e-01
5.303387641906738281e-01
5.205778479576110840e-01
4.952573776245117188e-01
5.124055147171020508e-01
5.135832428932189941e-01
5.244429111480712891e-01
4.957901537418365479e-01
5.119124054908752441e-01
4.947794675827026367e-01
5.048475265502929688e-01
4.784884750843048096e-01
5.231792926788330078e-01
5.042035579681396484e-01
5.023177862167358398e-01
5.066553950309753418e-01
5.022301673889160156e-01
5.227342844009399414e-01
5.065757036209106445e-01
5.001111030578613281e-01
4.985201060771942139e-01
5.246537923812866211e-01
5.114738941192626953e-01
5.149710178375244141e-01
4.822794795036315918e-01
5.029092431068420410e-01
5.065028071403503418e-01
5.146194100379943848e-01
5.040562748908996582e-01
5.245858430862426758e-01
5.021094083786010742e-01
5.078635811805725098e-01
5.235782861709594727e-01
5.012633204460144043e-01
5.071706771850585938e-01
5.106405615806579590e-01
5.028043389320373535e-01
5.141242146492004395e-01
4.930225908756256104e-01
4.790345728397369385e-01
5.079164505004882812e-01
5.203678607940673828e-01
5.138087272644042969e-01
4.729438126087188721e-01
5.087615251541137695e-01
5.092802643775939941e-01
4.727089107036590576e-01
5.132052302360534668e-01
5.082369446754455566e-01
4.702999293804168701e-01
4.877401590347290039e-01
4.679422974586486816e-01
5.040007233619689941e-01
5.064556002616882324e-01
4.735034406185150146e-01
4.943398535251617432e-01
5.051173567771911621e-01
4.927778840065002441e-01
5.007280707359313965e-01
4.679132699966430664e-01
5.035601258277893066e-01
4.833753407001495361e-01
5.070232152938842773e-01
4.931878149509429932e-01
4.599770605564117432e-01
4.964424073696136475e-01
4.504357874393463135e-01
4.987462162971496582e-01
4.632407426834106445e-01
4.470599591732025146e-01
4.584742486476898193e-01
4.692156910896301270e-01
4.543275833129882812e-01
5.018598437309265137e-01
4.883354008197784424e-01
5.010685324668884277e-01
4.579076468944549561e-01
4.556623995304107666e-01
4.681326150894165039e-01
5.219740867614746094e-01
4.555605351924896240e-01
4.788867831230163574e-01
4.600771963596343994e-01
4.882071614265441895e-01
4.973120093345642090e-01
4.957797825336456299e-01
4.586545228958129883e-01
4.892746508121490479e-01
4.825574457645416260e-01
4.549318850040435791e-01
4.992197453975677490e-01
4.946799278259277344e-01
5.125612616539001465e-01
4.868040382862091064e-01
4.482717514038085938e-01
5.005309581756591797e-01
4.906070232391357422e-01
4.671038985252380371e-01
5.007742643356323242e-01
4.945629835128784180e-01
4.748761951923370361e-01
4.940271079540252686e-01
5.066686272621154785e-01
5.052435994148254395e-01
5.009605884552001953e-01
4.615329504013061523e-01
4.750823676586151123e-01
4.864163398742675781e-01
4.519340395927429199e-01
4.447605013847351074e-01
4.685713052749633789e-01
4.916560947895050049e-01
5.032443404197692871e-01
5.044285655021667480e-01
4.798155128955841064e-01
5.221256613731384277e-01
4.710144400596618652e-01
4.951296746730804443e-01
5.122035741806030273e-01
5.041460990905761719e-01
4.866244792938232422e-01
5.136802196502685547e-01
4.980535209178924561e-01
4.998915493488311768e-01
4.829367697238922119e-01
4.744975566864013672e-01
4.970641732215881348e-01
5.073165297508239746e-01
4.932004213333129883e-01
5.070638656616210938e-01
5.027214288711547852e-01
5.003464221954345703e-01
5.012363791465759277e-01
4.382227957248687744e-01
4.929423034191131592e-01
4.627642333507537842e-01
5.096666812896728516e-01
5.030506253242492676e-01
5.075587034225463867e-01
4.895149469375610352e-01
4.892682433128356934e-01
4.983108043670654297e-01
5.017040371894836426e-01
4.612020254135131836e-01
4.958071708679199219e-01
4.926404058933258057e-01
4.610219597816467285e-01
4.955497682094573975e-01
5.010122656822204590e-01
4.498825371265411377e-01
4.944069087505340576e-01
5.194475054740905762e-01
5.078614354133605957e-01
