9.655126929283142090e-01
9.999681711196899414e-01
9.923177957534790039e-01
5.086561441421508789e-01
4.035883545875549316e-01
9.788342714309692383e-01
5.125441551208496094e-01
4.827927947044372559e-01
6.149353384971618652e-01
9.989546537399291992e-01
9.966155886650085449e-01
5.055297613143920898e-01
9.946963787078857422e-01
9.774630069732666016e-01
5.126304030418395996e-01
5.852748751640319824e-01
9.922086000442504883e-01
9.981026053428649902e-01
4.852104187011718750e-01
9.712705016136169434e-01
5.747398734092712402e-01
9.956454038619995117e-01
5.945048332214355469e-01
9.979118704795837402e-01
4.979113936424255371e-01
9.685851335525512695e-01
9.218295216560363770e-01
9.898639321327209473e-01
9.901496171951293945e-01
6.047323346138000488e-01
9.993836879730224609e-01
5.037366747856140137e-01
9.983326792716979980e-01
9.571850299835205078e-01
9.947191476821899414e-01
9.958167672157287598e-01
9.999794960021972656e-01
9.382489323616027832e-01
4.775952994823455811e-01
9.882729649543762207e-01
5.700042247772216797e-01
5.348024368286132812e-01
9.773933887481689453e-01
5.078662633895874023e-01
5.531796813011169434e-01
4.313726127147674561e-01
5.473024249076843262e-01
4.342665374279022217e-01
9.988535642623901367e-01
4.453097581863403320e-01
9.796395301818847656e-01
4.838941991329193115e-01
7.354999780654907227e-01
9.979160428047180176e-01
5.898237824440002441e-01
7.329518795013427734e-01
9.993128776550292969e-01
6.691084504127502441e-01
5.454466342926025391e-01
9.829338192939758301e-01
9.884010553359985352e-01
9.635018110275268555e-01
9.887489080429077148e-01
4.919911324977874756e-01
9.450435042381286621e-01
7.983635067939758301e-01
4.907068312168121338e-01
9.938222169876098633e-01
3.957391679286956787e-01
5.580379962921142578e-01
9.701767563819885254e-01
9.556866884231567383e-01
5.033209323883056641e-01
4.957489669322967529e-01
9.983279109001159668e-01
6.621235013008117676e-01
8.581175804138183594e-01
9.590559005737304688e-01
9.881883263587951660e-01
9.440787434577941895e-01
9.267117977142333984e-01
9.917607307434082031e-01
9.487837553024291992e-01
8.798617124557495117e-01
9.130324721336364746e-01
9.097069501876831055e-01
9.693089723587036133e-01
9.421547055244445801e-01
9.973533153533935547e-01
7.006599307060241699e-01
9.941496849060058594e-01
9.907516241073608398e-01
9.208065867424011230e-01
9.746044874191284180e-01
9.809799790382385254e-01
9.937310814857482910e-01
9.776629209518432617e-01
9.896508455276489258e-01
9.067190885543823242e-01
6.060464978218078613e-01
9.348089098930358887e-01
9.908150434494018555e-01
8.997300863265991211e-01
9.293707013130187988e-01
9.958478212356567383e-01
9.787550568580627441e-01
9.994075298309326172e-01
7.752829194068908691e-01
9.380203485488891602e-01
9.307841062545776367e-01
9.928297400474548340e-01
7.795201539993286133e-01
9.053593277931213379e-01
8.764000535011291504e-01
9.743733406066894531e-01
9.022911190986633301e-01
8.258080482482910156e-01
9.941211342811584473e-01
9.901521801948547363e-01
9.995698332786560059e-01
9.547249674797058105e-01
9.846367835998535156e-01
9.740875363349914551e-01
9.090856909751892090e-01
9.995211362838745117e-01
9.427814483642578125e-01
9.885591864585876465e-01
6.587136983871459961e-01
9.744310379028320312e-01
9.994331002235412598e-01
9.995200634002685547e-01
9.939906597137451172e-01
9.959669113159179688e-01
8.944114446640014648e-01
9.921205043792724609e-01
6.722594499588012695e-01
9.976812601089477539e-01
9.962081909179687500e-01
9.837268590927124023e-01
9.875038266181945801e-01
9.154505133628845215e-01
9.997926354408264160e-01
9.105263352394104004e-01
9.278685450553894043e-01
9.902967810630798340e-01
7.230736017227172852e-01
9.271438121795654297e-01
8.362238407135009766e-01
9.930457472801208496e-01
9.820334315299987793e-01
9.963170289993286133e-01
4.296458363533020020e-01
9.993277788162231445e-01
7.755650877952575684e-01
9.974403381347656250e-01
9.537394642829895020e-01
9.905638694763183594e-01
9.973850846290588379e-01
9.999916553497314453e-01
5.940847992897033691e-01
4.037383496761322021e-01
7.634478807449340820e-01
8.460193276405334473e-01
9.985135197639465332e-01
9.993721842765808105e-01
9.972941279411315918e-01
5.786122083663940430e-01
4.840491116046905518e-01
1.000000000000000000e+00
7.519692778587341309e-01
5.684428811073303223e-01
9.979477524757385254e-01
3.691667616367340088e-01
9.907957911491394043e-01
9.853625297546386719e-01
6.038999557495117188e-01
9.953610301017761230e-01
3.879086971282958984e-01
5.374799966812133789e-01
9.708756208419799805e-01
5.283637046813964844e-01
4.933632016181945801e-01
9.888556599617004395e-01
6.007910966873168945e-01
9.998061060905456543e-01
9.872896075248718262e-01
5.339968800544738770e-01
5.128954648971557617e-01
9.817221760749816895e-01
9.943100214004516602e-01
8.146319985389709473e-01
6.081969738006591797e-01
9.978742599487304688e-01
9.986646175384521484e-01
4.917701780796051025e-01
9.967278242111206055e-01
4.135161340236663818e-01
5.038804411888122559e-01
5.058898329734802246e-01
9.993302822113037109e-01
3.708675205707550049e-01
9.997056126594543457e-01
5.061898231506347656e-01
9.961121678352355957e-01
9.916609525680541992e-01
4.501400291919708252e-01
6.004210710525512695e-01
4.340073168277740479e-01
9.978418350219726562e-01
5.479668378829956055e-01
5.039994716644287109e-01
4.452587962150573730e-01
5.429257154464721680e-01
9.926602840423583984e-01
9.989989399909973145e-01
9.688823819160461426e-01
9.983223080635070801e-01
4.891101717948913574e-01
9.854429960250854492e-01
9.976818561553955078e-01
9.995760321617126465e-01
9.998102784156799316e-01
9.967901110649108887e-01
5.595937371253967285e-01
9.997412562370300293e-01
6.652097702026367188e-01
6.026051640510559082e-01
4.002543687820434570e-01
9.978225231170654297e-01
9.895394444465637207e-01
4.095019400119781494e-01
4.967296719551086426e-01
4.572706818580627441e-01
9.616004228591918945e-01
9.940198659896850586e-01
9.969840645790100098e-01
5.482152700424194336e-01
9.989696741104125977e-01
9.961007833480834961e-01
9.863176345825195312e-01
4.911497533321380615e-01
9.998281002044677734e-01
6.226133108139038086e-01
9.941850304603576660e-01
6.617071032524108887e-01
1.999908089637756348e-01
4.436086118221282959e-01
9.950914382934570312e-01
4.972518682479858398e-01
4.378297924995422363e-01
4.884082973003387451e-01
4.790113568305969238e-01
4.605146050453186035e-01
9.978266358375549316e-01
4.756588935852050781e-01
9.982293248176574707e-01
9.343636035919189453e-01
9.973419308662414551e-01
9.998613595962524414e-01
3.965115249156951904e-01
9.974101185798645020e-01
4.667173027992248535e-01
4.962029159069061279e-01
4.526614546775817871e-01
9.885469675064086914e-01
3.797608017921447754e-01
9.984363913536071777e-01
9.710323810577392578e-01
5.367823839187622070e-01
9.844177961349487305e-01
4.466466009616851807e-01
9.918946623802185059e-01
9.914920926094055176e-01
9.745347499847412109e-01
9.902014136314392090e-01
4.521602392196655273e-01
4.509867429733276367e-01
4.455156028270721436e-01
4.692811071872711182e-01
4.522832632064819336e-01
9.875382184982299805e-01
4.452331662178039551e-01
6.678162217140197754e-01
7.662414908409118652e-01
9.956541061401367188e-01
9.402939677238464355e-01
5.005655884742736816e-01
9.917769432067871094e-01
9.999512434005737305e-01
4.681887924671173096e-01
4.359149932861328125e-01
4.894462823867797852e-01
4.831212460994720459e-01
9.933456182479858398e-01
8.276404142379760742e-01
4.353588223457336426e-01
9.077553749084472656e-01
4.818873405456542969e-01
4.143357276916503906e-01
9.674927592277526855e-01
5.175471305847167969e-01
9.897208809852600098e-01
4.265724718570709229e-01
3.378090858459472656e-01
9.724288582801818848e-01
9.590892791748046875e-01
4.463623762130737305e-01
9.983456134796142578e-01
9.734334945678710938e-01
4.294053912162780762e-01
5.331469774246215820e-01
3.996352553367614746e-01
9.718111753463745117e-01
9.709308743476867676e-01
4.817581474781036377e-01
4.705098867416381836e-01
9.642768502235412598e-01
3.961073160171508789e-01
8.984612226486206055e-01
9.604413509368896484e-01
6.050016283988952637e-01
6.172332167625427246e-01
9.673136472702026367e-01
7.204436659812927246e-01
6.676166057586669922e-01
8.690600395202636719e-01
5.309897065162658691e-01
5.706590414047241211e-01
9.013485908508300781e-01
9.742699861526489258e-01
9.913573265075683594e-01
9.985134005546569824e-01
5.129160284996032715e-01
8.805360198020935059e-01
8.857678771018981934e-01
6.159628033638000488e-01
7.028918266296386719e-01
4.144426584243774414e-01
8.152404427528381348e-01
8.973409533500671387e-01
9.993026256561279297e-01
9.828526377677917480e-01
7.747566699981689453e-01
9.976586103439331055e-01
7.375285625457763672e-01
8.287470340728759766e-01
7.687325477600097656e-01
6.771026253700256348e-01
6.172332167625427246e-01
9.965962767601013184e-01
9.857747554779052734e-01
5.352546572685241699e-01
6.766857504844665527e-01
8.796315193176269531e-01
7.300304770469665527e-01
9.996547698974609375e-01
8.275411128997802734e-01
8.103669285774230957e-01
9.999979734420776367e-01
8.107020258903503418e-01
9.890360236167907715e-01
6.023651361465454102e-01
2.021129578351974487e-01
9.999203681945800781e-01
8.238394260406494141e-01
8.793558478355407715e-01
6.834862232208251953e-01
9.999783039093017578e-01
4.624933004379272461e-01
6.447718143463134766e-01
9.647275209426879883e-01
9.838300347328186035e-01
8.440772891044616699e-01
7.638490796089172363e-01
2.852297723293304443e-01
6.401259303092956543e-01
9.991635084152221680e-01
9.864385128021240234e-01
6.820369958877563477e-01
5.113856792449951172e-01
8.720012307167053223e-01
3.648501932621002197e-01
7.839649915695190430e-01
8.946816921234130859e-01
9.964120984077453613e-01
4.401392042636871338e-01
5.093036293983459473e-01
7.426937222480773926e-01
8.235845565795898438e-01
7.167394161224365234e-01
4.741830825805664062e-01
5.433549284934997559e-01
2.764071524143218994e-01
1.794356256723403931e-01
5.342762470245361328e-01
6.491871476173400879e-01
8.891333937644958496e-01
9.974729418754577637e-01
6.441877484321594238e-01
7.266954779624938965e-01
6.968774199485778809e-01
9.957297444343566895e-01
9.968594312667846680e-01
8.288996815681457520e-01
4.356256425380706787e-01
9.989466071128845215e-01
4.751581847667694092e-01
8.133181333541870117e-01
3.582855761051177979e-01
9.988381266593933105e-01
4.408773183822631836e-01
6.430470347404479980e-01
7.181053161621093750e-01
8.762474656105041504e-01
6.893519163131713867e-01
8.788413405418395996e-01
6.215223073959350586e-01
4.229032099246978760e-01
9.993655085563659668e-01
8.539505600929260254e-01
5.352392792701721191e-01
9.142492413520812988e-01
3.287357687950134277e-01
4.059779047966003418e-01
5.313392877578735352e-01
5.744925141334533691e-01
5.245708227157592773e-01
9.371256232261657715e-01
9.999157190322875977e-01
9.688002467155456543e-01
9.999933242797851562e-01
9.955902099609375000e-01
9.605967402458190918e-01
5.649352073669433594e-01
6.836389303207397461e-01
6.057773232460021973e-01
9.751987457275390625e-01
9.282295107841491699e-01
9.831304550170898438e-01
4.216796755790710449e-01
5.034478902816772461e-01
9.660100340843200684e-01
5.164222717285156250e-01
4.874552786350250244e-01
9.426976442337036133e-01
8.814924359321594238e-01
9.978479146957397461e-01
9.942111372947692871e-01
9.617491364479064941e-01
7.452099919319152832e-01
7.660691142082214355e-01
4.622189402580261230e-01
9.985180497169494629e-01
4.311068356037139893e-01
5.793381333351135254e-01
9.943333864212036133e-01
9.963482022285461426e-01
5.273494720458984375e-01
4.953730702400207520e-01
9.385513663291931152e-01
4.533824920654296875e-01
9.967272281646728516e-01
7.141260504722595215e-01
4.862424433231353760e-01
8.392868041992187500e-01
4.517085850238800049e-01
9.997321963310241699e-01
5.422652363777160645e-01
4.714556336402893066e-01
9.867079257965087891e-01
9.944002032279968262e-01
7.533401250839233398e-01
5.074924826622009277e-01
4.541096091270446777e-01
9.748257994651794434e-01
8.682108521461486816e-01
9.894207715988159180e-01
9.974368810653686523e-01
6.085536479949951172e-01
9.585013985633850098e-01
5.370535850524902344e-01
5.491661429405212402e-01
9.995797276496887207e-01
7.471975684165954590e-01
4.648227691650390625e-01
5.895066857337951660e-01
9.775949120521545410e-01
6.956851482391357422e-01
9.195944070816040039e-01
9.955109357833862305e-01
9.908227920532226562e-01
5.639900565147399902e-01
9.866849780082702637e-01
9.994252920150756836e-01
9.999998807907104492e-01
5.271971821784973145e-01
9.998046755790710449e-01
4.976549446582794189e-01
7.367095351219177246e-01
4.794228971004486084e-01
1.022326853126287460e-02
1.757249236106872559e-01
3.502874970436096191e-01
4.555101692676544189e-01
2.492467314004898071e-01
4.107754826545715332e-01
4.594587087631225586e-01
3.717870116233825684e-01
5.244944691658020020e-01
1.236326098442077637e-01
1.301173027604818344e-02
5.496246218681335449e-01
3.522508144378662109e-01
3.478966057300567627e-01
5.038427114486694336e-01
4.328290522098541260e-01
3.790459930896759033e-01
4.462956488132476807e-01
6.015718579292297363e-01
4.835600852966308594e-01
2.545864693820476532e-02
1.242398768663406372e-01
4.886750578880310059e-01
4.186567384749650955e-03
9.283434599637985229e-02
8.089181780815124512e-02
6.682024896144866943e-02
2.308250963687896729e-01
8.369293995201587677e-03
2.811514437198638916e-01
2.377286106348037720e-01
1.909335404634475708e-01
9.688000380992889404e-02
2.933823466300964355e-01
9.786148369312286377e-02
4.875225126743316650e-01
3.393427431583404541e-01
2.487445920705795288e-01
5.010675787925720215e-01
1.452983021736145020e-01
3.313870131969451904e-01
9.578277915716171265e-02
4.567680954933166504e-01
4.228573143482208252e-01
4.442521929740905762e-01
1.130976676940917969e-01
3.510843217372894287e-01
3.379185497760772705e-01
1.687958985567092896e-01
3.724579811096191406e-01
4.101345688104629517e-02
4.571368396282196045e-01
2.351476699113845825e-01
6.378506124019622803e-02
6.281789541244506836e-01
3.384352028369903564e-01
4.501920342445373535e-01
2.265108972787857056e-01
1.846256852149963379e-01
2.578375637531280518e-01
1.955554932355880737e-01
2.863050997257232666e-01
2.046089768409729004e-01
4.035101234912872314e-01
5.088014006614685059e-01
3.864347338676452637e-01
1.348257623612880707e-02
3.586920797824859619e-01
4.983598887920379639e-01
3.854739665985107422e-01
3.865696489810943604e-01
1.603588461875915527e-01
4.058309197425842285e-01
2.019378393888473511e-01
3.853010535240173340e-01
2.755647003650665283e-01
6.126581877470016479e-02
2.553678676486015320e-02
1.805700659751892090e-01
3.881097957491874695e-02
4.901095852255821228e-02
8.008970320224761963e-02
1.233779937028884888e-01
2.548794448375701904e-01
4.894715249538421631e-01
2.953763492405414581e-02
6.882427334785461426e-01
3.032786212861537933e-02
2.240073680877685547e-01
9.123656153678894043e-02
4.229212701320648193e-01
2.606219351291656494e-01
4.070650041103363037e-02
4.902977347373962402e-01
1.895700953900814056e-02
2.950977161526679993e-02
2.178975194692611694e-01
1.587130129337310791e-01
2.546704187989234924e-02
1.062789112329483032e-01
1.175817940384149551e-02
6.910078693181276321e-03
4.069945961236953735e-02
3.347298130393028259e-02
3.900696337223052979e-02
1.064835190773010254e-01
1.773299276828765869e-01
2.564166784286499023e-01
4.654686525464057922e-02
7.339479029178619385e-02
3.307214751839637756e-02
1.296714544296264648e-01
3.021084889769554138e-02
1.729219555854797363e-01
2.437631934881210327e-01
2.281181327998638153e-02
1.647113114595413208e-01
1.285987347364425659e-02
7.448163628578186035e-02
1.624951809644699097e-01
6.034649536013603210e-02
3.911417350172996521e-02
6.118731200695037842e-02
3.690588846802711487e-02
2.831278182566165924e-02
4.628388211131095886e-02
5.094728246331214905e-02
6.213164925575256348e-01
4.483635351061820984e-02
2.961064688861370087e-02
4.463859833776950836e-03
4.797857701778411865e-01
1.394942253828048706e-01
2.151929400861263275e-02
1.927298456430435181e-01
1.377494335174560547e-01
9.228743612766265869e-02
3.458898514509201050e-02
1.132207512855529785e-01
3.768781200051307678e-02
1.006456092000007629e-01
1.732121556997299194e-01
9.200435131788253784e-02
3.252096846699714661e-02
1.011594757437705994e-01
8.076296001672744751e-02
2.481400407850742340e-02
5.671586990356445312e-01
5.481863021850585938e-02
1.223788782954216003e-01
1.005732342600822449e-01
2.878369688987731934e-01
2.803028523921966553e-01
4.071095287799835205e-01
1.643483340740203857e-01
1.148398444056510925e-01
8.942976593971252441e-02
3.098150528967380524e-02
1.575072258710861206e-01
1.738799959421157837e-01
5.147518515586853027e-01
3.199263215065002441e-01
2.713626325130462646e-01
6.860514730215072632e-02
3.620204031467437744e-01
1.967686712741851807e-01
9.717188030481338501e-02
2.885915637016296387e-01
8.384332805871963501e-02
4.417914152145385742e-01
2.771874964237213135e-01
2.279641926288604736e-01
4.712513685226440430e-01
2.355879843235015869e-01
2.587385475635528564e-01
5.637138485908508301e-01
3.382422924041748047e-01
3.693016469478607178e-01
5.030814409255981445e-01
1.173061355948448181e-01
5.629940629005432129e-01
1.201830282807350159e-01
3.566622138023376465e-01
1.248663589358329773e-01
4.149650335311889648e-01
2.340179383754730225e-01
4.459368884563446045e-01
3.064387142658233643e-01
4.373187124729156494e-01
3.640710115432739258e-01
1.929730027914047241e-01
4.443383216857910156e-01
1.037432625889778137e-01
1.525219678878784180e-01
4.187439978122711182e-01
3.705832660198211670e-01
2.411694377660751343e-01
3.938119113445281982e-01
7.671956717967987061e-02
8.441796153783798218e-02
4.327497780323028564e-01
2.463393062353134155e-01
2.831510901451110840e-01
4.677013456821441650e-01
4.848905205726623535e-01
2.901084125041961670e-01
4.486370384693145752e-01
9.674534946680068970e-02
3.881480395793914795e-01
1.732536852359771729e-01
5.043630599975585938e-01
2.985313534736633301e-01
1.956939995288848877e-01
4.858030378818511963e-01
3.123648464679718018e-01
3.410488069057464600e-01
1.716594398021697998e-01
3.757326900959014893e-01
4.907360076904296875e-01
1.093375086784362793e-01
2.715341150760650635e-01
1.987626403570175171e-01
1.426013857126235962e-01
3.669123351573944092e-01
3.124644756317138672e-01
4.276123046875000000e-01
1.169899255037307739e-01
1.895789206027984619e-01
4.009174406528472900e-01
1.801871657371520996e-01
4.789260327816009521e-01
5.285041928291320801e-01
4.920305311679840088e-01
4.286512136459350586e-01
1.666983366012573242e-01
5.751656889915466309e-01
3.418169915676116943e-01
3.524665832519531250e-01
1.102626621723175049e-01
4.875479638576507568e-01
3.737464249134063721e-01
9.271605312824249268e-02
2.702874541282653809e-01
2.053516805171966553e-01
2.385822683572769165e-01
2.767240703105926514e-01
3.166380822658538818e-01
3.207722306251525879e-01
4.554913938045501709e-01
2.508150339126586914e-01
4.572327733039855957e-01
1.071942970156669617e-01
1.262217611074447632e-01
4.038144052028656006e-01
3.212191462516784668e-01
1.065219417214393616e-01
3.757765889167785645e-01
4.043350815773010254e-01
2.590172290802001953e-01
3.872773796319961548e-02
4.060465097427368164e-01
4.103386104106903076e-01
4.686782062053680420e-01
2.703955471515655518e-01
4.371054470539093018e-01
4.313732385635375977e-01
2.914581000804901123e-01
4.907091557979583740e-01
2.290956825017929077e-01
4.289761483669281006e-01
2.287046313285827637e-01
3.994898498058319092e-01
3.590090870857238770e-01
4.554390013217926025e-01
4.469478726387023926e-01
4.005008935928344727e-01
4.027686715126037598e-01
4.224832653999328613e-01
8.483425527811050415e-02
1.530323550105094910e-02
4.524664282798767090e-01
2.322107553482055664e-01
2.563586831092834473e-01
3.720209300518035889e-01
1.923560053110122681e-01
2.177931964397430420e-01
1.122330427169799805e-01
4.630182981491088867e-01
3.549155592918395996e-01
4.077455401420593262e-01
4.080623090267181396e-01
3.884124159812927246e-01
1.467520296573638916e-01
1.479862779378890991e-01
3.130868449807167053e-02
4.476317465305328369e-01
4.421421289443969727e-01
4.472179710865020752e-01
3.459024727344512939e-01
4.784332215785980225e-01
6.777585297822952271e-02
7.630593329668045044e-02
3.006395995616912842e-01
3.817180991172790527e-01
4.794084131717681885e-01
4.389955997467041016e-01
3.839601576328277588e-01
4.485997855663299561e-01
9.378848224878311157e-02
2.104510813951492310e-01
3.360824659466743469e-02
4.791052639484405518e-01
4.156502187252044678e-01
4.526930153369903564e-01
1.352284103631973267e-01
3.498625457286834717e-01
3.884021639823913574e-01
3.963620364665985107e-01
2.680049240589141846e-01
8.136283606290817261e-03
1.096703186631202698e-01
2.118756175041198730e-01
1.407868862152099609e-01
2.052949517965316772e-01
1.796842515468597412e-01
6.590348482131958008e-02
9.634581953287124634e-02
4.823650419712066650e-01
1.736501753330230713e-01
6.951794773340225220e-02
3.257172703742980957e-01
9.284029901027679443e-02
1.848278492689132690e-01
4.845110327005386353e-02
4.839863255620002747e-02
5.288186669349670410e-01
1.269456148147583008e-01
1.614140421152114868e-01
2.607307583093643188e-02
3.261172473430633545e-01
3.406224250793457031e-01
5.077781621366739273e-03
1.525902301073074341e-01
9.727005846798419952e-03
2.386246770620346069e-01
1.822388321161270142e-01
1.458888314664363861e-02
1.094256937503814697e-01
5.219541192054748535e-01
2.807504311203956604e-02
1.181993074715137482e-02
3.138892650604248047e-01
1.362300813198089600e-01
9.252303838729858398e-02
6.494838744401931763e-03
1.026488095521926880e-01
2.122921049594879150e-01
4.137659966945648193e-01
1.259086728096008301e-01
8.673958480358123779e-02
3.170169144868850708e-02
1.055012419819831848e-01
4.250458180904388428e-01
1.403271779417991638e-02
8.939756453037261963e-02
2.936173081398010254e-01
1.974876672029495239e-01
1.394047737121582031e-01
5.878824591636657715e-01
2.754906378686428070e-02
1.091754809021949768e-01
2.828190028667449951e-01
2.970632910728454590e-02
1.180138140916824341e-01
2.157059609889984131e-01
2.376516461372375488e-01
8.684011176228523254e-03
6.980273723602294922e-01
2.264053523540496826e-01
8.144252747297286987e-02
4.552019834518432617e-01
4.168331027030944824e-01
2.966406382620334625e-02
3.028126358985900879e-01
3.716059625148773193e-01
1.493718773126602173e-01
4.424497485160827637e-02
2.467124760150909424e-01
1.354413479566574097e-01
6.406445056200027466e-02
2.465595304965972900e-01
1.503727491945028305e-02
7.016094326972961426e-01
1.338102519512176514e-01
2.412687838077545166e-01
3.176811337471008301e-01
7.743459194898605347e-03
4.449233040213584900e-02
8.741942793130874634e-02
9.644662588834762573e-02
6.832724902778863907e-03
1.564677804708480835e-02
4.554731026291847229e-02
6.360597908496856689e-02
2.805551886558532715e-02
4.002803564071655273e-01
1.728034950792789459e-02
4.331856593489646912e-02
5.883061885833740234e-01
1.770234480500221252e-02
1.372235417366027832e-01
2.603225708007812500e-01
4.060139954090118408e-01
3.981446623802185059e-01
3.697561919689178467e-01
3.889916231855750084e-03
1.908129900693893433e-01
1.264642924070358276e-01
4.769818112254142761e-02
4.252661466598510742e-01
1.443094909191131592e-01
3.215247988700866699e-01
1.238204687833786011e-01
4.370750188827514648e-01
5.056457519531250000e-01
4.494085609912872314e-01
5.051373243331909180e-01
1.254860591143369675e-02
1.822707355022430420e-01
4.049039185047149658e-01
2.742634117603302002e-01
2.386258095502853394e-01
4.763760566711425781e-01
3.046780526638031006e-01
4.468413814902305603e-02
1.232806127518415451e-02
6.153612211346626282e-02
4.706105217337608337e-03
3.659474551677703857e-01
5.541375875473022461e-01
4.125773310661315918e-01
1.235742419958114624e-01
3.723160922527313232e-01
1.684989035129547119e-02
4.627355933189392090e-01
2.757738530635833740e-02
4.935383498668670654e-01
4.422694742679595947e-01
6.807548552751541138e-02
8.643339574337005615e-02
7.904553785920143127e-03
4.113370478153228760e-01
1.552829444408416748e-01
1.086174696683883667e-01
5.116067454218864441e-02
4.768238663673400879e-01
3.399859368801116943e-01
2.805922627449035645e-01
1.372928619384765625e-01
9.723837487399578094e-03
1.985336840152740479e-01
6.425863504409790039e-02
3.882924914360046387e-01
3.739292323589324951e-01
5.241659879684448242e-01
3.802983164787292480e-01
3.303345739841461182e-01
5.712945479899644852e-03
3.021295964717864990e-01
3.460511565208435059e-01
1.391902416944503784e-01
2.995647788047790527e-01
4.548865258693695068e-01
4.300267249345779419e-02
2.123807668685913086e-01
1.349191553890705109e-02
4.109540283679962158e-01
4.261791110038757324e-01
2.020092494785785675e-02
5.241902470588684082e-01
7.050126194953918457e-01
1.006333157420158386e-01
1.876626461744308472e-01
4.529392123222351074e-01
3.381239771842956543e-01
9.090792387723922729e-02
2.795598208904266357e-01
3.149240463972091675e-02
9.336709976196289062e-02
4.445116221904754639e-01
6.038906285539269447e-04
6.038453578948974609e-01
4.313022494316101074e-01
2.434352226555347443e-02
1.314678508788347244e-02
6.575478613376617432e-02
3.906121253967285156e-01
2.668991498649120331e-02
4.764876067638397217e-01
