8.976252079010009766e-01
9.922862052917480469e-01
7.872568368911743164e-01
9.475442171096801758e-01
9.925393462181091309e-01
9.973139166831970215e-01
9.635669589042663574e-01
8.597691059112548828e-01
9.249901771545410156e-01
8.916919231414794922e-01
9.907962083816528320e-01
9.915315508842468262e-01
9.981858134269714355e-01
9.910428524017333984e-01
9.982599616050720215e-01
9.764627814292907715e-01
6.755599975585937500e-01
9.863439798355102539e-01
9.969371557235717773e-01
7.174733281135559082e-01
9.104351401329040527e-01
9.436935186386108398e-01
9.874553680419921875e-01
3.578507304191589355e-01
9.190050363540649414e-01
9.950605034828186035e-01
2.838089764118194580e-01
9.925909042358398438e-01
9.994481205940246582e-01
8.101959824562072754e-01
9.071251153945922852e-01
9.130056500434875488e-01
6.955383419990539551e-01
9.993494153022766113e-01
9.369195699691772461e-01
4.459737837314605713e-01
1.542705893516540527e-01
9.767568111419677734e-01
9.760307073593139648e-01
9.921412467956542969e-01
5.375030040740966797e-01
9.968668818473815918e-01
2.358436286449432373e-01
5.498502850532531738e-01
9.855259656906127930e-01
9.950301647186279297e-01
9.936097860336303711e-01
9.537379741668701172e-01
7.492209076881408691e-01
9.966584444046020508e-01
9.670828580856323242e-01
8.734192848205566406e-01
9.985226988792419434e-01
9.930890202522277832e-01
9.538429379463195801e-01
4.016472697257995605e-01
4.527781307697296143e-01
5.118154883384704590e-01
9.837961196899414062e-01
9.905505180358886719e-01
9.695121645927429199e-01
9.491867423057556152e-01
9.441038370132446289e-01
9.953992962837219238e-01
7.200612425804138184e-01
8.374055027961730957e-01
9.929559230804443359e-01
8.982217907905578613e-01
9.857252836227416992e-01
4.563619494438171387e-01
9.465450644493103027e-01
9.945736527442932129e-01
9.933075904846191406e-01
9.958876967430114746e-01
6.684896945953369141e-01
9.972001314163208008e-01
1.809343248605728149e-01
9.721401333808898926e-01
9.299365282058715820e-01
9.946064352989196777e-01
8.182289004325866699e-01
9.284628629684448242e-01
9.844600558280944824e-01
2.673784196376800537e-01
9.913349747657775879e-01
9.909631609916687012e-01
9.866160154342651367e-01
9.990091323852539062e-01
9.685170650482177734e-01
9.968415498733520508e-01
9.930449128150939941e-01
9.587655663490295410e-01
8.046408891677856445e-01
9.943100214004516602e-01
6.848689913749694824e-01
9.693729877471923828e-01
5.329564213752746582e-01
9.850561618804931641e-01
9.649901390075683594e-01
6.489893198013305664e-01
9.991820454597473145e-01
9.799209237098693848e-01
8.511279225349426270e-01
2.308123279362916946e-03
1.707119792699813843e-01
4.968304652720689774e-03
2.222255170345306396e-01
1.625839807093143463e-02
1.167847812175750732e-01
2.558009512722492218e-02
4.412616789340972900e-02
7.244879007339477539e-02
2.290480770170688629e-02
3.221875429153442383e-01
1.503171864897012711e-02
3.761769831180572510e-02
1.116134002804756165e-01
6.660703569650650024e-02
8.863594383001327515e-03
2.424771897494792938e-02
3.489916622638702393e-01
2.914211899042129517e-02
1.274539250880479813e-02
4.437968507409095764e-02
6.361263245344161987e-02
1.755413040518760681e-02
3.125765128061175346e-03
4.473166074603796005e-03
5.539283752441406250e-01
4.470412433147430420e-01
4.589862003922462463e-02
2.370896749198436737e-02
3.334476798772811890e-02
3.133315593004226685e-02
1.299040578305721283e-02
9.207996726036071777e-02
3.144137561321258545e-02
1.648072451353073120e-01
2.258985070511698723e-03
1.199697516858577728e-02
3.873408772051334381e-03
2.839742600917816162e-02
1.277852524071931839e-02
7.262337487190961838e-03
2.870570868253707886e-02
1.390230655670166016e-01
2.547735581174492836e-03
6.667007692158222198e-03
1.800949499011039734e-02
4.508646726608276367e-01
4.251354560256004333e-02
6.340703461319208145e-03
5.166119337081909180e-01
1.500865817070007324e-01
1.714890897274017334e-01
4.799028113484382629e-02
5.788614228367805481e-02
9.596649557352066040e-03
3.944845497608184814e-02
1.207706052809953690e-02
6.393001880496740341e-03
2.550264634191989899e-02
1.071486994624137878e-02
3.680246323347091675e-02
3.817065060138702393e-02
5.386656895279884338e-02
8.577959537506103516e-01
3.173523768782615662e-02
1.213067304342985153e-02
8.138454519212245941e-03
5.328140854835510254e-01
3.573214635252952576e-02
2.372831106185913086e-02
1.187699846923351288e-02
1.054847892373800278e-02
2.551768347620964050e-02
2.181789092719554901e-02
2.232641912996768951e-02
4.448519274592399597e-02
4.762525558471679688e-01
2.341136150062084198e-02
1.410224125720560551e-03
1.750050298869609833e-02
5.559993162751197815e-02
7.889959216117858887e-01
1.093643531203269958e-01
1.047618221491575241e-02
4.549922421574592590e-02
4.620984569191932678e-02
4.623944871127605438e-03
8.695649355649948120e-02
6.870868802070617676e-01
1.939908787608146667e-02
3.022664785385131836e-01
6.925822701305150986e-03
5.086722318083047867e-03
1.825312525033950806e-02
1.043801531195640564e-01
2.487756125628948212e-02
1.604544557631015778e-02
2.627738052979111671e-03
1.347461598925292492e-03
5.362085625529289246e-02
4.691387414932250977e-01
1.091026421636343002e-02
2.634282223880290985e-03
