9.936396479606628418e-01
4.218506515026092529e-01
9.011454582214355469e-01
3.947290480136871338e-01
3.947290480136871338e-01
9.845506548881530762e-01
3.947290480136871338e-01
3.947290480136871338e-01
3.947290480136871338e-01
4.703764021396636963e-01
4.256437718868255615e-01
3.947290480136871338e-01
9.959475398063659668e-01
9.602681994438171387e-01
3.947290480136871338e-01
3.947290480136871338e-01
9.965648055076599121e-01
9.674779772758483887e-01
3.947290480136871338e-01
9.659312963485717773e-01
3.947290480136871338e-01
9.112585783004760742e-01
3.947290480136871338e-01
9.218454957008361816e-01
3.947290480136871338e-01
8.476170301437377930e-01
9.688368439674377441e-01
9.959474205970764160e-01
9.981719255447387695e-01
3.947290480136871338e-01
5.869657993316650391e-01
3.947290480136871338e-01
9.978777170181274414e-01
9.631509780883789062e-01
9.888012409210205078e-01
4.276708364486694336e-01
7.979318499565124512e-01
9.988750815391540527e-01
3.947290480136871338e-01
4.835932552814483643e-01
3.947290480136871338e-01
3.947290480136871338e-01
9.856818318367004395e-01
3.947290480136871338e-01
3.947290480136871338e-01
3.947290480136871338e-01
3.947290480136871338e-01
3.947290480136871338e-01
9.378658533096313477e-01
3.947290480136871338e-01
4.425457119941711426e-01
3.947290480136871338e-01
3.947290480136871338e-01
8.772285580635070801e-01
3.947290480136871338e-01
3.947290480136871338e-01
9.838451147079467773e-01
3.947290480136871338e-01
3.947290480136871338e-01
9.840582013130187988e-01
8.809617757797241211e-01
3.770259916782379150e-01
8.783317208290100098e-01
3.947290480136871338e-01
9.726639389991760254e-01
3.947290480136871338e-01
3.947290480136871338e-01
9.394976496696472168e-01
3.947290480136871338e-01
3.947290480136871338e-01
9.896725416183471680e-01
9.820830821990966797e-01
3.947290480136871338e-01
3.947290480136871338e-01
9.358900189399719238e-01
3.947290480136871338e-01
3.947290480136871338e-01
3.947290480136871338e-01
3.576902747154235840e-01
3.947290480136871338e-01
3.947290480136871338e-01
9.753071665763854980e-01
3.947290480136871338e-01
3.947290480136871338e-01
3.947290480136871338e-01
3.947290480136871338e-01
8.029745817184448242e-01
3.947290480136871338e-01
9.704614877700805664e-01
3.947290480136871338e-01
9.281046390533447266e-01
3.956954777240753174e-01
3.947290480136871338e-01
8.695243000984191895e-01
9.551560282707214355e-01
9.592779278755187988e-01
8.680474162101745605e-01
9.951306581497192383e-01
3.947290480136871338e-01
3.947290480136871338e-01
3.947290480136871338e-01
9.763745665550231934e-01
3.947290480136871338e-01
3.947290480136871338e-01
9.633757472038269043e-01
9.079557657241821289e-01
6.779161691665649414e-01
3.947290480136871338e-01
3.947290480136871338e-01
3.947290480136871338e-01
9.964872598648071289e-01
3.947290480136871338e-01
3.947290480136871338e-01
3.947290480136871338e-01
9.052174091339111328e-01
3.947290480136871338e-01
3.947290480136871338e-01
9.235172271728515625e-01
9.783285856246948242e-01
8.989393711090087891e-01
9.601182937622070312e-01
8.106402754783630371e-01
9.858695268630981445e-01
3.947290480136871338e-01
9.375044703483581543e-01
3.947290480136871338e-01
3.659403920173645020e-01
3.947290480136871338e-01
9.808205366134643555e-01
4.473930001258850098e-01
9.982571005821228027e-01
9.661546945571899414e-01
7.913502454757690430e-01
3.947290480136871338e-01
9.552086591720581055e-01
3.947290480136871338e-01
9.993028640747070312e-01
4.899079799652099609e-01
4.120737016201019287e-01
9.813559651374816895e-01
3.947290480136871338e-01
9.755615592002868652e-01
4.737752676010131836e-01
3.947290480136871338e-01
9.691353440284729004e-01
3.947290480136871338e-01
3.947290480136871338e-01
3.947290480136871338e-01
9.916941523551940918e-01
8.544413447380065918e-01
9.979953765869140625e-01
3.947290480136871338e-01
9.932150840759277344e-01
3.947290480136871338e-01
9.837807416915893555e-01
4.519566297531127930e-01
9.535005688667297363e-01
8.887239694595336914e-01
9.932013154029846191e-01
3.947290480136871338e-01
3.947290480136871338e-01
3.947290480136871338e-01
3.947290480136871338e-01
9.899747967720031738e-01
9.596996307373046875e-01
9.610276818275451660e-01
3.947290480136871338e-01
3.947290480136871338e-01
9.908762574195861816e-01
3.947290480136871338e-01
3.947290480136871338e-01
7.761194705963134766e-01
3.947290480136871338e-01
9.785439372062683105e-01
9.966530203819274902e-01
3.947290480136871338e-01
9.868773818016052246e-01
3.947290480136871338e-01
3.947290480136871338e-01
9.367879033088684082e-01
3.947290480136871338e-01
3.947290480136871338e-01
9.563191533088684082e-01
3.947290480136871338e-01
9.763059020042419434e-01
9.994857311248779297e-01
3.947290480136871338e-01
3.947290480136871338e-01
6.132431626319885254e-01
9.974053502082824707e-01
3.947290480136871338e-01
3.947290480136871338e-01
9.940823912620544434e-01
9.988445043563842773e-01
3.947290480136871338e-01
9.973213076591491699e-01
3.947290480136871338e-01
3.947290480136871338e-01
3.947290480136871338e-01
6.519802212715148926e-01
3.947290480136871338e-01
9.997038245201110840e-01
3.947290480136871338e-01
9.983323216438293457e-01
9.718518257141113281e-01
3.947290480136871338e-01
3.947290480136871338e-01
3.947290480136871338e-01
9.857433438301086426e-01
3.947290480136871338e-01
3.947290480136871338e-01
3.947290480136871338e-01
3.947290480136871338e-01
9.960590600967407227e-01
9.990835189819335938e-01
9.919189810752868652e-01
9.918730854988098145e-01
3.947290480136871338e-01
9.963567852973937988e-01
9.823524355888366699e-01
9.834989905357360840e-01
9.779118299484252930e-01
5.082798600196838379e-01
3.947290480136871338e-01
9.832838773727416992e-01
3.947290480136871338e-01
3.947290480136871338e-01
3.947290480136871338e-01
9.987822175025939941e-01
9.938641786575317383e-01
3.947290480136871338e-01
3.947290480136871338e-01
3.947290480136871338e-01
9.843868613243103027e-01
9.864851236343383789e-01
5.012829899787902832e-01
3.947290480136871338e-01
9.868946075439453125e-01
6.765717864036560059e-01
9.978700876235961914e-01
3.947290480136871338e-01
9.866566658020019531e-01
3.947290480136871338e-01
9.655873775482177734e-01
3.947290480136871338e-01
3.947290480136871338e-01
3.947290480136871338e-01
5.046643018722534180e-01
3.947290480136871338e-01
3.947290480136871338e-01
3.947290480136871338e-01
3.947290480136871338e-01
3.947290480136871338e-01
9.970623850822448730e-01
3.947290480136871338e-01
9.817398786544799805e-01
9.016666412353515625e-01
8.128314018249511719e-01
9.991294741630554199e-01
3.947290480136871338e-01
9.940819144248962402e-01
3.947290480136871338e-01
3.947290480136871338e-01
3.947290480136871338e-01
9.644981622695922852e-01
3.947290480136871338e-01
9.527611136436462402e-01
6.109334826469421387e-01
3.947290480136871338e-01
9.515057802200317383e-01
3.947290480136871338e-01
9.396194815635681152e-01
9.884580969810485840e-01
9.992616772651672363e-01
9.948587417602539062e-01
3.947290480136871338e-01
3.947290480136871338e-01
3.947290480136871338e-01
3.947290480136871338e-01
3.947290480136871338e-01
5.543977618217468262e-01
3.947290480136871338e-01
3.947290480136871338e-01
3.947290480136871338e-01
9.979460835456848145e-01
9.856406450271606445e-01
3.947290480136871338e-01
9.396194815635681152e-01
9.963713884353637695e-01
3.947290480136871338e-01
3.947290480136871338e-01
3.947290480136871338e-01
3.947290480136871338e-01
9.973330497741699219e-01
9.734427928924560547e-01
3.947290480136871338e-01
8.761965632438659668e-01
3.947290480136871338e-01
3.947290480136871338e-01
9.748513102531433105e-01
3.947290480136871338e-01
9.981108903884887695e-01
3.947290480136871338e-01
3.947290480136871338e-01
9.826419353485107422e-01
9.618968367576599121e-01
3.947290480136871338e-01
9.329307079315185547e-01
9.795498251914978027e-01
3.947290480136871338e-01
3.947290480136871338e-01
3.947290480136871338e-01
9.791783094406127930e-01
9.859478473663330078e-01
3.947290480136871338e-01
3.947290480136871338e-01
9.993983507156372070e-01
3.947290480136871338e-01
9.902319312095642090e-01
9.515808820724487305e-01
3.947290480136871338e-01
3.947290480136871338e-01
9.940370321273803711e-01
3.947290480136871338e-01
3.947290480136871338e-01
3.947290480136871338e-01
3.947290480136871338e-01
3.947290480136871338e-01
3.947290480136871338e-01
8.432862162590026855e-01
4.637990891933441162e-01
4.677532315254211426e-01
3.947290480136871338e-01
3.947290480136871338e-01
3.947290480136871338e-01
3.947290480136871338e-01
3.947290480136871338e-01
3.947290480136871338e-01
3.947290480136871338e-01
3.947290480136871338e-01
9.956638216972351074e-01
9.837229847908020020e-01
3.947290480136871338e-01
8.085694313049316406e-01
3.947290480136871338e-01
3.947290480136871338e-01
3.947290480136871338e-01
3.947290480136871338e-01
3.947290480136871338e-01
3.948638737201690674e-01
9.023125767707824707e-01
3.947290480136871338e-01
3.947290480136871338e-01
3.947290480136871338e-01
3.947290480136871338e-01
9.981623291969299316e-01
3.947290480136871338e-01
3.947290480136871338e-01
9.801688194274902344e-01
3.947290480136871338e-01
9.926970601081848145e-01
3.947290480136871338e-01
3.947290480136871338e-01
9.853362441062927246e-01
3.947290480136871338e-01
3.947290480136871338e-01
3.947290480136871338e-01
9.739830493927001953e-01
3.947290480136871338e-01
3.947290480136871338e-01
9.967839717864990234e-01
9.932108521461486816e-01
3.947290480136871338e-01
3.947290480136871338e-01
3.947290480136871338e-01
3.947290480136871338e-01
9.521777629852294922e-01
9.437637329101562500e-01
3.947290480136871338e-01
3.947290480136871338e-01
3.947290480136871338e-01
3.947290480136871338e-01
3.947290480136871338e-01
3.947290480136871338e-01
9.827048182487487793e-01
3.947290480136871338e-01
3.947290480136871338e-01
3.947290480136871338e-01
3.947290480136871338e-01
3.947290480136871338e-01
3.947290480136871338e-01
3.947290480136871338e-01
3.947290480136871338e-01
3.947290480136871338e-01
3.947290480136871338e-01
3.947290480136871338e-01
3.947290480136871338e-01
9.862167835235595703e-01
3.947290480136871338e-01
3.947290480136871338e-01
3.947290480136871338e-01
9.885066747665405273e-01
9.606744050979614258e-01
3.947290480136871338e-01
3.947290480136871338e-01
9.838625788688659668e-01
3.947290480136871338e-01
3.947290480136871338e-01
3.947290480136871338e-01
9.742306470870971680e-01
3.947290480136871338e-01
3.947290480136871338e-01
3.947290480136871338e-01
3.947290480136871338e-01
3.947290480136871338e-01
3.947290480136871338e-01
3.947290480136871338e-01
3.947290480136871338e-01
9.866542220115661621e-01
3.947290480136871338e-01
3.947290480136871338e-01
3.947290480136871338e-01
3.947290480136871338e-01
3.947290480136871338e-01
3.947290480136871338e-01
3.947290480136871338e-01
3.947290480136871338e-01
9.444479942321777344e-01
5.430357456207275391e-01
9.915607571601867676e-01
9.308778047561645508e-01
9.958264231681823730e-01
4.632470905780792236e-01
3.947290480136871338e-01
3.947290480136871338e-01
3.947290480136871338e-01
9.237316846847534180e-01
3.763143420219421387e-01
9.590502381324768066e-01
3.947290480136871338e-01
3.947290480136871338e-01
4.786230027675628662e-01
3.947290480136871338e-01
3.947290480136871338e-01
3.947290480136871338e-01
9.580363035202026367e-01
9.615929722785949707e-01
6.440668106079101562e-01
9.885291457176208496e-01
3.947290480136871338e-01
3.947290480136871338e-01
3.947290480136871338e-01
9.692651629447937012e-01
3.947290480136871338e-01
3.947290480136871338e-01
9.330093860626220703e-01
9.939760565757751465e-01
3.947290480136871338e-01
3.947290480136871338e-01
6.653692126274108887e-01
3.947290480136871338e-01
9.646455645561218262e-01
3.947290480136871338e-01
3.947290480136871338e-01
3.947290480136871338e-01
3.947290480136871338e-01
9.792798161506652832e-01
3.947290480136871338e-01
3.947290480136871338e-01
9.997392296791076660e-01
9.726635217666625977e-01
3.947290480136871338e-01
3.947290480136871338e-01
3.947290480136871338e-01
4.072163403034210205e-01
3.947290480136871338e-01
8.654310703277587891e-01
9.453016519546508789e-01
3.947290480136871338e-01
3.947290480136871338e-01
3.947290480136871338e-01
3.947290480136871338e-01
9.428244233131408691e-01
3.947290480136871338e-01
3.947290480136871338e-01
3.947290480136871338e-01
8.818001747131347656e-01
3.947290480136871338e-01
8.810225725173950195e-01
7.728158831596374512e-01
9.924957752227783203e-01
3.947290480136871338e-01
4.309929907321929932e-01
9.887499809265136719e-01
9.632653594017028809e-01
3.947290480136871338e-01
4.598197340965270996e-01
3.947290480136871338e-01
3.947290480136871338e-01
3.947290480136871338e-01
4.218506515026092529e-01
1.185815632343292236e-01
3.947290480136871338e-01
3.947290480136871338e-01
1.331823170185089111e-01
3.947290480136871338e-01
3.947290480136871338e-01
2.725078491494059563e-03
3.194127976894378662e-01
1.581967622041702271e-02
3.947290480136871338e-01
3.947290480136871338e-01
3.947290480136871338e-01
3.947290480136871338e-01
3.947290480136871338e-01
3.947290480136871338e-01
1.533992588520050049e-01
3.947290480136871338e-01
3.947290480136871338e-01
3.947290480136871338e-01
3.947290480136871338e-01
8.873494714498519897e-02
3.947290480136871338e-01
3.947290480136871338e-01
1.150130927562713623e-01
3.947290480136871338e-01
4.276708364486694336e-01
2.274587601423263550e-01
3.947290480136871338e-01
3.947290480136871338e-01
4.835932552814483643e-01
3.947290480136871338e-01
3.947290480136871338e-01
2.209613770246505737e-01
3.947290480136871338e-01
3.947290480136871338e-01
7.948527932167053223e-01
3.947290480136871338e-01
3.947290480136871338e-01
4.425457119941711426e-01
3.947290480136871338e-01
3.947290480136871338e-01
3.947290480136871338e-01
3.947290480136871338e-01
1.631621718406677246e-01
3.947290480136871338e-01
3.947290480136871338e-01
3.673598766326904297e-01
3.770259916782379150e-01
3.947290480136871338e-01
3.947290480136871338e-01
3.947290480136871338e-01
2.889908254146575928e-01
1.130542978644371033e-01
3.947290480136871338e-01
3.947290480136871338e-01
3.947290480136871338e-01
9.039668738842010498e-02
3.947290480136871338e-01
3.947290480136871338e-01
3.577853441238403320e-01
3.947290480136871338e-01
3.947290480136871338e-01
3.947290480136871338e-01
3.576902747154235840e-01
3.947290480136871338e-01
3.947290480136871338e-01
3.947290480136871338e-01
3.947290480136871338e-01
3.947290480136871338e-01
3.947290480136871338e-01
3.947290480136871338e-01
3.947290480136871338e-01
3.956954777240753174e-01
3.947290480136871338e-01
3.947290480136871338e-01
3.947290480136871338e-01
3.947290480136871338e-01
3.947290480136871338e-01
3.947290480136871338e-01
3.947290480136871338e-01
3.947290480136871338e-01
3.947290480136871338e-01
3.947290480136871338e-01
3.947290480136871338e-01
3.947290480136871338e-01
3.947290480136871338e-01
3.947290480136871338e-01
3.947290480136871338e-01
3.947290480136871338e-01
3.947290480136871338e-01
3.947290480136871338e-01
3.947290480136871338e-01
3.947290480136871338e-01
1.480851918458938599e-01
3.947290480136871338e-01
3.947290480136871338e-01
3.947290480136871338e-01
3.947290480136871338e-01
3.659403920173645020e-01
3.947290480136871338e-01
3.947290480136871338e-01
4.473930001258850098e-01
3.947290480136871338e-01
1.307055056095123291e-01
3.947290480136871338e-01
1.974534243345260620e-01
3.947290480136871338e-01
3.947290480136871338e-01
4.899079799652099609e-01
4.120737016201019287e-01
4.143588989973068237e-02
3.947290480136871338e-01
4.737752676010131836e-01
3.947290480136871338e-01
3.947290480136871338e-01
3.947290480136871338e-01
3.947290480136871338e-01
3.947290480136871338e-01
3.947290480136871338e-01
3.947290480136871338e-01
3.947290480136871338e-01
3.947290480136871338e-01
3.947290480136871338e-01
3.947290480136871338e-01
3.947290480136871338e-01
3.947290480136871338e-01
3.947290480136871338e-01
3.947290480136871338e-01
3.947290480136871338e-01
3.947290480136871338e-01
3.947290480136871338e-01
3.947290480136871338e-01
3.947290480136871338e-01
3.947290480136871338e-01
3.947290480136871338e-01
3.947290480136871338e-01
3.026560507714748383e-02
3.947290480136871338e-01
3.947290480136871338e-01
6.597951054573059082e-02
3.947290480136871338e-01
3.316664602607488632e-03
3.947290480136871338e-01
1.886036247014999390e-02
3.947290480136871338e-01
1.156941725639626384e-04
2.188353799283504486e-02
6.843242794275283813e-03
3.067811392247676849e-02
1.103034429252147675e-02
3.000700660049915314e-02
1.227500382810831070e-02
3.947290480136871338e-01
3.577747941017150879e-02
3.947290480136871338e-01
5.381889641284942627e-03
3.947290480136871338e-01
3.947290480136871338e-01
1.727590337395668030e-03
3.947290480136871338e-01
3.947290480136871338e-01
3.947290480136871338e-01
3.947290480136871338e-01
3.947290480136871338e-01
3.947290480136871338e-01
1.813426427543163300e-02
3.947290480136871338e-01
3.947290480136871338e-01
3.947290480136871338e-01
3.947290480136871338e-01
3.912642598152160645e-02
6.746592931449413300e-03
5.615111812949180603e-02
1.562374830245971680e-02
3.947290480136871338e-01
2.219957672059535980e-02
3.947290480136871338e-01
9.301927685737609863e-02
3.947290480136871338e-01
3.947290480136871338e-01
3.947290480136871338e-01
3.947290480136871338e-01
6.006453651934862137e-03
6.894608493894338608e-03
3.947290480136871338e-01
3.947290480136871338e-01
1.144139841198921204e-02
3.947290480136871338e-01
3.947290480136871338e-01
3.947290480136871338e-01
1.225393731147050858e-02
2.502688206732273102e-02
3.947290480136871338e-01
1.006469968706369400e-02
3.257213905453681946e-02
3.947290480136871338e-01
3.359016729518771172e-03
3.947290480136871338e-01
1.469520851969718933e-02
3.947290480136871338e-01
3.947290480136871338e-01
2.907414734363555908e-02
8.229573071002960205e-02
3.947290480136871338e-01
3.947290480136871338e-01
3.947290480136871338e-01
3.947290480136871338e-01
3.947290480136871338e-01
3.947290480136871338e-01
3.947290480136871338e-01
3.947290480136871338e-01
3.947290480136871338e-01
3.947290480136871338e-01
3.947290480136871338e-01
3.947290480136871338e-01
3.947290480136871338e-01
3.947290480136871338e-01
3.947290480136871338e-01
3.947290480136871338e-01
3.947290480136871338e-01
3.947290480136871338e-01
3.947290480136871338e-01
3.947290480136871338e-01
3.947290480136871338e-01
3.947290480136871338e-01
3.947290480136871338e-01
3.947290480136871338e-01
3.947290480136871338e-01
3.947290480136871338e-01
3.947290480136871338e-01
3.947290480136871338e-01
3.947290480136871338e-01
3.947290480136871338e-01
3.947290480136871338e-01
3.947290480136871338e-01
3.947290480136871338e-01
3.947290480136871338e-01
3.947290480136871338e-01
7.766602188348770142e-02
3.947290480136871338e-01
1.352612823247909546e-01
3.947290480136871338e-01
5.640551447868347168e-02
3.701456263661384583e-02
3.947290480136871338e-01
3.947290480136871338e-01
3.947290480136871338e-01
3.947290480136871338e-01
3.947290480136871338e-01
3.947290480136871338e-01
3.947290480136871338e-01
3.947290480136871338e-01
3.947290480136871338e-01
3.947290480136871338e-01
3.947290480136871338e-01
3.947290480136871338e-01
3.947290480136871338e-01
3.947290480136871338e-01
3.947290480136871338e-01
3.947290480136871338e-01
3.947290480136871338e-01
3.947290480136871338e-01
3.947290480136871338e-01
3.947290480136871338e-01
3.947290480136871338e-01
3.947290480136871338e-01
2.240168452262878418e-01
3.947290480136871338e-01
3.947290480136871338e-01
3.947290480136871338e-01
3.947290480136871338e-01
3.947290480136871338e-01
3.947290480136871338e-01
3.947290480136871338e-01
3.947290480136871338e-01
3.947290480136871338e-01
3.947290480136871338e-01
6.132431626319885254e-01
3.947290480136871338e-01
3.947290480136871338e-01
3.947290480136871338e-01
3.947290480136871338e-01
1.149623543024063110e-01
3.947290480136871338e-01
3.947290480136871338e-01
3.947290480136871338e-01
3.947290480136871338e-01
3.571438193321228027e-01
3.947290480136871338e-01
3.947290480136871338e-01
3.947290480136871338e-01
1.299611926078796387e-01
3.947290480136871338e-01
3.947290480136871338e-01
3.947290480136871338e-01
3.947290480136871338e-01
3.947290480136871338e-01
3.947290480136871338e-01
3.947290480136871338e-01
3.947290480136871338e-01
3.947290480136871338e-01
3.947290480136871338e-01
3.947290480136871338e-01
3.947290480136871338e-01
3.002511858940124512e-01
1.558218747377395630e-01
3.947290480136871338e-01
5.082798600196838379e-01
3.947290480136871338e-01
3.947290480136871338e-01
3.947290480136871338e-01
3.947290480136871338e-01
3.947290480136871338e-01
3.947290480136871338e-01
3.947290480136871338e-01
3.947290480136871338e-01
3.947290480136871338e-01
3.947290480136871338e-01
3.947290480136871338e-01
5.012829899787902832e-01
3.947290480136871338e-01
3.947290480136871338e-01
6.765717864036560059e-01
3.947290480136871338e-01
3.947290480136871338e-01
1.675333976745605469e-01
3.947290480136871338e-01
3.947290480136871338e-01
3.947290480136871338e-01
5.046643018722534180e-01
3.947290480136871338e-01
3.947290480136871338e-01
3.947290480136871338e-01
3.947290480136871338e-01
3.947290480136871338e-01
3.947290480136871338e-01
8.128314018249511719e-01
3.947290480136871338e-01
3.947290480136871338e-01
3.947290480136871338e-01
3.947290480136871338e-01
3.947290480136871338e-01
3.947290480136871338e-01
3.947290480136871338e-01
3.947290480136871338e-01
6.109334826469421387e-01
3.947290480136871338e-01
3.947290480136871338e-01
3.947290480136871338e-01
3.947290480136871338e-01
8.769523352384567261e-02
3.947290480136871338e-01
3.947290480136871338e-01
3.947290480136871338e-01
3.947290480136871338e-01
3.947290480136871338e-01
3.947290480136871338e-01
5.543977618217468262e-01
3.947290480136871338e-01
3.947290480136871338e-01
3.947290480136871338e-01
3.947290480136871338e-01
1.414963901042938232e-01
3.947290480136871338e-01
3.947290480136871338e-01
3.947290480136871338e-01
3.947290480136871338e-01
1.627775728702545166e-01
3.947290480136871338e-01
3.947290480136871338e-01
3.947290480136871338e-01
3.947290480136871338e-01
3.947290480136871338e-01
3.947290480136871338e-01
3.947290480136871338e-01
3.947290480136871338e-01
3.947290480136871338e-01
3.947290480136871338e-01
3.947290480136871338e-01
3.947290480136871338e-01
3.947290480136871338e-01
3.947290480136871338e-01
3.947290480136871338e-01
3.947290480136871338e-01
3.947290480136871338e-01
3.947290480136871338e-01
3.947290480136871338e-01
3.947290480136871338e-01
3.947290480136871338e-01
3.947290480136871338e-01
3.947290480136871338e-01
3.947290480136871338e-01
4.637990891933441162e-01
4.677532315254211426e-01
3.947290480136871338e-01
3.947290480136871338e-01
3.947290480136871338e-01
3.947290480136871338e-01
3.947290480136871338e-01
3.947290480136871338e-01
3.947290480136871338e-01
3.947290480136871338e-01
3.947290480136871338e-01
3.947290480136871338e-01
3.947290480136871338e-01
3.948638737201690674e-01
3.947290480136871338e-01
3.947290480136871338e-01
3.947290480136871338e-01
3.947290480136871338e-01
9.120382070541381836e-01
3.947290480136871338e-01
3.947290480136871338e-01
3.394399583339691162e-01
2.969391271471977234e-02
8.592728525400161743e-02
3.947290480136871338e-01
3.947290480136871338e-01
3.947290480136871338e-01
3.947290480136871338e-01
3.947290480136871338e-01
3.947290480136871338e-01
3.947290480136871338e-01
3.947290480136871338e-01
3.947290480136871338e-01
3.947290480136871338e-01
3.947290480136871338e-01
3.947290480136871338e-01
3.947290480136871338e-01
3.947290480136871338e-01
3.947290480136871338e-01
1.640946865081787109e-01
3.947290480136871338e-01
3.947290480136871338e-01
3.947290480136871338e-01
3.947290480136871338e-01
3.947290480136871338e-01
3.947290480136871338e-01
3.947290480136871338e-01
3.947290480136871338e-01
3.947290480136871338e-01
3.947290480136871338e-01
3.947290480136871338e-01
3.947290480136871338e-01
3.947290480136871338e-01
3.947290480136871338e-01
3.947290480136871338e-01
3.947290480136871338e-01
6.641675531864166260e-02
3.947290480136871338e-01
3.947290480136871338e-01
3.947290480136871338e-01
3.947290480136871338e-01
3.947290480136871338e-01
3.947290480136871338e-01
3.947290480136871338e-01
3.947290480136871338e-01
3.947290480136871338e-01
3.947290480136871338e-01
3.947290480136871338e-01
3.947290480136871338e-01
3.947290480136871338e-01
3.947290480136871338e-01
3.947290480136871338e-01
3.947290480136871338e-01
3.947290480136871338e-01
3.947290480136871338e-01
3.947290480136871338e-01
3.947290480136871338e-01
3.947290480136871338e-01
1.354202181100845337e-01
1.671660095453262329e-01
3.947290480136871338e-01
1.313237752765417099e-02
4.632470905780792236e-01
3.947290480136871338e-01
3.947290480136871338e-01
3.947290480136871338e-01
3.763143420219421387e-01
3.947290480136871338e-01
3.947290480136871338e-01
4.786230027675628662e-01
4.258837550878524780e-02
3.947290480136871338e-01
3.947290480136871338e-01
6.440668106079101562e-01
3.947290480136871338e-01
3.947290480136871338e-01
3.947290480136871338e-01
4.235754907131195068e-02
3.947290480136871338e-01
3.947290480136871338e-01
1.757459938526153564e-01
3.947290480136871338e-01
3.947290480136871338e-01
4.803422838449478149e-03
3.947290480136871338e-01
3.947290480136871338e-01
3.947290480136871338e-01
3.947290480136871338e-01
3.947290480136871338e-01
3.947290480136871338e-01
3.947290480136871338e-01
3.947290480136871338e-01
3.947290480136871338e-01
3.947290480136871338e-01
3.947290480136871338e-01
3.947290480136871338e-01
4.072163403034210205e-01
3.947290480136871338e-01
3.947290480136871338e-01
3.947290480136871338e-01
3.947290480136871338e-01
3.947290480136871338e-01
3.947290480136871338e-01
3.947290480136871338e-01
3.947290480136871338e-01
3.947290480136871338e-01
3.947290480136871338e-01
3.947290480136871338e-01
3.947290480136871338e-01
3.947290480136871338e-01
3.947290480136871338e-01
4.309929907321929932e-01
3.947290480136871338e-01
4.814858362078666687e-02
3.947290480136871338e-01
4.598197340965270996e-01
3.947290480136871338e-01
3.947290480136871338e-01
3.947290480136871338e-01
