9.837177395820617676e-01
9.995545744895935059e-01
9.782710671424865723e-01
3.746423125267028809e-01
3.746423125267028809e-01
9.282564520835876465e-01
3.746423125267028809e-01
3.746423125267028809e-01
3.746423125267028809e-01
9.826118946075439453e-01
9.938018918037414551e-01
3.746423125267028809e-01
9.905148744583129883e-01
9.951329827308654785e-01
3.746423125267028809e-01
3.746423125267028809e-01
9.991490840911865234e-01
9.984117746353149414e-01
3.746423125267028809e-01
9.722952842712402344e-01
3.746423125267028809e-01
9.853830337524414062e-01
3.746423125267028809e-01
9.896327257156372070e-01
3.746423125267028809e-01
9.885036349296569824e-01
9.553957581520080566e-01
9.942075014114379883e-01
9.966728687286376953e-01
3.746423125267028809e-01
9.987843632698059082e-01
3.746423125267028809e-01
9.968852400779724121e-01
9.993118047714233398e-01
9.901341795921325684e-01
9.685165882110595703e-01
9.325504302978515625e-01
9.684253931045532227e-01
3.746423125267028809e-01
9.741999506950378418e-01
3.746423125267028809e-01
3.746423125267028809e-01
9.945335388183593750e-01
3.746423125267028809e-01
3.746423125267028809e-01
3.746423125267028809e-01
3.746423125267028809e-01
3.746423125267028809e-01
9.243230819702148438e-01
3.746423125267028809e-01
9.686380624771118164e-01
3.746423125267028809e-01
3.746423125267028809e-01
9.998065829277038574e-01
3.746423125267028809e-01
3.746423125267028809e-01
9.888305068016052246e-01
3.746423125267028809e-01
3.746423125267028809e-01
9.845698475837707520e-01
9.968884587287902832e-01
9.947439432144165039e-01
9.396785497665405273e-01
3.746423125267028809e-01
9.717543125152587891e-01
3.746423125267028809e-01
3.746423125267028809e-01
9.879025816917419434e-01
3.746423125267028809e-01
3.746423125267028809e-01
9.746315479278564453e-01
9.907783269882202148e-01
3.746423125267028809e-01
3.746423125267028809e-01
9.952687621116638184e-01
3.746423125267028809e-01
3.746423125267028809e-01
3.746423125267028809e-01
9.880092740058898926e-01
3.746423125267028809e-01
3.746423125267028809e-01
9.925758838653564453e-01
3.746423125267028809e-01
3.746423125267028809e-01
3.746423125267028809e-01
3.746423125267028809e-01
9.873988628387451172e-01
3.746423125267028809e-01
9.952841401100158691e-01
3.746423125267028809e-01
9.965550899505615234e-01
9.929655790328979492e-01
3.746423125267028809e-01
9.764560461044311523e-01
9.657061100006103516e-01
9.913289546966552734e-01
9.754062891006469727e-01
9.932297468185424805e-01
3.746423125267028809e-01
3.746423125267028809e-01
3.746423125267028809e-01
9.810144901275634766e-01
3.746423125267028809e-01
3.746423125267028809e-01
9.957793951034545898e-01
9.900089502334594727e-01
9.998733997344970703e-01
3.746423125267028809e-01
3.746423125267028809e-01
3.746423125267028809e-01
9.922743439674377441e-01
3.746423125267028809e-01
3.746423125267028809e-01
3.746423125267028809e-01
9.850661754608154297e-01
3.746423125267028809e-01
3.746423125267028809e-01
9.850547313690185547e-01
9.967072606086730957e-01
9.997140765190124512e-01
9.636117219924926758e-01
9.874907135963439941e-01
9.953730702400207520e-01
3.746423125267028809e-01
9.994736313819885254e-01
3.746423125267028809e-01
9.917405843734741211e-01
3.746423125267028809e-01
9.706879854202270508e-01
9.986742734909057617e-01
9.981529116630554199e-01
9.620928764343261719e-01
9.891754984855651855e-01
3.746423125267028809e-01
9.976221919059753418e-01
3.746423125267028809e-01
9.951013922691345215e-01
9.807100296020507812e-01
9.979072809219360352e-01
9.716295003890991211e-01
3.746423125267028809e-01
9.925932288169860840e-01
9.908169507980346680e-01
3.746423125267028809e-01
9.962173104286193848e-01
3.746423125267028809e-01
3.746423125267028809e-01
3.746423125267028809e-01
9.942179918289184570e-01
9.862629175186157227e-01
9.909104704856872559e-01
3.746423125267028809e-01
9.934923052787780762e-01
3.746423125267028809e-01
9.156237840652465820e-01
9.754288196563720703e-01
9.795051813125610352e-01
9.920111298561096191e-01
9.484564661979675293e-01
3.746423125267028809e-01
3.746423125267028809e-01
3.746423125267028809e-01
3.746423125267028809e-01
9.941072463989257812e-01
9.876827597618103027e-01
9.360527396202087402e-01
3.746423125267028809e-01
3.746423125267028809e-01
9.848265647888183594e-01
3.746423125267028809e-01
3.746423125267028809e-01
9.958989024162292480e-01
3.746423125267028809e-01
9.756705760955810547e-01
9.663346409797668457e-01
3.746423125267028809e-01
9.926079511642456055e-01
3.746423125267028809e-01
3.746423125267028809e-01
9.866173863410949707e-01
3.746423125267028809e-01
3.746423125267028809e-01
9.850800633430480957e-01
3.746423125267028809e-01
9.990090131759643555e-01
9.973405003547668457e-01
3.746423125267028809e-01
3.746423125267028809e-01
9.770991206169128418e-01
9.766342043876647949e-01
3.746423125267028809e-01
3.746423125267028809e-01
9.895119071006774902e-01
9.888573884963989258e-01
3.746423125267028809e-01
9.980849027633666992e-01
3.746423125267028809e-01
3.746423125267028809e-01
3.746423125267028809e-01
9.977056384086608887e-01
3.746423125267028809e-01
9.997900128364562988e-01
3.746423125267028809e-01
9.963302016258239746e-01
9.941657781600952148e-01
3.746423125267028809e-01
3.746423125267028809e-01
3.746423125267028809e-01
9.949526786804199219e-01
3.746423125267028809e-01
3.746423125267028809e-01
3.746423125267028809e-01
3.746423125267028809e-01
9.860994219779968262e-01
9.890162348747253418e-01
9.834860563278198242e-01
9.979246854782104492e-01
3.746423125267028809e-01
9.724384546279907227e-01
9.207869172096252441e-01
9.572175145149230957e-01
9.983904361724853516e-01
9.973483085632324219e-01
3.746423125267028809e-01
9.988485574722290039e-01
3.746423125267028809e-01
3.746423125267028809e-01
3.746423125267028809e-01
9.940424561500549316e-01
9.810417890548706055e-01
3.746423125267028809e-01
3.746423125267028809e-01
3.746423125267028809e-01
9.806428551673889160e-01
9.912012815475463867e-01
9.981356859207153320e-01
3.746423125267028809e-01
9.873917698860168457e-01
9.999786615371704102e-01
9.891863465309143066e-01
3.746423125267028809e-01
9.846456646919250488e-01
3.746423125267028809e-01
9.959631562232971191e-01
3.746423125267028809e-01
3.746423125267028809e-01
3.746423125267028809e-01
9.939117431640625000e-01
3.746423125267028809e-01
3.746423125267028809e-01
3.746423125267028809e-01
3.746423125267028809e-01
3.746423125267028809e-01
9.762370586395263672e-01
3.746423125267028809e-01
9.933791160583496094e-01
9.435204267501831055e-01
9.863190650939941406e-01
9.998651742935180664e-01
3.746423125267028809e-01
9.946891069412231445e-01
3.746423125267028809e-01
3.746423125267028809e-01
3.746423125267028809e-01
9.558885097503662109e-01
3.746423125267028809e-01
9.989114999771118164e-01
9.541128873825073242e-01
3.746423125267028809e-01
9.926148653030395508e-01
3.746423125267028809e-01
9.815104007720947266e-01
9.995082616806030273e-01
9.861404895782470703e-01
9.905908703804016113e-01
3.746423125267028809e-01
3.746423125267028809e-01
3.746423125267028809e-01
3.746423125267028809e-01
3.746423125267028809e-01
9.788752198219299316e-01
3.746423125267028809e-01
3.746423125267028809e-01
3.746423125267028809e-01
9.974179267883300781e-01
9.525864720344543457e-01
3.746423125267028809e-01
9.815104007720947266e-01
9.807087182998657227e-01
3.746423125267028809e-01
3.746423125267028809e-01
3.746423125267028809e-01
3.746423125267028809e-01
9.839926362037658691e-01
7.975831031799316406e-01
3.746423125267028809e-01
9.865192770957946777e-01
3.746423125267028809e-01
3.746423125267028809e-01
9.982909560203552246e-01
3.746423125267028809e-01
9.973342418670654297e-01
3.746423125267028809e-01
3.746423125267028809e-01
9.884092807769775391e-01
9.763467311859130859e-01
3.746423125267028809e-01
9.931718111038208008e-01
9.950104951858520508e-01
3.746423125267028809e-01
3.746423125267028809e-01
3.746423125267028809e-01
9.743030667304992676e-01
9.915338158607482910e-01
3.746423125267028809e-01
3.746423125267028809e-01
9.843180179595947266e-01
3.746423125267028809e-01
9.980354905128479004e-01
9.834196567535400391e-01
3.746423125267028809e-01
3.746423125267028809e-01
9.929288029670715332e-01
3.746423125267028809e-01
3.746423125267028809e-01
3.746423125267028809e-01
3.746423125267028809e-01
3.746423125267028809e-01
3.746423125267028809e-01
9.818810820579528809e-01
9.908161163330078125e-01
9.887834191322326660e-01
3.746423125267028809e-01
3.746423125267028809e-01
3.746423125267028809e-01
3.746423125267028809e-01
3.746423125267028809e-01
3.746423125267028809e-01
3.746423125267028809e-01
3.746423125267028809e-01
9.967011809349060059e-01
9.951130747795104980e-01
3.746423125267028809e-01
9.886795878410339355e-01
3.746423125267028809e-01
3.746423125267028809e-01
3.746423125267028809e-01
3.746423125267028809e-01
3.746423125267028809e-01
9.958052635192871094e-01
9.994348883628845215e-01
3.746423125267028809e-01
3.746423125267028809e-01
3.746423125267028809e-01
3.746423125267028809e-01
9.969155788421630859e-01
3.746423125267028809e-01
3.746423125267028809e-01
9.753593206405639648e-01
3.746423125267028809e-01
9.858044385910034180e-01
3.746423125267028809e-01
3.746423125267028809e-01
9.998536109924316406e-01
3.746423125267028809e-01
3.746423125267028809e-01
3.746423125267028809e-01
9.957126379013061523e-01
3.746423125267028809e-01
3.746423125267028809e-01
9.909557700157165527e-01
9.959002137184143066e-01
3.746423125267028809e-01
3.746423125267028809e-01
3.746423125267028809e-01
3.746423125267028809e-01
9.840034842491149902e-01
9.614543914794921875e-01
3.746423125267028809e-01
3.746423125267028809e-01
3.746423125267028809e-01
3.746423125267028809e-01
3.746423125267028809e-01
3.746423125267028809e-01
9.907123446464538574e-01
3.746423125267028809e-01
3.746423125267028809e-01
3.746423125267028809e-01
3.746423125267028809e-01
3.746423125267028809e-01
3.746423125267028809e-01
3.746423125267028809e-01
3.746423125267028809e-01
3.746423125267028809e-01
3.746423125267028809e-01
3.746423125267028809e-01
3.746423125267028809e-01
9.869413971900939941e-01
3.746423125267028809e-01
3.746423125267028809e-01
3.746423125267028809e-01
9.891679286956787109e-01
9.761804938316345215e-01
3.746423125267028809e-01
3.746423125267028809e-01
9.854865074157714844e-01
3.746423125267028809e-01
3.746423125267028809e-01
3.746423125267028809e-01
9.971929192543029785e-01
3.746423125267028809e-01
3.746423125267028809e-01
3.746423125267028809e-01
3.746423125267028809e-01
3.746423125267028809e-01
3.746423125267028809e-01
3.746423125267028809e-01
3.746423125267028809e-01
9.938154220581054688e-01
3.746423125267028809e-01
3.746423125267028809e-01
3.746423125267028809e-01
3.746423125267028809e-01
3.746423125267028809e-01
3.746423125267028809e-01
3.746423125267028809e-01
3.746423125267028809e-01
9.547987580299377441e-01
9.911224842071533203e-01
9.940102100372314453e-01
9.399731755256652832e-01
9.999865293502807617e-01
9.947745203971862793e-01
3.746423125267028809e-01
3.746423125267028809e-01
3.746423125267028809e-01
9.901313781738281250e-01
9.398251771926879883e-01
9.837130308151245117e-01
3.746423125267028809e-01
3.746423125267028809e-01
9.413552880287170410e-01
3.746423125267028809e-01
3.746423125267028809e-01
3.746423125267028809e-01
9.308135509490966797e-01
9.984998703002929688e-01
9.780751466751098633e-01
9.762496948242187500e-01
3.746423125267028809e-01
3.746423125267028809e-01
3.746423125267028809e-01
8.462755084037780762e-01
3.746423125267028809e-01
3.746423125267028809e-01
9.665070176124572754e-01
9.663728475570678711e-01
3.746423125267028809e-01
3.746423125267028809e-01
9.938323497772216797e-01
3.746423125267028809e-01
9.878054857254028320e-01
3.746423125267028809e-01
3.746423125267028809e-01
3.746423125267028809e-01
3.746423125267028809e-01
8.407392501831054688e-01
3.746423125267028809e-01
3.746423125267028809e-01
9.922762513160705566e-01
9.952249526977539062e-01
3.746423125267028809e-01
3.746423125267028809e-01
3.746423125267028809e-01
9.639984965324401855e-01
3.746423125267028809e-01
9.732730984687805176e-01
9.917837381362915039e-01
3.746423125267028809e-01
3.746423125267028809e-01
3.746423125267028809e-01
3.746423125267028809e-01
9.955170750617980957e-01
3.746423125267028809e-01
3.746423125267028809e-01
3.746423125267028809e-01
9.675357937812805176e-01
3.746423125267028809e-01
8.950404524803161621e-01
9.917946457862854004e-01
9.908692836761474609e-01
3.746423125267028809e-01
9.832407832145690918e-01
9.934023022651672363e-01
9.868778586387634277e-01
3.746423125267028809e-01
9.957489967346191406e-01
3.746423125267028809e-01
3.746423125267028809e-01
3.746423125267028809e-01
3.746423125267028809e-01
3.746423125267028809e-01
3.746423125267028809e-01
3.746423125267028809e-01
3.746423125267028809e-01
3.746423125267028809e-01
3.746423125267028809e-01
3.746423125267028809e-01
3.746423125267028809e-01
3.746423125267028809e-01
3.746423125267028809e-01
3.746423125267028809e-01
3.746423125267028809e-01
3.746423125267028809e-01
3.746423125267028809e-01
3.746423125267028809e-01
3.746423125267028809e-01
3.746423125267028809e-01
3.746423125267028809e-01
3.746423125267028809e-01
3.746423125267028809e-01
3.746423125267028809e-01
3.746423125267028809e-01
3.746423125267028809e-01
3.746423125267028809e-01
3.746423125267028809e-01
3.746423125267028809e-01
3.746423125267028809e-01
3.746423125267028809e-01
3.746423125267028809e-01
3.746423125267028809e-01
3.746423125267028809e-01
3.746423125267028809e-01
3.746423125267028809e-01
3.746423125267028809e-01
3.334891498088836670e-01
3.746423125267028809e-01
3.746423125267028809e-01
3.746423125267028809e-01
3.746423125267028809e-01
3.746423125267028809e-01
3.746423125267028809e-01
3.746423125267028809e-01
3.746423125267028809e-01
3.746423125267028809e-01
3.746423125267028809e-01
3.746423125267028809e-01
3.746423125267028809e-01
3.746423125267028809e-01
3.746423125267028809e-01
3.746423125267028809e-01
3.746423125267028809e-01
3.746423125267028809e-01
3.746423125267028809e-01
3.746423125267028809e-01
3.746423125267028809e-01
3.746423125267028809e-01
3.746423125267028809e-01
3.746423125267028809e-01
3.746423125267028809e-01
3.746423125267028809e-01
3.746423125267028809e-01
3.746423125267028809e-01
3.746423125267028809e-01
3.746423125267028809e-01
3.746423125267028809e-01
3.746423125267028809e-01
3.746423125267028809e-01
3.746423125267028809e-01
3.746423125267028809e-01
3.746423125267028809e-01
3.746423125267028809e-01
3.746423125267028809e-01
3.746423125267028809e-01
3.746423125267028809e-01
3.746423125267028809e-01
3.746423125267028809e-01
3.746423125267028809e-01
3.746423125267028809e-01
3.746423125267028809e-01
3.746423125267028809e-01
3.746423125267028809e-01
3.746423125267028809e-01
3.746423125267028809e-01
3.746423125267028809e-01
3.746423125267028809e-01
3.746423125267028809e-01
3.746423125267028809e-01
3.746423125267028809e-01
3.746423125267028809e-01
3.746423125267028809e-01
3.746423125267028809e-01
3.746423125267028809e-01
3.746423125267028809e-01
3.746423125267028809e-01
3.746423125267028809e-01
3.746423125267028809e-01
3.746423125267028809e-01
3.746423125267028809e-01
3.746423125267028809e-01
3.746423125267028809e-01
3.746423125267028809e-01
3.746423125267028809e-01
3.746423125267028809e-01
3.746423125267028809e-01
3.746423125267028809e-01
3.746423125267028809e-01
3.746423125267028809e-01
3.746423125267028809e-01
3.746423125267028809e-01
3.746423125267028809e-01
3.746423125267028809e-01
3.746423125267028809e-01
3.746423125267028809e-01
3.746423125267028809e-01
3.746423125267028809e-01
3.746423125267028809e-01
3.746423125267028809e-01
3.746423125267028809e-01
3.746423125267028809e-01
3.746423125267028809e-01
3.746423125267028809e-01
3.746423125267028809e-01
3.746423125267028809e-01
3.746423125267028809e-01
3.746423125267028809e-01
3.746423125267028809e-01
3.746423125267028809e-01
3.746423125267028809e-01
3.746423125267028809e-01
3.746423125267028809e-01
3.746423125267028809e-01
3.746423125267028809e-01
3.746423125267028809e-01
3.746423125267028809e-01
3.746423125267028809e-01
3.746423125267028809e-01
3.746423125267028809e-01
3.746423125267028809e-01
3.746423125267028809e-01
3.746423125267028809e-01
3.746423125267028809e-01
3.746423125267028809e-01
3.746423125267028809e-01
3.746423125267028809e-01
3.746423125267028809e-01
3.746423125267028809e-01
3.746423125267028809e-01
3.746423125267028809e-01
3.746423125267028809e-01
3.746423125267028809e-01
3.746423125267028809e-01
3.746423125267028809e-01
3.746423125267028809e-01
3.746423125267028809e-01
3.746423125267028809e-01
3.746423125267028809e-01
3.746423125267028809e-01
3.746423125267028809e-01
3.746423125267028809e-01
3.746423125267028809e-01
3.746423125267028809e-01
3.746423125267028809e-01
3.746423125267028809e-01
3.746423125267028809e-01
3.746423125267028809e-01
3.746423125267028809e-01
3.746423125267028809e-01
3.746423125267028809e-01
3.746423125267028809e-01
3.746423125267028809e-01
3.746423125267028809e-01
3.746423125267028809e-01
3.746423125267028809e-01
3.746423125267028809e-01
3.746423125267028809e-01
3.746423125267028809e-01
3.746423125267028809e-01
3.746423125267028809e-01
3.746423125267028809e-01
3.746423125267028809e-01
3.746423125267028809e-01
3.746423125267028809e-01
3.746423125267028809e-01
3.746423125267028809e-01
3.746423125267028809e-01
3.746423125267028809e-01
3.746423125267028809e-01
3.746423125267028809e-01
3.746423125267028809e-01
3.746423125267028809e-01
3.746423125267028809e-01
3.746423125267028809e-01
3.746423125267028809e-01
3.746423125267028809e-01
3.746423125267028809e-01
3.746423125267028809e-01
3.746423125267028809e-01
3.746423125267028809e-01
3.746423125267028809e-01
3.746423125267028809e-01
3.746423125267028809e-01
3.746423125267028809e-01
3.746423125267028809e-01
3.746423125267028809e-01
3.746423125267028809e-01
3.746423125267028809e-01
3.746423125267028809e-01
3.746423125267028809e-01
3.746423125267028809e-01
3.746423125267028809e-01
3.746423125267028809e-01
3.746423125267028809e-01
3.746423125267028809e-01
3.746423125267028809e-01
3.746423125267028809e-01
3.746423125267028809e-01
3.746423125267028809e-01
3.746423125267028809e-01
3.746423125267028809e-01
3.746423125267028809e-01
3.746423125267028809e-01
3.746423125267028809e-01
3.746423125267028809e-01
3.746423125267028809e-01
3.746423125267028809e-01
3.746423125267028809e-01
3.746423125267028809e-01
3.746423125267028809e-01
3.746423125267028809e-01
3.746423125267028809e-01
3.746423125267028809e-01
3.746423125267028809e-01
3.746423125267028809e-01
3.746423125267028809e-01
3.746423125267028809e-01
3.746423125267028809e-01
3.746423125267028809e-01
3.746423125267028809e-01
3.746423125267028809e-01
1.444830000400543213e-01
3.746423125267028809e-01
3.746423125267028809e-01
3.746423125267028809e-01
3.746423125267028809e-01
3.746423125267028809e-01
3.746423125267028809e-01
3.746423125267028809e-01
3.746423125267028809e-01
3.746423125267028809e-01
3.746423125267028809e-01
3.746423125267028809e-01
3.746423125267028809e-01
3.746423125267028809e-01
3.746423125267028809e-01
3.746423125267028809e-01
3.746423125267028809e-01
3.746423125267028809e-01
3.746423125267028809e-01
2.553357183933258057e-01
3.746423125267028809e-01
3.746423125267028809e-01
3.746423125267028809e-01
3.746423125267028809e-01
3.746423125267028809e-01
3.746423125267028809e-01
3.746423125267028809e-01
3.746423125267028809e-01
3.746423125267028809e-01
3.746423125267028809e-01
3.746423125267028809e-01
3.746423125267028809e-01
3.746423125267028809e-01
3.746423125267028809e-01
3.746423125267028809e-01
3.746423125267028809e-01
3.746423125267028809e-01
3.746423125267028809e-01
3.746423125267028809e-01
3.746423125267028809e-01
3.746423125267028809e-01
3.746423125267028809e-01
3.746423125267028809e-01
3.746423125267028809e-01
3.746423125267028809e-01
3.746423125267028809e-01
3.746423125267028809e-01
3.746423125267028809e-01
3.746423125267028809e-01
3.746423125267028809e-01
3.746423125267028809e-01
3.746423125267028809e-01
3.746423125267028809e-01
3.746423125267028809e-01
3.746423125267028809e-01
3.746423125267028809e-01
3.746423125267028809e-01
3.746423125267028809e-01
3.746423125267028809e-01
3.746423125267028809e-01
1.746455729007720947e-01
3.746423125267028809e-01
3.746423125267028809e-01
3.746423125267028809e-01
3.746423125267028809e-01
3.746423125267028809e-01
3.746423125267028809e-01
3.746423125267028809e-01
3.746423125267028809e-01
3.746423125267028809e-01
3.746423125267028809e-01
3.746423125267028809e-01
3.746423125267028809e-01
3.746423125267028809e-01
3.746423125267028809e-01
3.746423125267028809e-01
3.746423125267028809e-01
3.746423125267028809e-01
3.746423125267028809e-01
3.746423125267028809e-01
3.746423125267028809e-01
3.746423125267028809e-01
3.746423125267028809e-01
3.746423125267028809e-01
3.746423125267028809e-01
3.746423125267028809e-01
3.746423125267028809e-01
3.746423125267028809e-01
3.746423125267028809e-01
3.746423125267028809e-01
3.746423125267028809e-01
3.746423125267028809e-01
3.746423125267028809e-01
3.746423125267028809e-01
3.746423125267028809e-01
3.746423125267028809e-01
3.746423125267028809e-01
3.746423125267028809e-01
3.746423125267028809e-01
3.746423125267028809e-01
3.746423125267028809e-01
3.746423125267028809e-01
3.746423125267028809e-01
3.746423125267028809e-01
3.746423125267028809e-01
3.746423125267028809e-01
3.746423125267028809e-01
3.746423125267028809e-01
3.746423125267028809e-01
3.746423125267028809e-01
3.746423125267028809e-01
3.746423125267028809e-01
3.746423125267028809e-01
3.746423125267028809e-01
3.746423125267028809e-01
3.746423125267028809e-01
3.746423125267028809e-01
3.746423125267028809e-01
3.746423125267028809e-01
3.746423125267028809e-01
3.746423125267028809e-01
3.746423125267028809e-01
3.746423125267028809e-01
3.746423125267028809e-01
3.746423125267028809e-01
3.746423125267028809e-01
3.530519902706146240e-01
3.746423125267028809e-01
3.746423125267028809e-01
3.746423125267028809e-01
3.746423125267028809e-01
3.746423125267028809e-01
3.746423125267028809e-01
3.746423125267028809e-01
3.746423125267028809e-01
3.746423125267028809e-01
3.746423125267028809e-01
3.746423125267028809e-01
3.746423125267028809e-01
3.746423125267028809e-01
3.746423125267028809e-01
3.746423125267028809e-01
3.746423125267028809e-01
3.746423125267028809e-01
3.746423125267028809e-01
3.746423125267028809e-01
3.746423125267028809e-01
3.746423125267028809e-01
3.746423125267028809e-01
3.746423125267028809e-01
3.746423125267028809e-01
3.746423125267028809e-01
3.746423125267028809e-01
3.746423125267028809e-01
3.746423125267028809e-01
3.746423125267028809e-01
3.746423125267028809e-01
3.746423125267028809e-01
3.746423125267028809e-01
3.746423125267028809e-01
3.746423125267028809e-01
3.746423125267028809e-01
3.746423125267028809e-01
3.746423125267028809e-01
3.746423125267028809e-01
3.746423125267028809e-01
3.746423125267028809e-01
3.746423125267028809e-01
3.746423125267028809e-01
3.746423125267028809e-01
3.746423125267028809e-01
3.746423125267028809e-01
3.746423125267028809e-01
3.746423125267028809e-01
3.746423125267028809e-01
3.746423125267028809e-01
3.746423125267028809e-01
3.746423125267028809e-01
3.746423125267028809e-01
3.746423125267028809e-01
3.746423125267028809e-01
3.746423125267028809e-01
3.746423125267028809e-01
3.746423125267028809e-01
3.746423125267028809e-01
3.746423125267028809e-01
1.536326855421066284e-01
3.746423125267028809e-01
1.591446548700332642e-01
3.746423125267028809e-01
3.746423125267028809e-01
3.746423125267028809e-01
3.746423125267028809e-01
3.746423125267028809e-01
3.746423125267028809e-01
3.746423125267028809e-01
3.746423125267028809e-01
3.746423125267028809e-01
3.746423125267028809e-01
3.746423125267028809e-01
3.746423125267028809e-01
3.746423125267028809e-01
3.746423125267028809e-01
3.746423125267028809e-01
3.746423125267028809e-01
3.746423125267028809e-01
3.746423125267028809e-01
3.746423125267028809e-01
3.746423125267028809e-01
3.746423125267028809e-01
3.746423125267028809e-01
7.893669605255126953e-02
3.746423125267028809e-01
3.746423125267028809e-01
3.746423125267028809e-01
3.746423125267028809e-01
3.347071111202239990e-01
3.746423125267028809e-01
3.746423125267028809e-01
3.746423125267028809e-01
3.746423125267028809e-01
3.746423125267028809e-01
3.746423125267028809e-01
3.746423125267028809e-01
3.746423125267028809e-01
3.746423125267028809e-01
3.746423125267028809e-01
3.746423125267028809e-01
3.746423125267028809e-01
3.746423125267028809e-01
3.746423125267028809e-01
3.746423125267028809e-01
3.746423125267028809e-01
3.746423125267028809e-01
3.746423125267028809e-01
3.746423125267028809e-01
3.746423125267028809e-01
3.746423125267028809e-01
3.746423125267028809e-01
3.746423125267028809e-01
3.746423125267028809e-01
3.746423125267028809e-01
3.746423125267028809e-01
3.746423125267028809e-01
3.746423125267028809e-01
3.746423125267028809e-01
3.746423125267028809e-01
3.746423125267028809e-01
3.746423125267028809e-01
3.746423125267028809e-01
3.746423125267028809e-01
3.746423125267028809e-01
3.746423125267028809e-01
3.746423125267028809e-01
3.746423125267028809e-01
3.746423125267028809e-01
3.746423125267028809e-01
3.746423125267028809e-01
3.746423125267028809e-01
