5.280704498291015625e-01
5.130566358566284180e-01
5.188373923301696777e-01
4.965085983276367188e-01
5.208418965339660645e-01
5.186215043067932129e-01
5.565747022628784180e-01
4.882407486438751221e-01
4.937054812908172607e-01
5.575069189071655273e-01
5.198885202407836914e-01
4.824885725975036621e-01
5.189104080200195312e-01
5.222594141960144043e-01
5.368056893348693848e-01
4.676285386085510254e-01
5.305313467979431152e-01
5.287287235260009766e-01
5.418161749839782715e-01
5.160151124000549316e-01
4.980593919754028320e-01
5.023166537284851074e-01
4.838826060295104980e-01
5.211563110351562500e-01
5.461934208869934082e-01
5.224857926368713379e-01
5.282186269760131836e-01
4.964798986911773682e-01
5.281188488006591797e-01
4.945587217807769775e-01
4.801783263683319092e-01
4.920303523540496826e-01
5.453528165817260742e-01
5.378585457801818848e-01
5.061458349227905273e-01
5.275689363479614258e-01
5.002073645591735840e-01
5.210036039352416992e-01
5.304491519927978516e-01
5.380122661590576172e-01
5.102887749671936035e-01
5.450085997581481934e-01
5.452818870544433594e-01
5.137141346931457520e-01
4.918994903564453125e-01
5.092858076095581055e-01
5.368272662162780762e-01
5.070669054985046387e-01
4.805471599102020264e-01
5.148563981056213379e-01
4.939726591110229492e-01
5.086064934730529785e-01
4.922311902046203613e-01
4.810995757579803467e-01
5.256945490837097168e-01
5.093582868576049805e-01
5.148312449455261230e-01
4.870127737522125244e-01
5.132153034210205078e-01
5.553916692733764648e-01
5.717787742614746094e-01
5.427477359771728516e-01
5.069699883460998535e-01
4.871243834495544434e-01
5.229775905609130859e-01
4.940708577632904053e-01
5.037056207656860352e-01
5.438088774681091309e-01
5.392825007438659668e-01
4.854030907154083252e-01
5.269542336463928223e-01
5.096567273139953613e-01
4.980361461639404297e-01
5.209321379661560059e-01
5.257402658462524414e-01
4.658829271793365479e-01
5.469042062759399414e-01
5.334351062774658203e-01
4.648538827896118164e-01
5.475424528121948242e-01
5.561842918395996094e-01
5.226818919181823730e-01
5.438916683197021484e-01
4.633571803569793701e-01
5.393375158309936523e-01
5.426539778709411621e-01
4.626065194606781006e-01
5.516833662986755371e-01
4.420527517795562744e-01
4.692835211753845215e-01
4.719580113887786865e-01
4.749826490879058838e-01
5.349969863891601562e-01
4.753755927085876465e-01
5.391742587089538574e-01
5.357624292373657227e-01
4.616037011146545410e-01
5.552188158035278320e-01
5.346875190734863281e-01
5.455901622772216797e-01
5.743651986122131348e-01
5.464667677879333496e-01
5.167042613029479980e-01
5.542273521423339844e-01
5.328585505485534668e-01
4.873815178871154785e-01
4.448649883270263672e-01
4.512752592563629150e-01
5.331860184669494629e-01
5.534037351608276367e-01
5.242765545845031738e-01
4.938828349113464355e-01
5.369376540184020996e-01
5.223076939582824707e-01
4.924187660217285156e-01
5.496470332145690918e-01
5.160886645317077637e-01
4.624269902706146240e-01
4.638574123382568359e-01
5.346598029136657715e-01
5.509052872657775879e-01
4.684366583824157715e-01
5.525444746017456055e-01
5.397190451622009277e-01
4.752081036567687988e-01
5.605169534683227539e-01
5.080011487007141113e-01
4.639507532119750977e-01
5.354619622230529785e-01
5.467106103897094727e-01
5.606136918067932129e-01
5.390884876251220703e-01
4.559614956378936768e-01
5.356962084770202637e-01
4.761130809783935547e-01
4.606832563877105713e-01
5.417818427085876465e-01
5.690559744834899902e-01
4.655316770076751709e-01
5.654015541076660156e-01
5.351719260215759277e-01
4.623239934444427490e-01
5.508926510810852051e-01
5.489060878753662109e-01
4.746992588043212891e-01
4.436081945896148682e-01
5.512723326683044434e-01
4.540252685546875000e-01
5.263047814369201660e-01
5.261827111244201660e-01
5.069241523742675781e-01
5.283099412918090820e-01
5.162980556488037109e-01
4.946530759334564209e-01
4.903039336204528809e-01
5.690702199935913086e-01
5.047000646591186523e-01
5.004674792289733887e-01
5.101387500762939453e-01
5.002325773239135742e-01
4.851010441780090332e-01
5.637739896774291992e-01
4.459443688392639160e-01
5.206433534622192383e-01
5.130997300148010254e-01
5.149753093719482422e-01
4.982731640338897705e-01
5.104620456695556641e-01
5.060816407203674316e-01
4.998000562191009521e-01
5.057928562164306641e-01
5.297528505325317383e-01
5.273804664611816406e-01
5.245601534843444824e-01
5.020958185195922852e-01
5.075218081474304199e-01
5.177127718925476074e-01
4.486696124076843262e-01
5.225888490676879883e-01
5.416691899299621582e-01
4.958806037902832031e-01
5.083871483802795410e-01
5.039597153663635254e-01
5.189155340194702148e-01
5.199589133262634277e-01
5.161207914352416992e-01
5.501844882965087891e-01
5.317543745040893555e-01
5.091433525085449219e-01
5.117562413215637207e-01
4.729319512844085693e-01
5.089923143386840820e-01
5.239832401275634766e-01
5.252574682235717773e-01
5.102050900459289551e-01
5.246794819831848145e-01
5.175071954727172852e-01
4.903008341789245605e-01
5.099761486053466797e-01
5.089336037635803223e-01
4.561677873134613037e-01
5.098562836647033691e-01
5.288740992546081543e-01
5.255563259124755859e-01
4.941596984863281250e-01
5.091299414634704590e-01
5.284636616706848145e-01
5.235038399696350098e-01
5.205013155937194824e-01
4.923304617404937744e-01
5.149646997451782227e-01
5.261768698692321777e-01
5.277730822563171387e-01
5.613910555839538574e-01
5.195479393005371094e-01
5.564184784889221191e-01
4.929561913013458252e-01
5.501857399940490723e-01
5.257630348205566406e-01
5.273358821868896484e-01
5.376829504966735840e-01
5.177372097969055176e-01
4.949785768985748291e-01
5.314439535140991211e-01
4.967827498912811279e-01
5.244650840759277344e-01
5.173439383506774902e-01
5.183086991310119629e-01
5.120407342910766602e-01
5.338940024375915527e-01
5.059884190559387207e-01
5.417804121971130371e-01
4.897083342075347900e-01
5.067815184593200684e-01
5.332697033882141113e-01
5.325575470924377441e-01
5.377258658409118652e-01
5.069858431816101074e-01
4.509305953979492188e-01
5.253781676292419434e-01
4.971547722816467285e-01
5.343284606933593750e-01
5.184324383735656738e-01
4.824677109718322754e-01
5.136157870292663574e-01
5.057840347290039062e-01
5.227915048599243164e-01
5.029683709144592285e-01
5.216812491416931152e-01
5.245143771171569824e-01
5.436420440673828125e-01
5.211862325668334961e-01
5.148806571960449219e-01
5.340621471405029297e-01
5.339512228965759277e-01
5.016634464263916016e-01
5.214931964874267578e-01
4.826624095439910889e-01
5.115264654159545898e-01
5.119692683219909668e-01
5.102536678314208984e-01
5.241452455520629883e-01
4.961963295936584473e-01
5.087037086486816406e-01
5.057445764541625977e-01
5.223440527915954590e-01
5.002724528312683105e-01
5.403242111206054688e-01
4.999495148658752441e-01
5.079478621482849121e-01
5.152307152748107910e-01
5.304940938949584961e-01
5.034186840057373047e-01
5.357015728950500488e-01
5.330557823181152344e-01
5.130013227462768555e-01
5.180237293243408203e-01
5.166379809379577637e-01
5.191813707351684570e-01
5.048731565475463867e-01
5.002982616424560547e-01
5.174321532249450684e-01
5.060577392578125000e-01
4.791453182697296143e-01
5.237675905227661133e-01
5.351373553276062012e-01
5.163646936416625977e-01
5.137452483177185059e-01
5.271498560905456543e-01
5.200811028480529785e-01
5.215838551521301270e-01
5.250564217567443848e-01
5.134447813034057617e-01
5.196917653083801270e-01
5.382583141326904297e-01
5.234312415122985840e-01
5.099704861640930176e-01
5.234288573265075684e-01
5.169067978858947754e-01
5.096873044967651367e-01
5.306121706962585449e-01
5.134152173995971680e-01
5.201550126075744629e-01
5.172727108001708984e-01
5.069314837455749512e-01
5.299292206764221191e-01
5.159507989883422852e-01
5.220423340797424316e-01
5.338519215583801270e-01
5.210812091827392578e-01
5.105012059211730957e-01
5.140236020088195801e-01
5.209864377975463867e-01
5.313726067543029785e-01
5.097634792327880859e-01
5.308743715286254883e-01
5.239243507385253906e-01
5.323711037635803223e-01
5.116023421287536621e-01
5.656102299690246582e-01
5.326122045516967773e-01
5.149649977684020996e-01
5.190016031265258789e-01
5.350505709648132324e-01
5.283984541893005371e-01
4.913369715213775635e-01
5.108432173728942871e-01
5.617121458053588867e-01
5.373331308364868164e-01
5.074403285980224609e-01
5.683419108390808105e-01
5.442600250244140625e-01
5.263316035270690918e-01
4.985073208808898926e-01
5.268340706825256348e-01
5.198119878768920898e-01
5.017120242118835449e-01
5.271266698837280273e-01
5.623993277549743652e-01
5.146601200103759766e-01
5.323238372802734375e-01
5.535679459571838379e-01
5.062397718429565430e-01
5.036339759826660156e-01
5.246743559837341309e-01
5.417636632919311523e-01
4.896514117717742920e-01
5.236896276473999023e-01
5.149649977684020996e-01
5.358439683914184570e-01
4.989207386970520020e-01
5.319743752479553223e-01
5.399725437164306641e-01
5.284860730171203613e-01
5.233377814292907715e-01
5.054300427436828613e-01
5.122447609901428223e-01
5.120033025741577148e-01
5.132526755332946777e-01
5.038256645202636719e-01
5.154615640640258789e-01
5.007587075233459473e-01
5.074436068534851074e-01
5.205191969871520996e-01
4.866781830787658691e-01
5.189465284347534180e-01
5.115529894828796387e-01
5.167551040649414062e-01
5.239440798759460449e-01
5.495595932006835938e-01
5.220983624458312988e-01
5.086920261383056641e-01
5.233783721923828125e-01
5.299239754676818848e-01
5.096909403800964355e-01
5.034367442131042480e-01
5.246591567993164062e-01
5.161319971084594727e-01
5.049479007720947266e-01
4.934653043746948242e-01
5.362828969955444336e-01
5.205484628677368164e-01
5.042430162429809570e-01
5.195046663284301758e-01
4.935349225997924805e-01
4.879235029220581055e-01
5.123677253723144531e-01
5.523793101310729980e-01
5.700207948684692383e-01
5.427102446556091309e-01
5.156011581420898438e-01
4.974300265312194824e-01
4.965841770172119141e-01
4.955910444259643555e-01
5.023491978645324707e-01
5.079604387283325195e-01
5.328845381736755371e-01
4.914424419403076172e-01
5.425416231155395508e-01
5.207969546318054199e-01
4.963513612747192383e-01
5.009635090827941895e-01
4.834518432617187500e-01
5.104586482048034668e-01
5.544180870056152344e-01
5.298017859458923340e-01
5.087569355964660645e-01
5.649560689926147461e-01
4.852047562599182129e-01
4.936865866184234619e-01
5.123505592346191406e-01
5.196991562843322754e-01
4.993366599082946777e-01
5.204188227653503418e-01
5.195542573928833008e-01
5.273839831352233887e-01
5.155952572822570801e-01
4.946134090423583984e-01
5.064778923988342285e-01
4.760149121284484863e-01
5.155901908874511719e-01
5.518000125885009766e-01
4.988220036029815674e-01
5.088546872138977051e-01
5.244833230972290039e-01
4.929024279117584229e-01
5.096883177757263184e-01
5.102143287658691406e-01
5.510879158973693848e-01
5.282157063484191895e-01
5.002511143684387207e-01
5.250965952873229980e-01
5.278370380401611328e-01
4.765450954437255859e-01
5.233117341995239258e-01
4.914278686046600342e-01
5.615735054016113281e-01
5.073084831237792969e-01
4.943772554397583008e-01
5.222789645195007324e-01
5.028590559959411621e-01
5.104359388351440430e-01
5.271366834640502930e-01
5.096917152404785156e-01
5.433940887451171875e-01
5.068233609199523926e-01
5.065842270851135254e-01
5.369490385055541992e-01
5.160487294197082520e-01
5.035362243652343750e-01
5.090914964675903320e-01
5.111965537071228027e-01
5.178813338279724121e-01
5.050057172775268555e-01
4.898968636989593506e-01
5.527464151382446289e-01
5.092409849166870117e-01
4.957725405693054199e-01
5.246774554252624512e-01
4.823421835899353027e-01
5.008997917175292969e-01
4.790023863315582275e-01
5.110850930213928223e-01
5.519680976867675781e-01
4.893699884414672852e-01
5.116033554077148438e-01
5.160753726959228516e-01
5.264650583267211914e-01
4.970750808715820312e-01
5.270609855651855469e-01
5.171808600425720215e-01
5.143770575523376465e-01
5.005431175231933594e-01
5.061929225921630859e-01
5.002315044403076172e-01
4.825040102005004883e-01
4.914253950119018555e-01
5.333698391914367676e-01
4.857127964496612549e-01
5.229373574256896973e-01
5.282172560691833496e-01
5.060566067695617676e-01
5.162175893783569336e-01
5.085408687591552734e-01
5.056775212287902832e-01
5.420657396316528320e-01
5.709494948387145996e-01
4.954459369182586670e-01
5.013651251792907715e-01
5.664883852005004883e-01
5.224311947822570801e-01
5.093568563461303711e-01
5.099093914031982422e-01
5.316793918609619141e-01
5.328578352928161621e-01
5.342334508895874023e-01
5.484115481376647949e-01
5.256185531616210938e-01
5.054440498352050781e-01
4.943099617958068848e-01
4.624350965023040771e-01
5.205091238021850586e-01
4.999328255653381348e-01
4.665285050868988037e-01
5.324683189392089844e-01
5.427229404449462891e-01
5.006585717201232910e-01
5.093238353729248047e-01
4.721166193485260010e-01
5.333188176155090332e-01
4.978226423263549805e-01
4.994399249553680420e-01
4.941872954368591309e-01
5.269048810005187988e-01
4.858957827091217041e-01
4.697214066982269287e-01
5.653877854347229004e-01
4.456867873668670654e-01
4.835642278194427490e-01
4.850315451622009277e-01
4.484687149524688721e-01
5.001048445701599121e-01
5.179871320724487305e-01
5.020359754562377930e-01
5.181174278259277344e-01
4.930061399936676025e-01
5.410282015800476074e-01
4.891493022441864014e-01
5.246741175651550293e-01
5.138984322547912598e-01
5.227190852165222168e-01
4.906822144985198975e-01
4.970155060291290283e-01
5.245823264122009277e-01
4.969261288642883301e-01
4.686978459358215332e-01
4.622004032135009766e-01
5.144183039665222168e-01
4.453555643558502197e-01
4.905999600887298584e-01
4.955444335937500000e-01
4.862306118011474609e-01
4.901545047760009766e-01
5.007011294364929199e-01
4.712086915969848633e-01
5.048252940177917480e-01
4.581882357597351074e-01
4.660893976688385010e-01
5.157281160354614258e-01
5.250225663185119629e-01
4.822038412094116211e-01
4.905999600887298584e-01
5.317070484161376953e-01
5.168482661247253418e-01
4.848938882350921631e-01
5.000754594802856445e-01
4.922888576984405518e-01
4.902432858943939209e-01
4.607779383659362793e-01
4.832179844379425049e-01
4.767777919769287109e-01
4.789301455020904541e-01
4.592050909996032715e-01
4.572876989841461182e-01
4.800191819667816162e-01
5.374140143394470215e-01
5.128309726715087891e-01
4.770038723945617676e-01
5.224516987800598145e-01
4.868344962596893311e-01
5.027860403060913086e-01
5.018718242645263672e-01
5.464286208152770996e-01
4.892941713333129883e-01
5.110636949539184570e-01
5.075489282608032227e-01
4.612773060798645020e-01
4.772095978260040283e-01
5.156820416450500488e-01
4.617323279380798340e-01
4.474909603595733643e-01
4.623420238494873047e-01
4.650516808032989502e-01
4.403610825538635254e-01
4.496032893657684326e-01
4.512743055820465088e-01
5.268902778625488281e-01
4.687514901161193848e-01
5.150058269500732422e-01
5.118852853775024414e-01
5.116825699806213379e-01
5.153569579124450684e-01
4.623420238494873047e-01
5.176806449890136719e-01
4.560289978981018066e-01
4.636596441268920898e-01
5.064203739166259766e-01
4.560289978981018066e-01
4.639649689197540283e-01
4.611238837242126465e-01
4.601750373840332031e-01
4.650516808032989502e-01
4.359564781188964844e-01
4.566830396652221680e-01
4.626911878585815430e-01
5.118814110755920410e-01
4.833748042583465576e-01
4.981498420238494873e-01
4.510579407215118408e-01
4.687514901161193848e-01
4.694975316524505615e-01
4.410277009010314941e-01
4.694975316524505615e-01
4.771893918514251709e-01
4.584082067012786865e-01
4.464264214038848877e-01
4.403610825538635254e-01
5.221319794654846191e-01
4.742262959480285645e-01
4.496044814586639404e-01
4.486201405525207520e-01
4.560289978981018066e-01
4.584082067012786865e-01
4.407483935356140137e-01
4.965566098690032959e-01
4.514012634754180908e-01
5.169627070426940918e-01
4.965566098690032959e-01
4.626911878585815430e-01
4.464264214038848877e-01
4.410277009010314941e-01
4.523270726203918457e-01
5.136892199516296387e-01
4.697093069553375244e-01
4.880812764167785645e-01
5.071997642517089844e-01
4.489625394344329834e-01
4.742262959480285645e-01
4.937877058982849121e-01
4.650516808032989502e-01
4.491296410560607910e-01
5.014799237251281738e-01
4.542383253574371338e-01
4.510579407215118408e-01
4.561347365379333496e-01
5.190507173538208008e-01
4.970884323120117188e-01
5.136538743972778320e-01
4.467601478099822998e-01
4.496032893657684326e-01
4.885084331035614014e-01
4.990083575248718262e-01
5.066168308258056641e-01
4.903891682624816895e-01
4.889048039913177490e-01
4.718743264675140381e-01
4.903891682624816895e-01
4.864248037338256836e-01
5.031039714813232422e-01
4.909680783748626709e-01
4.868219494819641113e-01
5.204929709434509277e-01
5.226396322250366211e-01
4.940703511238098145e-01
4.883107244968414307e-01
5.227382183074951172e-01
5.285707712173461914e-01
5.097507834434509277e-01
4.500275850296020508e-01
5.041459798812866211e-01
5.008355975151062012e-01
5.034645795822143555e-01
5.201573371887207031e-01
5.074278712272644043e-01
4.970856010913848877e-01
5.140438079833984375e-01
5.063935518264770508e-01
5.190371870994567871e-01
5.010168552398681641e-01
5.222293138504028320e-01
4.627934098243713379e-01
4.780750572681427002e-01
5.087127089500427246e-01
4.936368465423583984e-01
5.094414949417114258e-01
4.981417953968048096e-01
5.346451401710510254e-01
5.293182730674743652e-01
4.952364861965179443e-01
5.022994279861450195e-01
4.975228905677795410e-01
4.349218904972076416e-01
5.031996965408325195e-01
4.623611867427825928e-01
5.106559395790100098e-01
5.015112757682800293e-01
5.357123613357543945e-01
5.122315287590026855e-01
5.130164027214050293e-01
5.184276103973388672e-01
4.935993254184722900e-01
5.086698532104492188e-01
4.981689453125000000e-01
5.328562855720520020e-01
4.973257482051849365e-01
5.083466172218322754e-01
5.009059906005859375e-01
5.278747677803039551e-01
5.017911791801452637e-01
5.233143568038940430e-01
4.975873529911041260e-01
4.898977875709533691e-01
4.744491875171661377e-01
5.292569398880004883e-01
4.841596484184265137e-01
5.349184870719909668e-01
4.750453829765319824e-01
5.157700777053833008e-01
5.381222963333129883e-01
4.739548265933990479e-01
5.052111148834228516e-01
4.937908053398132324e-01
4.604176580905914307e-01
4.870675206184387207e-01
5.124195218086242676e-01
4.954743683338165283e-01
4.842874407768249512e-01
4.725345969200134277e-01
5.146018266677856445e-01
4.905591309070587158e-01
4.906649291515350342e-01
5.042082071304321289e-01
5.161011815071105957e-01
5.116835832595825195e-01
4.659098088741302490e-01
5.354699492454528809e-01
5.166242122650146484e-01
4.656143486499786377e-01
5.377244353294372559e-01
5.141092538833618164e-01
5.198597311973571777e-01
5.059573054313659668e-01
5.136817097663879395e-01
5.153414607048034668e-01
5.030421614646911621e-01
4.936532378196716309e-01
4.981082975864410400e-01
5.193426609039306641e-01
5.238991379737854004e-01
5.144611597061157227e-01
5.055866837501525879e-01
4.969893693923950195e-01
5.063337683677673340e-01
4.985329210758209229e-01
5.029203891754150391e-01
5.048385262489318848e-01
5.239201188087463379e-01
5.153408050537109375e-01
5.228495001792907715e-01
4.952878355979919434e-01
5.260375142097473145e-01
5.184054374694824219e-01
5.209165811538696289e-01
5.224580168724060059e-01
5.019403696060180664e-01
5.120254158973693848e-01
5.223031640052795410e-01
5.185630917549133301e-01
4.921663999557495117e-01
5.072019100189208984e-01
4.935107529163360596e-01
5.157034397125244141e-01
4.772046208381652832e-01
5.096495151519775391e-01
5.162469744682312012e-01
5.155325531959533691e-01
5.325956940650939941e-01
5.081501603126525879e-01
5.137637853622436523e-01
5.216552615165710449e-01
5.139791369438171387e-01
4.994282126426696777e-01
4.974239468574523926e-01
5.159199833869934082e-01
5.009487867355346680e-01
5.231010913848876953e-01
5.000848770141601562e-01
5.224799513816833496e-01
5.112150907516479492e-01
5.237609148025512695e-01
5.003363490104675293e-01
5.152537822723388672e-01
5.350517630577087402e-01
5.105141997337341309e-01
4.729706943035125732e-01
5.195053815841674805e-01
5.206310749053955078e-01
5.038529634475708008e-01
5.126009583473205566e-01
5.241619944572448730e-01
5.235443115234375000e-01
5.231384038925170898e-01
5.101143121719360352e-01
5.304005146026611328e-01
5.099765062332153320e-01
5.054431557655334473e-01
5.215584635734558105e-01
4.950892329216003418e-01
4.685574173927307129e-01
5.349920988082885742e-01
5.196728110313415527e-01
4.616273343563079834e-01
5.055746436119079590e-01
5.107589960098266602e-01
5.009631514549255371e-01
4.912875890731811523e-01
4.943102002143859863e-01
4.958979785442352295e-01
5.359839200973510742e-01
4.925892651081085205e-01
4.583574235439300537e-01
4.964588880538940430e-01
5.193967819213867188e-01
4.934808611869812012e-01
4.920628070831298828e-01
5.369667410850524902e-01
4.896978139877319336e-01
5.029181241989135742e-01
5.351172685623168945e-01
4.612054824829101562e-01
5.052635669708251953e-01
5.019668936729431152e-01
5.320282578468322754e-01
4.861274659633636475e-01
5.272302627563476562e-01
4.548346400260925293e-01
5.072758793830871582e-01
4.852162003517150879e-01
5.077494978904724121e-01
5.300146341323852539e-01
4.854571223258972168e-01
4.928218126296997070e-01
4.978224635124206543e-01
5.113306045532226562e-01
4.707387983798980713e-01
4.976473152637481689e-01
5.411304235458374023e-01
5.233662128448486328e-01
4.761602282524108887e-01
5.185004472732543945e-01
5.137887001037597656e-01
4.597340822219848633e-01
5.156239271163940430e-01
5.003916621208190918e-01
4.731756746768951416e-01
5.030907988548278809e-01
5.010892152786254883e-01
4.668827652931213379e-01
5.124360918998718262e-01
4.988213479518890381e-01
5.146991610527038574e-01
5.179393291473388672e-01
4.716426432132720947e-01
5.173727273941040039e-01
5.019277334213256836e-01
4.966305792331695557e-01
4.940693676471710205e-01
4.935784041881561279e-01
4.964506924152374268e-01
4.758451879024505615e-01
5.009284019470214844e-01
5.139645338058471680e-01
5.189228057861328125e-01
4.931491911411285400e-01
5.106110572814941406e-01
5.135451555252075195e-01
4.892213344573974609e-01
4.974911510944366455e-01
5.182518959045410156e-01
4.978214502334594727e-01
4.919015765190124512e-01
5.195589065551757812e-01
5.029355883598327637e-01
5.046127438545227051e-01
4.991927146911621094e-01
4.995163679122924805e-01
5.402444005012512207e-01
5.194299221038818359e-01
4.751348197460174561e-01
5.006860494613647461e-01
5.275167822837829590e-01
4.846897125244140625e-01
5.272929072380065918e-01
5.354069471359252930e-01
5.028128623962402344e-01
4.920940399169921875e-01
5.153633356094360352e-01
4.864829182624816895e-01
4.899389445781707764e-01
4.878720641136169434e-01
5.042816996574401855e-01
4.862593114376068115e-01
4.987002015113830566e-01
5.065907239913940430e-01
4.836381673812866211e-01
4.944117963314056396e-01
4.435690641403198242e-01
4.701986014842987061e-01
4.807071983814239502e-01
4.764076173305511475e-01
4.966353476047515869e-01
5.262030959129333496e-01
4.969455599784851074e-01
5.569006800651550293e-01
4.937011301517486572e-01
5.092306733131408691e-01
4.701440334320068359e-01
4.818380177021026611e-01
5.225340127944946289e-01
5.262508392333984375e-01
4.843473732471466064e-01
5.088654756546020508e-01
5.206670165061950684e-01
5.221743583679199219e-01
4.673280715942382812e-01
4.814623892307281494e-01
5.091395974159240723e-01
5.204749107360839844e-01
4.528712332248687744e-01
4.941411912441253662e-01
4.963414371013641357e-01
4.692414104938507080e-01
5.352860093116760254e-01
4.827566742897033691e-01
5.305691957473754883e-01
4.687362015247344971e-01
4.664236009120941162e-01
5.124084353446960449e-01
5.050134062767028809e-01
4.824227988719940186e-01
4.650578796863555908e-01
5.046499371528625488e-01
4.763579964637756348e-01
4.579626321792602539e-01
4.808856546878814697e-01
5.055795311927795410e-01
4.583060145378112793e-01
4.730243384838104248e-01
5.109431743621826172e-01
4.922237396240234375e-01
5.145872235298156738e-01
5.247993469238281250e-01
5.243192911148071289e-01
4.942109286785125732e-01
4.849008321762084961e-01
4.593484103679656982e-01
4.813123345375061035e-01
4.820907711982727051e-01
5.075429677963256836e-01
5.434995293617248535e-01
4.589419066905975342e-01
5.227831006050109863e-01
4.674159884452819824e-01
5.319547653198242188e-01
5.466439127922058105e-01
4.505302309989929199e-01
4.891064465045928955e-01
5.261815786361694336e-01
5.366709232330322266e-01
4.980085790157318115e-01
4.804576933383941650e-01
5.346347093582153320e-01
5.326073765754699707e-01
5.048847198486328125e-01
4.735303819179534912e-01
5.008490085601806641e-01
5.027731657028198242e-01
5.057508349418640137e-01
4.891454577445983887e-01
4.778313934803009033e-01
4.844039976596832275e-01
4.873775541782379150e-01
5.090385675430297852e-01
5.236399769783020020e-01
5.246958732604980469e-01
4.723800420761108398e-01
4.842220842838287354e-01
5.165981054306030273e-01
4.942651093006134033e-01
4.681921303272247314e-01
