7.239463925361633301e-01
7.239463925361633301e-01
7.239463925361633301e-01
7.239463925361633301e-01
7.239463925361633301e-01
7.239404916763305664e-01
7.239463925361633301e-01
7.239463925361633301e-01
7.239463925361633301e-01
7.239463925361633301e-01
6.903618574142456055e-01
7.239463925361633301e-01
7.239463925361633301e-01
7.239463925361633301e-01
7.239463925361633301e-01
7.239463925361633301e-01
7.239463925361633301e-01
7.239463925361633301e-01
7.159292101860046387e-01
7.239463925361633301e-01
7.239463925361633301e-01
7.239463925361633301e-01
7.239463925361633301e-01
7.239463925361633301e-01
7.239463925361633301e-01
7.239463925361633301e-01
7.239463925361633301e-01
7.239463925361633301e-01
7.239463925361633301e-01
7.239463925361633301e-01
7.239463925361633301e-01
7.230290174484252930e-01
7.224180102348327637e-01
5.855259895324707031e-01
7.239463925361633301e-01
7.239463925361633301e-01
7.239463925361633301e-01
7.239463925361633301e-01
7.239463925361633301e-01
7.239463925361633301e-01
7.239463925361633301e-01
7.239463925361633301e-01
7.239463925361633301e-01
7.239325642585754395e-01
7.239463925361633301e-01
7.239463925361633301e-01
7.239463925361633301e-01
7.239463925361633301e-01
4.308681488037109375e-01
7.239463925361633301e-01
7.239463925361633301e-01
7.239463925361633301e-01
7.239463925361633301e-01
4.308681488037109375e-01
7.239463925361633301e-01
7.239463925361633301e-01
7.239463925361633301e-01
7.239463925361633301e-01
7.239463925361633301e-01
7.239463925361633301e-01
7.239463925361633301e-01
7.239463925361633301e-01
7.239463925361633301e-01
7.239463925361633301e-01
7.239463925361633301e-01
4.308681488037109375e-01
7.239463925361633301e-01
7.239463925361633301e-01
7.239463925361633301e-01
7.239463925361633301e-01
7.239463925361633301e-01
7.239463925361633301e-01
7.239463925361633301e-01
7.239463925361633301e-01
7.239463925361633301e-01
4.308681488037109375e-01
4.308681488037109375e-01
4.308681488037109375e-01
4.308681488037109375e-01
4.308681488037109375e-01
4.308681488037109375e-01
4.308681488037109375e-01
4.308681488037109375e-01
4.308681488037109375e-01
4.308681488037109375e-01
4.308681488037109375e-01
4.308681488037109375e-01
4.308681488037109375e-01
4.308681488037109375e-01
4.308681488037109375e-01
4.308681488037109375e-01
4.308681488037109375e-01
4.308681488037109375e-01
4.308681488037109375e-01
4.308681488037109375e-01
4.308681488037109375e-01
4.308681488037109375e-01
4.308681488037109375e-01
4.308681488037109375e-01
4.308681488037109375e-01
4.308681488037109375e-01
4.308681488037109375e-01
4.308681488037109375e-01
4.308681488037109375e-01
4.308681488037109375e-01
4.308681488037109375e-01
4.308681488037109375e-01
4.308681488037109375e-01
4.308681488037109375e-01
4.308681488037109375e-01
4.308681488037109375e-01
4.308681488037109375e-01
4.308681488037109375e-01
4.308681488037109375e-01
4.308681488037109375e-01
4.308681488037109375e-01
4.308681488037109375e-01
4.308681488037109375e-01
4.308681488037109375e-01
4.308681488037109375e-01
4.308681488037109375e-01
4.308681488037109375e-01
4.308681488037109375e-01
4.308681488037109375e-01
4.308681488037109375e-01
4.308681488037109375e-01
4.308681488037109375e-01
4.308681488037109375e-01
4.308681488037109375e-01
4.308681488037109375e-01
4.308681488037109375e-01
4.308681488037109375e-01
4.308681488037109375e-01
4.308681488037109375e-01
4.308681488037109375e-01
4.308681488037109375e-01
4.308681488037109375e-01
4.308681488037109375e-01
4.308681488037109375e-01
4.308681488037109375e-01
4.308681488037109375e-01
4.308681488037109375e-01
4.308681488037109375e-01
4.308681488037109375e-01
4.308681488037109375e-01
4.308681488037109375e-01
4.308681488037109375e-01
4.308681488037109375e-01
4.308681488037109375e-01
4.308681488037109375e-01
4.308681488037109375e-01
4.308681488037109375e-01
4.308681488037109375e-01
4.308681488037109375e-01
4.308681488037109375e-01
4.308681488037109375e-01
4.308681488037109375e-01
4.308681488037109375e-01
4.308681488037109375e-01
4.308681488037109375e-01
4.308681488037109375e-01
4.308681488037109375e-01
4.308681488037109375e-01
4.308681488037109375e-01
4.308681488037109375e-01
4.308681488037109375e-01
4.308681488037109375e-01
4.308681488037109375e-01
4.308681488037109375e-01
4.308681488037109375e-01
4.308681488037109375e-01
4.308681488037109375e-01
4.308681488037109375e-01
4.308681488037109375e-01
4.308681488037109375e-01
4.308681488037109375e-01
4.308681488037109375e-01
4.308681488037109375e-01
4.308681488037109375e-01
4.308681488037109375e-01
4.308681488037109375e-01
4.308681488037109375e-01
4.308681488037109375e-01
4.308681488037109375e-01
4.308681488037109375e-01
4.308681488037109375e-01
4.308681488037109375e-01
4.308681488037109375e-01
4.308681488037109375e-01
4.308681488037109375e-01
4.308681488037109375e-01
4.308681488037109375e-01
4.308681488037109375e-01
4.308681488037109375e-01
4.308681488037109375e-01
4.308681488037109375e-01
4.308681488037109375e-01
4.308681488037109375e-01
4.308681488037109375e-01
4.308681488037109375e-01
4.308681488037109375e-01
4.308681488037109375e-01
4.308681488037109375e-01
4.308681488037109375e-01
4.308681488037109375e-01
4.308681488037109375e-01
4.308681488037109375e-01
4.308681488037109375e-01
4.308681488037109375e-01
4.308681488037109375e-01
4.308681488037109375e-01
4.308681488037109375e-01
4.308681488037109375e-01
4.308681488037109375e-01
4.308681488037109375e-01
4.308681488037109375e-01
4.308681488037109375e-01
4.308681488037109375e-01
4.308681488037109375e-01
4.308681488037109375e-01
4.308681488037109375e-01
4.308681488037109375e-01
4.308681488037109375e-01
4.308681488037109375e-01
4.308681488037109375e-01
4.308681488037109375e-01
4.308681488037109375e-01
4.308681488037109375e-01
4.308681488037109375e-01
4.308681488037109375e-01
4.308681488037109375e-01
4.308681488037109375e-01
4.308681488037109375e-01
4.308681488037109375e-01
4.308681488037109375e-01
4.308681488037109375e-01
4.308681488037109375e-01
4.308681488037109375e-01
4.308681488037109375e-01
4.308681488037109375e-01
4.308681488037109375e-01
4.308681488037109375e-01
4.308681488037109375e-01
4.308681488037109375e-01
4.308681488037109375e-01
4.308681488037109375e-01
7.239463925361633301e-01
7.239463925361633301e-01
7.239463925361633301e-01
4.308681488037109375e-01
4.308681488037109375e-01
7.239463925361633301e-01
6.029223203659057617e-01
7.239463925361633301e-01
4.308681488037109375e-01
7.239463925361633301e-01
7.239463925361633301e-01
6.029223203659057617e-01
7.239463925361633301e-01
7.239463925361633301e-01
7.239463925361633301e-01
7.239463925361633301e-01
4.308681488037109375e-01
4.308681488037109375e-01
4.308681488037109375e-01
7.239463925361633301e-01
7.239463925361633301e-01
7.239463925361633301e-01
4.308681488037109375e-01
7.239463925361633301e-01
7.239463925361633301e-01
7.239463925361633301e-01
4.308681488037109375e-01
6.934531331062316895e-01
7.239463925361633301e-01
7.239463925361633301e-01
7.239463925361633301e-01
7.239463925361633301e-01
7.239463925361633301e-01
7.239463925361633301e-01
7.239463925361633301e-01
7.239463925361633301e-01
4.308681488037109375e-01
4.308681488037109375e-01
4.308681488037109375e-01
7.239463925361633301e-01
7.239463925361633301e-01
7.239463925361633301e-01
7.239463925361633301e-01
7.239463925361633301e-01
7.239463925361633301e-01
7.239463925361633301e-01
4.308681488037109375e-01
4.308681488037109375e-01
7.239463925361633301e-01
7.239463925361633301e-01
7.239463925361633301e-01
7.239463925361633301e-01
7.239463925361633301e-01
7.239463925361633301e-01
7.239463925361633301e-01
7.239463925361633301e-01
7.239463925361633301e-01
4.308681488037109375e-01
4.308681488037109375e-01
7.239463925361633301e-01
6.029223203659057617e-01
4.308681488037109375e-01
7.239463925361633301e-01
7.239463925361633301e-01
4.308681488037109375e-01
7.237309813499450684e-01
4.308681488037109375e-01
7.239463925361633301e-01
7.239463925361633301e-01
7.239463925361633301e-01
4.308681488037109375e-01
7.239463925361633301e-01
7.239463925361633301e-01
4.308681488037109375e-01
4.308681488037109375e-01
7.239463925361633301e-01
4.308681488037109375e-01
6.952981352806091309e-01
4.308681488037109375e-01
4.308681488037109375e-01
7.239463925361633301e-01
4.308681488037109375e-01
4.308681488037109375e-01
7.239463925361633301e-01
4.308681488037109375e-01
4.308681488037109375e-01
4.308681488037109375e-01
4.308681488037109375e-01
4.308681488037109375e-01
7.239463925361633301e-01
7.239463925361633301e-01
4.308681488037109375e-01
4.308681488037109375e-01
4.308681488037109375e-01
7.239463925361633301e-01
4.308681488037109375e-01
4.308681488037109375e-01
7.239463925361633301e-01
4.308681488037109375e-01
4.308681488037109375e-01
4.308681488037109375e-01
7.239463925361633301e-01
7.239463925361633301e-01
4.308681488037109375e-01
7.239463925361633301e-01
4.308681488037109375e-01
7.239463925361633301e-01
4.308681488037109375e-01
4.308681488037109375e-01
4.308681488037109375e-01
4.308681488037109375e-01
4.308681488037109375e-01
7.239463925361633301e-01
4.308681488037109375e-01
4.308681488037109375e-01
4.308681488037109375e-01
4.308681488037109375e-01
4.308681488037109375e-01
4.308681488037109375e-01
4.308681488037109375e-01
4.308681488037109375e-01
4.308681488037109375e-01
4.308681488037109375e-01
4.308681488037109375e-01
4.308681488037109375e-01
4.308681488037109375e-01
4.308681488037109375e-01
4.308681488037109375e-01
4.308681488037109375e-01
4.308681488037109375e-01
4.308681488037109375e-01
4.308681488037109375e-01
4.308681488037109375e-01
4.308681488037109375e-01
4.308681488037109375e-01
4.308681488037109375e-01
4.308681488037109375e-01
4.308681488037109375e-01
4.308681488037109375e-01
4.308681488037109375e-01
4.308681488037109375e-01
4.308681488037109375e-01
4.308681488037109375e-01
4.308681488037109375e-01
4.308681488037109375e-01
4.308681488037109375e-01
4.308681488037109375e-01
4.308681488037109375e-01
4.308681488037109375e-01
4.308681488037109375e-01
4.308681488037109375e-01
4.308681488037109375e-01
4.308681488037109375e-01
4.308681488037109375e-01
4.308681488037109375e-01
4.308681488037109375e-01
4.308681488037109375e-01
4.308681488037109375e-01
4.308681488037109375e-01
4.308681488037109375e-01
4.308681488037109375e-01
4.308681488037109375e-01
4.308681488037109375e-01
4.308681488037109375e-01
4.308681488037109375e-01
4.308681488037109375e-01
4.308681488037109375e-01
4.308681488037109375e-01
4.308681488037109375e-01
4.308681488037109375e-01
4.308681488037109375e-01
4.308681488037109375e-01
4.308681488037109375e-01
4.308681488037109375e-01
4.308681488037109375e-01
4.308681488037109375e-01
4.308681488037109375e-01
4.308681488037109375e-01
4.308681488037109375e-01
4.308681488037109375e-01
7.239463925361633301e-01
7.239463925361633301e-01
7.239429354667663574e-01
4.308681488037109375e-01
7.239463925361633301e-01
7.239463925361633301e-01
7.239463925361633301e-01
7.239463925361633301e-01
7.239463925361633301e-01
7.239463925361633301e-01
7.239458560943603516e-01
7.239463925361633301e-01
7.239463925361633301e-01
7.239463925361633301e-01
7.239463925361633301e-01
7.239463925361633301e-01
7.239463925361633301e-01
7.239463925361633301e-01
6.202627420425415039e-01
7.239463925361633301e-01
7.239463925361633301e-01
7.239463925361633301e-01
7.239463925361633301e-01
7.239463925361633301e-01
7.239463925361633301e-01
7.239463925361633301e-01
7.239463925361633301e-01
4.308681488037109375e-01
7.239463925361633301e-01
7.239463925361633301e-01
7.239341139793395996e-01
7.239463925361633301e-01
7.239463925361633301e-01
7.239463925361633301e-01
7.239463925361633301e-01
7.239463925361633301e-01
7.239463925361633301e-01
7.239331007003784180e-01
7.239463925361633301e-01
7.239463925361633301e-01
6.079297065734863281e-01
7.239463925361633301e-01
7.239463925361633301e-01
7.239463925361633301e-01
4.308681488037109375e-01
7.050295472145080566e-01
7.239463925361633301e-01
7.239463925361633301e-01
7.239463925361633301e-01
7.239463925361633301e-01
7.239463925361633301e-01
7.239463925361633301e-01
7.239463925361633301e-01
4.308681488037109375e-01
7.239463925361633301e-01
7.239463925361633301e-01
7.239463925361633301e-01
7.239463925361633301e-01
7.239463925361633301e-01
7.239463925361633301e-01
7.239463925361633301e-01
7.239463925361633301e-01
7.239463925361633301e-01
7.008030414581298828e-01
6.926819682121276855e-01
7.239463925361633301e-01
7.239463925361633301e-01
7.239463925361633301e-01
4.308681488037109375e-01
7.239463925361633301e-01
4.308681488037109375e-01
7.239463925361633301e-01
7.239463925361633301e-01
7.227307558059692383e-01
4.308681488037109375e-01
4.308681488037109375e-01
4.308681488037109375e-01
4.308681488037109375e-01
7.239422202110290527e-01
7.223478555679321289e-01
5.943879485130310059e-01
4.308681488037109375e-01
4.308681488037109375e-01
6.950723528861999512e-01
4.308681488037109375e-01
6.091485619544982910e-01
4.308681488037109375e-01
7.239463925361633301e-01
4.308681488037109375e-01
4.308681488037109375e-01
7.230259776115417480e-01
4.308681488037109375e-01
4.308681488037109375e-01
4.308681488037109375e-01
4.308681488037109375e-01
4.308681488037109375e-01
6.084997653961181641e-01
4.308681488037109375e-01
4.308681488037109375e-01
4.308681488037109375e-01
4.308681488037109375e-01
4.308681488037109375e-01
7.239463925361633301e-01
4.308681488037109375e-01
7.210563421249389648e-01
4.308681488037109375e-01
6.316441893577575684e-01
4.308681488037109375e-01
4.308681488037109375e-01
4.308681488037109375e-01
4.308681488037109375e-01
4.308681488037109375e-01
4.308681488037109375e-01
4.308681488037109375e-01
4.308681488037109375e-01
6.091485619544982910e-01
4.308681488037109375e-01
4.308681488037109375e-01
4.308681488037109375e-01
6.996606588363647461e-01
4.308681488037109375e-01
6.410368084907531738e-01
4.308681488037109375e-01
7.194959521293640137e-01
4.308681488037109375e-01
4.308681488037109375e-01
4.308681488037109375e-01
6.482419371604919434e-01
4.308681488037109375e-01
4.308681488037109375e-01
4.308681488037109375e-01
6.774639487266540527e-01
4.308681488037109375e-01
4.308681488037109375e-01
4.308681488037109375e-01
4.308681488037109375e-01
4.308681488037109375e-01
4.308681488037109375e-01
4.308681488037109375e-01
7.239463925361633301e-01
6.056802272796630859e-01
4.308681488037109375e-01
4.308681488037109375e-01
4.308681488037109375e-01
7.238202095031738281e-01
4.308681488037109375e-01
4.308681488037109375e-01
4.308681488037109375e-01
4.308681488037109375e-01
4.308681488037109375e-01
4.308681488037109375e-01
4.308681488037109375e-01
4.308681488037109375e-01
4.308681488037109375e-01
4.308681488037109375e-01
4.308681488037109375e-01
4.308681488037109375e-01
4.308681488037109375e-01
4.308681488037109375e-01
4.308681488037109375e-01
4.308681488037109375e-01
4.308681488037109375e-01
4.308681488037109375e-01
4.308681488037109375e-01
4.308681488037109375e-01
4.308681488037109375e-01
4.308681488037109375e-01
4.308681488037109375e-01
4.308681488037109375e-01
4.308681488037109375e-01
4.308681488037109375e-01
4.308681488037109375e-01
4.308681488037109375e-01
4.308681488037109375e-01
4.308681488037109375e-01
4.308681488037109375e-01
4.308681488037109375e-01
4.308681488037109375e-01
4.308681488037109375e-01
4.308681488037109375e-01
4.308681488037109375e-01
4.308681488037109375e-01
4.308681488037109375e-01
4.308681488037109375e-01
4.308681488037109375e-01
4.308681488037109375e-01
4.308681488037109375e-01
4.308681488037109375e-01
4.308681488037109375e-01
4.308681488037109375e-01
4.308681488037109375e-01
4.308681488037109375e-01
4.308681488037109375e-01
4.308681488037109375e-01
4.308681488037109375e-01
4.308681488037109375e-01
4.308681488037109375e-01
4.308681488037109375e-01
4.308681488037109375e-01
4.308681488037109375e-01
4.308681488037109375e-01
4.308681488037109375e-01
4.308681488037109375e-01
4.308681488037109375e-01
4.308681488037109375e-01
4.308681488037109375e-01
4.308681488037109375e-01
4.308681488037109375e-01
4.308681488037109375e-01
4.308681488037109375e-01
4.308681488037109375e-01
4.308681488037109375e-01
4.308681488037109375e-01
4.308681488037109375e-01
4.308681488037109375e-01
4.308681488037109375e-01
4.308681488037109375e-01
4.308681488037109375e-01
4.308681488037109375e-01
4.308681488037109375e-01
4.308681488037109375e-01
4.308681488037109375e-01
4.308681488037109375e-01
4.308681488037109375e-01
4.308681488037109375e-01
4.308681488037109375e-01
4.308681488037109375e-01
4.308681488037109375e-01
4.308681488037109375e-01
4.308681488037109375e-01
4.308681488037109375e-01
4.308681488037109375e-01
4.308681488037109375e-01
4.308681488037109375e-01
4.308681488037109375e-01
4.308681488037109375e-01
4.308681488037109375e-01
4.308681488037109375e-01
4.308681488037109375e-01
4.308681488037109375e-01
4.308681488037109375e-01
4.308681488037109375e-01
4.308681488037109375e-01
4.308681488037109375e-01
4.308681488037109375e-01
4.308681488037109375e-01
4.308681488037109375e-01
4.308681488037109375e-01
4.308681488037109375e-01
4.308681488037109375e-01
4.308681488037109375e-01
4.308681488037109375e-01
4.308681488037109375e-01
4.308681488037109375e-01
4.308681488037109375e-01
4.308681488037109375e-01
4.308681488037109375e-01
4.308681488037109375e-01
4.308681488037109375e-01
4.308681488037109375e-01
4.308681488037109375e-01
4.308681488037109375e-01
4.308681488037109375e-01
4.308681488037109375e-01
4.308681488037109375e-01
4.308681488037109375e-01
4.308681488037109375e-01
4.308681488037109375e-01
4.308681488037109375e-01
4.308681488037109375e-01
4.308681488037109375e-01
4.308681488037109375e-01
4.308681488037109375e-01
4.308681488037109375e-01
4.308681488037109375e-01
4.308681488037109375e-01
4.308681488037109375e-01
4.308681488037109375e-01
4.308681488037109375e-01
4.308681488037109375e-01
4.308681488037109375e-01
4.308681488037109375e-01
4.308681488037109375e-01
4.308681488037109375e-01
4.308681488037109375e-01
4.308681488037109375e-01
4.308681488037109375e-01
4.308681488037109375e-01
4.308681488037109375e-01
4.308681488037109375e-01
4.308681488037109375e-01
4.308681488037109375e-01
4.308681488037109375e-01
4.308681488037109375e-01
4.308681488037109375e-01
4.308681488037109375e-01
4.308681488037109375e-01
4.308681488037109375e-01
4.308681488037109375e-01
4.308681488037109375e-01
4.308681488037109375e-01
4.308681488037109375e-01
4.308681488037109375e-01
4.308681488037109375e-01
4.308681488037109375e-01
4.308681488037109375e-01
4.308681488037109375e-01
4.308681488037109375e-01
4.308681488037109375e-01
4.308681488037109375e-01
4.308681488037109375e-01
4.308681488037109375e-01
4.308681488037109375e-01
4.308681488037109375e-01
4.308681488037109375e-01
4.308681488037109375e-01
4.308681488037109375e-01
4.308681488037109375e-01
4.308681488037109375e-01
4.308681488037109375e-01
4.308681488037109375e-01
4.308681488037109375e-01
4.308681488037109375e-01
4.308681488037109375e-01
4.308681488037109375e-01
4.308681488037109375e-01
4.308681488037109375e-01
4.308681488037109375e-01
4.308681488037109375e-01
4.308681488037109375e-01
4.308681488037109375e-01
4.308681488037109375e-01
4.308681488037109375e-01
4.308681488037109375e-01
4.308681488037109375e-01
4.308681488037109375e-01
4.308681488037109375e-01
4.308681488037109375e-01
4.308681488037109375e-01
4.308681488037109375e-01
7.148559093475341797e-01
4.308681488037109375e-01
4.308681488037109375e-01
4.308681488037109375e-01
4.308681488037109375e-01
4.308681488037109375e-01
4.308681488037109375e-01
4.308681488037109375e-01
4.308681488037109375e-01
4.308681488037109375e-01
4.308681488037109375e-01
4.308681488037109375e-01
4.308681488037109375e-01
4.308681488037109375e-01
4.308681488037109375e-01
4.308681488037109375e-01
4.308681488037109375e-01
4.308681488037109375e-01
4.308681488037109375e-01
4.308681488037109375e-01
4.308681488037109375e-01
4.308681488037109375e-01
6.029223203659057617e-01
4.308681488037109375e-01
4.308681488037109375e-01
4.308681488037109375e-01
4.308681488037109375e-01
4.308681488037109375e-01
4.308681488037109375e-01
4.308681488037109375e-01
4.308681488037109375e-01
4.308681488037109375e-01
4.308681488037109375e-01
4.308681488037109375e-01
4.308681488037109375e-01
6.881616711616516113e-01
4.308681488037109375e-01
4.308681488037109375e-01
4.308681488037109375e-01
4.308681488037109375e-01
5.867956280708312988e-01
4.308681488037109375e-01
4.308681488037109375e-01
4.308681488037109375e-01
4.308681488037109375e-01
4.308681488037109375e-01
4.308681488037109375e-01
4.308681488037109375e-01
4.308681488037109375e-01
4.308681488037109375e-01
4.308681488037109375e-01
4.308681488037109375e-01
4.308681488037109375e-01
4.308681488037109375e-01
4.308681488037109375e-01
4.308681488037109375e-01
4.308681488037109375e-01
4.308681488037109375e-01
4.308681488037109375e-01
6.952981352806091309e-01
4.308681488037109375e-01
4.308681488037109375e-01
4.308681488037109375e-01
4.308681488037109375e-01
4.308681488037109375e-01
4.308681488037109375e-01
4.308681488037109375e-01
4.308681488037109375e-01
4.308681488037109375e-01
4.308681488037109375e-01
4.308681488037109375e-01
4.308681488037109375e-01
4.308681488037109375e-01
4.308681488037109375e-01
4.308681488037109375e-01
4.308681488037109375e-01
4.308681488037109375e-01
4.308681488037109375e-01
4.308681488037109375e-01
4.308681488037109375e-01
4.308681488037109375e-01
4.308681488037109375e-01
4.308681488037109375e-01
4.308681488037109375e-01
4.308681488037109375e-01
4.308681488037109375e-01
4.308681488037109375e-01
4.308681488037109375e-01
4.308681488037109375e-01
4.308681488037109375e-01
4.308681488037109375e-01
4.308681488037109375e-01
4.308681488037109375e-01
4.308681488037109375e-01
4.308681488037109375e-01
4.308681488037109375e-01
4.308681488037109375e-01
4.308681488037109375e-01
4.308681488037109375e-01
4.308681488037109375e-01
4.308681488037109375e-01
4.308681488037109375e-01
4.308681488037109375e-01
4.308681488037109375e-01
4.308681488037109375e-01
4.308681488037109375e-01
4.308681488037109375e-01
4.308681488037109375e-01
4.308681488037109375e-01
4.308681488037109375e-01
4.308681488037109375e-01
4.308681488037109375e-01
4.308681488037109375e-01
4.308681488037109375e-01
4.308681488037109375e-01
4.308681488037109375e-01
4.308681488037109375e-01
4.308681488037109375e-01
4.308681488037109375e-01
4.308681488037109375e-01
4.308681488037109375e-01
4.308681488037109375e-01
4.308681488037109375e-01
4.308681488037109375e-01
4.308681488037109375e-01
4.308681488037109375e-01
4.308681488037109375e-01
4.308681488037109375e-01
4.308681488037109375e-01
4.308681488037109375e-01
4.308681488037109375e-01
4.308681488037109375e-01
4.308681488037109375e-01
4.308681488037109375e-01
4.308681488037109375e-01
4.308681488037109375e-01
4.308681488037109375e-01
4.308681488037109375e-01
4.308681488037109375e-01
4.308681488037109375e-01
4.308681488037109375e-01
4.308681488037109375e-01
4.308681488037109375e-01
4.308681488037109375e-01
4.308681488037109375e-01
4.308681488037109375e-01
4.308681488037109375e-01
4.308681488037109375e-01
4.308681488037109375e-01
4.308681488037109375e-01
4.308681488037109375e-01
4.308681488037109375e-01
4.308681488037109375e-01
4.308681488037109375e-01
4.308681488037109375e-01
4.308681488037109375e-01
4.308681488037109375e-01
4.308681488037109375e-01
4.308681488037109375e-01
4.308681488037109375e-01
4.308681488037109375e-01
4.308681488037109375e-01
6.007801294326782227e-01
4.308681488037109375e-01
4.308681488037109375e-01
6.079297065734863281e-01
6.079297065734863281e-01
4.308681488037109375e-01
4.308681488037109375e-01
4.308681488037109375e-01
4.308681488037109375e-01
4.308681488037109375e-01
7.008615732192993164e-01
4.308681488037109375e-01
6.879516243934631348e-01
7.239463925361633301e-01
6.079297065734863281e-01
4.308681488037109375e-01
4.308681488037109375e-01
4.308681488037109375e-01
4.308681488037109375e-01
4.308681488037109375e-01
6.079297065734863281e-01
6.079297065734863281e-01
4.308681488037109375e-01
4.308681488037109375e-01
6.983479261398315430e-01
4.308681488037109375e-01
4.308681488037109375e-01
4.308681488037109375e-01
4.308681488037109375e-01
4.308681488037109375e-01
4.308681488037109375e-01
4.308681488037109375e-01
4.308681488037109375e-01
4.308681488037109375e-01
4.308681488037109375e-01
4.308681488037109375e-01
4.308681488037109375e-01
4.308681488037109375e-01
4.308681488037109375e-01
5.990626811981201172e-01
6.079297065734863281e-01
4.308681488037109375e-01
4.308681488037109375e-01
4.308681488037109375e-01
5.990626811981201172e-01
4.308681488037109375e-01
4.308681488037109375e-01
4.308681488037109375e-01
4.308681488037109375e-01
4.308681488037109375e-01
4.308681488037109375e-01
4.308681488037109375e-01
4.308681488037109375e-01
6.209210753440856934e-01
4.308681488037109375e-01
4.308681488037109375e-01
6.958009004592895508e-01
4.308681488037109375e-01
4.308681488037109375e-01
4.308681488037109375e-01
4.308681488037109375e-01
4.308681488037109375e-01
