8.286122083663940430e-01
8.286122083663940430e-01
8.286122083663940430e-01
8.286122083663940430e-01
8.286122083663940430e-01
8.286076188087463379e-01
8.286122083663940430e-01
8.286122083663940430e-01
8.286122083663940430e-01
8.286122083663940430e-01
8.021366000175476074e-01
8.286122083663940430e-01
8.286122083663940430e-01
8.286122083663940430e-01
8.286122083663940430e-01
8.286122083663940430e-01
8.286122083663940430e-01
8.286120891571044922e-01
8.224209547042846680e-01
8.286122083663940430e-01
8.286122083663940430e-01
8.286122083663940430e-01
8.286122083663940430e-01
8.286122083663940430e-01
8.286122083663940430e-01
8.286122083663940430e-01
8.286122083663940430e-01
8.286122083663940430e-01
8.286122083663940430e-01
8.286122083663940430e-01
8.286122083663940430e-01
8.279066681861877441e-01
8.274363279342651367e-01
7.095308899879455566e-01
8.286122083663940430e-01
8.286122083663940430e-01
8.286122083663940430e-01
8.286122083663940430e-01
8.286122083663940430e-01
8.286122083663940430e-01
8.286122083663940430e-01
8.286122083663940430e-01
8.286122083663940430e-01
8.286014795303344727e-01
8.286122083663940430e-01
8.286122083663940430e-01
8.286122083663940430e-01
8.286122083663940430e-01
4.048185944557189941e-01
8.286122083663940430e-01
8.286122083663940430e-01
8.286122083663940430e-01
8.286122083663940430e-01
4.048185944557189941e-01
8.286122083663940430e-01
8.286122083663940430e-01
8.286122083663940430e-01
8.286122083663940430e-01
8.286122083663940430e-01
8.286122083663940430e-01
8.286122083663940430e-01
8.286122083663940430e-01
8.286122083663940430e-01
8.286122083663940430e-01
8.286122083663940430e-01
4.048185944557189941e-01
8.286122083663940430e-01
8.286122083663940430e-01
8.286122083663940430e-01
8.286122083663940430e-01
8.286122083663940430e-01
8.286122083663940430e-01
8.286122083663940430e-01
8.286122083663940430e-01
8.286122083663940430e-01
4.048185944557189941e-01
4.048185944557189941e-01
4.048185944557189941e-01
4.048185944557189941e-01
4.048185944557189941e-01
4.048185944557189941e-01
4.048185944557189941e-01
4.048185944557189941e-01
4.048185944557189941e-01
4.048185944557189941e-01
4.048185944557189941e-01
4.048185944557189941e-01
4.048185944557189941e-01
4.048185944557189941e-01
4.048185944557189941e-01
4.048185944557189941e-01
4.048185944557189941e-01
4.048185944557189941e-01
4.048185944557189941e-01
4.048185944557189941e-01
4.048185944557189941e-01
4.048185944557189941e-01
4.048185944557189941e-01
4.048185944557189941e-01
4.048185944557189941e-01
4.048185944557189941e-01
4.048185944557189941e-01
4.048185944557189941e-01
4.048185944557189941e-01
4.048185944557189941e-01
4.048185944557189941e-01
4.048185944557189941e-01
4.048185944557189941e-01
4.048185944557189941e-01
4.048185944557189941e-01
4.048185944557189941e-01
4.048185944557189941e-01
4.048185944557189941e-01
4.048185944557189941e-01
4.048185944557189941e-01
4.048185944557189941e-01
4.048185944557189941e-01
4.048185944557189941e-01
4.048185944557189941e-01
4.048185944557189941e-01
4.048185944557189941e-01
4.048185944557189941e-01
4.048185944557189941e-01
4.048185944557189941e-01
4.048185944557189941e-01
4.048185944557189941e-01
4.048185944557189941e-01
4.048185944557189941e-01
4.048185944557189941e-01
4.048185944557189941e-01
4.048185944557189941e-01
4.048185944557189941e-01
4.048185944557189941e-01
4.048185944557189941e-01
4.048185944557189941e-01
4.048185944557189941e-01
4.048185944557189941e-01
4.048185944557189941e-01
4.048185944557189941e-01
4.048185944557189941e-01
4.048185944557189941e-01
4.048185944557189941e-01
4.048185944557189941e-01
4.048185944557189941e-01
4.048185944557189941e-01
4.048185944557189941e-01
4.048185944557189941e-01
4.048185944557189941e-01
4.048185944557189941e-01
4.048185944557189941e-01
4.048185944557189941e-01
4.048185944557189941e-01
4.048185944557189941e-01
4.048185944557189941e-01
4.048185944557189941e-01
4.048185944557189941e-01
4.048185944557189941e-01
4.048185944557189941e-01
4.048185944557189941e-01
4.048185944557189941e-01
4.048185944557189941e-01
4.048185944557189941e-01
4.048185944557189941e-01
4.048185944557189941e-01
4.048185944557189941e-01
4.048185944557189941e-01
4.048185944557189941e-01
4.048185944557189941e-01
4.048185944557189941e-01
4.048185944557189941e-01
4.048185944557189941e-01
4.048185944557189941e-01
4.048185944557189941e-01
4.048185944557189941e-01
4.048185944557189941e-01
4.048185944557189941e-01
4.048185944557189941e-01
4.048185944557189941e-01
4.048185944557189941e-01
4.048185944557189941e-01
4.048185944557189941e-01
4.048185944557189941e-01
4.048185944557189941e-01
4.048185944557189941e-01
4.048185944557189941e-01
4.048185944557189941e-01
4.048185944557189941e-01
4.048185944557189941e-01
4.048185944557189941e-01
4.048185944557189941e-01
4.048185944557189941e-01
4.048185944557189941e-01
4.048185944557189941e-01
4.048185944557189941e-01
4.048185944557189941e-01
4.048185944557189941e-01
4.048185944557189941e-01
4.048185944557189941e-01
4.048185944557189941e-01
4.048185944557189941e-01
4.048185944557189941e-01
4.048185944557189941e-01
4.048185944557189941e-01
4.048185944557189941e-01
4.048185944557189941e-01
4.048185944557189941e-01
4.048185944557189941e-01
4.048185944557189941e-01
4.048185944557189941e-01
4.048185944557189941e-01
4.048185944557189941e-01
4.048185944557189941e-01
4.048185944557189941e-01
4.048185944557189941e-01
4.048185944557189941e-01
4.048185944557189941e-01
4.048185944557189941e-01
4.048185944557189941e-01
4.048185944557189941e-01
4.048185944557189941e-01
4.048185944557189941e-01
4.048185944557189941e-01
4.048185944557189941e-01
4.048185944557189941e-01
4.048185944557189941e-01
4.048185944557189941e-01
4.048185944557189941e-01
4.048185944557189941e-01
4.048185944557189941e-01
4.048185944557189941e-01
4.048185944557189941e-01
4.048185944557189941e-01
4.048185944557189941e-01
4.048185944557189941e-01
4.048185944557189941e-01
4.048185944557189941e-01
4.048185944557189941e-01
4.048185944557189941e-01
4.048185944557189941e-01
4.048185944557189941e-01
4.048185944557189941e-01
4.048185944557189941e-01
4.048185944557189941e-01
4.048185944557189941e-01
4.048185944557189941e-01
4.048185944557189941e-01
8.286122083663940430e-01
8.286122083663940430e-01
8.286122083663940430e-01
4.048185944557189941e-01
4.048185944557189941e-01
8.286122083663940430e-01
7.260885834693908691e-01
8.286122083663940430e-01
4.048185944557189941e-01
8.286122083663940430e-01
8.286122083663940430e-01
7.260885834693908691e-01
8.286122083663940430e-01
8.286122083663940430e-01
8.286122083663940430e-01
8.286122083663940430e-01
4.048185944557189941e-01
4.048185944557189941e-01
4.048185944557189941e-01
8.286122083663940430e-01
8.286122083663940430e-01
8.286122083663940430e-01
4.048185944557189941e-01
8.286122083663940430e-01
8.286122083663940430e-01
8.286122083663940430e-01
4.048185944557189941e-01
8.046298623085021973e-01
8.286122083663940430e-01
8.286122083663940430e-01
8.286122083663940430e-01
8.286122083663940430e-01
8.286122083663940430e-01
8.286122083663940430e-01
8.286122083663940430e-01
8.286122083663940430e-01
4.048185944557189941e-01
4.048185944557189941e-01
4.048185944557189941e-01
8.286122083663940430e-01
8.286122083663940430e-01
8.286122083663940430e-01
8.286122083663940430e-01
8.286122083663940430e-01
8.286122083663940430e-01
8.286122083663940430e-01
4.048185944557189941e-01
4.048185944557189941e-01
8.286122083663940430e-01
8.286122083663940430e-01
8.286122083663940430e-01
8.286122083663940430e-01
8.286122083663940430e-01
8.286122083663940430e-01
8.286122083663940430e-01
8.286122083663940430e-01
8.286122083663940430e-01
4.048185944557189941e-01
4.048185944557189941e-01
8.286122083663940430e-01
7.260885834693908691e-01
4.048185944557189941e-01
8.286122083663940430e-01
8.286122083663940430e-01
4.048185944557189941e-01
8.284465670585632324e-01
4.048185944557189941e-01
8.286122083663940430e-01
8.286122083663940430e-01
8.286122083663940430e-01
4.048185944557189941e-01
8.286122083663940430e-01
8.286122083663940430e-01
4.048185944557189941e-01
4.048185944557189941e-01
8.286122083663940430e-01
4.048185944557189941e-01
8.061138987541198730e-01
4.048185944557189941e-01
4.048185944557189941e-01
8.286122083663940430e-01
4.048185944557189941e-01
4.048185944557189941e-01
8.286122083663940430e-01
4.048185944557189941e-01
4.048185944557189941e-01
4.048185944557189941e-01
4.048185944557189941e-01
4.048185944557189941e-01
8.286122083663940430e-01
8.286122083663940430e-01
4.048185944557189941e-01
4.048185944557189941e-01
4.048185944557189941e-01
8.286122083663940430e-01
4.048185944557189941e-01
4.048185944557189941e-01
8.286122083663940430e-01
4.048185944557189941e-01
4.048185944557189941e-01
4.048185944557189941e-01
8.286122083663940430e-01
8.286122083663940430e-01
4.048185944557189941e-01
8.286122083663940430e-01
4.048185944557189941e-01
8.286122083663940430e-01
4.048185944557189941e-01
4.048185944557189941e-01
4.048185944557189941e-01
4.048185944557189941e-01
4.048185944557189941e-01
8.286122083663940430e-01
4.048185944557189941e-01
4.048185944557189941e-01
4.048185944557189941e-01
4.048185944557189941e-01
4.048185944557189941e-01
4.048185944557189941e-01
4.048185944557189941e-01
4.048185944557189941e-01
4.048185944557189941e-01
4.048185944557189941e-01
4.048185944557189941e-01
4.048185944557189941e-01
4.048185944557189941e-01
4.048185944557189941e-01
4.048185944557189941e-01
4.048185944557189941e-01
4.048185944557189941e-01
4.048185944557189941e-01
4.048185944557189941e-01
4.048185944557189941e-01
4.048185944557189941e-01
4.048185944557189941e-01
4.048185944557189941e-01
4.048185944557189941e-01
4.048185944557189941e-01
4.048185944557189941e-01
4.048185944557189941e-01
4.048185944557189941e-01
4.048185944557189941e-01
4.048185944557189941e-01
4.048185944557189941e-01
4.048185944557189941e-01
4.048185944557189941e-01
4.048185944557189941e-01
4.048185944557189941e-01
4.048185944557189941e-01
4.048185944557189941e-01
4.048185944557189941e-01
4.048185944557189941e-01
4.048185944557189941e-01
4.048185944557189941e-01
4.048185944557189941e-01
4.048185944557189941e-01
4.048185944557189941e-01
4.048185944557189941e-01
4.048185944557189941e-01
4.048185944557189941e-01
4.048185944557189941e-01
4.048185944557189941e-01
4.048185944557189941e-01
4.048185944557189941e-01
4.048185944557189941e-01
4.048185944557189941e-01
4.048185944557189941e-01
4.048185944557189941e-01
4.048185944557189941e-01
4.048185944557189941e-01
4.048185944557189941e-01
4.048185944557189941e-01
4.048185944557189941e-01
4.048185944557189941e-01
4.048185944557189941e-01
4.048185944557189941e-01
4.048185944557189941e-01
4.048185944557189941e-01
4.048185944557189941e-01
4.048185944557189941e-01
8.286122083663940430e-01
8.286122083663940430e-01
8.286094665527343750e-01
4.048185944557189941e-01
8.286122083663940430e-01
8.286122083663940430e-01
8.286122083663940430e-01
8.286122083663940430e-01
8.286122083663940430e-01
8.286122083663940430e-01
8.286117315292358398e-01
8.286122083663940430e-01
8.286122083663940430e-01
8.286122083663940430e-01
8.286122083663940430e-01
8.286122083663940430e-01
8.286122083663940430e-01
8.286122083663940430e-01
7.420144081115722656e-01
8.286122083663940430e-01
8.286122083663940430e-01
8.286122083663940430e-01
8.286122083663940430e-01
8.286122083663940430e-01
8.286122083663940430e-01
8.286122083663940430e-01
8.286122083663940430e-01
4.048185944557189941e-01
8.286122083663940430e-01
8.286122083663940430e-01
8.286026716232299805e-01
8.286122083663940430e-01
8.286122083663940430e-01
8.286122083663940430e-01
8.286122083663940430e-01
8.286122083663940430e-01
8.286122083663940430e-01
8.286019563674926758e-01
8.286122083663940430e-01
8.286122083663940430e-01
7.307405471801757812e-01
8.286122083663940430e-01
8.286122083663940430e-01
8.286122083663940430e-01
4.048185944557189941e-01
8.138784766197204590e-01
8.286122083663940430e-01
8.286122083663940430e-01
8.286122083663940430e-01
8.286122083663940430e-01
8.286122083663940430e-01
8.286122083663940430e-01
8.286122083663940430e-01
4.048185944557189941e-01
8.286122083663940430e-01
8.286122083663940430e-01
8.286122083663940430e-01
8.286122083663940430e-01
8.286122083663940430e-01
8.286122083663940430e-01
8.286122083663940430e-01
8.286122083663940430e-01
8.286122083663940430e-01
8.105202913284301758e-01
8.040084838867187500e-01
8.286122083663940430e-01
8.286122083663940430e-01
8.286122083663940430e-01
4.048185944557189941e-01
8.286122083663940430e-01
4.048185944557189941e-01
8.286122083663940430e-01
8.286122083663940430e-01
8.276770710945129395e-01
8.286118507385253906e-01
4.048185944557189941e-01
4.048185944557189941e-01
4.048185944557189941e-01
4.048185944557189941e-01
4.048185944557189941e-01
4.048185944557189941e-01
4.048185944557189941e-01
8.284294605255126953e-01
4.048185944557189941e-01
4.048185944557189941e-01
4.048185944557189941e-01
4.048185944557189941e-01
4.048185944557189941e-01
4.048185944557189941e-01
4.048185944557189941e-01
4.048185944557189941e-01
4.048185944557189941e-01
4.048185944557189941e-01
4.048185944557189941e-01
4.048185944557189941e-01
4.048185944557189941e-01
4.048185944557189941e-01
4.048185944557189941e-01
4.048185944557189941e-01
4.048185944557189941e-01
4.048185944557189941e-01
8.286122083663940430e-01
4.048185944557189941e-01
8.285104036331176758e-01
8.286122083663940430e-01
4.048185944557189941e-01
4.048185944557189941e-01
4.048185944557189941e-01
4.048185944557189941e-01
8.232015371322631836e-01
4.048185944557189941e-01
4.048185944557189941e-01
4.048185944557189941e-01
4.048185944557189941e-01
4.048185944557189941e-01
4.048185944557189941e-01
4.048185944557189941e-01
4.048185944557189941e-01
8.282414078712463379e-01
4.048185944557189941e-01
4.048185944557189941e-01
4.048185944557189941e-01
8.084550499916076660e-01
4.048185944557189941e-01
4.048185944557189941e-01
4.048185944557189941e-01
4.048185944557189941e-01
4.048185944557189941e-01
4.048185944557189941e-01
8.232015371322631836e-01
4.048185944557189941e-01
4.048185944557189941e-01
8.232015371322631836e-01
4.048185944557189941e-01
4.048185944557189941e-01
4.048185944557189941e-01
4.048185944557189941e-01
4.048185944557189941e-01
4.048185944557189941e-01
4.048185944557189941e-01
4.048185944557189941e-01
4.048185944557189941e-01
4.048185944557189941e-01
4.048185944557189941e-01
4.048185944557189941e-01
4.048185944557189941e-01
4.048185944557189941e-01
4.048185944557189941e-01
4.048185944557189941e-01
4.048185944557189941e-01
4.048185944557189941e-01
4.048185944557189941e-01
4.048185944557189941e-01
4.048185944557189941e-01
4.048185944557189941e-01
4.048185944557189941e-01
4.048185944557189941e-01
4.048185944557189941e-01
4.048185944557189941e-01
4.048185944557189941e-01
4.048185944557189941e-01
4.048185944557189941e-01
4.048185944557189941e-01
4.048185944557189941e-01
4.048185944557189941e-01
4.048185944557189941e-01
4.048185944557189941e-01
4.048185944557189941e-01
4.048185944557189941e-01
4.048185944557189941e-01
4.048185944557189941e-01
4.048185944557189941e-01
4.048185944557189941e-01
4.048185944557189941e-01
4.048185944557189941e-01
4.048185944557189941e-01
4.048185944557189941e-01
4.048185944557189941e-01
4.048185944557189941e-01
4.048185944557189941e-01
4.048185944557189941e-01
4.048185944557189941e-01
4.048185944557189941e-01
4.048185944557189941e-01
4.048185944557189941e-01
4.048185944557189941e-01
4.048185944557189941e-01
4.048185944557189941e-01
4.048185944557189941e-01
4.048185944557189941e-01
4.048185944557189941e-01
4.048185944557189941e-01
4.048185944557189941e-01
4.048185944557189941e-01
4.048185944557189941e-01
4.048185944557189941e-01
4.048185944557189941e-01
4.048185944557189941e-01
4.048185944557189941e-01
4.048185944557189941e-01
4.048185944557189941e-01
4.048185944557189941e-01
4.048185944557189941e-01
4.048185944557189941e-01
4.048185944557189941e-01
4.048185944557189941e-01
4.048185944557189941e-01
4.048185944557189941e-01
4.048185944557189941e-01
4.048185944557189941e-01
4.048185944557189941e-01
8.286122083663940430e-01
4.048185944557189941e-01
4.048185944557189941e-01
4.048185944557189941e-01
4.048185944557189941e-01
4.048185944557189941e-01
4.048185944557189941e-01
8.286122083663940430e-01
4.048185944557189941e-01
4.048185944557189941e-01
4.048185944557189941e-01
4.048185944557189941e-01
4.048185944557189941e-01
4.048185944557189941e-01
4.048185944557189941e-01
8.252149820327758789e-01
4.048185944557189941e-01
4.048185944557189941e-01
4.048185944557189941e-01
8.286122083663940430e-01
4.048185944557189941e-01
4.048185944557189941e-01
4.048185944557189941e-01
4.048185944557189941e-01
4.048185944557189941e-01
4.048185944557189941e-01
4.048185944557189941e-01
4.048185944557189941e-01
4.048185944557189941e-01
4.048185944557189941e-01
4.048185944557189941e-01
4.048185944557189941e-01
4.048185944557189941e-01
8.286049365997314453e-01
4.048185944557189941e-01
4.048185944557189941e-01
8.286122083663940430e-01
8.286122083663940430e-01
4.048185944557189941e-01
4.048185944557189941e-01
4.048185944557189941e-01
4.048185944557189941e-01
4.048185944557189941e-01
4.048185944557189941e-01
4.048185944557189941e-01
4.048185944557189941e-01
4.048185944557189941e-01
4.048185944557189941e-01
4.048185944557189941e-01
8.285698890686035156e-01
4.048185944557189941e-01
4.048185944557189941e-01
4.048185944557189941e-01
4.048185944557189941e-01
4.048185944557189941e-01
4.048185944557189941e-01
4.048185944557189941e-01
4.048185944557189941e-01
4.048185944557189941e-01
8.286122083663940430e-01
4.048185944557189941e-01
4.048185944557189941e-01
8.286122083663940430e-01
4.048185944557189941e-01
4.048185944557189941e-01
4.048185944557189941e-01
4.048185944557189941e-01
4.048185944557189941e-01
4.048185944557189941e-01
4.048185944557189941e-01
4.048185944557189941e-01
4.048185944557189941e-01
4.048185944557189941e-01
4.048185944557189941e-01
4.048185944557189941e-01
4.048185944557189941e-01
4.048185944557189941e-01
4.048185944557189941e-01
4.048185944557189941e-01
4.048185944557189941e-01
4.048185944557189941e-01
4.048185944557189941e-01
4.048185944557189941e-01
4.048185944557189941e-01
4.048185944557189941e-01
4.048185944557189941e-01
4.048185944557189941e-01
4.048185944557189941e-01
4.048185944557189941e-01
4.048185944557189941e-01
4.048185944557189941e-01
4.048185944557189941e-01
4.048185944557189941e-01
4.048185944557189941e-01
4.048185944557189941e-01
4.048185944557189941e-01
4.048185944557189941e-01
4.048185944557189941e-01
4.048185944557189941e-01
4.048185944557189941e-01
4.048185944557189941e-01
4.048185944557189941e-01
4.048185944557189941e-01
4.048185944557189941e-01
4.048185944557189941e-01
4.048185944557189941e-01
4.048185944557189941e-01
4.048185944557189941e-01
4.048185944557189941e-01
4.048185944557189941e-01
4.048185944557189941e-01
4.048185944557189941e-01
4.048185944557189941e-01
4.048185944557189941e-01
4.048185944557189941e-01
4.048185944557189941e-01
4.048185944557189941e-01
4.048185944557189941e-01
4.048185944557189941e-01
4.048185944557189941e-01
4.048185944557189941e-01
4.048185944557189941e-01
4.048185944557189941e-01
4.048185944557189941e-01
4.048185944557189941e-01
4.048185944557189941e-01
4.048185944557189941e-01
4.048185944557189941e-01
4.048185944557189941e-01
4.048185944557189941e-01
4.048185944557189941e-01
4.048185944557189941e-01
4.048185944557189941e-01
4.048185944557189941e-01
4.048185944557189941e-01
4.048185944557189941e-01
4.048185944557189941e-01
4.048185944557189941e-01
4.048185944557189941e-01
4.048185944557189941e-01
4.048185944557189941e-01
4.048185944557189941e-01
4.048185944557189941e-01
4.048185944557189941e-01
4.048185944557189941e-01
4.048185944557189941e-01
4.048185944557189941e-01
4.048185944557189941e-01
4.048185944557189941e-01
4.048185944557189941e-01
4.048185944557189941e-01
4.048185944557189941e-01
4.048185944557189941e-01
4.048185944557189941e-01
4.048185944557189941e-01
4.048185944557189941e-01
4.048185944557189941e-01
4.048185944557189941e-01
4.048185944557189941e-01
4.048185944557189941e-01
4.048185944557189941e-01
4.048185944557189941e-01
4.048185944557189941e-01
4.048185944557189941e-01
4.048185944557189941e-01
4.048185944557189941e-01
4.048185944557189941e-01
4.048185944557189941e-01
4.048185944557189941e-01
4.048185944557189941e-01
4.048185944557189941e-01
4.048185944557189941e-01
4.048185944557189941e-01
4.048185944557189941e-01
4.048185944557189941e-01
4.048185944557189941e-01
4.048185944557189941e-01
4.048185944557189941e-01
4.048185944557189941e-01
4.048185944557189941e-01
4.048185944557189941e-01
4.048185944557189941e-01
4.048185944557189941e-01
4.048185944557189941e-01
4.048185944557189941e-01
4.048185944557189941e-01
4.048185944557189941e-01
4.048185944557189941e-01
4.048185944557189941e-01
4.048185944557189941e-01
4.048185944557189941e-01
4.048185944557189941e-01
4.048185944557189941e-01
4.048185944557189941e-01
4.048185944557189941e-01
4.048185944557189941e-01
4.048185944557189941e-01
4.048185944557189941e-01
4.048185944557189941e-01
4.048185944557189941e-01
4.048185944557189941e-01
4.048185944557189941e-01
4.048185944557189941e-01
4.048185944557189941e-01
4.048185944557189941e-01
4.048185944557189941e-01
4.048185944557189941e-01
4.048185944557189941e-01
4.048185944557189941e-01
4.048185944557189941e-01
4.048185944557189941e-01
4.048185944557189941e-01
4.048185944557189941e-01
4.048185944557189941e-01
4.048185944557189941e-01
4.048185944557189941e-01
4.048185944557189941e-01
4.048185944557189941e-01
4.048185944557189941e-01
4.048185944557189941e-01
4.048185944557189941e-01
4.048185944557189941e-01
4.048185944557189941e-01
4.048185944557189941e-01
4.048185944557189941e-01
4.048185944557189941e-01
4.048185944557189941e-01
4.048185944557189941e-01
4.048185944557189941e-01
4.048185944557189941e-01
4.048185944557189941e-01
4.048185944557189941e-01
4.048185944557189941e-01
4.048185944557189941e-01
4.048185944557189941e-01
4.048185944557189941e-01
4.048185944557189941e-01
4.048185944557189941e-01
4.048185944557189941e-01
4.048185944557189941e-01
4.048185944557189941e-01
4.048185944557189941e-01
4.048185944557189941e-01
4.048185944557189941e-01
4.048185944557189941e-01
4.048185944557189941e-01
4.048185944557189941e-01
4.048185944557189941e-01
4.048185944557189941e-01
4.048185944557189941e-01
4.048185944557189941e-01
4.048185944557189941e-01
4.048185944557189941e-01
4.048185944557189941e-01
4.048185944557189941e-01
4.048185944557189941e-01
4.048185944557189941e-01
4.048185944557189941e-01
4.048185944557189941e-01
4.048185944557189941e-01
4.048185944557189941e-01
4.048185944557189941e-01
4.048185944557189941e-01
4.048185944557189941e-01
4.048185944557189941e-01
4.048185944557189941e-01
4.048185944557189941e-01
4.048185944557189941e-01
4.048185944557189941e-01
4.048185944557189941e-01
4.048185944557189941e-01
4.048185944557189941e-01
4.048185944557189941e-01
4.048185944557189941e-01
4.048185944557189941e-01
4.048185944557189941e-01
4.048185944557189941e-01
4.048185944557189941e-01
4.048185944557189941e-01
4.048185944557189941e-01
4.048185944557189941e-01
4.048185944557189941e-01
4.048185944557189941e-01
4.048185944557189941e-01
4.048185944557189941e-01
4.048185944557189941e-01
4.048185944557189941e-01
4.048185944557189941e-01
4.048185944557189941e-01
4.048185944557189941e-01
4.048185944557189941e-01
4.048185944557189941e-01
4.048185944557189941e-01
4.048185944557189941e-01
4.048185944557189941e-01
4.048185944557189941e-01
4.048185944557189941e-01
4.048185944557189941e-01
4.048185944557189941e-01
4.048185944557189941e-01
4.048185944557189941e-01
4.048185944557189941e-01
4.048185944557189941e-01
4.048185944557189941e-01
4.048185944557189941e-01
4.048185944557189941e-01
4.048185944557189941e-01
4.048185944557189941e-01
4.048185944557189941e-01
4.048185944557189941e-01
4.048185944557189941e-01
4.048185944557189941e-01
4.048185944557189941e-01
4.048185944557189941e-01
4.048185944557189941e-01
4.048185944557189941e-01
4.048185944557189941e-01
4.048185944557189941e-01
4.048185944557189941e-01
4.048185944557189941e-01
4.048185944557189941e-01
4.048185944557189941e-01
4.048185944557189941e-01
4.048185944557189941e-01
4.048185944557189941e-01
4.048185944557189941e-01
4.048185944557189941e-01
4.048185944557189941e-01
4.048185944557189941e-01
4.048185944557189941e-01
4.048185944557189941e-01
4.048185944557189941e-01
4.048185944557189941e-01
4.048185944557189941e-01
4.048185944557189941e-01
4.048185944557189941e-01
4.048185944557189941e-01
4.048185944557189941e-01
8.234782218933105469e-01
4.048185944557189941e-01
4.048185944557189941e-01
4.048185944557189941e-01
4.048185944557189941e-01
4.048185944557189941e-01
4.048185944557189941e-01
4.048185944557189941e-01
4.048185944557189941e-01
4.048185944557189941e-01
4.048185944557189941e-01
8.286122083663940430e-01
4.048185944557189941e-01
4.048185944557189941e-01
4.048185944557189941e-01
4.048185944557189941e-01
4.048185944557189941e-01
8.285841345787048340e-01
4.048185944557189941e-01
4.048185944557189941e-01
4.048185944557189941e-01
4.048185944557189941e-01
4.048185944557189941e-01
8.285782933235168457e-01
4.048185944557189941e-01
4.048185944557189941e-01
4.048185944557189941e-01
4.048185944557189941e-01
4.048185944557189941e-01
4.048185944557189941e-01
4.048185944557189941e-01
4.048185944557189941e-01
4.048185944557189941e-01
4.048185944557189941e-01
4.048185944557189941e-01
7.475110888481140137e-01
8.270893096923828125e-01
4.048185944557189941e-01
4.048185944557189941e-01
4.048185944557189941e-01
4.048185944557189941e-01
4.048185944557189941e-01
4.048185944557189941e-01
4.048185944557189941e-01
4.048185944557189941e-01
4.048185944557189941e-01
4.048185944557189941e-01
4.048185944557189941e-01
8.239283561706542969e-01
8.285818099975585938e-01
4.048185944557189941e-01
4.048185944557189941e-01
4.048185944557189941e-01
4.048185944557189941e-01
4.048185944557189941e-01
4.048185944557189941e-01
4.048185944557189941e-01
