4.504647552967071533e-01
4.504647552967071533e-01
6.883716583251953125e-01
6.883751749992370605e-01
4.504647552967071533e-01
4.504647552967071533e-01
6.883772015571594238e-01
4.504647552967071533e-01
6.883767843246459961e-01
4.504690170288085938e-01
4.504635632038116455e-01
6.883716583251953125e-01
6.868286728858947754e-01
4.504647552967071533e-01
6.883716583251953125e-01
4.504647552967071533e-01
4.504647552967071533e-01
6.883716583251953125e-01
4.504647552967071533e-01
4.504647552967071533e-01
4.504598677158355713e-01
6.883716583251953125e-01
2.888274192810058594e-01
6.832854747772216797e-01
6.883716583251953125e-01
6.883716583251953125e-01
4.504593014717102051e-01
6.883716583251953125e-01
6.883716583251953125e-01
6.883716583251953125e-01
4.504647552967071533e-01
4.504637122154235840e-01
4.504647552967071533e-01
6.883716583251953125e-01
6.883716583251953125e-01
4.504573643207550049e-01
6.883716583251953125e-01
6.883716583251953125e-01
4.504632055759429932e-01
6.883723139762878418e-01
6.883716583251953125e-01
6.883716583251953125e-01
4.504647552967071533e-01
6.883746385574340820e-01
6.883738040924072266e-01
6.883716583251953125e-01
4.504647552967071533e-01
6.883716583251953125e-01
6.883716583251953125e-01
4.504620134830474854e-01
6.883716583251953125e-01
6.883716583251953125e-01
6.883680224418640137e-01
6.528221368789672852e-01
6.881594061851501465e-01
4.504647552967071533e-01
4.504647552967071533e-01
6.883756518363952637e-01
4.504647552967071533e-01
6.883716583251953125e-01
6.883716583251953125e-01
4.504647552967071533e-01
6.883724927902221680e-01
6.883716583251953125e-01
6.883716583251953125e-01
6.883716583251953125e-01
4.504618048667907715e-01
6.883757710456848145e-01
6.883716583251953125e-01
4.504647552967071533e-01
4.563500285148620605e-01
6.883716583251953125e-01
6.883716583251953125e-01
6.883691549301147461e-01
3.094525337219238281e-01
6.883716583251953125e-01
6.883716583251953125e-01
6.883723139762878418e-01
3.094567656517028809e-01
4.504627883434295654e-01
6.883755922317504883e-01
6.883749365806579590e-01
6.628419160842895508e-01
4.504647552967071533e-01
4.504647552967071533e-01
6.883716583251953125e-01
6.883716583251953125e-01
4.504613280296325684e-01
6.335961818695068359e-01
6.883716583251953125e-01
6.883716583251953125e-01
6.883745789527893066e-01
4.504647552967071533e-01
4.504647552967071533e-01
6.883572936058044434e-01
6.883760094642639160e-01
4.504625797271728516e-01
4.504647552967071533e-01
4.504653811454772949e-01
4.504647552967071533e-01
6.883728504180908203e-01
6.883716583251953125e-01
6.883716583251953125e-01
6.882838606834411621e-01
4.504590928554534912e-01
6.386775374412536621e-01
4.504573643207550049e-01
6.399617195129394531e-01
4.504647552967071533e-01
6.883713603019714355e-01
6.881177425384521484e-01
4.957969188690185547e-01
5.162495374679565430e-01
4.504647552967071533e-01
2.901845574378967285e-01
6.867511272430419922e-01
5.094597339630126953e-01
6.883119940757751465e-01
4.868838787078857422e-01
5.162495374679565430e-01
4.504647552967071533e-01
4.821111261844635010e-01
2.901845574378967285e-01
4.504647552967071533e-01
4.504613280296325684e-01
4.504647552967071533e-01
6.880639195442199707e-01
6.859694719314575195e-01
4.504625797271728516e-01
4.504593014717102051e-01
4.504647552967071533e-01
4.504647552967071533e-01
2.889495790004730225e-01
4.504647552967071533e-01
4.504618048667907715e-01
4.504647552967071533e-01
6.882784962654113770e-01
6.883696913719177246e-01
4.504598677158355713e-01
4.504627883434295654e-01
4.504647552967071533e-01
6.767473816871643066e-01
4.504647552967071533e-01
5.109691619873046875e-01
6.877734065055847168e-01
4.504647552967071533e-01
6.832029223442077637e-01
5.522788166999816895e-01
6.744554042816162109e-01
4.504641294479370117e-01
2.901845574378967285e-01
6.736722588539123535e-01
6.883672475814819336e-01
6.392294168472290039e-01
6.882922053337097168e-01
6.728050112724304199e-01
4.504647552967071533e-01
6.880458593368530273e-01
4.504653811454772949e-01
6.851158738136291504e-01
4.504647552967071533e-01
2.901845574378967285e-01
2.901845574378967285e-01
6.881068348884582520e-01
6.483663320541381836e-01
4.504647552967071533e-01
5.085941553115844727e-01
6.392321586608886719e-01
4.504632055759429932e-01
2.901845574378967285e-01
6.883713006973266602e-01
4.504647552967071533e-01
6.736678481101989746e-01
4.992465376853942871e-01
6.883777976036071777e-01
4.504647552967071533e-01
4.504690170288085938e-01
4.504635632038116455e-01
6.883766651153564453e-01
4.504647552967071533e-01
2.905729413032531738e-01
4.504637122154235840e-01
2.905729413032531738e-01
5.109680294990539551e-01
6.444809436798095703e-01
4.504647552967071533e-01
2.901845574378967285e-01
4.504647552967071533e-01
4.504647552967071533e-01
4.557442963123321533e-01
4.931743741035461426e-01
4.504647552967071533e-01
6.883636713027954102e-01
2.998912334442138672e-01
4.504647552967071533e-01
2.905729413032531738e-01
4.504620134830474854e-01
4.504647552967071533e-01
5.116472244262695312e-01
4.504647552967071533e-01
4.504600763320922852e-01
4.504647552967071533e-01
2.901858091354370117e-01
4.504647552967071533e-01
6.883664727210998535e-01
5.109686851501464844e-01
