9.973737001419067383e-01
9.993630051612854004e-01
9.605469107627868652e-01
7.901500463485717773e-01
5.881875753402709961e-01
9.505025744438171387e-01
6.288146972656250000e-01
8.076885342597961426e-01
8.720672726631164551e-01
9.971562623977661133e-01
9.981443881988525391e-01
7.528432607650756836e-01
9.949040412902832031e-01
9.950313568115234375e-01
8.523216247558593750e-01
8.624425530433654785e-01
9.982545971870422363e-01
9.989572763442993164e-01
5.935189723968505859e-01
9.975405931472778320e-01
8.682390451431274414e-01
9.907570481300354004e-01
9.020598530769348145e-01
9.786297678947448730e-01
7.734500765800476074e-01
9.997485280036926270e-01
9.808461070060729980e-01
9.964704513549804688e-01
9.855544567108154297e-01
8.519767522811889648e-01
9.999276399612426758e-01
8.039434552192687988e-01
9.947287440299987793e-01
9.998161196708679199e-01
9.915366172790527344e-01
9.947437047958374023e-01
9.788468480110168457e-01
9.999953508377075195e-01
7.043454647064208984e-01
9.873401522636413574e-01
7.470357418060302734e-01
8.240048885345458984e-01
9.947681427001953125e-01
8.401926755905151367e-01
8.812553286552429199e-01
8.053724765777587891e-01
7.403366565704345703e-01
7.966396808624267578e-01
7.325272560119628906e-01
4.911426901817321777e-01
9.605509042739868164e-01
6.077186465263366699e-01
7.768831849098205566e-01
9.916757345199584961e-01
8.434597849845886230e-01
8.449100255966186523e-01
9.916467070579528809e-01
8.916468024253845215e-01
7.729775905609130859e-01
9.497044086456298828e-01
9.994533658027648926e-01
9.945245981216430664e-01
9.196075797080993652e-01
8.023566007614135742e-01
9.981834292411804199e-01
3.073710203170776367e-01
7.923290729522705078e-01
9.895311594009399414e-01
8.157612681388854980e-01
8.673651218414306641e-01
9.848730564117431641e-01
9.939653277397155762e-01
8.368021249771118164e-01
7.616518735885620117e-01
9.994926452636718750e-01
6.840267181396484375e-01
9.404819607734680176e-01
9.820733070373535156e-01
9.967706203460693359e-01
9.745622873306274414e-01
9.537813663482666016e-01
9.987084865570068359e-01
9.749745726585388184e-01
7.228987216949462891e-01
9.612572193145751953e-01
9.548150897026062012e-01
9.979174733161926270e-01
9.733814597129821777e-01
9.986737966537475586e-01
7.461088299751281738e-01
9.987316727638244629e-01
9.965811371803283691e-01
9.652553796768188477e-01
9.945812821388244629e-01
9.908696413040161133e-01
9.996966123580932617e-01
9.709487557411193848e-01
9.987233281135559082e-01
9.599397182464599609e-01
8.945020437240600586e-01
9.775142669677734375e-01
9.962026476860046387e-01
9.668815135955810547e-01
9.705227017402648926e-01
9.988324046134948730e-01
9.968454241752624512e-01
9.957198500633239746e-01
7.554451227188110352e-01
9.646285772323608398e-01
9.579108357429504395e-01
9.972232580184936523e-01
8.599609136581420898e-01
9.788643121719360352e-01
9.264463782310485840e-01
9.956780076026916504e-01
9.566481113433837891e-01
9.244176149368286133e-01
9.921557307243347168e-01
9.960719347000122070e-01
9.992869496345520020e-01
9.920033216476440430e-01
9.564427137374877930e-01
9.979088306427001953e-01
9.652341604232788086e-01
9.996790885925292969e-01
9.722389578819274902e-01
9.840849637985229492e-01
7.230511903762817383e-01
9.958223104476928711e-01
9.999601840972900391e-01
9.997565150260925293e-01
9.990466237068176270e-01
9.950674772262573242e-01
9.635795950889587402e-01
9.870213866233825684e-01
6.852747797966003418e-01
9.978531002998352051e-01
9.981597065925598145e-01
9.902393817901611328e-01
9.866798520088195801e-01
9.706066846847534180e-01
9.992250204086303711e-01
9.990063309669494629e-01
9.709506630897521973e-01
9.976568222045898438e-01
7.056199908256530762e-01
9.670020937919616699e-01
6.441208124160766602e-01
9.991272091865539551e-01
9.985210299491882324e-01
9.991016387939453125e-01
4.600401222705841064e-01
9.996702671051025391e-01
5.064162611961364746e-01
9.401422142982482910e-01
9.999917745590209961e-01
9.612044095993041992e-01
9.878506064414978027e-01
9.606755375862121582e-01
3.968003094196319580e-01
2.591244578361511230e-01
4.390944540500640869e-01
7.630321383476257324e-01
9.269864559173583984e-01
9.976643323898315430e-01
9.182386994361877441e-01
4.463276267051696777e-01
4.751687347888946533e-01
8.919543027877807617e-01
5.059851408004760742e-01
7.618585228919982910e-01
9.991080164909362793e-01
6.103936433792114258e-01
9.933397173881530762e-01
9.863937497138977051e-01
8.271706700325012207e-01
9.844181537628173828e-01
6.074172854423522949e-01
8.889027237892150879e-01
9.952497482299804688e-01
8.677771091461181641e-01
8.565435409545898438e-01
9.966617822647094727e-01
8.445196747779846191e-01
9.998512268066406250e-01
9.974380731582641602e-01
8.560484647750854492e-01
8.940045237541198730e-01
9.850758910179138184e-01
9.996594190597534180e-01
9.399647116661071777e-01
8.794412016868591309e-01
9.916109442710876465e-01
9.998356103897094727e-01
8.416706323623657227e-01
9.999681711196899414e-01
6.758911609649658203e-01
7.624150514602661133e-01
7.000531554222106934e-01
9.967341423034667969e-01
5.111267566680908203e-01
9.996901750564575195e-01
8.167378306388854980e-01
9.998239874839782715e-01
9.981070756912231445e-01
6.596866250038146973e-01
8.683043122291564941e-01
7.256510853767395020e-01
9.999014139175415039e-01
8.340048193931579590e-01
8.129401206970214844e-01
7.427969574928283691e-01
8.481672406196594238e-01
9.899443387985229492e-01
9.999914169311523438e-01
9.960278272628784180e-01
9.999973773956298828e-01
8.219979405403137207e-01
9.765976071357727051e-01
9.970636963844299316e-01
9.928169250488281250e-01
9.981114864349365234e-01
9.991754889488220215e-01
8.490208387374877930e-01
9.997567534446716309e-01
8.522244691848754883e-01
8.733166456222534180e-01
7.408593893051147461e-01
9.945388436317443848e-01
9.974520802497863770e-01
7.174456715583801270e-01
7.940590977668762207e-01
7.683144807815551758e-01
9.885953068733215332e-01
9.985756874084472656e-01
9.999133348464965820e-01
8.798524141311645508e-01
9.952162504196166992e-01
9.966854453086853027e-01
9.980644583702087402e-01
7.711032629013061523e-01
9.781401157379150391e-01
8.995955586433410645e-01
9.962784647941589355e-01
5.321930646896362305e-01
2.949207425117492676e-01
9.608932733535766602e-01
9.975264668464660645e-01
9.560235738754272461e-01
4.604930281639099121e-01
4.457288384437561035e-01
9.604915976524353027e-01
8.974086642265319824e-01
9.995023012161254883e-01
3.310137391090393066e-01
9.990298748016357422e-01
9.841819405555725098e-01
9.865882992744445801e-01
9.993897676467895508e-01
9.535526037216186523e-01
9.996991157531738281e-01
9.496685862541198730e-01
5.703029632568359375e-01
3.638088107109069824e-01
9.859507679939270020e-01
9.414167404174804688e-01
9.992875456809997559e-01
9.991914629936218262e-01
4.043379724025726318e-01
9.998519420623779297e-01
9.454380273818969727e-01
9.980910420417785645e-01
9.999783039093017578e-01
9.484289288520812988e-01
9.932042360305786133e-01
9.542254209518432617e-01
9.479322433471679688e-01
9.472075104713439941e-01
9.618725776672363281e-01
9.636113643646240234e-01
9.922692775726318359e-01
9.545201063156127930e-01
8.364846706390380859e-01
4.569931328296661377e-01
9.965335130691528320e-01
9.869942069053649902e-01
9.644959568977355957e-01
9.971822500228881836e-01
9.945933222770690918e-01
9.592470526695251465e-01
9.456036686897277832e-01
9.702681899070739746e-01
5.266849398612976074e-01
9.979821443557739258e-01
9.528506994247436523e-01
9.533266425132751465e-01
9.946297407150268555e-01
9.476864933967590332e-01
9.508128166198730469e-01
9.996566772460937500e-01
9.498696923255920410e-01
9.993988275527954102e-01
9.537793993949890137e-01
3.362708687782287598e-01
9.882665276527404785e-01
9.989452958106994629e-01
8.721606731414794922e-01
9.978135824203491211e-01
9.927172660827636719e-01
9.658659100532531738e-01
5.330024957656860352e-01
9.549171328544616699e-01
9.768043160438537598e-01
9.817146062850952148e-01
9.581630229949951172e-01
9.597851037979125977e-01
9.990519881248474121e-01
9.580205678939819336e-01
9.971879124641418457e-01
9.835969805717468262e-01
3.351806998252868652e-01
9.697996377944946289e-01
9.935749173164367676e-01
9.459846615791320801e-01
2.831411659717559814e-01
7.466253638267517090e-01
9.566675424575805664e-01
5.129945278167724609e-01
7.175284028053283691e-01
9.658485651016235352e-01
9.978931546211242676e-01
9.877633452415466309e-01
2.959383428096771240e-01
8.629837036132812500e-01
5.692967176437377930e-01
9.566138386726379395e-01
9.675947427749633789e-01
3.745868802070617676e-01
4.281384050846099854e-01
7.375373840332031250e-01
9.998441934585571289e-01
9.441102147102355957e-01
5.074369311332702637e-01
9.995344877243041992e-01
4.838138222694396973e-01
4.620373547077178955e-01
6.668918728828430176e-01
9.527512788772583008e-01
9.697996377944946289e-01
9.883881211280822754e-01
9.997152686119079590e-01
5.223693251609802246e-01
9.598532915115356445e-01
7.423280477523803711e-01
4.728237390518188477e-01
9.925783276557922363e-01
5.528032779693603516e-01
5.519572496414184570e-01
9.834510087966918945e-01
4.967481493949890137e-01
9.998207688331604004e-01
4.235804677009582520e-01
4.058970510959625244e-01
9.608759880065917969e-01
7.381917834281921387e-01
6.088414788246154785e-01
5.778845548629760742e-01
9.990430474281311035e-01
4.225507676601409912e-01
4.352924525737762451e-01
9.928280711174011230e-01
9.959937334060668945e-01
7.786716818809509277e-01
5.266110301017761230e-01
4.392949640750885010e-01
4.482785165309906006e-01
9.968901276588439941e-01
9.952042102813720703e-01
4.581422209739685059e-01
3.273924291133880615e-01
7.254158854484558105e-01
3.189976215362548828e-01
5.156118273735046387e-01
7.828365564346313477e-01
9.910082221031188965e-01
4.476371705532073975e-01
4.371274113655090332e-01
5.115355849266052246e-01
7.230694293975830078e-01
6.222202777862548828e-01
5.555290579795837402e-01
4.533302187919616699e-01
3.367478847503662109e-01
2.756496965885162354e-01
3.535134494304656982e-01
4.451228976249694824e-01
8.003077507019042969e-01
9.968384504318237305e-01
3.672760426998138428e-01
4.245680272579193115e-01
5.314196348190307617e-01
9.991427659988403320e-01
9.713281989097595215e-01
5.996308922767639160e-01
4.192879199981689453e-01
9.849106669425964355e-01
4.378027021884918213e-01
4.431078135967254639e-01
4.242098331451416016e-01
9.983910918235778809e-01
3.145801126956939697e-01
6.517474651336669922e-01
4.052130877971649170e-01
7.677897214889526367e-01
5.920619964599609375e-01
8.392241001129150391e-01
5.990704894065856934e-01
3.677698075771331787e-01
9.904609322547912598e-01
9.088166952133178711e-01
3.966834247112274170e-01
9.286356568336486816e-01
4.106521010398864746e-01
4.169621467590332031e-01
4.499422311782836914e-01
1.284917742013931274e-01
8.389368057250976562e-01
9.608132839202880859e-01
9.956171512603759766e-01
9.741103649139404297e-01
9.988454580307006836e-01
9.331929087638854980e-01
9.997342228889465332e-01
8.527951240539550781e-01
8.704671263694763184e-01
7.896785140037536621e-01
9.868444204330444336e-01
9.954576492309570312e-01
9.821550846099853516e-01
6.482340097427368164e-01
8.030472993850708008e-01
9.833396673202514648e-01
7.688342332839965820e-01
8.045053482055664062e-01
9.461371302604675293e-01
8.486633896827697754e-01
9.990486502647399902e-01
9.997715353965759277e-01
9.569223523139953613e-01
8.008278608322143555e-01
9.098060131072998047e-01
7.816447019577026367e-01
9.830028414726257324e-01
5.753165110945701599e-02
8.482359051704406738e-01
9.719165563583374023e-01
9.961757659912109375e-01
8.735510706901550293e-01
8.091639280319213867e-01
9.562306404113769531e-01
8.400017619132995605e-01
9.993582367897033691e-01
8.430407047271728516e-01
7.605665326118469238e-01
9.098275303840637207e-01
7.983271479606628418e-01
9.999555349349975586e-01
8.222097158432006836e-01
8.153960108757019043e-01
9.889841675758361816e-01
9.876965880393981934e-01
8.957912921905517578e-01
8.468655347824096680e-01
8.040892481803894043e-01
9.533696174621582031e-01
9.461206197738647461e-01
9.731355905532836914e-01
9.928777813911437988e-01
8.723183274269104004e-01
7.046813964843750000e-01
8.212447762489318848e-01
8.537328243255615234e-01
9.962961077690124512e-01
8.587431907653808594e-01
8.310840129852294922e-01
8.726159334182739258e-01
9.857684969902038574e-01
8.612114787101745605e-01
9.180847406387329102e-01
9.997506737709045410e-01
9.936131834983825684e-01
8.375146389007568359e-01
9.999881982803344727e-01
9.993475079536437988e-01
9.911188483238220215e-01
8.009859323501586914e-01
9.960046410560607910e-01
7.257132530212402344e-01
7.972722649574279785e-01
7.826728224754333496e-01
3.121216781437397003e-02
2.245403267443180084e-02
3.733670711517333984e-02
7.546282410621643066e-01
9.150701574981212616e-03
5.522710829973220825e-02
7.125689387321472168e-01
3.773577138781547546e-02
1.055670008063316345e-01
5.548629760742187500e-01
5.964564625173807144e-03
6.509464979171752930e-02
4.281255304813385010e-01
7.507415022701025009e-03
2.637302875518798828e-02
4.915184527635574341e-02
4.282446205615997314e-02
5.431663990020751953e-01
6.693615913391113281e-01
7.759873569011688232e-02
6.810541450977325439e-02
1.346314419060945511e-02
7.496657222509384155e-02
1.976736076176166534e-02
2.268364466726779938e-02
2.611478269100189209e-01
2.398939616978168488e-02
2.070529386401176453e-02
2.405670285224914551e-02
5.785679072141647339e-02
6.187113523483276367e-01
5.298989266157150269e-02
3.863625973463058472e-02
4.363070428371429443e-02
6.247266754508018494e-02
6.700422763824462891e-01
7.601979374885559082e-01
4.871093630790710449e-01
6.418986320495605469e-01
3.376739844679832458e-02
4.806798398494720459e-01
3.938878327608108521e-02
6.048684567213058472e-02
7.165747284889221191e-01
4.765742719173431396e-01
4.479428753256797791e-02
3.618001937866210938e-02
2.272538468241691589e-02
1.297365967184305191e-02
2.455534972250461578e-02
5.379819124937057495e-02
5.530603528022766113e-01
4.747415482997894287e-01
2.288360334932804108e-02
9.214038401842117310e-02
1.627538353204727173e-02
4.520544409751892090e-01
4.269656911492347717e-02
9.378461167216300964e-03
6.247805953025817871e-01
5.047019124031066895e-01
1.404332369565963745e-02
2.128720842301845551e-02
3.261381387710571289e-02
7.353573441505432129e-01
1.809874735772609711e-02
2.458139136433601379e-02
5.156141519546508789e-01
3.226687759160995483e-02
4.115968197584152222e-02
6.749735474586486816e-01
1.392178703099489212e-02
6.736083328723907471e-02
8.743892423808574677e-03
3.930309414863586426e-01
5.417025685310363770e-01
1.625705808401107788e-01
2.389856874942779541e-01
3.457407951354980469e-01
2.597024738788604736e-01
1.212872862815856934e-01
3.594456017017364502e-01
3.880276978015899658e-01
5.463821291923522949e-01
7.475408911705017090e-01
1.975166946649551392e-01
6.362639665603637695e-01
1.827376186847686768e-01
4.580831229686737061e-01
3.034164011478424072e-01
6.936087012290954590e-01
5.335198640823364258e-01
2.477289587259292603e-01
6.032969951629638672e-01
1.588471233844757080e-01
2.862447798252105713e-01
5.551254749298095703e-01
4.720105826854705811e-01
2.422259151935577393e-01
2.333865165710449219e-01
1.446552276611328125e-01
1.134795770049095154e-01
2.677705585956573486e-01
1.790197491645812988e-01
2.688962519168853760e-01
4.198845922946929932e-01
5.382472872734069824e-01
5.707502961158752441e-01
2.832181453704833984e-01
1.533212810754776001e-01
3.185911774635314941e-01
4.576648771762847900e-01
3.201465606689453125e-01
3.127333521842956543e-01
7.135471701622009277e-01
1.379626244306564331e-01
3.586213886737823486e-01
1.345085799694061279e-01
2.883663773536682129e-01
3.780519962310791016e-01
1.869545131921768188e-01
2.028718888759613037e-01
1.959618777036666870e-01
2.763220369815826416e-01
1.861876249313354492e-01
2.107741236686706543e-01
2.292338609695434570e-01
6.578119993209838867e-01
1.959252953529357910e-01
1.862736195325851440e-01
1.208322271704673767e-01
7.285975217819213867e-01
2.989737987518310547e-01
1.547479629516601562e-01
5.504606366157531738e-01
4.210660755634307861e-01
2.386934906244277954e-01
2.109435200691223145e-01
3.102469742298126221e-01
1.336063742637634277e-01
2.523944377899169922e-01
4.052504897117614746e-01
1.797481626272201538e-01
1.864866316318511963e-01
2.766288518905639648e-01
2.751300334930419922e-01
1.492399126291275024e-01
6.904572248458862305e-01
3.047605454921722412e-01
2.991200089454650879e-01
3.148131072521209717e-01
3.790411949157714844e-01
2.699964046478271484e-01
3.850406706333160400e-01
3.417075574398040771e-01
3.104319274425506592e-01
1.830880343914031982e-01
1.410288363695144653e-01
1.609416902065277100e-01
2.337059080600738525e-01
4.100594818592071533e-01
2.987674474716186523e-01
2.171618044376373291e-01
2.582178115844726562e-01
2.561977803707122803e-01
2.369429767131805420e-01
2.924622595310211182e-01
4.171894192695617676e-01
2.158537358045578003e-01
3.349009454250335693e-01
7.080223560333251953e-01
7.919281125068664551e-01
6.655876636505126953e-01
7.825002670288085938e-01
6.833080649375915527e-01
8.609722852706909180e-01
6.867457628250122070e-01
6.639997959136962891e-01
8.491464257240295410e-01
5.487467646598815918e-01
8.969875574111938477e-01
6.076289415359497070e-01
6.722776293754577637e-01
6.442713141441345215e-01
7.021306157112121582e-01
5.663332343101501465e-01
8.218889832496643066e-01
8.240457177162170410e-01
6.876295804977416992e-01
6.742264032363891602e-01
5.917476415634155273e-01
8.612958192825317383e-01
5.211085677146911621e-01
8.087005615234375000e-01
7.326923608779907227e-01
7.572860121726989746e-01
6.431559920310974121e-01
6.670536994934082031e-01
4.696995317935943604e-01
3.228555619716644287e-01
8.480893969535827637e-01
6.515341997146606445e-01
6.132277846336364746e-01
8.833394050598144531e-01
7.290642857551574707e-01
6.510198712348937988e-01
7.381306290626525879e-01
7.109782695770263672e-01
8.346295356750488281e-01
6.556316614151000977e-01
8.661895990371704102e-01
6.846380829811096191e-01
7.815808057785034180e-01
8.565743565559387207e-01
8.033670186996459961e-01
7.086444497108459473e-01
7.046058177947998047e-01
6.897913813591003418e-01
8.114925622940063477e-01
6.931048631668090820e-01
6.981518268585205078e-01
8.617583513259887695e-01
6.388779282569885254e-01
7.783120274543762207e-01
7.061771154403686523e-01
7.526094913482666016e-01
6.670885086059570312e-01
5.609290003776550293e-01
7.089994549751281738e-01
5.817393660545349121e-01
8.019870519638061523e-01
8.329105973243713379e-01
8.051082491874694824e-01
7.348931431770324707e-01
7.775186300277709961e-01
8.962859511375427246e-01
8.070898652076721191e-01
7.613573074340820312e-01
5.970105528831481934e-01
7.903006672859191895e-01
9.212116003036499023e-01
6.803219914436340332e-01
7.367168664932250977e-01
3.287559449672698975e-01
2.557159364223480225e-01
4.270477294921875000e-01
3.072790801525115967e-01
2.721550762653350830e-01
3.248707652091979980e-01
2.554140090942382812e-01
3.431124091148376465e-01
3.688502311706542969e-01
3.293371200561523438e-01
3.231624662876129150e-01
2.903283834457397461e-01
2.646561563014984131e-01
8.524065613746643066e-01
3.021462261676788330e-01
2.880922257900238037e-01
2.835451066493988037e-01
9.405583739280700684e-01
3.400049209594726562e-01
3.305537700653076172e-01
3.187177181243896484e-01
2.950841486454010010e-01
5.317756533622741699e-01
2.806090116500854492e-01
3.395945131778717041e-01
3.305155932903289795e-01
2.855247557163238525e-01
3.392298221588134766e-01
3.931058347225189209e-01
4.251293838024139404e-01
3.398665487766265869e-01
8.795763850212097168e-01
3.103677630424499512e-01
2.808611094951629639e-01
2.954636216163635254e-01
2.621718645095825195e-01
3.156395256519317627e-01
3.298070430755615234e-01
3.042137026786804199e-01
5.441283583641052246e-01
3.702154159545898438e-01
3.135657906532287598e-01
3.565421402454376221e-01
2.917011082172393799e-01
2.919147014617919922e-01
2.952405214309692383e-01
2.952888011932373047e-01
3.207352161407470703e-01
5.096363425254821777e-01
4.610389769077301025e-01
2.497957199811935425e-01
2.983374893665313721e-01
3.368142545223236084e-01
2.958309054374694824e-01
3.615470826625823975e-01
3.557364344596862793e-01
6.160365343093872070e-01
1.763277649879455566e-01
2.989694178104400635e-01
4.741849005222320557e-01
3.393739759922027588e-01
6.714548468589782715e-01
3.399268984794616699e-01
3.432154953479766846e-01
3.422403931617736816e-01
2.505236864089965820e-01
3.827931284904479980e-01
3.523954749107360840e-01
6.562631130218505859e-01
3.310708403587341309e-01
3.103628754615783691e-01
2.634618282318115234e-01
3.219599127769470215e-01
3.994193971157073975e-01
2.957691848278045654e-01
3.222060203552246094e-01
3.035584986209869385e-01
2.826777100563049316e-01
2.923568487167358398e-01
3.479170203208923340e-01
3.713576197624206543e-01
3.376537561416625977e-01
2.856100499629974365e-01
2.913316786289215088e-01
4.806328415870666504e-01
3.663379848003387451e-01
3.842881023883819580e-01
4.426851868629455566e-01
3.369286656379699707e-01
3.659415841102600098e-01
2.987360656261444092e-01
2.852491438388824463e-01
4.164553582668304443e-01
2.583990097045898438e-01
3.612254858016967773e-01
2.511162161827087402e-01
5.000659823417663574e-01
3.465770184993743896e-01
2.145558297634124756e-01
9.439517855644226074e-01
2.260352075099945068e-01
3.326909542083740234e-01
3.881566822528839111e-01
2.531391978263854980e-01
3.861541748046875000e-01
3.872759640216827393e-01
2.480443567037582397e-01
1.687150001525878906e-01
5.170647501945495605e-01
2.698358595371246338e-01
4.293548464775085449e-01
1.870918273925781250e-01
3.720100224018096924e-01
5.669664740562438965e-01
2.912876605987548828e-01
2.801514267921447754e-01
3.316587805747985840e-01
2.203509062528610229e-01
2.913368642330169678e-01
2.942306697368621826e-01
3.450850546360015869e-01
4.337279498577117920e-01
4.332472980022430420e-01
3.727422058582305908e-01
4.190889596939086914e-01
3.718308508396148682e-01
3.419224023818969727e-01
2.711659371852874756e-01
2.711541056632995605e-01
3.092975318431854248e-01
2.974648475646972656e-01
4.338729977607727051e-01
4.112933278083801270e-01
2.443887889385223389e-01
5.919059514999389648e-01
3.564482033252716064e-01
3.732399642467498779e-01
2.986110746860504150e-01
5.163653492927551270e-01
2.565441131591796875e-01
3.614587783813476562e-01
4.330260455608367920e-01
2.733952105045318604e-01
3.249970078468322754e-01
3.850704133510589600e-01
4.400364160537719727e-01
2.835311591625213623e-01
4.141030609607696533e-01
2.896112501621246338e-01
5.863607525825500488e-01
2.690138220787048340e-01
3.633789718151092529e-01
4.202930629253387451e-01
2.241798639297485352e-01
2.736883759498596191e-01
3.927960991859436035e-01
3.127378523349761963e-01
1.661444306373596191e-01
2.652427852153778076e-01
2.612119913101196289e-01
3.560452461242675781e-01
3.651647865772247314e-01
5.124809741973876953e-01
2.634696960449218750e-01
2.628092467784881592e-01
4.443626105785369873e-01
3.267402052879333496e-01
4.814732372760772705e-01
4.185944199562072754e-01
4.395664036273956299e-01
4.071329236030578613e-01
5.137867927551269531e-01
2.345830649137496948e-01
3.220738172531127930e-01
3.871584236621856689e-01
2.309827506542205811e-01
4.072084128856658936e-01
3.867496550083160400e-01
4.525143504142761230e-01
2.920569479465484619e-01
4.821807146072387695e-01
1.079429909586906433e-01
1.417727470397949219e-01
3.998247161507606506e-02
6.541179493069648743e-03
2.341408133506774902e-01
8.999418467283248901e-02
9.778791107237339020e-03
1.894557476043701172e-02
5.177304893732070923e-02
1.794838309288024902e-01
3.454401716589927673e-02
8.837387897074222565e-03
1.727658510208129883e-02
5.487494915723800659e-02
3.954008519649505615e-01
1.388294100761413574e-01
8.037132024765014648e-02
5.034143924713134766e-01
9.385034441947937012e-02
1.380203478038311005e-02
7.623078227043151855e-01
5.817674994468688965e-01
6.927464604377746582e-01
4.837519675493240356e-02
5.784350261092185974e-02
2.717837691307067871e-02
2.854651957750320435e-02
2.820080220699310303e-01
6.558778285980224609e-01
5.044488236308097839e-02
1.389768626540899277e-02
7.828219234943389893e-02
4.543446004390716553e-01
7.875327765941619873e-02
2.051267400383949280e-02
3.142364323139190674e-02
8.732607960700988770e-02
4.866075515747070312e-02
1.625154353678226471e-02
1.030096486210823059e-01
7.471391558647155762e-01
4.226688146591186523e-01
3.988565132021903992e-02
4.782706499099731445e-01
3.038972318172454834e-01
8.987261354923248291e-02
8.907985873520374298e-03
1.343926042318344116e-01
1.049738898873329163e-01
5.350749939680099487e-02
7.123698294162750244e-02
1.934022270143032074e-02
1.413485500961542130e-02
1.030642017722129822e-01
2.263363637030124664e-02
5.911226272583007812e-01
2.420164644718170166e-02
1.361476909369230270e-02
9.854505956172943115e-02
5.185417532920837402e-01
8.760993182659149170e-02
3.088327869772911072e-02
6.288244724273681641e-01
4.182649776339530945e-02
5.715882405638694763e-02
4.104262217879295349e-02
3.827136754989624023e-02
1.831349134445190430e-01
4.395980238914489746e-01
4.889193922281265259e-02
8.333721198141574860e-03
4.093435034155845642e-02
2.537292055785655975e-02
5.526279658079147339e-02
7.005618512630462646e-02
